0.17
0.122981526210323
0.116964650482069
0.13164157452084
0.17304207351222
0.0955808843185422
0.113551088675031
0.115829883221935
0.190333236227213
0.175036086968116
0.131073056136678
0.11304810679514
0.085107868404981
0.0951199340017068
0.0693746642880374
0.0706847356403983
0.098329690045419
0.101625833599137
0.153955597000948
0.104704422747967
0.0812616647057435
0.0697654466128948
0.0813520430296477
0.110156519647186
0.0802843239366835
0.079996699996266
0.0892310528259352
0.0766263862877682
0.0776028782018194
0.130417804859775
0.11991463120566
0.12181733913545
0.125259586443742
0.0972824510479992
0.112699055592671
0.130489425602783
0.142052850891259
0.0741528034692401
0.0884505974246294
0.145335586732934
0.0840442888039013
0.115300744594374
0.11248403426479
0.0650517824010053
0.0885129746065663
0.133001244035617
0.0788083236644305
0.142753089350672
0.120395603390061
0.088813214454657
0.0993020769741188
0.130476771912966
0.195275947384445
0.109551930930417
0.101298993487133
0.0805099314752227
0.123847443461872
0.0734643917436261
0.10518796972938
0.0858461443374329
0.159259766656872
0.0715633772593604
0.0723384095344128
0.107103476547127
0.062968123500099
0.0741336524204331
0.0641722652385435
0.13720284592029
0.195359159103441
0.125042651571777
0.168941100321752
0.116274807650897
0.144900267759931
0.0938978965714684
0.086910678326485
0.0873382674108493
0.126824312615739
0.142002909224841
0.0894980034557323
0.100174541086117
0.0938054545192049
0.0868143411101531
0.107881853046058
0.123598007931309
0.166206828807717
0.159653498855199
0.0619037309918047
0.0647076478543787
0.07461780938978
0.109593172408169
0.178806476177335
0.0839878142288331
0.140965753927429
0.144293723050914
0.083129230065556
0.151273703450997
0.15354629392118
0.0855729821803172
0.120136416049417
0.0840017871620525
0.0806149927385572
0.0887761293401677
0.122993251756651
0.129961396722193
0.0938510499433833
0.0932367114882045
0.077484835974133
0.097628592151106
0.0971342041126876
0.0825737527000296
0.0757029319810693
0.0999934944892904
0.106111675378282
0.0991047230481917
0.106722955882489
0.0907242039968764
0.129404120847455
0.118215430148678
0.0966614987560489
0.0983952140732386
0.107196366658533
0.0999609697538153
0.109581016368362
0.0691371394041015
0.112420682002565
0.0930358583697179
0.0927131841260749
0.0966255636488425
0.0845143442800237
0.0881392244968719
0.0951880708859872
0.0884906060628783
0.0919018837929782
0.102476973001521
0.0923977798628575
0.0727441037162068
0.111155174541656
0.0789319140028486
0.0830179035094945
0.10438396310804
0.091583187546828
0.105927398574946
0.0875719173450424
0.114500062237789
0.111886314066256
0.0848789388953775
0.0805551329502172
0.0828707421937355
0.0622576297572648
0.166307194202439
0.102633643159077
0.184602084543839
0.107455724930507
0.112978544545282
0.107939145201721
0.172961208408595
0.128650344645145
0.0969836535082552
0.140630564593498
0.119672977022822
0.120126304650753
0.0984289211588262
0.138179118960445
0.156565821453269
0.0726512470032785
0.0863885777302393
0.0959528335654452
0.102682261960604
0.0614652097710374
0.067043678578313
0.0910018431854015
0.17509568456402
0.123538611420476
0.169478911489707
0.0890120024361015
0.0745092653363396
0.111073223511822
0.138140410570798
0.0904672478672607
0.120787363889915
0.110663854201836
0.157903738084035
0.132089192366832
0.113448640854055
0.0854990746798104
0.078185203807919
0.103816325528962
0.164499515375941
0.165432808758461
0.135813198210772
0.110715305011203
0.147983777110989
0.157447793699382
0.101308820914102
0.0887971699688099
0.110062477270987
0.112194549817806
0.119357808228342
0.169952343056641
0.11121104204146
0.14162514136236
0.137705250408839
0.096876114267636
0.199221881165384
0.107445677189303
0.132712319635629
0.0666465406555101
0.0976785124082005
0.146975605149994
0.172802784567203
0.101935102208909
0.0891017927038733
0.121050954013943
0.112892172670737
0.104696807764107
0.150824015365568
0.103235491569773
0.0840043894520491
0.147471184497173
0.114960850876294
0.129065908492727
0.0978128472564229
0.0942999503485732
0.0793158756532553
0.116790630944589
0.0923032555049252
0.0986952994017226
0.0988757150972827
0.12873882608059
0.117472120245409
0.151432857949528
0.165424711812566
0.185515819348845
0.0943200201090053
0.137833377951227
0.0918737395052862
0.0693603593434481
0.113669722896281
0.0791971819060403
0.14736991076616
0.0886963147513211
0.0679625433299449
0.0796909176306837
0.10248900483619
0.0874079304666042
0.103599005489526
0.145866387812695
0.154018087593666
0.0994877062281283
0.112932567139709
0.114249352384864
0.0930264928132492
0.141100092340195
0.142665846797015
0.184043896240803
0.13535518304055
0.0892020282460873
0.103223656010562
0.114117799446353
0.0736376084964966
0.0761285788276119
0.0601150094167474
0.0775664120510665
0.0968808600493027
0.151497431949191
0.0704208252244741
0.167289901357968
0.0997717075063669
0.113687287574804
0.0962074327982461
0.0989862622649967
0.0859600516721483
0.137760248363092
0.0928656335557103
0.0877495512800656
0.101073024430897
0.0938195111753614
0.235870801433016
0.161824487497033
0.129151946726866
0.0773185893986722
0.0901522824109811
0.0753957905587953
0.165384241367773
0.0909324238494009
0.0898046758020004
0.146520797118153
0.161262554491396
0.146385819968105
0.104552717288622
0.123118462199784
0.0748625564413719
0.0964892614605749
0.064353251687716
0.139655074004121
0.105732998784781
0.124272441525628
0.114057055539893
0.091568022242068
0.081719639343388
0.0815118142631215
0.0899544293909289
0.0641009830946147
0.0947045869996885
0.075675552316759
0.0639273715911452
0.101603425646313
0.0924654610266309
0.0883661705371137
0.0866048645628433
0.0833297576398977
0.0942961420418741
0.0799512882180472
0.0760143499300782
0.0995239394258518
0.120986811117543
0.134741862626954
0.131485744038349
0.0865057265053869
0.0899860178691256
0.0954203901787349
0.125306596585685
0.153648270863708
0.115564097272379
0.0875785495902349
0.114592176220962
0.113230852645845
0.0687530617621998
0.139522285628808
0.0984113737265007
0.147212805417673
0.14178235123478
0.11056547830195
0.202877748426029
0.11547360753054
0.0838703505279707
0.185822471276176
0.153532327477734
0.114868549812787
0.0901701567248251
0.149110570323525
0.187095105472106
0.0886578439801071
0.0883146421454247
0.0871380513692454
0.124997145640627
0.199462243323497
0.211776077133626
0.166869245238327
0.100257405508488
0.12532762651156
0.0845618457654223
0.075296286440704
0.104147905920802
0.150337166116909
0.132993202387209
0.0809036631219426
0.0776175889312862
0.101746087953559
0.0857285866411227
0.0806530378788176
0.0808656567522917
0.0657202306479727
0.0818748318188066
0.0786902220961057
0.0828576464195079
0.0969497832146973
0.138260653397492
0.0876886194807112
0.072519350874191
0.0681236205140863
0.137577365115471
0.0844821259790535
0.123467573191174
0.071188727967928
0.0925655416889873
0.100516471902293
0.129098080568227
0.185427081469559
0.111270052268585
0.17406098650637
0.13490219844375
0.0656736221274572
0.108165615954039
0.175673502532091
0.10347864190021
0.0848842026506753
0.0970896749587699
0.0926552362446404
0.136870280900468
0.109450305505893
0.191901342681803
0.165508037577458
0.0771600886293219
0.117466439752605
0.117398866362583
0.0851411134199323
0.0764874930650268
0.0676241634017248
0.0706125436157633
0.0719413296768576
0.115800854923507
0.0792999681016038
0.110279332187114
0.0774851452966066
0.137745800304451
0.0924029552134076
0.145854950499668
0.0699009347942641
0.0741683780005682
0.0601510507991183
0.0723651165500092
0.0734997500370791
0.0670338453578878
0.0736158785760323
0.0847342170910711
0.0988901781117674
0.132823078873702
0.188209893041169
0.175649960397577
0.0800774564176629
0.151470594046089
0.116873157103817
0.249071722604604
0.168014040331627
0.104173396133929
0.0886582699338662
0.102900524379001
0.128313901516442
0.0710458988007195
0.102322041926745
0.0833236028049791
0.0679221591945764
0.0760790589089209
0.118237401460914
0.087595513963643
0.0949140454031751
0.106148600859567
0.0748286990349637
0.089796000566337
0.0658048661466629
0.0740902652942105
0.179232707450016
0.160473655786278
0.104313596663833
0.0927513302334475
0.147578836631909
0.0986014073065197
0.0791314131457562
0.131417347387682
0.149437949346885
0.126981194291527
0.134523986026686
0.112019801425296
0.0753787076056105
0.169761171266507
0.101137989446189
0.0998722586171192
0.143749758532627
0.0907743375960205
0.116389890583684
0.144802086207957
0.116817033191932
0.155956684706827
0.176390933762966
0.208103461342556
0.118861123271
0.105023928415024
0.130459034622747
0.107649200938775
0.0686743263457758
0.107729061735533
0.0791584286864549
0.0779749793153994
0.0713066908353835
0.0642636493068738
0.0612468553643229
0.0849408835809755
0.0849187613895682
0.0991341179624468
0.122062697980976
0.0938776446910477
0.104069898741182
0.0971860098744767
0.103390040410994
0.0674437384485389
0.0962758641067854
0.148098058334229
0.0863817918275256
0.0910923524928123
0.102774714154593
0.140340087419017
0.104963862666726
0.0924206560527301
0.123563065314938
0.0677755836893288
0.0893486915241097
0.0957474699413836
0.0848125976743361
0.0714054776394615
0.0912558705844161
0.0719837683287244
0.0957957343989108
0.0906965358829104
0.0726268553655219
0.0771285509139166
0.0896030434411231
0.100779744587714
0.149917940581349
0.0845574485968585
0.143017105005261
0.0803473246212619
0.0918784279493631
0.0918892158120305
0.120033521065001
0.138163067971045
0.150742205200435
0.170640833294971
0.0842132621961213
0.113429718864713
0.0945441891805375
0.100383104846835
0.0988913265773741
0.116665961738792
0.0940012698242668
0.117906020315788
0.0966846397388353
0.0948297353760404
0.0975998433010879
0.100895376303907
0.132562791985099
0.108419041760944
0.119926861941199
0.097076400457761
0.17403436261977
0.168944382188883
0.119054220280516
0.117271677225324
0.118152107174078
0.111763967776412
0.0719285563644047
0.0793631490374063
0.0908687868150284
0.106630876646921
0.0927839480728906
0.0883746403429107
0.162763993783308
0.136719502500163
0.149790525878325
0.151163472826307
0.0959120984467476
0.0992046321381532
0.0856937743531704
0.0880081934248041
0.103238923206083
0.0735900772164688
0.115922077272959
0.131239260572139
0.0744786004375671
0.0726228373890715
0.0956447478918371
0.0603010283105982
0.110888897471336
0.141397816999023
0.134013253869291
0.232082565642252
0.221745260413073
0.149457969203366
0.191335840264895
0.111116490397071
0.143153176166957
0.11222704341429
0.128888389391846
0.0862873451189806
0.107210028964593
0.137459104141616
0.104398866029318
0.161145747146212
0.109164324811902
0.154394473708354
0.0846663731876561
0.113167800104546
0.0817109465792425
0.187864925942769
0.140071079856981
0.172503597554594
0.232326551532901
0.100235686193266
0.0816165436020438
0.0734675919355087
0.127998096401533
0.0751570924535593
0.0792808788358495
0.117402507787943
0.0974783328591339
0.0634285923689941
0.0833453907706394
0.0622874331982871
0.128728995955742
0.110968650378015
0.107402813558423
0.112406052848991
0.0898290371961562
0.0795785397073262
0.0666827596364722
0.0866184110508387
0.162590624662211
0.0765295019411288
0.0958402133595515
0.0914966205785955
0.131153800277936
0.0945082676011391
0.191294679338546
0.160086272860737
0.175821758608358
0.165797066200646
0.173628124853167
0.147276717449352
0.152160570310876
0.0875803536069915
0.113268768558445
0.111434675249967
0.0595770878580904
0.074374626583006
0.061216499933141
0.0594575682200954
0.107874322448645
0.093884692525319
0.0834827368568325
0.110650740465351
0.0725733814550841
0.0792162542282461
0.0603404151240107
0.12757718492853
0.116096484309255
0.0876241017614736
0.124365037492601
0.103129705196466
0.0962330130638872
0.106779260916326
0.109456056513694
0.102532944875189
0.0981879305665907
0.104970316227017
0.146271833193519
0.132497503025808
0.154846594394687
0.102795971207685
0.149687851272584
0.106928564245652
0.114062546426406
0.073353856130912
0.0621610510820941
0.0725093318488766
0.0908879856339267
0.0678870839638074
0.096937475811527
0.0989856113324391
0.140255139912815
0.100560654039192
0.0962097078127632
0.147007118422426
0.12895322158601
0.0985378282841891
0.16332660998275
0.156324785828727
0.0998017442023088
0.143736803130732
0.190358091705491
0.188021378597199
0.154386608890686
0.155933379116127
0.113008753598401
0.0945740755704786
0.0733973264439203
0.0711230029023372
0.0927154367517991
0.138545611760781
0.131031059392487
0.129206978320756
0.0988737570543521
0.0908549032569327
0.127464625366231
0.147835767436585
0.0810281205826045
0.0768408222758904
0.0793000274682281
0.0730830473196724
0.0894962821928197
0.0668697878020137
0.130945303736862
0.0656740341959726
0.107187086161548
0.0836792257790254
0.0988359521880286
0.0758461532641196
0.10479153444453
0.085256825905986
0.0819110415470526
0.0837697491198662
0.109339538946132
0.084457038843683
0.0811880206644139
0.0735593968669505
0.112607125758877
0.106463955413536
0.0786434477855225
0.11120294740879
0.103600035166855
0.0928344916266642
0.0798960308338696
0.0977442578469556
0.155677254803635
0.0986740849682133
0.206690818571368
0.0930293378057137
0.0716044520921888
0.0792213936629934
0.088836069215898
0.140583637173457
0.123302563940547
0.0703239938576097
0.0772527255600228
0.0741176595887518
0.0944743024990589
0.12550633390946
0.121230011013362
0.139545426983209
0.140754877232714
0.0806989767103348
0.0852172883414297
0.183186820373804
0.107085256573658
0.136825860072875
0.149772771407131
0.132567814387714
0.197818573684197
0.086315461893463
0.0828417400847873
0.102246968321168
0.0669858529458359
0.0771496092465621
0.0562284395312947
0.0735294459670269
0.0681771772248391
0.0731733595347482
0.0929099847838559
0.0793031700443278
0.0939384142970018
0.13565975314052
0.0931411703667408
0.144919756766436
0.146959602131664
0.0772617306287197
0.132145988959283
0.0844348909875681
0.139124528885279
0.136214674547837
0.120973626455535
0.0798948433168684
0.105814521730757
0.0706050446692572
0.0704363195209396
0.0832706980708549
0.0771331455654759
0.0625026285418797
0.0761145266671917
0.108674692817288
0.0878041542499852
0.0881629647524375
0.073101538863921
0.0937105619044668
0.0762143146837788
0.120839081123733
0.128922010170297
0.184544990415485
0.0834998393521294
0.160030478369602
0.145910882265474
0.121448379121331
0.0868325324002823
0.124399132722872
0.122137393910049
0.134363031204892
0.144225716533432
0.0993117015862762
0.132767312514495
0.111216650888951
0.136346844288756
0.0754571623902053
0.0922402459177712
0.0878617072290364
0.0978540062954102
0.14430337252701
0.0847912857803005
0.080278092035061
0.071342906141957
0.0938321408569909
0.119837117771204
0.092178325256876
0.119775761777389
0.0858354407111875
0.0819184999220485
0.08504367191596
0.0825959094384861
0.0765168754938469
0.0866314128632052
0.106035360413358
0.102185656792861
0.0973068143189202
0.101803120714888
0.0986416378580769
0.152882767491937
0.152594681813488
0.0917427511653062
0.0877273524671623
0.132292513709662
0.127783115680224
0.0844556111550046
0.0912647122533113
0.117666371185119
0.0701133534341599
0.160879972142209
0.0969711175273974
0.144746604959835
0.119146535742637
0.0964559751340057
0.128070295092487
0.197693328521163
0.123150491294728
0.145833921276341
0.122508621224522
0.0953057351808084
0.139308446509628
0.126704462607771
0.162983694506869
0.166524881823142
0.114205996702337
0.139206084879073
0.0614554222273614
0.0626387125324883
0.0573484863563926
0.0778125559394616
0.103984792287332
0.114025407012829
0.170233063114696
0.116401969480448
0.0699313423422422
0.113992834208516
0.102162019397331
0.113576978714432
0.120503682782884
0.155390524071106
0.117097010996886
0.0819212502096107
0.0618051529065157
0.0742266931741385
0.0618415949943871
0.0962830984485263
0.122791544618573
0.102306834440757
0.146445565830403
0.127395597245833
0.155693756737602
0.21351726942655
0.113893226472618
0.149206080931356
0.0863346766968636
0.116093254358775
0.122726415614276
0.100248970721881
0.0862806453597743
0.143541536745067
0.184477082495451
0.126160350197423
0.0860480009144988
0.0833871111423867
0.083398595569084
0.0720507276421878
0.0651090803497441
0.0647517053491195
0.0720787503125543
0.117999402211145
0.0928200733777462
0.1757297708708
0.0936997550462804
0.063169165827388
0.0850181928365887
0.117460411026835
0.162378771281462
0.228468574856469
0.210509816608319
0.163931714564282
0.0740718409477436
0.128780360677861
0.113263646798768
0.116352695364484
0.168674001766355
0.156473927049189
0.12711075143718
0.0845349192343447
0.136012300270952
0.0684798669354014
0.108190429350512
0.0867014394930738
0.0827089621038341
0.138416753120218
0.0742473480182702
0.0931797975735188
0.0762434002573375
0.0743701695559152
0.103200528293881
0.0726800584358788
0.140797246821881
0.0663911735234832
0.0759877276156549
0.079743195083075
0.157516252282392
0.0917613851806257
0.0852267375425911
0.0730647171099784
0.108983060667637
0.124758036491966
0.15215376132385
0.21109922062863
0.101532183115365
0.172492166642061
0.136573968670197
0.180050011182076
0.10491100684252
0.0981275474935157
0.0641785672298531
0.0730109324779635
0.0823988644670827
0.110685546730394
0.0887700916063291
0.0749717037116693
0.0933454917853293
0.0830667524317115
0.113558886587158
0.0834511471028215
0.0843622212124275
0.13372910579781
0.0988851130197678
0.0875552988086555
0.0751906070758185
0.131414352088965
0.109110884025446
0.0758952025164236
0.101157512561853
0.0779129667948833
0.0743221770058218
0.0971598205752172
0.160080958120318
0.0973028681669535
0.135729305924277
0.0855867086475187
0.0853195644843753
0.118086983102196
0.0906605249274784
0.134821259563176
0.110777645447059
0.0972818627292035
0.127041901803152
0.105625011760384
0.147522194851352
0.0954222611586943
0.099833163528582
0.0891065472315335
0.158281296852181
0.0921596319643573
0.0637927374673916
0.0641413859029111
0.0741401578567146
0.113622583082199
0.0957212007652761
0.113293614076206
0.137361743307087
0.140289808485387
0.136916929311361
0.117290031741322
0.111647433681318
0.0859809920278368
0.0957783364524104
0.0925355784521087
0.1250245140445
0.079384638213025
0.175988360053811
0.144199466729909
0.123189261857356
0.0785536461868453
0.178500304933783
0.0979838517364789
0.0931132338492613
0.0716840222905983
0.0628025344977058
0.0749009225368359
0.0934422549275561
0.0877270598526909
0.0997405754390957
0.0749015962580324
0.0809709803222954
0.108981189735857
0.121052845778598
0.0963925759983312
0.10932109866475
0.0918488919425448
0.100903037910818
0.103997880191192
0.0959113620519635
0.0693040803765365
0.0865492359758573
0.102971388487734
0.144047858690503
0.182787795193027
0.174145770870578
0.159336660955869
0.19333549645738
0.109148493143095
0.0816043276988143
0.105769991166709
0.1406732880125
0.18860337872977
0.160626914892103
0.125190211030295
0.0847196518558925
0.110286210546585
0.129642002906653
0.125329751366892
0.0930322279510569
0.0769155181571145
0.0860301015595829
0.0986575979490873
0.106946852077232
0.0784967951491357
0.0613313685244788
0.0815908342818864
0.0768275621117577
0.0938522678224224
0.0585656986851977
0.0620313576530965
0.135853354212502
0.116939670348395
0.143800353510801
0.0926359602581593
0.102984688979164
0.0911738974806028
0.0918401317844088
0.153804659575297
0.122205287791793
0.18430963313226
0.114755396971594
0.151819964198647
0.0975988709914059
0.0977582641498014
0.0820372619896379
0.0813613957138396
0.0683561870550006
0.0790575368502655
0.0980682086536694
0.0928168106707388
0.0906119533989162
0.13768924729724
0.115668395269701
0.151518297512941
0.17031896863871
0.103977795373849
0.107075742299512
0.0700319759002173
0.0759947938369349
0.0761905774256454
0.083634727412134
0.0582159204620547
0.0637719983016507
0.0922584435420821
0.0716192755365107
0.175607294714025
0.132483094510513
0.099744822845801
0.171267447005445
0.172058905080249
0.119775093309222
0.172037092361224
0.117988656682093
0.0947704408467966
0.105431705799379
0.0774653228935761
0.147324668410985
0.132004646102105
0.148218685772048
0.0898141033399719
0.146398721073945
0.115105571547154
0.0889006960896971
0.136264084520057
0.143559910675901
0.118463283716014
0.076272188784007
0.105131851192207
0.103741164606343
0.120279132341299
0.107680188089529
0.175614861790541
0.0945938085304535
0.0884866547414709
0.0956583708347952
0.0847362541838586
0.101107624857261
0.0808045561150917
0.104389107036569
0.148133598179884
0.103695958090504
0.0749368286755258
0.136393499025648
0.102788527799675
0.107189464580365
0.089451899207284
0.0703447101830095
0.110552974148426
0.124113368984629
0.124725928905283
0.10019468124052
0.101653208298412
0.103597837499393
0.142126730726562
0.117653127631419
0.0639828201197138
0.0753553732278051
0.0900937400474813
0.106581909542119
0.0694388682671001
0.13058567132214
0.114601143430095
0.0759706352925429
0.0744721499013549
0.064447811077847
0.107806688379965
0.124070164355788
0.101620667387939
0.104107610169249
0.142781817041744
0.13124161027716
0.0695672542324411
0.12537330674722
0.0740879113595262
0.106750835904468
0.13281016707256
0.085211125493446
0.120797708254212
0.105373479228248
0.117866324748362
0.0867415717764993
0.104470828778323
0.0956504989005098
0.143588030536886
0.107792390621439
0.131029053848913
0.106767878966085
0.078087397019077
0.0821914034910986
0.131885732730288
0.0797162036365812
0.10815498877574
0.10847443949982
0.136404431988275
0.0869335823074818
0.081596016873976
0.13005101055468
0.0717374942825967
0.132415343528036
0.11041008630046
0.153905782182991
0.143630685374867
0.0700910696039549
0.154421661646088
0.110763006006346
0.0848892309900256
0.168463950360654
0.0906327605202117
0.0827267946126308
0.0810104395343307
0.0842981280385116
0.162184960584738
0.120605472203425
0.145218842444196
0.10935065292704
0.149522964448438
0.0896043850963788
0.147609369163372
0.140100119606923
0.123364522337144
0.130089801208034
0.10860836103167
0.13553744432274
0.099859865721631
0.173375348113598
0.091648769027333
0.0940785574172047
0.079570835877506
0.0872217460184168
0.115288877075701
0.0703833986407948
0.0634773937629413
0.0732941725466823
0.0741947134023639
0.0750896352987769
0.0779094243799013
0.1221177578579
0.159325755361542
0.152118157846969
0.145967067429255
0.156992120362115
0.0891834914391962
0.120284975545609
0.121662789706761
0.102001187434526
0.123129821773471
0.0961782962724897
0.0902255398568925
0.0638662833460001
0.0900659185205763
0.129711927573009
0.14890430875124
0.163159659537761
0.0907102492047289
0.102401542768563
0.0997264638166067
0.14056144709853
0.0998306292571648
0.0755274691104427
0.135876188544584
0.0779780474358609
0.07657291106706
0.119401933201374
0.0718826844953193
0.0725736227358149
0.089335938089331
0.0843502094241092
0.0833444906629419
0.077716866257951
0.124615592027924
0.134154658833278
0.105843862130558
0.0872619034946258
0.0885522884734367
0.0890970287602135
0.0755122866840877
0.112672914609373
0.0717588162920123
0.0666782384778595
0.0780772909206753
0.0546538067450364
0.0634923555223069
0.0841683701978868
0.0641125744007244
0.0772463184004913
0.109108929234914
0.09019983640197
0.16840787321031
0.106569308705886
0.131507509191116
0.0857829596532091
0.16116825482814
0.0785955990480231
0.102541270934528
0.1282651111176
0.0960525145360823
0.134711222187345
0.197667242236972
0.0673766624932263
0.0582720346638189
0.079205520195305
0.106076176186404
0.14067305038375
0.107898743526809
0.0923680626872024
0.0817277081619113
0.127557272998773
0.125626753334409
0.0770023206071568
0.0780075349164736
0.112421523962043
0.0789849669566436
0.162875779529242
0.0907480376341399
0.0874202028889935
0.100797167777457
0.0971045031844298
0.084763672540548
0.10977145095062
0.117988992933798
0.0678628121863179
0.0682792846846039
0.101788689789385
0.0756925925677446
0.0765669439509221
0.0903310521988165
0.074185325088375
0.0913186033522626
0.105365896373863
0.0935370798594047
0.22835732072848
0.109226659461735
0.115588223139341
0.100068955240099
0.0622465005008239
0.0860965296111786
0.0729201908116726
0.0904640064490478
0.130433380581966
0.163402924795954
0.176654578580097
0.0937214578778127
0.0862144198844587
0.105883447407913
0.152689632565166
0.167126129689683
0.0882984428915819
0.106240262429951
0.104005221722781
0.103164036509054
0.0886145744581119
0.114823540532839
0.128991154593604
0.12194790570596
0.0622035370323875
0.122692941026129
0.0883396884557908
0.069507553032906
0.137033411604231
0.0803266945620207
0.0638033177005749
0.0561816545737791
0.0764325576023108
0.0966273490724456
0.093937533110369
0.144145181121511
0.0881953910543066
0.119483503765362
0.0851089222122771
0.072639135872047
0.0938799381648155
0.198047843890477
0.112052055350161
0.126805612165673
0.0793070021716219
0.141455163169354
0.152786522653616
0.055159591105521
0.078397527020095
0.18071188390309
0.164923581314183
0.118121419178255
0.0763343086569118
0.101570678993588
0.131021696029494
0.249852342393506
0.144299520930905
0.113640502711455
0.105129271303339
0.103532153542199
0.0666674652740245
0.108332368343195
0.127669387971153
0.147730073485718
0.0974393380299524
0.149985383420971
0.105388294594691
0.143532058816212
0.0919241048092202
0.138058454109559
0.0906477512586136
0.097836253684515
0.0663864159107177
0.0704306501915151
0.0881860593855686
0.116888943291717
0.163772131044857
0.108521425102202
0.201974752246354
0.198300083254047
0.0843434036138764
0.136812249430478
0.117406711819698
0.0676774154113133
0.0972842242672021
0.0875411372272719
0.0847232133811452
0.108677598042494
0.0996601574036658
0.122608279831453
0.204913036747397
0.147591507570522
0.166441629108198
0.147842760920744
0.105582982135336
0.0957058805966943
0.121263903593636
0.100884355363254
0.132283810317507
0.150436235909382
0.12312614306307
0.0957492358122945
0.0834361315544101
0.0759613040032195
0.0959854763873981
0.0782796739129887
0.0693599198803756
0.184476184923635
0.135356099813452
0.0952197021324019
0.121025659945019
0.128056634289603
0.090663745096127
0.12113226984323
0.102274088602344
0.117041384406957
0.135493446002039
0.1127411794265
0.10522503267221
0.144073817183185
0.164464453958469
0.075436242021613
0.123812200695056
0.114941745430002
0.105158598280919
0.109775052974177
0.179035099267502
0.113943582609101
0.133462751054849
0.108835136801641
0.0868433908733415
0.0847197985117482
0.12096443432059
0.167822483062499
0.092583912286892
0.091775393542585
0.133829286432883
0.119915970629721
0.107761108985992
0.0966778185537515
0.0716237926172131
0.0980649484831629
0.080222329714351
0.100092850995504
0.0805303846836608
0.191181793363616
0.165048209468719
0.16589267589791
0.157676690955581
0.109899444573302
0.0756051857279994
0.122088145400771
0.114583662993751
0.145526552517082
0.0905080490892027
0.109515669103599
0.107927015868319
0.104407381093417
0.196117616612406
0.128044685254608
0.0935525679051855
0.130607840942183
0.135881685406786
0.126042316210879
0.0810114743701061
0.098922884706594
0.120263788981903
0.127966790693477
0.0842483386937451
0.104216146047883
0.0824056405331111
0.0803970810970174
0.0725336759466008
0.0890195513504565
0.10131458609548
0.119576021109249
0.1376516124895
0.0897230342132864
0.116599170303834
0.104679886536675
0.0742327092800607
0.0672055889982931
0.0892316960643513
0.102512802486261
0.100945612181364
0.0826274068487176
0.101500896349233
0.0962294224712309
0.144687876518481
0.0855100192773897
0.0692221844052727
0.0933473031417564
0.090331480599488
0.117221710992398
0.0938182418376575
0.09432606268745
0.0996097931692338
0.148558805700101
0.0863300496270358
0.111880985257448
0.129140193043199
0.111529499654375
0.0949072323475623
0.0895680389583899
0.175681035725931
0.0898692329124326
0.13217670881939
0.0750673242804766
0.15362710079219
0.110038033790695
0.108444709268834
0.14632347281536
0.120042306922836
0.0998611914396545
0.130295070575983
0.166484195219791
0.20855079624243
0.140311412331067
0.105143596765702
0.0753462082644547
0.0936630902755304
0.13148459563155
0.129893222550253
0.250647106438114
0.197110204949568
0.0967692681592462
0.0989993380623214
0.0889715990838311
0.108449157604854
0.165681542898673
0.0921449884870719
0.0693318985253222
0.0584801836094297
0.0673415573607266
0.0904741307587068
0.0985572087121986
0.11120143816127
0.0952796025974267
0.104180238744943
0.0608700770936022
0.0700513936775308
0.107308353456123
0.0879532076846044
0.0977520633308486
0.0892758413995467
0.101339399601034
0.10584615797289
0.0741858536673921
0.171760064539096
0.0992947337365504
0.0905934436291721
0.0913996836980878
0.161867405137352
0.110648976817684
0.0939713353234052
0.101004820535482
0.090569842031276
0.113332994370562
0.156081105036581
0.126224789293368
0.0688054611953067
0.0918118406940576
0.115926884339228
0.0982898891471443
0.0682744642609042
0.0825862568495685
0.162981976630621
0.110880498172537
0.143545851807455
0.107582541252194
0.11431287715133
0.0806623392357814
0.0954231109497432
0.0906215878790068
0.0719007926878066
0.0914959461227171
0.105882793199394
0.0877386049491106
0.074823642948576
0.0747237374356743
0.0699407581603231
0.0954130659695796
0.136460928840469
0.106619325152028
0.0698673769890315
0.0647933160281662
0.170215921983837
0.0914722193390621
0.116476474255251
0.107030699248548
0.175545200992694
0.0913929133891367
0.112522407337257
0.0902460705325111
0.0954684687534546
0.127717566114408
0.1474977374043
0.0866017928648443
0.0649128492780674
0.120528167416736
0.118576573865721
0.0998649810842343
0.117153651163227
0.113211422752673
0.118691130670332
0.0993557184449504
0.133570980306714
0.104024249493921
0.156674868453121
0.105342509594893
0.0954150884944
0.125384793594025
0.149192436135569
0.105854613334149
0.151626522997319
0.151700326101207
0.121124831250234
0.0936753727299009
0.12237808502583
0.110049791389522
0.0616989632924581
0.0741514686050305
0.0896997525482333
0.0676967712164636
0.139680279573851
0.0946477615597276
0.0928586484778859
0.0804617411331661
0.105528713012592
0.083846738105622
0.118434502993937
0.0810518568804415
0.090541338049869
0.155222359435202
0.0845594994263415
0.114957702288761
0.173601721106724
0.139484619822059
0.174328759973982
0.130116915464498
0.0776947332314096
0.0611473331610323
0.0895256792903564
0.205374237473242
0.146764357808321
0.184770510406464
0.109833684725406
0.141974850840959
0.11776635451208
0.091603399545091
0.132962050509831
0.0916793641290587
0.12720543199917
0.0831641688757395
0.0868305535488287
0.0721427989945618
0.0751899918871109
0.0681335902282221
0.0766584135581057
0.139930687137737
0.12365202388588
0.132279717954656
0.0853615055633957
0.0893633346219573
0.0984479536157544
0.0719889551571922
0.0649086636046466
0.0778175354360409
0.0729207714716398
0.0892549818348055
0.0846975067397613
0.125959809573274
0.117699894264668
0.0835943118248474
0.07577053496201
0.119638128349897
0.102860998035906
0.112003862270835
0.0681337411196384
0.0913481477949489
0.0914163253208603
0.102617022249078
0.144964936005791
0.0655965786438837
0.0725133762094098
0.128764199119284
0.150904784945571
0.116440369919092
0.0945162133818588
0.206960747362797
0.095695090790388
0.105468428993066
0.136444260105644
0.119905437463708
0.137836473771317
0.0730750548241815
0.0647093693348682
0.0743225544295275
0.178017773620467
0.080577414429642
0.18705141483017
0.0994368840461186
0.107072212072524
0.0939331559877859
0.137056850123332
0.0993294695508018
0.149761099472832
0.155021742557981
0.127757124972479
0.218017734728144
0.196275517754071
0.110148737622234
0.14151197414445
0.106033220239833
0.202574465490382
0.141954219123582
0.142686900732134
0.0809305402979703
0.15456400021395
0.155676812759669
0.199638996093492
0.136331369310153
0.0681156430767112
0.0998130722348768
0.127149812048456
0.0807646013096827
0.121266090721555
0.0781647383636889
0.0901266562148303
0.114946993197575
0.0727620258498203
0.151252636717376
0.133540535254824
0.14551718572206
0.134857777603175
0.17229798197711
0.14263071729633
0.166026226152211
0.115721985576741
0.0990619316755202
0.100724195906897
0.0821587006253304
0.0911186561376777
0.0932902280208416
0.0607962872156866
0.0631150540245849
0.0848429235160102
0.129476198490363
0.0835287554120194
0.063155281164772
0.0620277623793284
0.0773929680126336
0.107173354749667
0.115646431228252
0.151296333186603
0.17870992758653
0.160247112828095
0.138390311724658
0.115766333645734
0.119418697317933
0.118555160261784
0.125865744880797
0.0621064712483453
0.05619921515993
0.0779886832116245
0.0655571410470226
0.0684959463910997
0.0763537677038858
0.102937687245604
0.069375342760427
0.0925018896299304
0.0875876816506842
0.0727702971299243
0.0868601556971465
0.0711858693728767
0.0709394596951945
0.0671116923744131
0.10306650766218
0.133980951158441
0.0712727166967188
0.109887412518115
0.123945971070287
0.0845646054166743
0.124620680212662
0.191980253923053
0.147613131272125
0.124037099043437
0.0615202131678291
0.0586232842827191
0.0823749333549216
0.117776930807824
0.11725083816324
0.142745448851504
0.210613121028089
0.0906188896458999
0.146539877431213
0.110298119534647
0.143976103816784
0.0945184016413381
0.0781790156857693
0.132639454888951
0.142273335468257
0.0947348476243502
0.077747159357686
0.0615280598337965
0.0732133501963511
0.101084391268884
0.0723137331432804
0.0873464029448133
0.0817096893340399
0.102084998171863
0.0671265592878474
0.0677077959104651
0.104989134492253
0.150644912004163
0.116808083206875
0.0786710381066139
0.106890460967728
0.119205873151832
0.120236848381318
0.106483366555776
0.0900150733656681
0.123415605923751
0.155811126109906
0.118997686906472
0.0974161676478606
0.0870378985328709
0.0770957332112046
0.0794930146683046
0.128128117114657
0.0908138583889331
0.0936971935934579
0.0947100897714899
0.132402641328734
0.0746223121927817
0.062008953601785
0.0586705558491083
0.0592985224738332
0.0967042832605805
0.0875047889075179
0.1044979316202
0.135157216030352
0.122885849347573
0.141586824531733
0.0756809344872927
0.16659014503581
0.196621014682947
0.142732795759842
0.173090324879585
0.0875526842139377
0.111533332508344
0.0632120689897701
0.0912861847278605
0.0896548653499581
0.100112329416629
0.109339250352805
0.130886079598352
0.126771138079457
0.0788584826592544
0.155911662207881
0.107359812135289
0.130239634195356
0.119786240856325
0.101245779051065
0.119376106999802
0.145547051363396
0.118481761257417
0.12054401800049
0.168800187680538
0.103098044970736
0.0717175376686741
0.0723527123124185
0.0766693017283568
0.146407827370902
0.119659591422229
0.137839827244019
0.137098475477113
0.0891736273597874
0.0854730453063589
0.0811113158432027
0.103162992472643
0.135666104178317
0.097491647243892
0.0627155194812284
0.0921674019450984
0.0975845018956366
0.0807192048367808
0.114469769978825
0.0941586502000956
0.0932055983759155
0.0905848477231725
0.065200048718262
0.104898298756971
0.0926280631619608
0.102762075531784
0.107231420402961
0.0787172113925283
0.122492937336534
0.0940313433825848
0.072433561567416
0.093910285454233
0.0739361732373288
0.0580284122801044
0.0719929987506747
0.117760478281576
0.112959826022346
0.0778233088950018
0.0631142100664109
0.0769717441865987
0.0945798587270845
0.0884592934422513
0.104425424043661
0.084677613128856
0.0883270468847831
0.0772841712885125
0.109097245528427
0.0698988808122899
0.112902529616479
0.102831250587864
0.117302293817591
0.0806107184219595
0.0980203077515121
0.0804156492271906
0.145574845118081
0.06629494749446
0.083342464311935
0.0873749327987355
0.0926780887122862
0.121287457373924
0.118970976482093
0.0992324972301181
0.162743079376302
0.112995825818309
0.102623694312877
0.111753027283228
0.156056313969301
0.128576343965727
0.127181925179825
0.115819332986926
0.0854390097141251
0.0814905026035706
0.0923250461700567
0.0917433411636036
0.115294109258539
0.0768709625622186
0.10540196617475
0.136107420096325
0.0825601202921416
0.122374823834342
0.131599253022822
0.162149523820716
0.127993233718529
0.139584423161376
0.12325551458571
0.169050671232474
0.0747690307209402
0.0689621098189097
0.108020563306757
0.0802916912631521
0.0644060238587007
0.0787798327302011
0.0930501939783376
0.141291718099052
0.115632472902026
0.152567518570967
0.107575140172469
0.0815796391145201
0.116675787877491
0.124747292714863
0.112894743881355
0.102610794687707
0.114541603210297
0.105776453794331
0.140785066603616
0.0966387509091959
0.103277539160497
0.0671493610619838
0.098242847582569
0.0881377602126238
0.0743268549211883
0.0778125727430022
0.0724029513450013
0.174218387904856
0.189705801623357
0.0814714937636736
0.140683901216287
0.130232178241861
0.100830769083806
0.0920442032337006
0.154889670310385
0.0887452284348141
0.0946404702290485
0.0681059621240454
0.145377942456286
0.131200929811903
0.115672657949185
0.087236802581992
0.0887864992966363
0.141732264364847
0.0873904281724364
0.0980468219426365
0.0915714466211715
0.0981199823460529
0.0782131935512757
0.0848983763045736
0.13346049330711
0.159840655300681
0.149788272885903
0.0827386313844836
0.0601292539733797
0.118783068354132
0.17212711216235
0.0748522417224161
0.0878900194454952
0.126590233822583
0.0873631698189042
0.0835875319268476
0.218260787727798
0.126392891494869
0.0949938786593591
0.0930015835334392
0.0936633739418833
0.0721749151341255
0.077574344656124
0.0956715919187716
0.073421113680713
0.0675946917624695
0.126143637391802
0.10318824078172
0.0995795446179636
0.0939087665837531
0.102183725282051
0.0811107080749792
0.0885274115465488
0.104650162669414
0.0933895902992049
0.157907271715253
0.116423819634589
0.16491908714516
0.135705015838964
0.152340681732576
0.235816384980789
0.160872375790199
0.107238522246565
0.0753721168326363
0.100011748515619
0.129973770143353
0.103311933178211
0.0922739181097165
0.163361230729284
0.120738716069775
0.0921183605721042
0.115644133366689
0.0987477647822941
0.121017810236634
0.0846466020269494
0.091083405774065
0.107177225915129
0.128982297940145
0.197213449832249
0.112296811858116
0.124509775442149
0.121789255901085
0.149770690566657
0.107968124554981
0.0900088885390649
0.0955817752206923
0.125924168050763
0.131973735692999
0.145304687612494
0.132708142652782
0.105937606985115
0.090818228622321
0.096318292158691
0.172905784185006
0.122067369547012
0.096501819028456
0.134961471925886
0.117624032390732
0.10884663711226
0.0964583245983033
0.0606000486505658
0.0787684752050301
0.113769718170246
0.136001319718699
0.151575417403081
0.181266780798705
0.122005982592666
0.112253659101758
0.0895063919565444
0.236652913350747
0.10707039269183
0.160590850128399
0.148291061366407
0.106746192175056
0.135915500865295
0.198304755359542
0.118270984853075
0.10546018593829
0.0997090481131213
0.0874008642488195
0.102847711405426
0.147232911779505
0.153283830758932
0.100257633953029
0.0853730031946879
0.0984270656509913
0.104170526177297
0.0604077358752375
0.0762720117811684
0.0827176153743196
0.137984661952327
0.087506777184624
0.0747361674119821
0.083001775418934
0.142688364386596
0.114044488859181
0.140100231696715
0.102546475776885
0.114880999925655
0.0751349319628854
0.102190008286689
0.0932945815276337
0.0835593012455508
0.182450176309006
0.122767991942919
0.120772616888296
0.0950549474479886
0.111237522083224
0.0870949579248588
0.0934929677400105
0.102253979166531
0.14725001403643
0.0781743341416702
0.0826140751299266
0.074716567153382
0.0883666180718522
0.14146484078387
0.182526774425436
0.114020917371432
0.0669480619323775
0.104308807109458
0.0871387604572824
0.10335070901398
0.110858464997884
0.231253358161276
0.162518536664217
0.0766689855423305
0.110569589455225
0.0842019169253535
0.191256442937657
0.132852241351467
0.11260582966728
0.0901090487324204
0.104409936896902
0.111014013969242
0.10632010071171
0.122249264191008
0.0860744692983828
0.0618523231184054
0.0788090384024922
0.109113158966232
0.0972797688728546
0.0993731153391964
0.0968802199851846
0.0738837499993038
0.0801278716216054
0.107980772876047
0.132843653551094
0.143271092955572
0.151610544169661
0.114074976808307
0.096052479593744
0.126199509190759
0.0944566699571047
0.114418805979155
0.102041770297752
0.139293230365605
0.104505425409647
0.0840447734336424
0.0692842419281921
0.117459228226997
0.0955458628398983
0.120795376723498
0.0806330942271983
0.0747216634162375
0.0646893183330278
0.0662164414592562
0.0768561865955617
0.0673901243826053
0.0651327328938814
0.0736185080464967
0.115673946362907
0.123967231859043
0.174941513425922
0.0926385201618568
0.092560420937982
0.0809151876503141
0.132922679763061
0.182851180226392
0.109452547849884
0.0796875713372087
0.121484886095838
0.0871832806572651
0.10203709903126
0.0951711958788241
0.0719083759346156
0.095083191557207
0.138874477002818
0.0999265749154524
0.0843771831598432
0.113976930231196
0.119657568491556
0.0786485449936042
0.074199169757594
0.104039257258136
0.12452928979147
0.131957826042597
0.114223899891778
0.0836679513719173
0.13475207309657
0.148394408125712
0.0909331828786183
0.0962924819478254
0.0881517839028181
0.15456189884301
0.0958651443641214
0.0925569058122481
0.0914793114872135
0.0866489860585873
0.0875751897871396
0.0619564536927801
0.102231938308387
0.102665946846591
0.172540203386452
0.0667575802280294
0.083152389437654
0.0820996103964384
0.0980399290904352
0.122411285105963
0.121347972348147
0.163835677394381
0.178601887960514
0.0648184336180645
0.0774436947352893
0.150478679412602
0.222863315354193
0.187786427888648
0.141949535201745
0.0999864924063946
0.214202557602203
0.125199826314483
0.097763674436301
0.0933208766947857
0.113965122816755
0.113716060194117
0.0707644331410395
0.0615506006987409
0.133236556372526
0.106291040512257
0.135770645124086
0.127354719689678
0.121226242125995
0.166554085522712
0.120581693916
0.0874650814794642
0.0906412779550103
0.125010468141838
0.0882362871753904
0.100178665339678
0.117087216321297
0.0924373132418264
0.111606682446895
0.0754884999688112
0.120390185478443
0.11010989068909
0.12485307816355
0.171506769308191
0.135935089403704
0.145669319964805
0.139077083894209
0.121012138327142
0.0940767531100153
0.0998657681024597
0.118999912916309
0.0714346494816121
0.0591113653531275
0.07590133955414
0.0663750108303492
0.0940228140574544
0.0679431405405242
0.100573981108517
0.0827470335427726
0.164734595550484
0.118656695761914
0.0815049206579893
0.0830330589164037
0.0786098956435101
0.0897464609585147
0.114349155037214
0.0854880529732898
0.147282571527504
0.152992331165067
0.11100881379452
0.132009405728447
0.0829063718537189
0.110714593473812
0.0969774509775514
0.0968184868250239
0.0754928539306478
0.0865713231315078
0.0630603450074292
0.0703137326345089
0.103446146109773
0.0894271025700956
0.17684421706765
0.116750287423698
0.0697766424356223
0.0766078898814221
0.0925889383929161
0.119385985031552
0.0962441520710756
0.0824230305484215
0.0578692195662369
0.0606175068133404
0.0626925398706111
0.151526474967652
0.061870872291457
0.0725673941497811
0.111034277548666
0.162631723177241
0.0771809782450796
0.0943405411279707
0.110312375318313
0.0620589617677021
0.0609942149136369
0.0670638396599379
0.10217646416066
0.111803809370887
0.0873662362820273
0.104838361007817
0.128220678734274
0.142367367940676
0.109724523971863
0.0979420953829372
0.0996265158765715
0.173265857183824
0.102126821543228
0.0844728628167756
0.0666329218414707
0.144871589714885
0.171145719081245
0.183704979282724
0.107610188361735
0.223343299740677
0.14775672927169
0.0814136216177551
0.0679947503025379
0.113414991613763
0.126487427936416
0.0999593678662228
0.0975188355277999
0.132656090661522
0.137682459577231
0.177048717915028
0.0962433771954049
0.0996246184145125
0.0905590484255297
0.125337060374914
0.0820733717644694
0.149056129677658
0.185102333640049
0.123039753554682
0.137572421348774
0.0797314975130521
0.121172267055923
0.0799602638704711
0.103105538535559
0.10557690846395
0.153819507336814
0.206655394398213
0.13549723508218
0.0849597926049779
0.0818262765110355
0.0767656663753632
0.114985414859137
0.083151099292968
0.128007080255216
0.0999068209917903
0.107665211211609
0.127595855282416
0.114079046850103
0.113476394440068
0.0902281959372253
0.101486930714395
0.128937882053409
0.0780657215078667
0.120745574470973
0.155354612858527
0.149138082135593
0.0710889975488182
0.119500458154049
0.0842856710542577
0.158262047087532
0.102344040543384
0.184959299718856
0.204481590501799
0.0959168874787469
0.134886132062838
0.107912813919473
0.135805211313119
0.107100965977488
0.078028497498955
0.100888774495455
0.136290316387352
0.107637431950581
0.104031437317883
0.14143808642631
0.128859493620526
0.0979019797547541
0.145897702416627
0.134080737725198
0.0987271234590766
0.0693913772923106
0.137651952986492
0.139610247352206
0.118403393287623
0.102462337791882
0.159893951457552
0.142433564149206
0.113187496834699
0.115072760210248
0.0958133552850147
0.0671584453185603
0.0690215157710146
0.0765663022180418
0.109292544606526
0.100161279709999
0.146300067142356
0.120273269797709
0.144285552048652
0.238833029374422
0.130168459270233
0.0789348710735821
0.113628675247066
0.0814991847463003
0.0707917728381527
0.0944939062245678
0.0852109492310346
0.102749333452295
0.126684212006186
0.104641610805723
0.0764884649208323
0.0663954152566119
0.1290155678068
0.16967330002583
0.113082729709857
0.106809888403307
0.134881760626059
0.121266435968381
0.0773500786103708
0.127876524675352
0.07483084503349
0.0671076679421023
0.132707740866887
0.0803065271811495
0.148272382104676
0.0801392693253339
0.0869919423041506
0.0804292655169711
0.157746053950625
0.11497468836199
0.100753849006769
0.0860085530004352
0.110383296026899
0.152606118846623
0.073145055437293
0.0794897737521827
0.105478393846066
0.0792280650399766
0.0830263236396837
0.139951838996632
0.16477279111728
0.122743607570366
0.111132149219522
0.0757449266370237
0.0908342527589595
0.0853902749207742
0.0701269384000079
0.0529569429210273
0.0582601737546282
0.0623687830855673
0.0632301546379146
0.0688868594351011
0.136422137328589
0.16474816924412
0.137505474601261
0.106092504905055
0.0762487220056423
0.0855722611180671
0.0890773070135591
0.0934567523013668
0.092259261626634
0.0776062175149512
0.103243522481548
0.162421577051045
0.107562319188454
0.112883547611344
0.126140902683044
0.114689190597893
0.111537243631212
0.0755925851170994
0.134022914237834
0.13110903320538
0.125362091254339
0.0759416889756544
0.0865704208863837
0.106578890434562
0.130814290667945
0.134963250930653
0.105697246864324
0.0781269876210947
0.0590135668695741
0.0900358596118409
0.0789129103750059
0.0935196938529467
0.0962705490157139
0.0873069738187516
0.0898881231202531
0.133973200749306
0.130140493552891
0.0874247592679955
0.123192015252992
0.0806679105553035
0.0864791684295891
0.106373009838346
0.0856439765217134
0.0856369569013877
0.161042722583567
0.128164145614237
0.107511726831614
0.130668325068322
0.18588918164975
0.139048759322813
0.094518541402721
0.0939636121756091
0.166799806755507
0.105245484380984
0.135530855761026
0.105393215753706
0.105830141870784
0.109635032442733
0.0945940640954151
0.155733085940593
0.138402889289126
0.127625146150051
0.0812960982955459
0.0711383976255058
0.108773005308016
0.072773958646207
0.114656056397679
0.119449811201233
0.125162470997562
0.110170940308851
0.0986154714884147
0.0879381868354215
0.137435797086939
0.0685257172259036
0.0775427137203855
0.0891632717076879
0.0738334753042142
0.077089194106187
0.0945060793583836
0.0736661668201222
0.0704892639567243
0.0714235445351813
0.080548450660584
0.0658122609361395
0.102916711801088
0.186979321058456
0.105591090476323
0.0803636918692902
0.107422131712837
0.11290126465746
0.142649425212963
0.114669582203299
0.12279933315398
0.131382850746196
0.0884521152104831
0.0893755796074151
0.0738816705810552
0.11504379742833
0.121193979623495
0.0680239135882967
0.0723772584253489
0.141729761292729
0.135918126090323
0.0860154606051935
0.0983211333270857
0.0981298887982374
0.116374401410296
0.0946727372918613
0.108654045471867
0.0993789650699612
0.0842796317699438
0.0753988163869647
0.0844591105634274
0.113455200517688
0.108917048713396
0.130239241939518
0.137753360492714
0.132607806504613
0.118579949557136
0.0972717028542051
0.108037285107848
0.127382622748493
0.0979773756790128
0.0945433239573138
0.088464122641005
0.121831891541422
0.157224870015774
0.0855838735945049
0.244197683524516
0.200883378933565
0.0843655509227802
0.108610839407889
0.0773104828355022
0.155529448025975
0.154763792758073
0.112209474093358
0.106192126229351
0.0612562227209017
0.0696483973471804
0.0632604372991978
0.0925529600369489
0.0742289560736476
0.0674807675325039
0.111000937703794
0.165444682326599
0.0676019204134786
0.136268773733352
0.0728972861733176
0.067707223512738
0.165094926051705
0.0714253981347348
0.0681632802038675
0.0660008877528007
0.160045457734576
0.086723458741146
0.0736554829629172
0.184658166194992
0.0805074873017842
0.0714391446792846
0.123372126438589
0.157585956084994
0.0851727419751908
0.105547023371775
0.129321158395292
0.119140206340704
0.177795099251551
0.0904960027246669
0.0611958764973716
0.0777549219676069
0.142661895956932
0.129319076283978
0.114234188500425
0.122653998369241
0.127515293832252
0.120098659593764
0.0939246218478505
0.113425858922709
0.0805792699862696
0.0775473151680836
0.0825968731868106
0.0754289015506556
0.0847461269020973
0.0973570331733348
0.0944063469044269
0.0763842657084775
0.113037070981275
0.0863437932074342
0.137733241557408
0.0758774131781784
0.0775135323783867
0.134297918827706
0.113436382796861
0.149198383752709
0.132857930651318
0.133905201140673
0.120530114131307
0.0882287530824155
0.0930601587706528
0.0751332164925403
0.088460966830068
0.0956686405863767
0.0867529214665107
0.173919239307379
0.092431887708785
0.127435301874562
0.113472100832132
0.0869254014129854
0.0693720033842792
0.0746070279133921
0.125352627252687
0.0798485159297066
0.0937549281361377
0.0955822410527061
0.0701566589059577
0.126396993934223
0.104625805038517
0.119153433811742
0.141311952573333
0.10767422122518
0.0899020946234679
0.0695918772239124
0.063348266621858
0.0578279450093563
0.0588056464495603
0.0605340714778179
0.0924269341192921
0.103979694043643
0.129596942314048
0.0885022263559978
0.0868468317963531
0.0784931117304159
0.0897336658342259
0.193690001249387
0.086347460219312
0.0756962979339007
0.212561012116518
0.192682151882568
0.137295927234201
0.122394548859253
0.119852044978353
0.136648225938758
0.154993555028678
0.15333381829857
0.101164241357614
0.0943101746555719
0.104549269589075
0.0773001360078179
0.0960907880048376
0.226583959801046
0.126901666215908
0.137698805149799
0.145613249846121
0.120100696538455
0.0853779316267161
0.0834255362039161
0.0869085836545358
0.117246091262428
0.131486941326024
0.0720263407218889
0.169429933753172
0.0851704921042838
0.107458784559787
0.118740850106375
0.119716594653482
0.10741892462235
0.128765933632788
0.179107877740402
0.113689979111863
0.0879001971978788
0.0866806698374127
0.244014286265126
0.132412009310772
0.138785156096794
0.11229281967504
0.0844650862323709
0.0787587213792499
0.0804775179937759
0.112816680932894
0.132634049017463
0.0790529552754992
0.0761573530328312
0.0925791246795866
0.0863621337869886
0.0922756030283836
0.109080943236721
0.0870790899957501
0.0870257508617546
0.0876250926122247
0.0762854905775933
0.075533763308159
0.0600248979031771
0.091677372990437
0.119405081987372
0.0604389612975506
0.0873936609336528
0.0907748858042842
0.0815231368426243
0.0831510424391646
0.0822154996571888
0.130456488288714
0.126582093374243
0.0940474893681568
0.149237711454744
0.164050554156768
0.0747689031077163
0.0816432483018761
0.0657424337467514
0.126518814030634
0.0942655362706327
0.0715713314993533
0.0729286909230007
0.0715530444062532
0.0620283933016417
0.0561171054269129
0.0775173440989584
0.0864832414498181
0.0670459644498852
0.11631891998048
0.116752505214053
0.0899022159719227
0.0851702936000299
0.105838688485419
0.069975599475149
0.0803244156850914
0.0846085781017862
0.13413326825156
0.0748903499653399
0.138779699912984
0.0900323795708058
0.135793758392434
0.139726725318294
0.0804282887326539
0.108847894714369
0.148014741517423
0.0787332077595901
0.0960978475157052
0.105532861291259
0.0972678228405042
0.0886621917395259
0.0763717870660481
0.119364643499192
0.0982613773530688
0.0942584232852894
0.102588664450606
0.104512657861979
0.175421830943414
0.122498957440366
0.183314838666076
0.110402048002052
0.127304695459638
0.0860746944959381
0.123583863695966
0.0831515048597573
0.0769826584000058
0.0810285617074976
0.0930383789657997
0.105461778740858
0.0989831278742236
0.082530797817003
0.101102273682273
0.0912698947390817
0.100731052405952
0.0696911844493943
0.104630067091533
0.081551427045774
0.0846558382805218
0.0900869198435724
0.0591969218166646
0.0597450418362766
0.0531535547140313
0.0686225159519439
0.0590026662611438
0.0557816556121518
0.110625840677195
0.182905085973012
0.089107778425087
0.0718366403146224
0.103300662621121
0.116073121942296
0.077789383390827
0.0703726148265795
0.0819242402224856
0.073251831319188
0.0639613676474098
0.0955608230703918
0.0674085951842774
0.104154374377299
0.0728759863901094
0.0853202462090679
0.0846180960177485
0.0666646273256608
0.0879693152592989
0.0750107298838496
0.0611015513132419
0.0812180199211402
0.100045190299328
0.152791584370483
0.129630014283249
0.0855899750878255
0.0670294075556357
0.0645535125935017
0.0720092705963825
0.100016553387888
0.164342593492968
0.174485179204847
0.113194923524849
0.110990987415976
0.0718840342320793
0.0843430992537842
0.127467231496403
0.12748054522237
0.0904968646438682
0.0987265379811946
0.120172859196268
0.0978476539665145
0.0696260830602187
0.0723029306709623
0.0643819159933144
0.063794667532597
0.100922724848209
0.0665547314713727
0.106146821181554
0.110914647496253
0.0834618850831056
0.0910378107355162
0.096789549241675
0.100410110961815
0.135121115791162
0.0839661002819063
0.125319915114838
0.132281614256583
0.0807934846576378
0.122254279976184
0.101537021280692
0.0934365585384925
0.10311136170483
0.0596493175857383
0.0687289891818862
0.0582789504720619
0.0852834682316619
0.113566901610903
0.0790003097554035
0.0743938017915641
0.0612623525661656
0.0779601912185024
0.118266912493199
0.10424876326138
0.071081483985288
0.0898788293324905
0.0940414407279865
0.148010311501467
0.11806876864158
0.0759377668371781
0.0880977300493747
0.125938813229069
0.174291237025024
0.136821102983824
0.114538808152067
0.0824670661017865
0.148872909412314
0.176211604832166
0.201847569416059
0.141466488277946
0.148168594539464
0.178190514478422
0.124449356922009
0.106035579492667
0.0948142381370572
0.10498372483448
0.0908891363658267
0.0792480932530232
0.0784535816017002
0.0982677539805864
0.120678366459574
0.115147816803362
0.0927434552444434
0.105539712033555
0.101468691761005
0.122109257840006
0.0896628842824937
0.0775626856271079
0.168354353860674
0.124592534673285
0.105916431410315
0.104848576277253
0.146853198320774
0.108013134475125
0.200729883937413
0.101061152008115
0.0761212535139245
0.0770677169750566
0.152677361781885
0.150116085401573
0.101537115825812
0.145411555785826
0.170294810279878
0.083145810037065
0.102872006083422
0.103076898639584
0.10321557571584
0.0794736969034137
0.148204967256922
0.103230667081369
0.135127400479559
0.145455644912094
0.0812128727197547
0.0951826815553332
0.0953325808865283
0.0873050192545759
0.0634274224878008
0.0596147230067314
0.0736809473353985
0.113273086153536
0.115264418460883
0.139152341533545
0.114028335561577
0.0783972174284278
0.113371074034552
0.0904592023944096
0.0783807937604458
0.0985121651602555
0.13518401142292
0.101480545737491
0.169384374278561
0.0853709731028172
0.109690765548926
0.0777836399284499
0.100421631059057
0.107018388730992
0.149606524525857
0.0803715084092866
0.123091953236677
0.184458005775911
0.102040423045433
0.104645635458567
0.139619317032883
0.0994707978313226
0.0717117631374944
0.0998954746398633
0.0650772375881373
0.0712695482321554
0.0854432955741184
0.0827416371348177
0.143400961627375
0.0759865025446998
0.143770764421462
0.193808633672461
0.136738881840553
0.0770602748118224
0.111690106518669
0.0771415371108237
0.0806834769744513
0.077269314265802
0.0610156664343794
0.057280363293116
0.0818643349710724
0.11914139232478
0.091572117602554
0.0717859643161784
0.08424875743913
0.232715093952285
0.241539720007181
0.121692232439953
0.0912336797962443
0.0940070006433956
0.123176886058456
0.116170162567836
0.0666307497430786
0.10639299118115
0.129716184683731
0.127645586246269
0.10016827738643
0.0782064022478331
0.093100692887265
0.0954684135833587
0.101865736189242
0.0575438423058422
0.0843358944353753
0.16450061625888
0.118870592720413
0.139008769934598
0.102245275108159
0.103195051291328
0.124544220112467
0.115455764667512
0.137049847123388
0.137644726147861
0.0946071560127747
0.130794163520783
0.075951400443051
0.0896128722378409
0.107311804074608
0.0981825079398573
0.088701806422348
0.140024637785115
0.103961873865381
0.109870225535532
0.120813436466263
0.13327534845345
0.162716018374092
0.137160424576376
0.150053046431333
0.135154300252655
0.182437587797423
0.0955866503557463
0.0715960964627357
0.0993971145555016
0.0726349861310445
0.0966139314618984
0.0883783928625626
0.0767510198478414
0.121897784896629
0.0749105701919996
0.0803647960294546
0.0840897968222403
0.114763019460112
0.110616698230253
0.135608121178263
0.120042089300136
0.0935762909274747
0.0955004018339416
0.142866130399141
0.169039049055986
0.157595896918984
0.104349073622954
0.115498109483963
0.151280363115368
0.0752536962764189
0.134909177364449
0.207370265221419
0.0728679355047941
0.112881155230998
0.150408013411223
0.136628256638464
0.0940273549298149
0.0962792456492513
0.118994464289913
0.0797932622104947
0.0824005844499
0.0884969495236051
0.104682300012979
0.13002565425082
0.0874355037192738
0.0882953284481023
0.0963486734316178
0.0911215897104121
0.0649070096591818
0.0965061722241279
0.0824706666712789
0.0792379135551846
0.0913672465691283
0.0938544830649296
0.089348191925106
0.106512480084598
0.102486240531611
0.110531348959987
0.122283359425918
0.0771260343749888
0.101965080173706
0.134642371449842
0.074345222271659
0.131394123396719
0.0797726775857614
0.0953997354942114
0.149770242774707
0.0735453533940907
0.0944838600987926
0.12896670341437
0.0967521614244011
0.117252702471186
0.131007396413328
0.10765637095648
0.121931017533715
0.0956752019826874
0.0887752785966583
0.0961584419753027
0.225548999562549
0.13340034565402
0.206941889027715
0.110684434831134
0.128382072108481
0.153987300247154
0.0896222436968611
0.105124916323122
0.0646805476736383
0.113106935642019
0.114228884937121
0.0993154695385325
0.110256345232546
0.108250570434008
0.0974391395056093
0.122945718825407
0.0849759425088896
0.0741408425831494
0.0933355723543634
0.143479495319661
0.122022603576298
0.130517352784309
0.139497951521287
0.0966031779908379
0.0806303699803071
0.0719295876408331
0.0671464219154658
0.0819927713736396
0.129038694185104
0.0928610565823707
0.0802014598026685
0.103440582735838
0.0661685203178413
0.0801255789993136
0.116743028914305
0.0784595270270675
0.0900320491897345
0.0904728804712969
0.190193536410023
0.106092892825226
0.0920857818182595
0.0576107057486162
0.0644646388010029
0.138921321027624
0.101304812193032
0.158604946600482
0.132352629496537
0.115602628467465
0.100953492390789
0.0995062651286421
0.0608708319840215
0.126901203645589
0.0808164135177912
0.0709556517971147
0.108519841190356
0.125883742265413
0.0690421512937614
0.127158612106927
0.0852417268455685
0.0960821610212299
0.104518124120027
0.0895979727921033
0.0929191033596864
0.101678438530722
0.138788391333309
0.087678191475614
0.0955975459975624
0.100232596028079
0.113800257711359
0.172269006385911
0.178234597977901
0.130609267454936
0.0970517686232864
0.111873363357821
0.0789462777442733
0.0623489238072215
0.0654593443828141
0.109861394119071
0.0762423389029777
0.0771220003951193
0.0606381150784533
0.070930239532311
0.08395201749383
0.102546434106797
0.0771906077371525
0.0671664723597415
0.0738683996345943
0.0959825380607692
0.156305654654161
0.167068080270609
0.109339549153549
0.0959811227326989
0.0911772456792953
0.103050584405888
0.081784578431802
0.0799473453124487
0.128330373582806
0.120436228973607
0.0872913822566711
0.0882048232849648
0.0828904138666074
0.0788721596597649
0.0732274796508172
0.0755574787632791
0.0844131303188768
0.0744933073803034
0.0974275224114892
0.0727504073350755
0.110773027051336
0.103782948658388
0.0827913324278126
0.100133589040812
0.0863938216829065
0.111648353943457
0.10350159995243
0.100907079077446
0.17415654491179
0.124239805781762
0.0602974715835787
0.0645026111806551
0.0836174970749939
0.0707311431261125
0.123270357271504
0.0901832876543036
0.136716495879609
0.10557240718311
0.0795555329902831
0.0828453676503363
0.0895112274162067
0.0719580079024714
0.105590884449258
0.16706988987473
0.0758310788477502
0.0999869067668894
0.0954775140085564
0.105300468461458
0.0968381003438715
0.0981199844990906
0.196222330151232
0.132997163044219
0.108942695311479
0.0705585498916096
0.0568215638089158
0.0696864062313385
0.0900015093224898
0.113910233630236
0.0848198413458708
0.139112870620146
0.084575123467093
0.1341562992034
0.123575297987907
0.0731108715192292
0.0725464757388336
0.0812043489559611
0.067918810607675
0.130879247525175
0.110072392950086
0.101681576271942
0.0622785979487749
0.0725157083455665
0.0725167148641663
0.0857058697528144
0.206122869613563
0.0940133704660404
0.088874951247239
0.105103868159748
0.124962740225547
0.113276615515416
0.109428729147283
0.134128070738114
0.157715417899369
0.0606244528489369
0.131617076521387
0.1271498574501
0.0625000905467229
0.0591895917627767
0.106864396285344
0.0942347237323727
0.0894988060228608
0.0667898640405095
0.143866286546623
0.177079693179085
0.117329115003369
0.0860302179638342
0.0706449195394577
0.078493506004431
0.0773871344252275
0.111583716356102
0.130013477750281
0.111733103175619
0.149291232537429
0.107839794542517
0.12936001613228
0.108635231759577
0.115079734269065
0.118952441684989
0.100514050566228
0.124374193095787
0.0946157255069041
0.0836062267070808
0.0763322490587176
0.188651732206674
0.164747536269432
0.223126672839847
0.106820379449781
0.0757502425414779
0.0853010907680909
0.0768875900024555
0.0784442912230983
0.116325331332826
0.0980062895455216
0.0861860750390085
0.0880852218033237
0.0911497705589851
0.101192306471363
0.118590424775846
0.0679949488670164
0.0854130922421848
0.0706630503013931
0.0702476409654173
0.0746585799690337
0.0894988572452828
0.100945466302776
0.129282620631616
0.125180352830258
0.127234903515579
0.0699798772528336
0.101191923910147
0.0785855074561072
0.132513768857786
0.156959105284788
0.0845395991126858
0.0978540254451771
0.114562994393351
0.137508161759539
0.105799442498658
0.139511297577901
0.110532864703872
0.0889853795297716
0.164317357642426
0.199050203954757
0.106685011280701
0.0947134704206014
0.151655716899308
0.12874528684523
0.0921876854182497
0.131058038379712
0.0744461361596444
0.106882124164566
0.0867164850053366
0.0932799383681177
0.11292486477065
0.122881808578565
0.093052939335802
0.0581082586476206
0.0762872525817298
0.075614176626293
0.06540548397018
0.0865219856151214
0.0809603981497944
0.0800940019034766
0.0896757184139866
0.106595059918466
0.096957151170863
0.101780949832732
0.205945020632302
0.115503424536584
0.158183305106667
0.117582238348482
0.111570302638363
0.169186088464007
0.110180754054915
0.11446520453085
0.17416106783357
0.131411498040404
0.076399590732156
0.120577307311956
0.0748344184844618
0.100271701024505
0.101656854668196
0.0723492062121976
0.126843261839024
0.141182958537935
0.0958282402162167
0.0716322040168436
0.122352567939368
0.100217707505275
0.105682530018322
0.0814865801670485
0.0821840819243933
0.0746110314070844
0.0956371284249183
0.0687654771713577
0.0942237744047702
0.0776426863390844
0.13214455403327
0.0741794334050831
0.0794402747045927
0.0848122043706312
0.0811303582246807
0.145223854231767
0.0776561058346004
0.103252045539392
0.139133092471991
0.103618683295633
0.20236605910193
0.237187007490047
0.115100061070891
0.0974214116270967
0.173711122266368
0.14361819773732
0.0941495943956489
0.0938478016756919
0.104269588533905
0.100237563746116
0.0734010064351088
0.0932594490274557
0.176478636527205
0.0726314088595461
0.0933334988299406
0.107434714199431
0.0717627208646276
0.0873062190779735
0.12214990717021
0.095363149831553
0.0793918684870346
0.0732657592762087
0.0759836328569825
0.133057759567018
0.102570833497924
0.0859769962226821
0.0722857767436872
0.115687998022586
0.125702157647559
0.11021647990698
0.115544686989202
0.145809030717745
0.134295764170858
0.131355464174423
0.21755409049281
0.0948478672164475
0.0969996577141029
0.0774279416793374
0.0858353936165281
0.106443694225309
0.0792848790233362
0.143505978008581
0.130794531447013
0.117238329068576
0.0890703773613991
0.0756429255659689
0.0830501189936981
0.0755447364704477
0.0734624239890598
0.111568126190001
0.126936385571734
0.13242071899268
0.0611812266818036
0.125715578095288
0.171742114046729
0.117760190653087
0.107573698752084
0.102519798333709
0.12283535912647
0.0943765147581933
0.113261433524433
0.152338598202266
0.169360209944605
0.152302603957985
0.114489172352057
0.115000679206262
0.142938442166706
0.138432028230455
0.110349853464102
0.0833771364637747
0.13263256570501
0.072067771268349
0.0674701115910216
0.0782681601603348
0.101051692832347
0.125973175197478
0.0845290057024566
0.144232699308127
0.0888297014611179
0.112222656359259
0.0637642573762639
0.0882193549222354
0.0697224722536807
0.120122368143863
0.160294748728733
0.173942527692454
0.131137372270938
0.0850775816800426
0.125372774556215
0.176380629281382
0.0990973653162672
0.0937492935972895
0.171113628009789
0.160597133979335
0.0969526038133535
0.0651371293262568
0.0901347470629455
0.0856759001001462
0.103726583218721
0.0919364977017246
0.0618036291751208
0.0922270146839688
0.0737934894497602
0.12880736645622
0.0769982312007373
0.0807702776471268
0.0848365620928568
0.113183525853928
0.108155807671118
0.10766493486529
0.0868843520219112
0.140432515211366
0.067788071682739
0.079428858138487
0.154496016647889
0.0893730359219751
0.140295107059388
0.120307567687293
0.125921584157109
0.190281600817789
0.0882633043040996
0.0698806121559236
0.0926284935481592
0.0861398989813853
0.0876333729558912
0.0994721750372582
0.0998043745020823
0.0893964340679994
0.113502418898913
0.095606065077451
0.0781530460000351
0.116490684124257
0.100985423646605
0.11663685698071
0.0777199052091548
0.0985233415460909
0.101811537052933
0.153149332566627
0.163539792351491
0.106031468793325
0.0960938238569682
0.126786591979137
0.144993580572083
0.107316170375339
0.0988112979993286
0.0784766911945556
0.0626617745276829
0.0779008504215745
0.155079910545361
0.174820448997296
0.122946247862569
0.151888207619955
0.158349257188383
0.111599527523832
0.0802555092216561
0.111677878517121
0.0788378717768886
0.0728638797485217
0.0812983300789665
0.0971348858562968
0.108837443713524
0.103088935637494
0.0789520062987565
0.132741897317397
0.122579018359277
0.127828881245198
0.0763011247698843
0.0607448566560584
0.101749322357904
0.133700436594853
0.121472273541901
0.156320614261623
0.184089381801618
0.0939433454116598
0.108289132230806
0.207348630551089
0.188545508830946
0.156924677394574
0.112873583410781
0.0805380159811366
0.114961294533343
0.120562066636504
0.0852315405990672
0.106024956370647
0.104930017786444
0.120532846024519
0.181618046886049
0.148567250081546
0.0954858518283799
0.082644477619354
0.0907741118002454
0.132664693829015
0.135195619480244
0.100475857383665
0.203707194156459
0.091110349380818
0.115479631281947
0.104113745180525
0.0674047199512688
0.0820440102717053
0.0873479559588667
0.0704121917418568
0.0943145533223315
0.092358318106633
0.148296886484967
0.130186338091657
0.100594311036685
0.10850574833417
0.0795257761345971
0.134174939104684
0.074968270998548
0.070687876237882
0.0765529959780014
0.111254339164898
0.0931307243975205
0.111634316215491
0.0826136225203715
0.114280310538019
0.116576815114098
0.0715096727602712
0.158021811724618
0.16291056532229
0.0892278778814707
0.113537805395914
0.0751783460759827
0.0726973547489044
0.149871832797986
0.117383871577909
0.0911549861577643
0.106927713674071
0.0730489925622485
0.0847699336092951
0.0999893906212301
0.0736670922314969
0.0709657389302231
0.0568683028016009
0.0606426618175889
0.136514445740049
0.0774329123135812
0.0900214693291202
0.0834409184721445
0.0675881060936453
0.107034921564685
0.0642783809689277
0.106960281865895
0.0821883365782611
0.105618505115148
0.0682080129851524
0.0789777916829991
0.121693606918645
0.116381202433952
0.0649720313206924
0.061085074548918
0.0954108302238619
0.069973880637334
0.071108330207285
0.0765371398038919
0.110981761847302
0.0858600243164808
0.0694026487346506
0.0827202173269243
0.0928060952484836
0.172306517181914
0.111447699349364
0.104737464072594
0.0687242396940375
0.080904135854993
0.0935937785374179
0.105490932281558
0.210214157079794
0.131365497171549
0.22427936543396
0.151461170419485
0.132592943017904
0.0841031768380836
0.0669757412668221
0.0705030000468176
0.0713365690609621
0.0907082199207151
0.101643051900035
0.0787484870842914
0.12484224271654
0.181999910364326
0.153214085336876
0.101268729489479
0.0698289392621619
0.133923044886731
0.124268327229306
0.159701592983435
0.0990479502779894
0.124472685633854
0.0850553066099997
0.113915581820371
0.112432495526227
0.141556739957687
0.0854533736141538
0.131701885205774
0.148177583911688
0.0817846281368254
0.129275710627454
0.125423413682368
0.105706563290952
0.127884208218684
0.0616454822470038
0.0931725765326292
0.104224376833763
0.0708692100261767
0.070204771127796
0.172662242510227
0.127449353635464
0.105601959946737
0.106575160029047
0.0746013242886617
0.0797579974574405
0.0960789199252367
0.0867942952708212
0.156619025255624
0.123658166122109
0.0936722588959361
0.103448849249754
0.136676954780597
0.156276604468656
0.128781758063836
0.0880848075656318
0.142350899655264
0.0892070827208328
0.0892146388915811
0.105148530077415
0.108864546173627
0.111201611226994
0.181129252042921
0.16629749125605
0.16474051609894
0.140660173407033
0.17802032133017
0.144004087020206
0.144672928151391
0.101729081337263
0.186825552755082
0.135369075290337
0.196673099583016
0.139628053125914
0.076463074378825
0.075996534317258
0.0659580728359178
0.0922004542636514
0.133798733405031
0.16919363023715
0.161006774725754
0.139316510033016
0.0898367853552991
0.0896628895537792
0.0679886346733515
0.147577923384915
0.112546106851318
0.0953503146930852
0.0981463173555916
0.099624570790785
0.156122442213172
0.14156220981184
0.139886772970519
0.139225938830649
0.114520554229633
0.123271029761679
0.115526676820427
0.0794295836932254
0.203531859044835
0.0870823936787053
0.0808747144176774
0.112963348886051
0.202516931666186
0.257859659096106
0.133338067028018
0.0942124002405352
0.0623352009443827
0.0671624678477672
0.0852993183251331
0.0849050382168854
0.130096471272304
0.102814103601243
0.0679652427393417
0.0607035527541504
0.0568546005893079
0.11090098608295
0.105242998502763
0.0912877145710936
0.133539921506731
0.100387765221759
0.105187599332207
0.070946507838266
0.0843020079338567
0.0682886075087773
0.144787748113407
0.0750746955740836
0.103192225779008
0.126519225003587
0.0999151654089496
0.0898048714143121
0.0687425439335241
0.0845279657227001
0.0799159013335388
0.113777701805191
0.147081358137306
0.0864314421055322
0.0820529675345561
0.0749846826555186
0.0988624029055488
0.148393229523747
0.151120653153071
0.0681212734649451
0.108267751449793
0.137155212691848
0.09017002999042
0.127254054219583
0.165545624942472
0.183081455801135
0.239283792015456
0.172452347188753
0.213034198424482
0.12354399496917
0.112936393061304
0.138073069668893
0.0687708912132709
0.078245710982437
0.0783143941633721
0.0952845721496814
0.104509110451748
0.132429801244042
0.136737748108352
0.0920576704929317
0.126186286451692
0.140869478561395
0.0974936945121275
0.0954584267588559
0.118206095004295
0.0924567974127451
0.108976780817836
0.0733330277360099
0.090742973126837
0.0889267447113394
0.109329800066379
0.14605222207462
0.0953558384908537
0.228239885451028
0.095685640316399
0.0880938176576414
0.143642703287382
0.120726553137504
0.116877884585379
0.112653736094635
0.153964643789033
0.0796134428303786
0.16928740958166
0.139103388823476
0.162385512980161
0.122179417595857
0.0977025614755848
0.0937373581057489
0.0628085210430501
0.115737640832096
0.105883333569994
0.0804414638525198
0.12953262232133
0.150447529623863
0.0816277074132928
0.101205944036276
0.109624683539132
0.128986840983044
0.0747026333381837
0.0627055208069932
0.0756054351617756
0.0970283321066854
0.0816544950053896
0.0801253823217192
0.119004814323282
0.103788860764625
0.100281263935264
0.127192394479366
0.0852379985645562
0.0782322066957009
0.138977991471881
0.0904152565532226
0.11408789844394
0.142861171822225
0.111836466898758
0.0891859002850658
0.106820843781677
0.179163425874923
0.103191573482262
0.122646710515686
0.133928444827713
0.0927758269246065
0.117333866869557
0.147936294834556
0.096962208175347
0.0886335600178211
0.133850829163035
0.176512649574152
0.12321275512019
0.111440262728667
0.0763948518495872
0.0786494585048744
0.128920147536216
0.13001791488385
0.194161037467895
0.113135134202683
0.129674564197799
0.0998844726263582
0.0631169972858837
0.0582265844860433
0.0914446631008239
0.0788768029691059
0.0977983776522992
0.0852962728934795
0.078152017383552
0.0921343228292855
0.121356841474965
0.110111207895191
0.161964867182926
0.180998694439503
0.213302522002749
0.107109540833891
0.1604693973658
0.181797442285335
0.079260096162387
