0.17
0.171949576860616
0.135468882133616
0.169867571290894
0.0964179365648608
0.102980132476713
0.0929047155777606
0.111788751736619
0.119410889702684
0.107554691765625
0.084444223545728
0.0920682349902294
0.0847315350708654
0.0962975653981949
0.0860193553380421
0.083010765343909
0.0914975408743846
0.0866966501044515
0.0996165432725302
0.10469617676464
0.0994058350098293
0.09154248893388
0.0941832320140887
0.0796424135530888
0.0756854815424384
0.0791884797959725
0.0931632948179962
0.0934210537697119
0.069982979750543
0.0730092646866263
0.0761333622518727
0.0759366991614782
0.0684775208887007
0.0917867575354187
0.100399167093703
0.115018872344456
0.0668980203734976
0.0998898768459044
0.120341904370739
0.0863281116192839
0.0765521005989334
0.114120609555253
0.0945153344149033
0.106131261738638
0.078892987771012
0.0768137167340524
0.0924427712184777
0.0861395485374326
0.0854292873654945
0.0977612224380428
0.106969342022551
0.0948226507318174
0.0766468109483968
0.0826279392233514
0.0924508674085235
0.111183407581124
0.0941869824388735
0.0794391067362196
0.0777246455930275
0.0836452949285945
0.101445845794781
0.0822910756011256
0.0955862009076545
0.104521567042643
0.0823398761617386
0.101296826922013
0.0757702768407385
0.0829834949278852
0.0823986066165295
0.105168602730503
0.0840830893270289
0.102404187149951
0.0932119075642711
0.0798169543358791
0.0911688558566428
0.114047974812658
0.104042945461984
0.0875869183744276
0.0845505356825153
0.0898296282723326
0.0890583868660515
0.10229223517405
0.0942493154192477
0.0946892128084595
0.0764420739426611
0.100134465906866
0.0981454019427964
0.0736858680390004
0.0684326867097868
0.0971836792174381
0.0978107769698491
0.100486407663806
0.086406546928575
0.106109104155528
0.0985304437841185
0.105020794072086
0.102748812679953
0.0938428997655112
0.071271390999503
0.0779613694135214
0.0752468802254383
0.0777726384095312
0.0762249754071096
0.106683067368468
0.0767257224298814
0.0733824737770087
0.107533726424743
0.112222265953831
0.126234527557631
0.0820615835597462
0.0625489067983577
0.106963309888304
0.0697608807181981
0.102634187068206
0.0852577555104917
0.0912444792067212
0.072585587102967
0.0641867346506366
0.0876741654277137
0.104298017917584
0.120164944385429
0.0849408518304942
0.102389993038588
0.091641555694399
0.0949856244776795
0.113240358137509
0.0815760409481393
0.0930871369278893
0.0879233177162306
0.0935788345586809
0.0709355535261166
0.0732116995127369
0.0832628182179692
0.108967956870654
0.115270435431979
0.0998788302777261
0.109255427332304
0.0742842267637043
0.100649980790587
0.112750803807811
0.100768259989323
0.124819287432457
0.104152456551282
0.065587887105828
0.102262669244905
0.0814390621294455
0.104042257710921
0.075149366088893
0.112453525139422
0.0974889929010486
0.0957062151767377
0.0614860939747467
0.0910724357570053
0.0861565735695062
0.0946964780321946
0.106542638484245
0.102064684605269
0.0834641282039467
0.0868882799124442
0.0938715822438398
0.106243738191556
0.12917094298723
0.0999818488463962
0.111837581931422
0.103367504094679
0.0729852389799415
0.0797844846030588
0.0818680724766853
0.0949891607919822
0.0792632746379288
0.0761660278537208
0.0838316137918365
0.0879819033572015
0.0842040377229042
0.081709800530546
0.0708324822232242
0.118355947185788
0.087089693011286
0.0879066905529404
0.0813619922808509
0.0779804294153512
0.095337429204079
0.107799455332434
0.096404118908246
0.0806165172805382
0.117911290508252
0.105015022516306
0.0769022943454073
0.0628870585358121
0.0735628375720858
0.0977660018756142
0.136184994864291
0.126017877900689
0.0905646961080263
0.0707551585849094
0.108896567030962
0.0828572734698876
0.0750244497965839
0.0903981663754697
0.0818968252540696
0.0732838150334856
0.094573483764734
0.0842991223970298
0.0913505257360625
0.0961432159604474
0.102437114811435
0.119115380959482
0.110292336268524
0.0925715147585728
0.0827096535837562
0.0826070171990448
0.102014652272354
0.0747844554353843
0.0759434384709992
0.0888223070279442
0.0826377223520088
0.0679610281479377
0.0660055875800571
0.0664836108488287
0.0952458204262925
0.0980339017387159
0.090142563298818
0.121007183758005
0.104164853276661
0.0784123861339493
0.102497750692365
0.0915860126310699
0.10658913956364
0.0854218932000305
0.0947240870365885
0.096363650067603
0.105957445815883
0.116200697801523
0.0901113828716925
0.09115668906545
0.0832031134525503
0.077952544152897
0.0980577812096139
0.0765428320121835
0.0859685838911506
0.106884356003494
0.0842640242470114
0.111632255763286
0.076236993970021
0.0859015354793746
0.087262542686827
0.0757343271201544
0.0776507688554285
0.108836880919043
0.103183125844155
0.0967557761777449
0.116814955575577
0.083862349957939
0.0709113384354067
0.0846018583982627
0.107641600642002
0.106447188780137
0.0937993905521583
0.0957451748740263
0.104626469327972
0.10200946632039
0.0767538175812284
0.0869304117769428
0.12060016638775
0.121068467477821
0.101905583210808
0.0980792959470534
0.0936973976046543
0.112107363893512
0.0776977120924279
0.0786007811565267
0.110367620754094
0.08622401016412
0.114749331161945
0.119982896422823
0.0894765458907338
0.0699738703713783
0.10414622108264
0.092053957294359
0.108826324399269
0.0974544027741461
0.0733025256107673
0.0739984450257675
0.117964745896245
0.0883854645366858
0.0855081233532316
0.0996066328357201
0.0893675198299398
0.0820378934570243
0.0866717986267534
0.0984656033688064
0.0888692092893654
0.106057246881731
0.110762543252506
0.0998594106045211
0.0852952993661939
0.0809578458388965
0.0797386173759592
0.121029975372992
0.0774024936861142
0.090665927863581
0.0919340772039508
0.0863605214843513
0.103030281664834
0.0732634585541887
0.114235119723719
0.0986405330034444
0.0974916765005935
0.0891654370039124
0.116147194877046
0.0978728766707448
0.0825070074101555
0.0882107230547931
0.0733802041680241
0.102024201095196
0.102367753345501
0.0794316599756259
0.0931960960205383
0.0762215159691162
0.0690730574843977
0.106027275420056
0.0802293937673987
0.0999252637604429
0.0832306727362491
0.112058446368297
0.110682444740341
0.06348626061994
0.0977266372086217
0.106222266643803
0.106929717461083
0.0918592711970143
0.0995103585177912
0.08857675189383
0.0882266988116473
0.0702087826865002
0.0854862422189766
0.0872798593890812
0.0827205693951911
0.104461950918495
0.0847709646876625
0.101133257202429
0.0843491992007234
0.0956014093023434
0.0850344912958726
0.116768601055132
0.074981044283783
0.0890845913204485
0.0938015310605345
0.0879083978766842
0.103609032357637
0.0855733415664882
0.107460008605159
0.104369582271774
0.0760623836475411
0.0888764913958707
0.111715129203735
0.0953569572965105
0.0903091659311141
0.097172695564466
0.0865730380824809
0.0855486934482724
0.0878476858169999
0.106893373530071
0.0930920318408668
0.0928993367393798
0.100751766434188
0.068053237923619
0.0897483627772733
0.103703684353226
0.109847633807038
0.0906036269476233
0.0866029551979828
0.0681799558439941
0.0759900842500721
0.0820427635186176
0.0793021744636468
0.0922670767827892
0.103743472024505
0.0921611478960764
0.0877886601518156
0.104213183897971
0.0986187505473167
0.108286430092863
0.0700792219671144
0.110159821498591
0.123910158651755
0.120020525716176
0.104718836034621
0.0746194993467635
0.0926072340998753
0.0997229703836355
0.112622417689151
0.119090893430046
0.095729091205412
0.0811708816613278
0.0912189346859767
0.10322074684308
0.0905843309565595
0.0748892483934621
0.103448685049063
0.089867571246737
0.147190856853371
0.0758461424560601
0.079564404573542
0.094464006214099
0.0751622044124579
0.0846844635310604
0.0893324388590958
0.076511414198836
0.09735943533194
0.0700616459495406
0.0829481630507643
0.0968213120457975
0.0985098683107992
0.084823887971323
0.0968711016790981
0.0983967389203626
0.0788527434453934
0.0697233646999823
0.104201003977677
0.0962597309229607
0.0806162180676622
0.110191350282125
0.0691939560150222
0.0668602180758261
0.0948219867231081
0.0929282955188847
0.10411382436214
0.0683268376114224
0.0960136304663497
0.0940462264953707
0.0896699088964281
0.10219915476676
0.0724074789404594
0.0700463887228887
0.145652012008812
0.0912469535618461
0.0986350997661359
0.0991278563146645
0.10060852793373
0.0848697214682542
0.0962507037603547
0.0874889443893359
0.097060867930316
0.0817110094202921
0.1029706720684
0.110532494715778
0.0892883765473725
0.0921875406235208
0.0977942849386783
0.0812088256656831
0.085041093561537
0.0674933088493086
0.0622269419369473
0.10219028886716
0.101261004568789
0.0686595603730933
0.091588412549002
0.122630318654041
0.0875858336233752
0.0762908216079083
0.10394768217197
0.100610558461064
0.0733525540140535
0.0707114004152941
0.058546764126678
0.10466069491211
0.0728172957909702
0.0920794316096922
0.0808293304385606
0.0716137594905737
0.0824028791799804
0.0951800147448068
0.0882755605166934
0.0916369873740277
0.0662819735121053
0.075825770348294
0.0942379448898662
0.105318611820473
0.0934699241912285
0.0889718008700029
0.0919275272724468
0.0924593294876591
0.0778463418950082
0.103014852951918
0.078558600711309
0.083547585838916
0.0730196258678525
0.0972402667896952
0.0970440861384266
0.0777063940964391
0.079283992682732
0.0791223715288149
0.105041805982285
0.100372907668503
0.088071290845941
0.0967365304112115
0.0844081219902598
0.102767501439643
0.0871047620379861
0.0804777991833532
0.0879818154163284
0.0996239413041775
0.10578018043784
0.118346439133817
0.0954287419172513
0.11989482782917
0.103559976131445
0.106697976285627
0.105100430009465
0.104772031587459
0.0853258523844933
0.0835944478027405
0.09448780759098
0.095525510044541
0.101835318790133
0.116368639782614
0.0990780175782267
0.0960948646270247
0.0958574448108637
0.14286694508177
0.10281183734655
0.0841198751056906
0.125236009550255
0.12033230054188
0.107243502700264
0.102377810423794
0.101243789727758
0.0907030161027776
0.0995526610738071
0.082330140705442
0.0739630813603713
0.0838689390591409
0.0736897096631038
0.0900824433899236
0.0791823290056738
0.0814809189573716
0.0909717570694532
0.103694927382277
0.0860520276056966
0.100145667642052
0.0868663390328935
0.104104674427971
0.083651853406149
0.0850525786008496
0.0657285770945027
0.103416428309914
0.112249544230575
0.0736381845074767
0.0960037962617866
0.0775661987321147
0.102693330177515
0.100375435967909
0.0833331210029643
0.113917461002565
0.0986858567326349
0.0866567333371488
0.083885300844848
0.106773244486591
0.12258112671057
0.0983826499640213
0.0855125056517314
0.117965246499588
0.0976437031313036
0.077339714353622
0.0957882474804617
0.113334251202296
0.0945752216068212
0.0820697888166543
0.097896192445295
0.0913162722098293
0.109092420605894
0.091280149203745
0.0714184790222554
0.0743230984362353
0.056949662741875
0.0889523602927393
0.0875438069663609
0.0918790140276265
0.0830243285649004
0.112433297356517
0.137377511167177
0.0809764670071698
0.116088768331612
0.0997516061887412
0.0954254712577875
0.0730193960615907
0.0709370025428541
0.0780239168900645
0.101128273737106
0.061867991387005
0.0620111344466881
0.0721146245274982
0.089917561053123
0.0809846897381248
0.080783069352129
0.0758857084366446
0.108922490395568
0.0962497223364357
0.105882440204503
0.081021205194778
0.0794575188754511
0.0930279161497261
0.0888794243410459
0.0940504549386828
0.107541865452545
0.0953384991366779
0.0990336448976119
0.0727757133370572
0.0854717070177416
0.0888511663286306
0.0947301493859324
0.0868215436454914
0.0845195097735128
0.126389744946273
0.0979797424846196
0.0921370764210715
0.0930787576090602
0.109953993533459
0.0973004180039638
0.109444146681729
0.0908855173905989
0.0831595925193528
0.0747026365495153
0.0855913054738424
0.117094083289873
0.116956629664222
0.0613660541187757
0.0909034250407326
0.0831294239216248
0.0846166239242483
0.0741897778314559
0.090211651778848
0.0795337190191334
0.0880539969082043
0.0694482695342175
0.0737219820875504
0.0941172559610511
0.0980329406380337
0.0917548499461031
0.089687829631232
0.0776390046226158
0.0993327259617727
0.0823598667936697
0.0900186875336944
0.0759299452176921
0.0748919828652744
0.0987327405362467
0.0725036371842548
0.122737103749017
0.101504032465033
0.0826367437749483
0.086914368288932
0.101618349072956
0.0673300415493827
0.086130114932348
0.0781732236397206
0.0919366701971509
0.0935331316675808
0.0897449247300999
0.102606482673052
0.0845783102067037
0.115228206730071
0.0915648727123864
0.0928154528784243
0.102811453760736
0.0882242304269552
0.075724839920121
0.0838825684997273
0.0812572576218519
0.0673042473666358
0.123227201033226
0.0897895854502384
0.102265503342384
0.0888494440843053
0.0764466657818797
0.0720141146855153
0.0773467906985396
0.108362765923951
0.0986920181631558
0.0794252548732531
0.108711579970959
0.110650787832385
0.0841275404620073
0.0789820450173306
0.0669034383053422
0.0921416507700549
0.0742505921342176
0.0681388279111853
0.108369088071013
0.0846455141012293
0.0603684853805879
0.0871072979691131
0.082698511778942
0.0950239677357626
0.0943512534784005
0.0721261173504083
0.0810961436454428
0.0929264939198828
0.0755560942778933
0.0797098708549384
0.1003936770251
0.0881582565815852
0.0835325839493629
0.0763948365656197
0.0948845763956931
0.105876894887832
0.0916319678399379
0.0872379851613019
0.120653187367015
0.0754265268005394
0.0856932879187324
0.0808280128520888
0.120177711783304
0.0954504499055713
0.121397829670226
0.0765032330613041
0.0748216824344388
0.107341577636887
0.0763238544788203
0.138803600183398
0.0854526904788311
0.0737152438144533
0.0591472956237484
0.0788738131607807
0.0967885962446901
0.0819048191466343
0.0736581610897501
0.0883007914392986
0.122044120361335
0.1117887657372
0.103493232227366
0.0767503030331772
0.0846158266904606
0.102412529966606
0.0962661026612367
0.118176230569978
0.0975091867089696
0.0807396554323871
0.0895263316105993
0.0908678726922392
0.0772474319827115
0.0975032331993848
0.0879956360541457
0.0906680104997412
0.0974690904145084
0.0888693162837916
0.0775487078592483
0.0929431046380187
0.0707013204079831
0.0884825833496973
0.106341572854371
0.0642222131190937
0.0623581162348748
0.0841114955858819
0.0877944667854253
0.0811402895756486
0.100896870584493
0.0976117510633295
0.0750199833987412
0.0827339356735009
0.0788349428344126
0.0901567054189337
0.0928124265634059
0.0866586179121737
0.0914068642742589
0.0706818935406003
0.098820979847461
0.131526015986218
0.110046781439159
0.107195355181169
0.0965497032446586
0.0739256447133272
0.0555907353490203
0.0770072466274679
0.101628237431067
0.0811347239534733
0.0963936041292507
0.0899518089890066
0.09148413299362
0.0864727536408018
0.0966370536503557
0.100495084465626
0.112442435351382
0.111853214177751
0.0924154500519929
0.0891765683358069
0.113851330660101
0.0958470344145787
0.0796439016514508
0.0903087873274279
0.105566334398782
0.0977586631210966
0.0805795638771578
0.0889013123975024
0.0827905576916911
0.0968097660323042
0.0975070127776812
0.0844420725296002
0.0720982694662936
0.0871409609667156
0.111105304093532
0.0894414659751817
0.107637152970496
0.0871760482680834
0.0908264752893492
0.0916349245262506
0.103340201514344
0.0958535285355216
0.110214373464508
0.0889112732518703
0.0941260708675119
0.0894643673518936
0.0715827262046029
0.0727236960783692
0.0903203526192864
0.0656338509497185
0.0883060324526715
0.0748354357900769
0.103137978256927
0.10064676065443
0.0840202593122723
0.0760278374518104
0.0903198724317948
0.0882616962710084
0.105480322560013
0.0938188491777708
0.12581793386015
0.0919759469103434
0.0855155256615378
0.0880107746219524
0.0948320040584641
0.0903231583539343
0.101520521601298
0.0965445320604602
0.0865331122033167
0.104357029317128
0.0833474420638961
0.102400532597351
0.131568854147044
0.0720730801451883
0.0983162305444582
0.0894438663005238
0.0921202736924405
0.0905446319333351
0.102329171308406
0.0939535232052186
0.0991603394347807
0.0897156745874358
0.108058421223261
0.0813423527219606
0.0840149788176648
0.116990542971732
0.0786403216190303
0.126889227786591
0.104937179618917
0.0877031637955401
0.0685863246291826
0.100810901792354
0.0985209958151172
0.0912973263256965
0.0934109721829237
0.100776980592415
0.0982512140994981
0.0785525310477397
0.08769786290766
0.111719202551474
0.0971586183524788
0.110053703073164
0.0902932128301151
0.119434606171474
0.0776168112885723
0.125999188075417
0.0945573866618123
0.0846803806377868
0.101924768425313
0.088667252176808
0.104668387318125
0.0648717199163837
0.104511230153198
0.0735880968508049
0.126783032903601
0.0893900381622465
0.0861645335822543
0.08615500007778
0.104281747781876
0.0996825613111851
0.116116012106451
0.0859755843562265
0.104677637360604
0.116857170867773
0.102008968496259
0.0969462601311087
0.115502751793967
0.0867881500708446
0.0847491125724953
0.0926064973940028
0.0847203945674453
0.0903820475141503
0.0943594297479911
0.0985822421858014
0.104021461177658
0.10657033536304
0.129064643799127
0.0764294044263547
0.0903133368732899
0.0792246027124901
0.113855052389754
0.0821608201007422
0.0674093963637686
0.100432917907837
0.0834738746499029
0.114187076413099
0.0791574082681228
0.113890031891204
0.07456964010663
0.0990458453915747
0.090748541643565
0.107712929907514
0.0716927966225597
0.0857852305921352
0.0965587675355064
0.0999029734799239
0.0819390912076043
0.0868209788556754
0.106704212966114
0.0999898230058638
0.104258715928775
0.0645897123244623
0.0804430008524511
0.0798071633565104
0.0841180633166207
0.082213645681807
0.0667118428117687
0.0602722043819739
0.0607008775890851
0.0575871162927822
0.0599288213004369
0.0705348464756707
0.0830600562497574
0.0715025502027432
0.0915536522957651
0.105800324432954
0.0845388680510965
0.0765087306538201
0.082503635604118
0.0708211839217619
0.111740260860625
0.0878090756765436
0.103151996181018
0.0757326697105359
0.0917049036754511
0.0758606809295765
0.0933828392145669
0.0903079533393007
0.10569297788253
0.0821627618841687
0.101140519100566
0.0905074362135466
0.105270240376784
0.0722448810020856
0.0965070153180913
0.0772645294388044
0.0995030367192049
0.107523667759232
0.0932765958379227
0.093708620379186
0.120529336466666
0.132027402213271
0.106213902445545
0.104391694330699
0.0983226740051887
0.0771655486206011
0.116342701411971
0.0935933669695446
0.0944444253965825
0.0999118091751904
0.0889225105688016
0.104357761704558
0.0913283187256202
0.084331950959651
0.086336080330018
0.0889359891669269
0.0873388939385476
0.0893428963763176
0.115251147803362
0.0844460866600201
0.111003780601093
0.0841639969523066
0.120206552752435
0.0998677491564415
0.090558129200214
0.0848749017326082
0.0876149256538417
0.0802545032973454
0.069242409644326
0.0913866994911812
0.0816991792296678
0.0843702173660534
0.0920006908881725
0.0609683880048568
0.0721867454396082
0.0894093884130634
0.099590496809357
0.0856288741704417
0.152434217551827
0.105236198734204
0.0864750000211868
0.135420565756395
0.0936645254593315
0.0808625028263003
0.090898876533141
0.0867057178338744
0.0697937441104694
0.0702956304436128
0.0708000628321332
0.102570837219754
0.0637851354353694
0.083004031869056
0.0891082256721431
0.0864598129134392
0.0921947238651804
0.114534468406176
0.0799099998551781
0.119878064309172
0.086432303249963
0.0857397523264835
0.102293813945601
0.0960770860468105
0.0886508231820952
0.0917820580640272
0.0882110307383903
0.103093460439354
0.0817197026564427
0.0755574735921737
0.0927583373739852
0.0870031092355715
0.0780398418715718
0.0936760965250319
0.130727545644354
0.108086736502159
0.0844394628547255
0.0758945047576438
0.064461491926668
0.0867681657199926
0.0703965162010928
0.12169108053491
0.106647135186356
0.109315965448406
0.102879808631234
0.112024587972416
0.0934286926366138
0.0630166901396303
0.0840358156854082
0.0841492091808697
0.102390291174879
0.0579742145886477
0.0877113413158919
0.0921839166330251
0.105381890069382
0.0908199197635854
0.0896150280618025
0.10899796895668
0.116968843802404
0.0791559354877319
0.0851682257339149
0.0894939709762518
0.107031676955872
0.105487468830142
0.083234706380938
0.0704477720500355
0.0873359496445027
0.0774409993530238
0.108331998695928
0.0968445738261941
0.0887919367705012
0.0857862251757041
0.093340708693715
0.136490373197971
0.0776619382545863
0.0835192393306163
0.0873023786864937
0.0835009494998869
0.0910149811659086
0.117623417837454
0.128328657608968
0.0899092932169744
0.0913855878019947
0.0864117568627605
0.101100701484453
0.0963783222645175
0.0878723377073766
0.115302647083096
0.0810830570810915
0.094921905137599
0.113482952380386
0.0900664239765588
0.119896017813147
0.100037308178951
0.0913384659884395
0.0896428955021895
0.0835049538866738
0.0894734679973486
0.0821878886776272
0.0803589659145685
0.0719316441796108
0.0885721045294021
0.105784208155174
0.0922056895349386
0.0856770646134384
0.094928026701639
0.0753196539823267
0.0984817162159834
0.0854474010458202
0.106735092742355
0.109232642593823
0.129885130211653
0.129485359930024
0.0932398033337199
0.0870750307726573
0.0741171822676832
0.0756125508622681
0.0758794990303573
0.0957203706206618
0.0866397456676208
0.112516710057396
0.0866801629564541
0.136186866295499
0.0642319618699819
0.0671347486497581
0.103089738280547
0.10315645307074
0.104310242213785
0.0909707494680798
0.0905853841610014
0.0922402254497664
0.0913173590554242
0.0984176020080193
0.0743791604231975
0.0820134936021512
0.0891641322586496
0.0715521700971132
0.0748816632013042
0.0830210459533462
0.109990607702772
0.0791405306964916
0.0845911062199708
0.0882028250543854
0.0931155772443428
0.103620408965647
0.116039984820311
0.0795661518300581
0.130424425171945
0.117517464306858
0.0666556842723863
0.0855099030579062
0.090364223625431
0.11576754243905
0.0743479419462544
0.102189423091945
0.0977360985205519
0.0878601493182962
0.111118974153033
0.096173356940756
0.0903744253632341
0.0932711323040595
0.0756105866483701
0.10540015782429
0.128393061393709
0.0878127962243133
0.0977901404261549
0.0989715041502447
0.0979316906585715
0.0636742299719592
0.0732146362782841
0.0896446201240758
0.0883678429377229
0.0724418298014442
0.0954454598491491
0.103080785561926
0.0703453360622182
0.096378869982837
0.0955468832111545
0.0786047109676185
0.102072783953153
0.0746622270502217
0.0872013635962221
0.0987214224791134
0.0777548834452052
0.0837501696298617
0.0919232476113686
0.0904672943517907
0.110349533529751
0.10128157018325
0.0923543725686568
0.0801582092492064
0.0998647312010932
0.0891896255904103
0.0833528979483766
0.0925670533859476
0.0962025271412459
0.0786949642914345
0.107269252912868
0.0934128281529924
0.123910780380752
0.0935118810622072
0.083010781878908
0.0749993141892635
0.0837624825976379
0.0726685163802756
0.107560115391858
0.0761988006453734
0.0808790257644181
0.0846942516824679
0.0985185817568385
0.0905720153636973
0.0875513777703556
0.0669405805555413
0.0984215037730405
0.0689839656471222
0.0726508085749028
0.103953128337617
0.069229699451651
0.0822506792762356
0.115456105062433
0.0756379878687727
0.0942399340500384
0.0842240846465874
0.0711283801139349
0.0842756463065804
0.108192320565842
0.0793816615072923
0.108596421502017
0.0987220079252637
0.0945041103002143
0.0742357351232974
0.0981690297876946
0.101445152812395
0.0817389536359953
0.094661159150078
0.0808553155309429
0.0863644974679038
0.0907025551046151
0.108476773020992
0.0796715545272575
0.0975304939789994
0.0898824816637014
0.0932033781222835
0.0853206350612424
0.136176867148284
0.0916298287377628
0.0991351788672725
0.075169346211456
0.0880231589008903
0.0828628160453008
0.099882031350673
0.109002646530193
0.112791573283013
0.0913725023175344
0.0909716239576755
0.0900540408135769
0.105293849790996
0.0809846509264224
0.104555078647128
0.118280264109429
0.108807186554071
0.0766493714145669
0.0893315939974006
0.103149792684733
0.102765175403911
0.0823071105460427
0.119546110633689
0.0783382285066861
0.105030225346218
0.0778095186737577
0.121363262059653
0.0671348986512456
0.0789184408177817
0.0657232775733418
0.0921766588996664
0.0739364190622755
0.0786767330403449
0.0788713176118203
0.0952246115403946
0.0675143352319361
0.0754539033271184
0.0876134796571595
0.0854762425161231
0.0856666461504247
0.067779535788479
0.105805252335472
0.0796890636909045
0.0981583979871505
0.117521755588318
0.0881708712614232
0.127638361620873
0.11995814381156
0.0959369095722504
0.128369330427556
0.10656128530682
0.0711959308524058
0.118665441404894
0.101883749655263
0.0926584729270924
0.0873800417046598
0.111429281459465
0.110279227980971
0.0666402091121836
0.0793336049459857
0.0820604692690566
0.0823638252676231
0.0719737783996738
0.0931824218989831
0.0785679576551332
0.0907018300459923
0.107832553337594
0.0783859953889457
0.0915619897464833
0.0951780363732876
0.090210612448885
0.128045083626049
0.0744132531991241
0.077064374136323
0.101708863397268
0.0955112659219291
0.091396821544682
0.0859167296225791
0.117814838643114
0.0910655511443948
0.0829358442363862
0.0795096731833507
0.0925771689728109
0.0940839403453676
0.0985080949063917
0.0945479631421811
0.0970246036542265
0.0986731848549903
0.0900620182343455
0.0834568443730915
0.0893500422831577
0.095494335787636
0.0863220361894403
0.0687733518414624
0.121718577659466
0.0766439810392769
0.102017017564988
0.0790895035215099
0.0921494334850277
0.0917151257722834
0.082976494836633
0.092873356418477
0.0965588747129688
0.0926892266060088
0.099651666717394
0.0860969212114982
0.0730185829544135
0.100184570241913
0.118818976175192
0.119015083821053
0.102010866076992
0.0890938105920266
0.0690165913594856
0.0721369213802347
0.0718276086231966
0.0863767823396442
0.0795057970022141
0.0939225370342464
0.0988408254245493
0.121650152879683
0.108409368255277
0.102523752646944
0.11225182244337
0.0853675591395323
0.0779446371335116
0.132650489798012
0.122073039742322
0.104899057273951
0.0895041755518979
0.101871457511818
0.07235487961762
0.0970864027287659
0.0751569795785115
0.0885713652543266
0.0849214212761581
0.0916239798916854
0.0706465528473329
0.0956475643441318
0.0929233608058637
0.136034443371757
0.135945139697379
0.113053558188939
0.0991308668427887
0.0842437298590568
0.0890954048442807
0.113831324292072
0.0855583897145894
0.0800576579448175
0.0958447075605498
0.105227651932187
0.0997980599282089
0.138449888997677
0.0886449050299729
0.0732726652831895
0.093514076066159
0.0787950904907904
0.0909901689116884
0.090972950627203
0.108434693312493
0.0743063463906041
0.094832232139429
0.0763403382357978
0.0907597577381069
0.105987640566811
0.0761105416300865
0.0946731020035093
0.0927484433339502
0.0820210777085141
0.0838483588132369
0.0694695774990558
0.0608931732253142
0.103821392849855
0.117783655570096
0.0902883351048094
0.0930004675742593
0.107353103730558
0.0604110424981032
0.0671268645609887
0.0845878770076706
0.0824385687600666
0.092426278986693
0.125362274074941
0.115090255820644
0.126046933788038
0.109652916680859
0.0778349381397751
0.125833523886873
0.0945437839536384
0.0845771700370905
0.0732213884809342
0.0879864073638316
0.0855571470253638
0.0749550350874866
0.0859158804876866
0.14420435609618
0.0833313841850955
0.109804099891453
0.0871906129280638
0.0786278125561138
0.104283472589748
0.0861006607762189
0.0849564526631373
0.0921732868169222
0.0807150127785563
0.0978245267220947
0.0932480844450438
0.0833556814128504
0.0773255674946613
0.0840332876949175
0.0793826984516506
0.110008850082408
0.0699684485213645
0.0844211677021989
0.0816590353074285
0.0961304921005951
0.0874214119943366
0.100998305269256
0.0791958061658027
0.109154907196746
0.0754811682644283
0.0680629548178113
0.0944037894231273
0.0788150110228025
0.0797396742869598
0.0989438897074419
0.0871963076163664
0.105948342690848
0.080337865767628
0.0763116903510097
0.0670710137666398
0.105285161971278
0.0866003518686545
0.0824146061449427
0.107490007597356
0.0766711745493909
0.113599676940037
0.0909099947294036
0.0851779293615072
0.0794109794260628
0.111681463939233
0.0968906077967479
0.12364725085642
0.0941013021991743
0.121347376607773
0.100035773228489
0.0836130230268741
0.152336431279519
0.192157420242448
0.125643400110533
0.136688767981545
0.133793397747445
0.0980909616213735
0.0964881105731266
0.0702096853290488
0.0929783213106839
0.0903417468712335
0.0811135945980877
0.0822403740919044
0.093048089011625
0.107663071542128
0.0847226629706573
0.120662124666307
0.099346068615196
0.0951771382670666
0.122792591374122
0.120869841820014
0.0986375148063315
0.0740944709446245
0.0730366408150574
0.0940743766129749
0.109637848021422
0.0929603878420319
0.0926642641227966
0.11384593773655
0.122477153426527
0.0869506073226254
0.0883528242320526
0.0790982583230623
0.0823483675862418
0.0836503517357406
0.0659909722586788
0.0992192382666086
0.0896236061907512
0.0686928313388731
0.11704785265914
0.0939576387084622
0.0979084204478621
0.0822637364549577
0.0944832480040034
0.101949056209904
0.0971321075934559
0.0914555246369849
0.0826395068689504
0.0872185242743054
0.0915874916099127
0.112701090821247
0.0780850060988998
0.0832574927626606
0.0780596951905798
0.0849477304738843
0.0934890878232648
0.0898260884438243
0.095342881381521
0.0786014322119165
0.0902417156368461
0.0830145638389907
0.0753711590201128
0.0795755183007753
0.0810331426508155
0.109016570705089
0.100043704105713
0.101974097084291
0.0913790357915942
0.0853670210608955
0.120243640090417
0.0923840569905194
0.103271884490419
0.0899760157119425
0.0954781052841372
0.074562956431897
0.110699201364693
0.0684232998346293
0.0858382140451035
0.0921679254873015
0.101301714548097
0.0818673482604639
0.0801608283775267
0.0850651220506528
0.0791579742933751
0.110928476764884
0.10952885251157
0.0988305239565
0.1023861438152
0.102542885578258
0.10009350304032
0.110489390252956
0.0873577582652503
0.0891024808495525
0.0834739971423626
0.0854076288426012
0.0849348532410835
0.1216159671866
0.083146894973135
0.0788142805160754
0.0987051959286274
0.0896473761780357
0.0888174348114307
0.0671168032965023
0.0950148432464607
0.0883336337464129
0.0811703794423946
0.0942237660586427
0.10718330511384
0.0865532709910124
0.116546564499
0.0689725602355425
0.0929343495211296
0.0813280770307609
0.102910646090032
0.0866426405273541
0.0974506106044749
0.0828753650094263
0.0758702528846655
0.110988494728261
0.11904242207065
0.0902234865208528
0.0897935322049587
0.119534639545627
0.112118690057633
0.11887348440156
0.0910563739341452
0.103141725759687
0.0945888212237142
0.100837065405137
0.10734998485432
0.0959008248313809
0.0914469449385286
0.114583758471365
0.11129774791996
0.103978514306152
0.0714328322841383
0.0933413239616412
0.0846260643375065
0.0953540760787439
0.0672910064584003
0.063401440223752
0.068731995179651
0.0720333955966667
0.101888187018396
0.125486753088105
0.129026976914967
0.100646496265049
0.0882153489291338
0.104804467507831
0.12395693569784
0.104819230631068
0.108874401030757
0.0958942427768068
0.0944382147417193
0.082711535478929
0.0890609262986806
0.0822738079507063
0.0996305011704622
0.0848653235722977
0.0860726988859488
0.0839927532450892
0.0941956233355251
0.081995490944086
0.0807844055495926
0.0977643888283456
0.077460492751259
0.109999346824398
0.0818305461880454
0.0756040279321476
0.0850588667097132
0.0831906393966424
0.0895040070884937
0.0961218461053426
0.0808299933546907
0.09374283100761
0.104468721598258
0.0863086358402858
0.0925033282353997
0.0824850062224705
0.0757920615109693
0.101108160648202
0.132862410556171
0.0905480933336526
0.0852815713006999
0.0861536712857042
0.0996021858221095
0.0690869519081957
0.0821535176216302
0.0906732854700773
0.0885487568529897
0.0987713845441696
0.114725527145404
0.123540729499485
0.0873993501154616
0.105110276433389
0.0895656622576045
0.0821015653785994
0.0704913909179113
0.0762290986053981
0.0754429385094827
0.0863529029987283
0.093473018507187
0.0948924086614363
0.0840417379662539
0.0748387605752067
0.0702250980777302
0.0902906091554584
0.0798906486960811
0.059668696183601
0.0715931212979318
0.104322685040041
0.0943769124454978
0.103348108254181
0.0810752314030336
0.0662828099279324
0.0816186554619591
0.104745363371583
0.109240079158196
0.0802852379745016
0.0950202583679108
0.111620587588864
0.0650840945840862
0.0929449204965477
0.0924704191337411
0.0924072763899125
0.0704445552719192
0.0930782702746218
0.0914619424446821
0.106397194361475
0.0697011348682132
0.128497344056056
0.0980075208183328
0.0871563944831768
0.0835231587121287
0.103437392433153
0.113445648286767
0.107521990413134
0.0895966693476363
0.107163681490818
0.0949831553716313
0.104859155607553
0.0871914204769799
0.0862871917111215
0.0769024030606482
0.0776932524101688
0.0904698182729016
0.0987551168421249
0.0679133285088607
0.0830041951659202
0.0908819148079139
0.0719519710367054
0.0949665148589392
0.0669126482299997
0.0740009058751089
0.090961033233876
0.0802113706291773
0.0968667848597672
0.102823327761796
0.09420060190262
0.0931272630508
0.0861298105817883
0.101563307035521
0.0958027157774695
0.0914905231002844
0.080374061679318
0.097677954733621
0.0690592819347156
0.092219346126423
0.0816324190944282
0.0696633211348835
0.0718195369700862
0.0922010201345772
0.102815680029428
0.126536458900678
0.102482378813905
0.100352791992085
0.0844752563427623
0.0855942388063574
0.0775946148666065
0.07128303651616
0.0695525849841578
0.0914225084496903
0.0942297969190072
0.0808531274331551
0.0971294516161924
0.0803686351573842
0.089887874288087
0.0743251244096587
0.110832211857927
0.0706683985245489
0.0886185254101055
0.108035984121526
0.0846586159314136
0.0903443987540348
0.0881367645209282
0.0738514535051588
0.0709650914131553
0.0967175716846337
0.107405680831048
0.0900746496557308
0.0776962225636497
0.080756125087413
0.0652577128852064
0.0647749506062013
0.0773877053575323
0.101455457334502
0.077219721391208
0.10233798703011
0.0768684776615039
0.0883471272934847
0.0710902285310029
0.0625298818402801
0.065307729829046
0.0889409642581074
0.101610598988388
0.0818291404776531
0.0735059884897192
0.0674285473233864
0.0935069907866115
0.0823029426591635
0.0977336680855293
0.0905625920247166
0.0805090790915625
0.0825423127993219
0.0646850905485205
0.0782725768902954
0.0881125593254434
0.0906127038235984
0.094916834052454
0.090365284426316
0.0926867236118198
0.0793516376198796
0.0956168940640538
0.0961879819870984
0.109126053137496
0.0969332467604414
0.0819612651669065
0.102727272956724
0.11924764245997
0.0871148744286065
0.0958393295838388
0.0656657383079933
0.082874060035034
0.0893941899261655
0.102845816127012
0.0739478589196981
0.0688093893900711
0.0987957586075233
0.0686579096749702
0.0806287561792565
0.121233007992826
0.0940957599792813
0.0748605011313729
0.117417320904297
0.112074127844919
0.0949013887027068
0.090572026343143
0.0890821954661683
0.080281580494628
0.0938640821543617
0.0879479959030845
0.0985716769839223
0.104856116181445
0.0958455828162976
0.0880356083860245
0.0852114616708659
0.0928625394586534
0.0699705806322549
0.107364906066185
0.0900929982287196
0.0867861732677146
0.117565207135374
0.103326806286536
0.110893047683967
0.101210641865659
0.101448523742339
0.103907782296125
0.0857052089571901
0.0678464796986386
0.127376071247514
0.0965717512402827
0.0612102443535664
0.0775592970523176
0.0754307344081038
0.0889110756722236
0.0991533954409292
0.104497958107167
0.0942530958880826
0.0986671985775601
0.0853249334464565
0.0903958129264693
0.106644040896672
0.110780111284677
0.115759449699523
0.109905256771457
0.0761767588677401
0.088532772041629
0.0736894961369138
0.110856750565573
0.0768744797823243
0.0847196868579328
0.090468973303524
0.131897865825249
0.0841573363622123
0.0775293179891815
0.0949207958273382
0.0731927585533113
0.105242076177621
0.0679247912738853
0.0780454758524918
0.101629565452838
0.102809579474563
0.103269026339409
0.100629425861378
0.0827990863845311
0.0901186188861639
0.105408287591663
0.102620161566736
0.0809692700005038
0.0663959351220696
0.0836107023938922
0.0702589667711222
0.085822424075964
0.0780400645514645
0.103697385403107
0.101249606776823
0.10001533180984
0.108648389702313
0.0744798341650248
0.106646682092249
0.100807143305445
0.106136295568336
0.0906357400468585
0.103282206104109
0.106906488553298
0.0974643869321057
0.0829604152710981
0.0900953932282837
0.0952296064091981
0.100500711391463
0.0741572892448185
0.102888949812408
0.0866550587118318
0.0941124849426205
0.125306606600527
0.108731400830768
0.0935055101623496
0.0860644428905397
0.0929726638861909
0.0939598049210355
0.0889704068098482
0.0707415555134332
0.0936622901953395
0.0825286804204097
0.0822303698089807
0.0924983082199926
0.125596955951052
0.0797261862669067
0.0954353710291804
0.0825262884589016
0.0934450121057561
0.0832263055821071
0.0831258080409246
0.0975821749144865
0.0826819546134902
0.076671159294848
0.0959434741091492
0.0941764193414796
0.0718962595645481
0.0841754332767227
0.109170482338164
0.0832824622185852
0.0964039692142435
0.106740502882593
0.118287106011968
0.0953978207404266
0.0837702206414177
0.090509422333774
0.0739659921426522
0.0646631689388507
0.06558725964143
0.0951506385065262
0.0991913071690754
0.101979374605132
0.0930359001852083
0.096576974430361
0.112393097159126
0.0987869192186446
0.091932268457052
0.0924483544172493
0.108395209392408
0.0998121480881
0.125511679320525
0.0912262151623355
0.123468829552369
0.101948781633851
0.0635099211287843
0.0715567091217042
0.0911814769213597
0.0985824925216252
0.0835412010748325
0.0640116714095632
0.106232957829896
0.104837013566886
0.10403651605262
0.100699131237507
0.0867514800762872
0.0967307470380748
0.102261202927975
0.0914722712914133
0.0901549404830966
0.0639008428279132
0.0909088516642132
0.100262908646003
0.104170823614108
0.0838172377224458
0.0675569635523243
0.099501416011228
0.120974885305646
0.0978529344479519
0.092348396964785
0.0788709431262812
0.0955299634551973
0.083781580187875
0.0994606371149658
0.0723562864103585
0.0791329549451663
0.0773330843139219
0.0679839451343036
0.078015558656667
0.100593267280455
0.109316024590413
0.0790712760995544
0.0877049047848288
0.0800900416318192
0.100270201869332
0.0796341772558409
0.137498155466162
0.0792581435248752
0.131361831253177
0.120240864359666
0.0843314709018079
0.102338894496953
0.0725607477198426
0.0670402957048691
0.0775648893125794
0.0970231550363177
0.0994499440834158
0.0839282824880635
0.100873443811015
0.119521515465169
0.1170324042604
0.114448040315054
0.110384391246163
0.0883864369686628
0.0973600821313898
0.0769848678500107
0.129816311981786
0.104702677312996
0.0986479540154899
0.111851999617804
0.0993057875884348
0.0846693890263832
0.0811971453348948
0.0971260530749176
0.0887369770153071
0.10303471133659
0.0935070926798489
0.112309042332944
0.0766619270483473
0.0964598871588666
0.0952543124234544
0.115701613422363
0.0715508454594298
0.071738884287503
0.083366249185271
0.0769358819481488
0.0950956712480125
0.105994067335999
0.0789449391557027
0.105055681143659
0.109223936510274
0.113124540302356
0.0822949164233226
0.107958494884713
0.120512201900081
0.101534615643964
0.106063504032996
0.0791047829707137
0.0682660144715358
0.112711607382948
0.158015850577551
0.108767707468759
0.118942038414931
0.0788881124772391
0.0911433133552131
0.0826832094024117
0.0632045994328887
0.0716337641635565
0.0942590906758843
0.0769575604439414
0.0965570499436916
0.0812077157193733
0.0942683744061578
0.106469262907503
0.0714206062716024
0.0590312452011965
0.0806388504335887
0.0891035283382261
0.079677239773993
0.109810560705104
0.0952531431612139
0.0960298618283437
0.0953068355627386
0.0948253393378431
0.109537013753168
0.0705221897187083
0.0604976484728472
0.0804750133681093
0.0897086456533923
0.100374859978178
0.103139783880745
0.0626066380123543
0.0834524913436541
0.101736169449087
0.0767851076760136
0.138259556854931
0.0730690354667778
0.108556067519982
0.0979530502734879
0.0916509757233781
0.091148346618224
0.121559688254148
0.104845600530179
0.12057734478392
0.131573975020598
0.0899937128727598
0.0956940465882952
0.109521598844274
0.123035217936872
0.100327545759489
0.0732864065761628
0.120593898931953
0.109081636527073
0.0889885847401132
0.0780356022147517
0.087408491987087
0.0897505793271892
0.0987232264159027
0.0774765637846942
0.0722134469931634
0.0867422943400889
0.100331987226745
0.118119665214415
0.0987591150343274
0.117564121310683
0.0866122231283527
0.0836663384944719
0.11001018675775
0.108759235642586
0.0711674364932859
0.0781262478934792
0.123744092666649
0.119512938787445
0.102435021058396
0.0906159914451181
0.0787696507122032
0.109100709981424
0.0936266464075943
0.0686150252112602
0.0784632968352029
0.0775698674441216
0.110557312158309
0.0590197790272196
0.0976981467878213
0.110168523856846
0.110250320741586
0.0737254558149029
0.0788368406702034
0.105084029219287
0.0813439482140399
0.0921262484035496
0.12124727558032
0.104192981563425
0.0890115491716088
0.115029021137694
0.0633182444804293
0.0787281642663368
0.106398226421278
0.0854695626424216
0.103703761181921
0.111293245643565
0.0844191620820724
0.116449841949922
0.107054053394136
0.0762615552962842
0.0792880459567346
0.0930920173049052
0.0935827791342978
0.102536776610588
0.107708339279209
0.0731231749567292
0.0960630898972665
0.070622954694716
0.0919407365897557
0.109823924789478
0.119754848632713
0.0736202566190853
0.0880703880906964
0.0961570134153038
0.0664329916101143
0.0648817450550019
0.0765692876082369
0.0980399812333749
0.102433001878969
0.0912323665599835
0.110201678863274
0.0943561956458251
0.0993112378486546
0.0735281017378596
0.0782186645204671
0.0727178886058511
0.0799992205260875
0.0829755521007529
0.134128637356115
0.127904750792768
0.112012681887416
0.0768494681840606
0.0896132540008229
0.0725448451214677
0.10583825574921
0.0850758712920364
0.0763545771835768
0.0945846219925022
0.0770937317806635
0.106779638982948
0.0840049103116755
0.107517164439066
0.100247877534114
0.0717073597151782
0.0771688496434705
0.0749796795827641
0.073312421063519
0.0748305603554853
0.0824362205008847
0.0974528479167703
0.106255754976268
0.0808258532140678
0.0636009057248955
0.0641035734497948
0.0662613947463348
0.0884547951960637
0.100760811213856
0.109161389709022
0.126568816914298
0.0821900454942277
0.0738896342603994
0.0920839852426753
0.0917368166448409
0.0774010474075472
0.0850702061292935
0.115710689200077
0.0959075864057733
0.101068057075951
0.0988169780939481
0.0927492816105178
0.108371858600282
0.104228866856467
0.0742440087930234
0.106447453407024
0.0757303068551635
0.116266174501356
0.114490636481012
0.0829815864668196
0.109685591759718
0.115763018683713
0.107797627740149
0.0916685552121414
0.126448333605229
0.0879006072469231
0.0902606260115013
0.100012493041247
0.0778538728389477
0.0996640703489343
0.0955502709102338
0.0993786422617846
0.145377843371109
0.127224218605777
0.0967722014231898
0.142684165612363
0.0663408412394798
0.0993946843960343
0.0666365097817257
0.0724377592398161
0.112380956730959
0.111836744680487
0.0695795211114343
0.0792919440992326
0.0977485459766952
0.0956744661382941
0.108138279890753
0.0708443579440815
0.088304815242324
0.0948943832293873
0.087560682051818
0.0929464572394689
0.0718859444852928
0.0856026324257156
0.11222887680552
0.0925461456487665
0.100654332149665
0.0878656207408928
0.0762408400284857
0.0738198280675543
0.0918326295724389
0.0758993091222073
0.0712507117370764
0.114082340061525
0.140739204000518
0.0973162953210502
0.0778066154952444
0.0731925843265829
0.0869746552964053
0.0700099592973334
0.0833865768751068
0.0696734313519525
0.089957167366794
0.0741618612221512
0.0900939819289536
0.090341838487504
0.11729276638812
0.104492123997163
0.119322443846696
0.108719477327735
0.0771997075115132
0.0625859073182037
0.0771189523981501
0.0769347330726517
0.0887717713524315
0.100876846147495
0.0917971595367612
0.0915447095397056
0.106454482142474
0.0873056656293691
0.0939659177574537
0.105824949529558
0.103032811174789
0.109089267642428
0.0777245352937852
0.111146013607795
0.0894688200915456
0.0856037634552445
0.10150720678471
0.0917003224069986
0.0804550240522071
0.0900836075185622
0.0834522164325218
0.0789546978725778
0.090625851235265
0.080519228743287
0.103130566426373
0.11582394404103
0.105935487030163
0.111076123155486
0.105014488315032
0.0970149179970893
0.118202839308813
0.0975179188204938
0.0749310437562279
0.075180716440288
0.0874331307613605
0.110152206199357
0.105885956161894
0.116811127768308
0.0977525893968781
0.100259817839226
0.105548850289804
0.142781771793012
0.0633229773667515
0.0705241711812803
0.116831255874634
0.105350701944866
0.11190643877917
0.124118301364958
0.0966604592794884
0.0727587068214144
0.114711192147354
0.120163389751128
0.0611475388454359
0.123637397482856
0.127888867902988
0.0943718158414773
0.0864003178121533
0.0805024679252066
0.0703440889712953
0.083560899667406
0.126992651975077
0.0775525203866043
0.0976480044379492
0.108099620074548
0.0949345503088391
0.0824505205542332
0.0852112822238676
0.108139766249097
0.0891058152410615
0.101767322328297
0.123783937072833
0.0593697965522968
0.0751650784324747
0.0866956244504024
0.0941050952988929
0.114261894354083
0.0977623021843299
0.103882893082534
0.102049267245226
0.125602741384276
0.102885756279849
0.106089214894158
0.0936121517478049
0.0989550886744678
0.071985901428813
0.1075753904052
0.111243553804506
0.109028323992951
0.0735172090904415
0.0779253279900667
0.0846192378791774
0.0987533075130191
0.0825678111086305
0.0977910094916558
0.0910197341237354
0.0876157964846475
0.0766149809009322
0.0887073139434089
0.0818803185603601
0.098826711572736
0.10048140996637
0.105284202532897
0.0860605507205836
0.0829149644836515
0.0896933381933038
0.11316440630411
0.120232935907884
0.114587763884043
0.0991354511567061
0.131155698290507
0.0847840565740736
0.0964990096996397
0.0962843766869542
0.0892704017681936
0.0596192440375858
0.0744281458630558
0.0892452479175109
0.118103995871738
0.122870038897432
0.0965061000886115
0.104632950274848
0.087732341738322
0.112801047339337
0.103488323768201
0.0989415920774909
0.0993672459159654
0.107170371693658
0.108866193950424
0.112927394417359
0.0971664590803089
0.064255176292924
0.107823372599224
0.0898361885417884
0.0850161344467808
0.0796636428551496
0.0830673249006241
0.0754333079477311
0.0786561766456169
0.118183825459119
0.0632086466375033
0.0895795980844016
0.0821455369749678
0.077506078140094
0.0728068304493259
0.105644036952569
0.107380393335375
0.0869933932337715
0.077121103640754
0.0923616254789884
0.0825603057890266
0.0635527085181249
0.0877792468066774
0.0850809060362203
0.0934890365259212
0.0819210902424619
0.0627376529853718
0.0955771823679032
0.0954335945448014
0.0849932439133825
0.0782416489480277
0.0969870297393736
0.118441059762301
0.0867723122270399
0.0933053261991076
0.0925866167784464
0.108582328375853
0.0717387922861547
0.0835212902400464
0.0881871824082129
0.112638546771981
0.0855005760250296
0.118301333756192
0.0882628806737584
0.11347093658956
0.0820433868206482
0.106785558996369
0.0631742374177377
0.102236363536169
0.124374275092159
0.128917682608962
0.0933864570115366
0.11577026939242
0.112770107582623
0.132042222378307
0.0773770227447188
0.0622271636253957
0.0921823973220646
0.0883843545595332
0.0815348734934486
0.0889882260875679
0.0802227775321147
0.0768081915200671
0.0956299483708221
0.0897946238518347
0.101202944360295
0.0831368282059905
0.101686266430747
0.119833773998185
0.0854621502454545
0.113693443051283
0.0874702072537953
0.0966598875896722
0.0958722073731407
0.0776586109704271
0.0950455460715365
0.0790294352561458
0.0951449950945699
0.0817190572636652
0.119488084645346
0.0923259430959385
0.105301349452484
0.103685547747512
0.100602027555182
0.108207619280785
0.098562084450729
0.119305760225746
0.115765708617137
0.0841371317152499
0.0854018773638792
0.0874019657293164
0.0897342732726844
0.0889772415335156
0.10316673743865
0.108567000087804
0.0854940754509185
0.0929832025488685
0.0791607055932227
0.0717341398851635
0.081076761962168
0.0589915916416232
0.0623254949339395
0.0985658258523791
0.081646670856387
0.0753871686600718
0.0866296738204309
0.0945988503705799
0.06703251155732
0.0728303326168708
0.0589559039678666
0.0808357396575242
0.0713854726549281
0.0963911685492006
0.115318785893444
0.105073034899786
0.0806631212495825
0.0645318497517005
0.0762037552937119
0.0596688697354117
0.0593816357382212
0.0840422136799116
0.0951161271335844
0.0638609761846735
0.0818960515890607
0.10010223275229
0.0972818598591134
0.0789670945416273
0.0900722394566318
0.0849972346952471
0.106861527335137
0.100482502538606
0.100198023032556
0.101400881246848
0.0872358502502938
0.108116117573359
0.0931975777827205
0.107647925868798
0.0702377064311224
0.105057208115399
0.072468188248796
0.0867384116522889
0.0692735626266487
0.100264751275848
0.101509568274041
0.0691346456948706
0.0677576322229212
0.0974696109509575
0.101363200041907
0.116422560705462
0.118854562542646
0.120236078180472
0.090784304278011
0.112347419472257
0.064517094979717
0.0867695951563891
0.0852948988565239
0.075227949558392
0.0853447134054991
0.0873911420359887
0.115497701296238
0.122288853056155
0.0948566036149844
0.0759542081305308
0.0923771878603566
0.0819591162676637
0.0951274557920572
0.0673022759828308
0.0854721298172873
0.0952617916645572
0.111974572244196
0.113129166485869
0.0636464732795139
0.111856093200616
0.107095867929507
0.0787616914729032
0.0806912617972633
0.10780030166988
0.0902788747167651
0.0850672498664133
0.106065696407587
0.0961761859900921
0.101222857155341
0.0713947802627576
0.101973044951937
0.100407218259945
0.113835591190685
0.12078976275585
0.0918072741178356
0.106763822875887
0.121028572904683
0.0943999977819728
0.0749749985542328
0.107765468512728
0.0934266597252251
0.0866604533638592
0.12610856490727
0.0894187333705284
0.0929355159033844
0.0946751659498381
0.0750075669672074
0.090989509490505
0.105477085105146
0.0921385874098021
0.124967791750044
0.0835262155994503
0.0761275311515325
0.0825477164275185
0.0857232565521712
0.0925188546711413
0.0857283666708188
0.0845690978342805
0.0997945923589232
0.0779492123346002
0.0967146366859697
0.103023674541967
0.102419460593026
0.106835439334296
0.0868110527957378
0.0983529044667588
0.0662663367243679
0.0873950008241916
0.0834541667887818
0.0696610017474983
0.112198111514397
0.0773478186188081
0.102214781742057
0.084901885165143
0.10715823352221
0.112965638512193
0.0818292443366308
0.0898759637189588
0.0775869961153743
0.0811970000417929
0.0983578292392711
0.0853442409494997
0.0979893943913632
0.0981697785110102
0.101498354622007
0.123455194492076
0.0837474484381292
0.0992517000756876
0.1340532608856
0.0951607311868188
0.106018752971215
0.0883539796199908
0.0718094544911545
0.0774200971552488
0.128580475294822
0.0930173347107855
0.0799723457551266
0.103898410459807
0.105153018713036
0.109938201296622
0.0911878412073909
0.0720302898312945
0.124343734920409
0.104565585493119
0.117007512112615
0.0872928810507255
0.0956059420117463
0.100044394597244
0.0867690919520756
0.0968349999408255
0.101883016379224
0.092230904556517
0.0816961711276232
0.0824148046681175
0.104291278112875
0.0743353685872598
0.0856458138945193
0.105820326023295
0.115704117077345
0.124124381549696
0.0859884607663122
0.0880009225012264
0.0872396590362168
0.065864234631569
0.074493699464414
0.0857329750644098
0.0947980967387251
0.0782063998553235
0.100689709632241
0.0804394519700687
0.0769628053357995
0.0987595252414798
0.0881584268674439
0.0960442124727019
0.0847020401409278
0.0815291603102481
0.107141725670895
0.110357508227096
0.090065306419623
0.0610367060162182
0.103569623669531
0.0855696425656227
0.0807208117080137
0.113540435330996
0.0935433145617144
0.117799758133431
0.104244416371726
0.0831232258703972
0.0700247056484743
0.0750143479485399
0.0825987640552518
0.082369354835919
0.0763239809709748
0.0758610209445167
0.0881780698186381
0.0986493785466284
0.0855034252347483
0.103529925914674
0.0857104319936968
0.0854469524447806
0.113843150602816
0.0800621364967764
0.0979804418291172
0.087223020588536
0.0765861267451443
0.104442696422612
0.0786993998691932
0.0862313568784417
0.0837065478092567
0.09186256597705
0.0759240907513288
0.113044121491189
0.101503677744564
0.0882123572478011
0.105077941099706
0.121344395851699
0.0905648446691675
0.0895992318582704
0.0791389909664259
0.0926624893505043
0.0862739245866374
0.0801489781798931
0.0943489208161508
0.112835521463387
0.0922346570758893
0.0739546033054648
0.124879659073778
0.0850121344077815
0.111625292257087
0.10185353375558
0.0843481807572203
0.09491759524868
0.0822232894002075
0.0826809227133679
0.0738552701771502
0.0703322677229643
0.0798788959606122
0.0881824339726045
0.0830977286046891
0.102343085434571
0.0823252333832549
0.100787716429672
0.0969099698189622
0.0748521262086101
0.0894088410012898
0.0903978335568738
0.073287444264208
0.0742536922404669
0.0744323993058213
0.08138068215771
0.108222694789874
0.0810980607951995
0.0993116283355661
0.10776364487592
0.0906728342772369
0.0808483645242398
0.0993382528088094
0.078834233984414
0.0748874467621663
0.0930620889801148
0.0862300392542232
0.0963543123151545
0.116546832247489
0.0849859915105571
0.0859581264696676
0.128215812118448
0.0971173283087067
0.106504345131391
0.0785247962197351
0.0750276272060365
0.0827288117372393
0.0993975250826812
0.108679160032545
0.101727224100227
0.0964516082009465
0.0872971493943171
0.0848941230139598
0.0854488610386706
0.0619721249041163
0.109960567839803
0.0839283488223338
0.0806215286709742
0.0763527472894423
0.113955300615434
0.105759816857858
0.129760138973007
0.103370603929984
0.096522628130656
0.0930952372194846
0.0868026465472273
0.104966077131541
0.102900228805487
0.0980896245068425
0.0760091235448739
0.0836052102625752
0.0996326170983066
0.101464551338678
0.0684956107963075
0.0965655686961153
0.0766996329442396
0.0929253199625904
0.081093879243817
0.0962925656389351
0.09802975995806
0.088832189580809
0.090939188057891
0.0812263157518097
0.11668344713528
0.11717947340962
0.0896258550274378
0.101341280214942
0.0913763233450754
0.100233033754557
0.0966774426124939
0.0778029689698542
0.0702915553991563
0.0697362359936048
0.0835665982589846
0.0815431244587368
0.079738482634859
0.0885673559097737
0.0934910261825618
0.0911121630578224
0.0820933077991413
0.110496474758211
0.100594493669683
0.0903966958256892
0.127164968551174
0.0927599131706852
0.0759674519154029
0.104655421190967
0.0691004785166176
0.0911283547247948
0.0754844478255791
0.0964242586415328
0.0906196582670085
0.0972309103730874
0.0877866357086322
0.0934696662560075
0.0988464147533579
0.0864964408488918
0.0825636047899676
0.0991627004608661
0.0974647584173896
0.0691761295612487
0.080519424776916
0.084759390919714
0.110109058486031
0.12755189388956
0.100359342248078
0.0784309460606383
0.0952957959506142
0.0836258904747589
0.0997200264955211
0.0985664946356945
0.0916648836355
0.0985377709226305
0.112421919218879
0.0878535628919609
0.102550814434957
0.0978562229614942
0.0613279080636127
0.0781178855539184
0.0925607203299079
0.0963511888985228
0.082963930937677
0.095170483696337
0.0824548689127051
0.0720581748006798
0.0795446091705937
0.0920638176220301
0.0781856077452227
0.0882112834204297
0.112701340851924
0.0935715966998136
0.0794732145571682
0.0968869115116854
0.10243754114619
0.0923012914372223
0.116332343487057
0.112079301441361
0.112326414993899
0.111972055593171
0.0994131641372414
0.145125560332918
0.0948399660427373
0.0896950769065821
0.121627916719534
0.0807314878686264
0.0739590848354594
0.100727811076076
0.0890090895790316
0.0723431249361789
0.0692590533252649
0.0890160513952103
0.0761528617568185
0.0751352619406304
0.074790402537206
0.0885459700018709
0.0790898256172404
0.0990017451672892
0.0887433125581527
0.0643087768778291
0.0946790105406054
0.0662817887696892
0.068839619925943
0.0735322806920162
0.0988626446395448
0.0814045912025277
0.0754654140045833
0.0849481981384193
0.100502107677314
0.0966825959272091
0.10530558840133
0.111753625414623
0.103324235786265
0.107872126292378
0.0876748198685638
0.112138415906076
0.090674614887971
0.0802842489077545
0.101940981055685
0.0689096360603997
0.0882380609124128
0.10816438248037
0.0858343246781775
0.0865456970472459
0.0811564919309128
0.0931413716744157
0.104397653156875
0.10426877114243
0.084613640039507
0.118228073477479
0.0951309247211166
0.111948482076483
0.083451245196357
0.131147035066292
0.0928927260071855
0.104423048755677
0.0781742976485927
0.086896935624987
0.0845941391660349
0.0878317120613849
0.0769710140962964
0.0700909998963956
0.0668326786371776
0.0667029526301404
0.0757488493793327
0.0845107151112929
0.0677275739684134
0.0764236034246193
0.0896097828522226
0.0988622875846255
0.0634077764511917
0.0721644415455604
0.0740094083195731
0.0969003446341319
0.0958902614975517
0.0791657935858114
0.06185853498357
0.102603608103277
0.098100665313667
0.114206215082129
0.0821510912439261
0.0818419002847798
0.0558205798944882
0.0677638904878524
0.111287444559261
0.100842537385452
0.122922794060901
0.0985299431836722
0.0656653674723777
0.0710631609663295
0.0826384683474661
0.0827610745707751
0.0682392052924842
0.0733702002642911
0.10120789786282
0.0626616446637921
0.109541108615834
0.101385326470017
0.090354354096484
0.0712336644298092
0.109424425988479
0.104681156856183
0.0828729500217338
0.101792452045997
0.0896528147733837
0.0712621606523382
0.106210630479298
0.0694220640957061
0.0906834243491216
0.0735562433148073
0.102307040044108
0.0837800645896625
0.085481201616468
0.121354689047823
0.106545562162764
0.105364360100349
0.0831419029563178
0.0884233738453717
0.0964035040486524
0.0931206003749282
0.0852585576425321
0.0792019309049642
0.115450041554396
0.0678237448571742
0.0815145788923408
0.0877201926947025
0.0983358653082918
0.106196552417983
0.108787473161364
0.0791931158997886
0.07520729526518
0.100424381647125
0.0895860299403423
0.0861320364753811
0.0710454991866792
0.117021750884697
0.104853957816112
0.0790232680862801
0.118700136209192
0.0812378234615518
0.0789689711767974
0.11354654203097
0.121031882039719
0.0965380902158771
0.0774217879357332
0.0990152481659983
0.0818426262465112
0.0688838241967486
0.0840617745358822
0.0766300633500031
0.0863475286933831
0.0872057643962483
0.0982723514031695
0.127022282430522
0.0958792627199989
0.118998564723018
0.122734342800158
0.0921166023677925
0.103220522992699
0.0976507179400801
0.0920008792204261
0.0893562189782421
0.10255052015074
0.100782648093747
0.115081505514822
0.079160233843114
0.103043192712057
0.0912857523636912
0.120568861921451
0.0923515252315953
0.0969986975813902
0.0892191122916595
0.0947273474796993
0.0910043743331841
0.0846353785198605
0.10646046817075
0.0857079222515821
0.0826967618590809
0.0699321424251562
0.0760361464750633
0.0888493632432891
0.0934477755010998
0.0763754937934077
0.111449361329472
0.0829914563414329
0.105918688366646
0.101750259495703
0.10713891237396
0.0656859987138401
0.0904801765392004
0.122844211343066
0.108819015181885
0.0834687949270756
0.0878163057259403
0.0860260787044934
0.116603383700426
0.103269143104507
0.0891608802911068
0.104540929643548
0.0945581822292247
0.118025818046875
0.0909192666761668
0.10692511719644
0.102153966349104
0.0857894805893506
0.0985661661226449
0.0990751586137065
0.0971074111780969
0.0771265198792041
0.100588632004087
0.116504247979809
0.084357555115685
0.104024619313351
0.0733722797106808
0.0876244142314425
0.085001768200999
0.0878055912985521
0.10917365207915
0.088830816425015
0.103623387445318
0.112598701678191
0.0920104441809944
0.0905830081445393
0.0806891489756838
0.0783760171273958
0.0796122405411832
0.071752328197999
0.089033715331318
0.0918532175122416
0.081231781304924
0.104460507279632
0.10131317956474
0.0778064917825128
0.0694247375469486
0.107614854547332
0.0917837080285092
0.0684483828874847
0.0735800515877855
0.0740041526324898
0.124211317745233
0.0705282420642183
0.0723110423239922
0.0885389348211221
0.096627043632706
0.106243094526568
0.0988842590216681
0.0947280824009466
0.0893856425655283
0.0862369740068829
0.0957944546456616
0.0708897634142149
0.0792366690053884
0.10581363887015
0.0781500481010477
0.0784621494851705
0.0910769002358802
0.105432043229239
0.0906003478855136
0.0839879000111541
0.0980136168815839
0.123682625873903
0.0703128140611058
0.0749643890098611
0.091762273927784
0.0692317518496419
0.0701602101354864
0.077211340950824
0.0961459551977102
0.0905703529046736
0.0669511699348267
0.0855604389233188
0.110066969497915
0.105519024569394
0.120210333160315
0.0794584223411251
0.117721963988195
0.104732915508997
0.0794253843677769
0.0811269744757977
0.0872981996984888
0.0868471210254505
0.081014694871586
0.0790956112291739
0.0796964700463499
0.107967268881853
0.0713746283650062
0.0899754055096595
0.0918910621249475
0.0879677560011348
0.0780282876337719
0.0694582185794437
0.0898839490820282
0.107163177200753
0.0962666243303549
0.0995169379186432
0.0878578000153174
0.0761274112192648
0.0742143086600751
0.0833822133859508
0.0786821580281664
0.115673962163172
0.0758843726692014
0.0623286414973395
0.101675260843938
0.0725641743893361
0.0948296639678937
0.0988052622488998
0.0841535294630089
0.11315144213155
0.0777355416748362
0.0821547616198214
0.0931210494926501
0.094565160555866
0.0987356157697637
0.0873187556275445
0.0855814042942352
0.101237704933413
0.0717253149477389
0.108034223183633
0.0926801159320293
0.0731401038243694
0.0764302090909124
0.0996283602076316
0.0929114250941725
0.0665299881902675
0.10221715132521
0.0786428860944456
0.0615629355926498
0.0848815354301867
0.0812886768257342
0.0676580841173471
0.0679865183741127
0.119313455873058
0.13613768348864
0.100859608055276
0.0864412852892076
0.079353961916724
0.114922443489927
0.106523526286522
0.0614637823894955
0.0635316607811601
0.0690910914697248
0.0768748901147334
0.0766814585006874
0.101604314987923
0.0923235776916158
0.10642545966132
0.0948631787058832
0.112824259721835
0.0723419575374662
0.0916313453531425
0.0862237587190001
0.0904813516924085
0.0981004869499805
0.0862615733833939
0.113188904600927
0.091126030899461
0.101179774602
0.0768227945496952
0.0892140157937583
0.0829027046991671
0.115409414511597
0.0845974915531064
0.0964646278835583
0.0886625303317241
0.086868015629551
0.0901150232538064
0.0729891861803155
0.112166384820111
0.0822623914412747
0.10112238759902
0.102865274358016
0.0889796203525708
0.091730982511053
0.0918959443756056
0.0751386822649234
0.0916631500006595
0.0989767919759157
0.0765498303157012
0.095055703899511
0.109278671829651
0.0793540403011693
0.1030169558545
0.104842574973979
0.0960126895181961
0.0849930438591524
0.0760793270230049
0.0997007357759935
0.114729260526474
0.0818225446875424
0.1113005368242
0.087725947826824
0.0899001512769008
0.10507355208159
0.0730578421187114
0.0921653087060697
0.0807002440467616
0.0812041015917188
0.0749129907370798
0.0789704655648363
0.0950530982912553
0.0859956943712554
0.102506514339898
0.0904322885795438
0.0721311936182588
0.094043793627929
0.0954922241733132
0.0822274020404384
0.0957035777650535
0.0834486375785963
0.101694898757801
0.0902682009629108
0.13138168360657
0.091469699074468
0.100356095697222
0.0910950296138366
0.108584642018349
0.105488574967822
0.0900218047614184
0.0876990634202489
0.104749999037805
0.0983899932924861
0.0914822811677476
0.0841428932005801
0.0791423202259266
0.0970805684779413
0.109995006861129
0.0977021962522799
0.101269994887537
0.0835632096996683
0.0755554676539874
0.0825006998978189
0.096071038124363
0.0735381947250746
0.07240728375352
0.123787056525214
0.0876293696721433
0.0835331730105185
0.0786345926109163
0.0805749864066609
0.0790756727302432
0.0898993020037761
0.0830289235796469
0.108196623814485
0.103708579544858
0.0760230137631096
0.107754705028629
0.0789524341081614
0.104485755719809
0.0775012659386041
0.0742018413028222
0.081110796756704
0.0670491506778753
0.0614536097645525
0.100107356244114
0.0901193197566805
0.0996937837752583
0.0896379951015832
0.0914272063611712
0.0754126277973959
0.0881643947614078
0.0999111926454998
0.088310169915251
0.104330357269309
0.0892039751671408
0.0882783085555477
0.0834808605091377
0.103809620367948
0.0912279527788328
0.0905045952310855
0.101047419780686
0.111934032159486
0.0844807171097818
0.0961504001583911
0.0867771310011755
0.0877418396823538
0.0812909858637614
0.095970309229656
0.119570470512587
0.0803313166460652
0.0918690679260635
0.102683370229435
0.12249588830551
0.0823812220416587
0.0810675405572605
0.09294491177761
0.0872393783113768
0.0755925551117988
0.0940892849038538
0.0691393236741107
0.098885475382735
0.0896617787285821
0.0986294129260492
0.117874125545403
0.0919162342914243
0.107075132370551
0.0828249895644208
0.0621946411132806
0.097754597843126
0.113853874359758
0.101177425054097
0.0989367823459805
0.0741252350631415
0.0797513080021746
0.0978336197079384
0.0940138418185321
0.0823108269656319
0.085543891747324
0.104017329451228
0.0647474939996868
0.0971794387884954
0.0946386409736349
0.0914177499080172
0.0760417815978088
0.0809539224335624
0.110569276596371
0.0961740254594908
0.0956518381340252
0.105620862854194
0.0933393987999886
0.120963243565824
0.0740601007385
0.0757544278736446
0.097952561364009
0.0977449797440423
0.0905314954214937
0.10993520949344
0.0798419293479486
0.10185170260236
0.0921963490335311
0.103780700389027
0.10948566424677
0.0971473699306682
0.0830235019165125
0.0650496955337034
0.0689248711958819
0.106342245244448
0.084989733252867
0.122362506883319
0.0995691876086344
0.0923934655935197
0.0914940806551898
0.0961168267267754
0.0754799312174916
0.0910043924478882
0.108817470655616
0.112663786207696
0.113864211579427
0.127223821565112
0.0983288951026724
0.0787337545233135
0.118032437013788
0.096440844505376
0.0970211459853683
0.0863275346477105
0.0978368468411908
0.0958104005667882
0.0939131263586711
0.125219559286845
0.082635709988084
0.085375224470754
0.122949296288768
0.0900344739914461
0.0725553523174042
0.115123109612268
0.079448110911715
0.0824827132965994
0.0837729225642847
0.0796045235335064
0.111002312175855
0.115888776532737
0.0882129803628872
0.0827501963818924
0.0820688576631532
0.0943344633610496
0.0857678181925643
0.0978152815681781
0.105206595403989
0.0850209706252643
0.0782126521146274
0.0956356550640838
0.0869849041498962
0.0890657333035954
0.0973122662054288
0.0990731251997091
0.076076674525569
0.102897801686427
0.0895366528793165
0.0718827044978942
0.0798380355073122
0.0856219767664984
0.108716766312663
0.0711858291441292
0.10197556733351
0.108544831299891
0.115047646247893
0.0593450587691683
0.104168230233955
0.0801981174275575
0.0996862576736387
0.104805625120655
0.111518650073632
0.0740092834116582
0.101039747282849
0.0940414407487503
0.0974121214568594
0.116268361549315
0.0835732228915601
0.0702629172216666
0.0807680509843988
0.0699324283499199
0.101594769447696
0.0765022475058388
0.0871230008877931
0.0921431552467218
0.0931863782316127
0.117020414766048
0.0914764800947692
0.0731358112248464
0.0651762939809285
0.0793373188145542
0.061954639562563
0.0714829717600067
0.0906233877895447
0.0789201177070728
0.0830501640943099
0.08775440187554
0.10709623159096
0.0973149838207009
0.0836399274827247
0.0765700129556787
0.109915930148687
0.0746918755313222
0.0789177497554324
0.0796787776377105
0.115740217255777
0.0820433549721751
0.0633714322669183
0.0716637344067337
0.0813173583403412
0.0844616362022569
0.0694579181077758
0.0778268139635289
0.0666358189515066
0.0868214277003193
0.0787411551668513
0.0819403085507558
0.0817890830238356
0.0788396619005971
0.0865193274387279
0.119551143579928
0.0773345394000729
0.0813817069045854
0.102927885699083
0.110768375799639
0.0697031030077601
0.0690762393083717
0.0965238593966284
0.106326067852662
0.0755110315523735
0.0722803816085192
0.0838511926581664
0.131102291189601
0.084755862831625
0.0816205034254559
0.0938444755219839
0.113365861447334
0.0882348204146278
0.0760047788332025
0.0761397089181757
0.0712751106072837
0.0868996339901024
0.091014268412241
0.0902724995089014
0.070402948969441
0.108664010794191
0.098573651269062
0.0765435141406039
0.11594680821616
0.108356404261898
0.0775713498350747
0.127688367610038
0.100943145655288
0.0976994706217857
0.105851318670092
0.129280825299685
0.106051997731789
0.073785434217251
0.07579812199824
0.0795510738633197
0.0947447071051636
0.0758687671360497
0.0785315127006582
0.0755261354977746
0.10340267492786
0.0984291766496498
0.104330917270364
0.115948224304603
0.121151668350376
0.120376284551639
0.109219055182863
0.092083653905447
0.102116970978544
0.0751714696333667
0.122349428739545
0.0778704577100537
0.0840462005507071
0.0751629156019898
0.107271236057811
0.101242103249949
0.089795720309293
0.0861187567681743
0.0793468071229974
0.0641744059893313
0.106013712422186
0.0740562400692495
0.0786499936031562
0.0767643092437564
0.05542853250276
0.100105876428278
0.0886660791573106
0.093314175656152
0.0744897968244448
0.0887466580172093
0.074561650017816
0.0815873628544395
0.0883657415405912
0.0780485494123165
0.0874513107551488
0.101748493318434
0.0843671890499586
0.0946690799336985
0.0767484662806137
0.0886371813172701
0.0909273299935228
0.125639791526208
0.0991329803275046
0.094762339460001
0.0790531573049205
0.0944458950292217
0.0793348082885018
0.100533754533804
0.0789997347281965
0.0811522831430751
0.0958896138239303
0.0988007563982491
0.100028761136957
0.0895697922684894
0.0729116470535346
0.0881865268529035
0.0655799658435674
0.101728092567555
0.0930340098360454
0.0957573821549287
0.0949816820797184
0.0851591117573532
0.0807903796146818
0.0875464551083351
0.0940321467380405
0.0924407180912893
0.0811906862351934
0.105269552471105
0.114374689579863
0.110170956219957
0.0773781458443406
0.0950774613195965
0.0714878776873577
0.0984384085027726
0.0852634807659974
0.0946083582004228
0.0723040394825244
0.0860402219062349
0.0992742643419193
0.0722935955542812
0.0794031126241452
0.103907979684626
0.0621336058805224
0.0766011117895162
0.0945984422812085
0.0930032496028988
0.0710800581483609
0.0980452929059842
0.0846106017505204
0.0725937687360646
0.0801849678715029
0.0821669917168964
0.116217893960426
0.0919849878108089
0.0687377101835869
0.0783776054333708
0.0806045844634688
0.102535971330826
0.0865164846850881
0.0980193923867064
0.0940234638885038
0.100029918800149
0.0999019781826193
0.10090517137735
0.105921194869016
0.0975889487399911
0.0795056655106045
0.0834894322094
0.120281654464299
0.103867816221779
0.0792670618518987
0.0959981587659367
0.125361513801489
0.089304420274306
0.0877210120997382
0.108514539416339
0.100112239930183
0.0755007426091629
0.100255218887083
0.0838123257395844
0.0852874458877572
0.0877870923685519
0.10175739919453
0.125820965272843
0.0895457481584266
0.0974553984103649
0.0988212504150068
0.0874927174059214
0.0947665207457342
0.0893965957148108
0.0837588609417537
0.0882417457698584
0.100834115745928
0.0719032574488897
0.0993729570406809
0.090750631261178
0.0654953909495999
0.0621274007293215
0.0793266344865027
0.080692530434984
0.115829211953864
0.102922995240696
0.0711609235917015
0.0915879624983194
0.0980992697063786
0.0667155314526574
0.101094439212361
0.0957432368337164
0.0870782518172354
0.0886312208837756
0.108528154571086
0.086282312938077
0.100099119615801
0.0545009644518272
0.060409108712792
0.0713261722986741
0.103409700993664
0.0833775273496202
0.0665494928970362
0.102897041302053
0.0684129987000632
0.0878489231133535
0.0704307716794143
0.081593764080244
0.0910910779721685
0.0964578157129865
0.0933360734422162
0.119063128299015
0.132549910166368
0.106106114049221
0.0901679914583214
0.0937570170666594
0.09826845464823
0.112781809160995
0.0812833610071585
0.111314397235191
0.0855708746246981
0.109508556351657
0.0948068781440548
0.0816953211462974
0.0857539707204325
0.109415317754649
0.0906720581949466
0.079147171029824
0.0809227793730358
0.0936311774900023
0.0993497069210939
0.0960057973833474
0.0663053468018764
0.097290546306384
0.0682787766840984
0.10558369686131
0.0993845949254438
0.104584993662073
0.0702806035211833
0.0863848699709211
0.0736249228103348
0.100452733839632
0.0842735421620809
0.0755966773651339
0.0719249354949728
0.0669653184913887
0.0772284281065217
0.0965485879425411
0.116826834645406
0.0960514155393835
0.122661769535561
0.0943686566956661
0.0828679247164998
0.0808786614450908
0.0764417928570959
0.058901035807058
0.0755905805747513
0.0876924997643992
0.0964785193551451
0.0841172901311256
0.0870971219534835
0.0987400050882502
0.1227451587159
0.088851363839221
0.106376996661289
0.0920012722991112
0.0822594859423475
0.107264838029947
0.0900122584897504
0.105775794245463
0.131847933038947
0.115833873267351
0.116331370670243
0.0688776945355651
0.0996303862402034
0.0946436551004018
0.10608222875635
0.0998824115990378
0.106759534636809
0.100812902391698
0.0934243915270757
0.0794294941063357
0.109625300283944
0.0885350088892471
0.107022192774795
0.102643362862114
0.110850189143263
0.111192417038303
0.0984536100258797
0.116205386207462
0.123491895018897
0.110851682575951
0.134763949477063
0.132215933294321
0.0941012140163615
0.118919608884026
0.101656288951072
0.0795409831486265
0.0880220378311717
0.116998693834373
0.101353313922974
0.148933659933266
0.102182262910883
0.0826121948084959
0.109149985842146
0.114490667455526
0.126882719367967
0.09375265590786
0.0935478731956027
0.0928011343288185
0.108801483702354
0.0825471626074568
0.0943063620114435
0.0888708617227925
0.0921268519340056
0.0875471054564843
0.0796230681309444
0.0842086426383188
0.0788360431003522
0.090314398989303
0.0946477187903837
0.101756122595065
0.130500001624171
0.0731717797469648
0.12354474245895
0.0880579185521913
0.0835102504101737
0.0640733709375732
0.104137486059822
0.09338054067409
0.0896163062544173
0.10556713025192
0.0879722091882147
0.112962671638745
0.0862713166153781
0.0809103498855056
0.114535145935453
0.100740187705635
0.112818502738176
0.117156880332006
0.0902982278553227
0.0899331058045053
0.0805120753466646
0.0704614170296113
0.113545406470483
0.0817267504827646
0.0834060405599182
0.0991405498202037
0.106527755457097
0.116357290729758
0.0944498423567475
0.0839854847877999
0.0865068959802544
0.0930021093510176
0.0972687707234744
0.101583541062544
0.0811374023407418
0.078456140026759
0.0688099473358684
0.0908134523552981
0.10432191208544
0.079490561695077
0.109311884591368
0.189055505872371
0.108214173067449
0.110318577127028
0.18368539620766
0.144717384301421
0.0822052618184942
0.0802271593415247
0.0971031175539469
0.0672336418930747
0.0924465763872536
0.0858347100474297
0.0805336185304117
0.0930464608385238
0.100764836357083
0.0909208169010948
0.078340517239028
0.0830362711040667
0.0585250758519888
0.0863426067549127
0.0829334354151775
0.0985457957986212
0.093226396711779
0.0625141124746692
0.0857615031614222
0.0878661874795416
0.100517298704585
0.0903065868906223
0.0917714612107933
0.0774568429367869
0.0915245440657278
0.0835653183520249
0.095676093978131
0.10341246185556
