0.17
0.167203280816634
0.199108265099222
0.160010167659597
0.138411743972884
0.175777169017092
0.1723607324729
0.186359508248169
0.150860732084002
0.166410419807582
0.203617253064406
0.208279996751742
0.172441929865188
0.192021893874922
0.177298270942428
0.163510643990795
0.176310867559172
0.193860098443153
0.160539443619022
0.164615329866488
0.14335875203849
0.129026048104739
0.185788465898273
0.178645971636389
0.166565203625796
0.132270981254405
0.207354859507946
0.166138054439285
0.194486676288496
0.162621903331954
0.18765497297126
0.141839417809985
0.15593263633304
0.15120923854752
0.163291667438412
0.158209499187798
0.14504884465382
0.191551315453012
0.179606923059103
0.149156365334551
0.14667292368116
0.18415582538254
0.195334846413923
0.161530085623039
0.188411557845312
0.223965855090688
0.194541909696218
0.161249097839078
0.203544414984526
0.195704883348188
0.155722747195977
0.194293087377297
0.14640734824793
0.149331809611877
0.197894994788114
0.17245540632139
0.163992917341297
0.181995653456772
0.204380394728214
0.218107192977915
0.168985368367561
0.191734196678965
0.149419767208684
0.169346699784537
0.177470420033032
0.209528656528899
0.168221152131813
0.2048679573902
0.181563517090942
0.163257287231268
0.212822987977615
0.151062351766564
0.19258658050114
0.171707265506201
0.154273415732731
0.157698637709342
0.201244169394778
0.221207295623564
0.13809503267473
0.159993910792917
0.193718210741917
0.1426947753728
0.166619649695219
0.207713558387998
0.170780218372864
0.145977642504771
0.13935256770786
0.149680589086367
0.15355093511553
0.192640793577088
0.15266010260395
0.187501872830885
0.191367098395082
0.191580048284564
0.194729312071702
0.164572096524453
0.191364734683278
0.141817720831056
0.153149343074979
0.205966141463765
0.162056227706324
0.16355355501728
0.169820974798297
0.184342749532059
0.165513215874372
0.190017361002939
0.174639650164345
0.171885972353013
0.190524129060961
0.137339521619572
0.1877923555892
0.161442352046381
0.165419387158686
0.167573833499316
0.201714674453094
0.153003942294017
0.168534734603055
0.174195071068024
0.197824854319463
0.151401580302831
0.151201392822881
0.208461960172686
0.142728471105481
0.150294774768265
0.155371916106175
0.190259315225636
0.183071518553691
0.173799245224403
0.175775249624619
0.189977537758592
0.163530837382868
0.182050305501819
0.202436233705515
0.188394284473094
0.166354790089386
0.206804969934572
0.170270061855117
0.178311562071151
0.155809518056533
0.185651430924207
0.190154169186798
0.145766907494265
0.154824336557322
0.184321108339394
0.194307551612994
0.211217409405861
0.174566455057448
0.176738612290421
0.209251060615235
0.20763179424431
0.182316747942009
0.195996082168477
0.191825020705181
0.184809436309895
0.163708508038742
0.190122169032511
0.211868388684219
0.204602572448174
0.162696242334053
0.146376380028757
0.187695536367318
0.143465304033908
0.186364246801226
0.177675551933189
0.189825089990361
0.177914260643044
0.181728693188443
0.226843530343484
0.154234716487238
0.185418114010643
0.184439551750833
0.207300167565
0.139219954559887
0.180018729702947
0.144717051279866
0.187081110342558
0.187907235768871
0.183405335071303
0.170652162026834
0.188980403970836
0.15919656532661
0.159677587553189
0.182483360233809
0.131522757928327
0.225913984385243
0.186941447625612
0.153428788572821
0.169560843992641
0.22188831775134
0.227638269497517
0.20872043233912
0.189578817211717
0.219127002322952
0.189831738381048
0.139424837105614
0.16678406750169
0.154546369040696
0.148125396719182
0.149363288834375
0.234215425990651
0.161091618581231
0.150884164637949
0.166043642401608
0.168742718180779
0.172182775193842
0.172821886319256
0.16617096367621
0.214420929522172
0.179744236467311
0.15213263864566
0.223632597867422
0.192080254232036
0.213291350965019
0.188777387519556
0.19476413646255
0.188119428512068
0.148776000423331
0.111853114395933
0.132750374108426
0.233662208945596
0.180524461768671
0.165176391997575
0.186204543776337
0.167696420000432
0.172563522300225
0.203536915181406
0.183223239654883
0.208065310772858
0.200125467820268
0.140169764122019
0.196226460685994
0.160440918951797
0.179161980039667
0.22260192953876
0.169908844784939
0.200744660412744
0.215385904529564
0.175959597554207
0.174879066106555
0.154202529427529
0.15202446440395
0.196463661335048
0.216648761427023
0.182749948288489
0.191599051547987
0.160536200431605
0.197205841327016
0.182733674164767
0.168331882558076
0.186251890630613
0.208155513944995
0.153884156037444
0.171897140172032
0.135713828473771
0.173618956588848
0.20347995091138
0.203509700930877
0.163606936462427
0.179278213061981
0.180285409842013
0.194932786537634
0.200594361542216
0.165393102314228
0.22809846444165
0.200806112935566
0.183569921614557
0.178337408432098
0.179490587574824
0.154208918582903
0.190088052194052
0.184170397531679
0.159504092179012
0.175386476698322
0.205271421398685
0.202177846920875
0.172807327877535
0.175371230873565
0.19586582154572
0.162467092166626
0.216461514811293
0.207423657495915
0.194864981263714
0.155811229105047
0.174199595980229
0.209348004063805
0.166881822326626
0.205953092599741
0.170134317860349
0.178851927448134
0.185902296198059
0.175232972097611
0.162728219264373
0.185276210827145
0.192971755448284
0.153656570726219
0.168032037220675
0.192787898773238
0.20259669776577
0.172632959204089
0.163129598337833
0.201442252654097
0.172251463800298
0.20691141596208
0.206200428747974
0.200689460780355
0.204760468853997
0.249088937851015
0.192070345023103
0.199744866098157
0.195325518308297
0.182724960179079
0.175984315959457
0.179181180919651
0.169764553495047
0.155696786128561
0.156344597442527
0.20095461881038
0.165769727598904
0.162454035442384
0.206723564650073
0.211521770816255
0.169314163984467
0.152498579654147
0.199109211249567
0.182649848061489
0.158019606608778
0.173670738064614
0.213146151255986
0.203587429248708
0.158699980199305
0.177188867756794
0.198105892572663
0.191518812241975
0.160610256031296
0.154666460580089
0.18733941112821
0.143505511318457
0.182995326096176
0.211467664545521
0.214998246990137
0.147275072142254
0.189400892526561
0.13934356708035
0.214857423177177
0.22165799368507
0.176982787147471
0.214162758292461
0.183081752360496
0.204738522875031
0.186764710894417
0.175743615057684
0.171258703729324
0.175330622511948
0.188876611185641
0.16354168176639
0.170173551751804
0.192282087193739
0.173768766086549
0.218306530774279
0.179229313700035
0.145579822754518
0.175701264863584
0.185744895936998
0.157010913376101
0.182734210761731
0.199088467177867
0.16686025207949
0.160152461059451
0.17005264405537
0.199693018662895
0.158954146212798
0.156861373656214
0.223436317779332
0.183224042311422
0.201326303726209
0.204959238015144
0.140317367535084
0.17574870680242
0.178270913346913
0.167945125298745
0.175166148592255
0.189813449545552
0.179740982709698
0.190830708371808
0.199814318149465
0.176472601595869
0.189660148074899
0.171858095536455
0.172709647201504
0.205401377210028
0.253975945780847
0.172559658996636
0.170403420797294
0.158776247063727
0.17289516287553
0.172283045083427
0.196709710839216
0.20407103245633
0.166914019985861
0.152207062639383
0.214828048098584
0.139086058549304
0.210288206065112
0.205569845802623
0.134654166615362
0.150128182717742
0.150112194616365
0.161888982922488
0.223582804063938
0.193530848824363
0.187130432993666
0.143471418429296
0.192208018850569
0.191837695259996
0.17910055197545
0.201387081977351
0.145053141048125
0.185283157626797
0.168448679421366
0.1823811004569
0.139355908096442
0.162935153761266
0.167832472503581
0.195293121073472
0.184109900744907
0.199592113648561
0.148150428092176
0.188754827315341
0.184164579873763
0.157424158208186
0.195684612580397
0.192661121770888
0.197044925931903
0.158135412384868
0.176116167096205
0.169143965699078
0.185064350643945
0.199838794088331
0.152181511185353
0.141677985291673
0.126218040777814
0.140168004278339
0.182677404521827
0.172206836841376
0.196333555929781
0.189663507111778
0.157660765608994
0.149232695723319
0.163034629535475
0.187354576956662
0.144710164196717
0.157731959933861
0.178445922578991
0.151940665424069
0.140581618775551
0.164651063608525
0.16927203143914
0.177622888797527
0.186610159627042
0.199300768242727
0.220428415108018
0.166541831666929
0.212064601545605
0.18094826150404
0.196658523523265
0.180658876458892
0.160057056532059
0.212853423846202
0.17702481818273
0.174378256306723
0.205590493577491
0.202944841548926
0.256974667927635
0.206642675774086
0.166708568780221
0.167785544234239
0.171318587117088
0.17644936533589
0.195761463200188
0.196871691796359
0.167301832993764
0.149886689457767
0.152773050135979
0.207144092057356
0.172594063532104
0.177348914347783
0.170597646559929
0.178017504597263
0.175714197745763
0.153648779920267
0.183363547418345
0.198700045944143
0.162859926540741
0.163509865664771
0.190575747764535
0.207367982074231
0.206251107819748
0.208920609728935
0.192758866582697
0.181332451568434
0.210668061044039
0.157893278991386
0.173775218366436
0.201676514981422
0.217040217915714
0.174814109441602
0.213249685147566
0.186724613233911
0.156005840690046
0.164539375842592
0.156246472664807
0.158770931371652
0.173765680340138
0.192123806296172
0.18301440765224
0.164190270146466
0.194338909880475
0.198826394354607
0.171889492148942
0.128282811231679
0.169510695468719
0.126145200521275
0.177656595565447
0.186605273486577
0.174399386332566
0.18553622716696
0.157979162160279
0.178799168427409
0.157566247009331
0.158684481169941
0.180830296326446
0.192727068494433
0.18218389216254
0.168744014101133
0.182383304315534
0.191353961589394
0.188236234081336
0.157602418109282
0.162327491102103
0.169827878646691
0.189100903728686
0.208571969530619
0.183771253032207
0.19869687274818
0.201798725468617
0.140858379628148
0.159861207312536
0.144216922332267
0.174888948923204
0.150450340029279
0.220022936519771
0.192365706675498
0.151716184973448
0.187365210949757
0.184071218555336
0.164418997987656
0.200200872517455
0.167320109064582
0.187345248992871
0.176617523081417
0.198976332161111
0.213047278887251
0.212258670338581
0.19250129093431
0.170507947184569
0.170866340649512
0.183097373925632
0.190881467500677
0.153168651915432
0.168752172747451
0.174619097342244
0.205788754016965
0.184608346440408
0.144139493285796
0.203849657713651
0.134705210589986
0.160295183981786
0.204061949768684
0.186053491114222
0.171255977779067
0.202307966902271
0.186677218275758
0.152689757775778
0.162319522613632
0.165610613038543
0.200843185682247
0.169537988634165
0.222151348097891
0.173728625305752
0.175664820862855
0.183944857731478
0.161044441051241
0.138834014444558
0.167791891034759
0.152529456003284
0.190984063283154
0.189507816866195
0.159289199599685
0.175771846180048
0.157810591264051
0.206723544781613
0.173463214996235
0.176646742266678
0.227755869383421
0.185796466816665
0.199349646245788
0.155463651564667
0.15211644399563
0.163861612652366
0.176697355418
0.15752801274717
0.15306953070003
0.14687351941601
0.123667265524486
0.197727750188732
0.19980680272818
0.149065175350038
0.149164315706329
0.170498881990245
0.198418340926113
0.20652059374126
0.155555807826742
0.171417836767479
0.177065795839308
0.21032018119661
0.172559816844518
0.166354434513258
0.197783417274781
0.161506037963216
0.135477513071524
0.183202826444791
0.170170552976876
0.197639027520811
0.198675233345568
0.180106955744798
0.165184228016184
0.203279362651913
0.158239756399021
0.171848859249208
0.170032245295614
0.211538586568393
0.196064330225125
0.171035036186692
0.178215382010495
0.167723296742053
0.172204097351896
0.196006754614096
0.187002220262673
0.168538860165731
0.132523874733993
0.157160074046553
0.148371547116399
0.191050827262946
0.169492197156518
0.167846242843104
0.146576676266464
0.167255004694141
0.189354871977876
0.132805935416916
0.202876350781961
0.184871735189128
0.20251914894576
0.165122834269042
0.17381010679184
0.179390386813059
0.19529761001434
0.187062362381604
0.156458342736703
0.139024086784404
0.18659878963013
0.179356353219276
0.167437821418908
0.188479028262371
0.172038541933756
0.147689511181704
0.200788702764748
0.18580294559341
0.180015290980053
0.179813931304242
0.149934513804431
0.227969721134492
0.142359744392159
0.175048791077581
0.159635933631027
0.155748191721499
0.161667354762624
0.208450246112173
0.159162351973302
0.15282213618905
0.158501788029609
0.225848698606596
0.165717762422184
0.176916182657418
0.123369226017753
0.188135882113865
0.144564227200754
0.157970120596661
0.177898626465956
0.163546884019218
0.145891894468014
0.172072282482181
0.194905806887504
0.163990071661713
0.142337542790013
0.161535812673798
0.15449863226757
0.168717876046605
0.206439702673002
0.176377193047827
0.187356530597939
0.175390180485936
0.128299482579839
0.159707507306742
0.164174611575258
0.203378569606627
0.169157155119125
0.190567732263275
0.21096833568425
0.205079615777266
0.144906480451441
0.176137480204711
0.132512064515005
0.147667752836117
0.198997795068648
0.197731824760111
0.162428500198906
0.200650026470972
0.168556084175066
0.191121514657992
0.180691206046892
0.186206985936606
0.178783894461238
0.186527006072148
0.203087737018645
0.173598971501225
0.200236917494082
0.16027699322062
0.159937885079044
0.187225005152665
0.184945869237788
0.192568886259379
0.173738739935027
0.11934757998327
0.116809482707302
0.148802297769869
0.107726060071208
0.161042624307173
0.165197177053552
0.196630758477395
0.153999397065152
0.183628520203014
0.181520688180133
0.201671037412227
0.206166967231929
0.160068880843127
0.173957586315862
0.180654899813338
0.167915857347291
0.165882853841575
0.183259737625409
0.184577840211563
0.170177984601183
0.132664340865213
0.149989490693491
0.15524197048467
0.153278837889932
0.185130561796113
0.169472950885133
0.121138014312323
0.128150990015927
0.153902332060983
0.170150028827611
0.150646103710052
0.121150310019037
0.175195380450537
0.170286820595791
0.172077042162183
0.203105991957679
0.169196097550418
0.138952186645054
0.131701538211344
0.170428435857201
0.178878121869496
0.171362015591396
0.174672453833491
0.184387846565115
0.160757727617997
0.177471884624788
0.191633217189177
0.156112841083859
0.190584202233442
0.204954359079664
0.139276303214475
0.156958904031581
0.179145683384219
0.181883547702487
0.150427311669101
0.167539080391234
0.159526064591118
0.125224016064703
0.164280317901911
0.15605483639419
0.166891849517225
0.154255160215016
0.202806114081684
0.162156153663164
0.169739768645249
0.165256726851711
0.178133528630336
0.202255330199927
0.136847910689667
0.145119644444109
0.175161888068836
0.166955996951499
0.189295675214764
0.17501997786105
0.181778214060572
0.139053049011312
0.137923260322402
0.163558872951031
0.165562551605948
0.142704720802397
0.16619164437717
0.188666761802714
0.149314049635011
0.178221626580105
0.155512515851116
0.173783882974633
0.196965743040263
0.174157858956507
0.208779687461544
0.187182473085621
0.148731480855803
0.147402215933403
0.191905040151499
0.179765532220799
0.13688321500782
0.201159480994344
0.179971840228667
0.194795174460913
0.19068960583913
0.173164411581336
0.171880290883524
0.177671427333069
0.175495306680056
0.187876864596724
0.188388132608936
0.160853930113257
0.16995669593288
0.163759904239018
0.167486733892193
0.17125319329012
0.161207647999493
0.168510080007721
0.17934623730901
0.210683745668662
0.175672202382745
0.139072621764885
0.185159528682929
0.146540921620625
0.174564679291615
0.194534262030432
0.178865874315296
0.132539156553625
0.153536776865871
0.20414569841273
0.186645658248263
0.146987737907529
0.172438349402319
0.17741504480403
0.166156353993522
0.196560198445067
0.182358654380898
0.146346527731605
0.216049456581273
0.177007016714934
0.143592595601993
0.157434559919408
0.211573050815087
0.196082748472365
0.174550733129986
0.178394249574491
0.171525903413427
0.196643177410367
0.173768734134573
0.136415788684109
0.178626854600038
0.159900084491749
0.166905122124667
0.202605525824089
0.171409711876953
0.163573104567453
0.216569121556496
0.199826119206579
0.221940841601735
0.194404857251324
0.178598444385578
0.190127713779526
0.198967758427671
0.203163784079914
0.211599934650777
0.212524543223946
0.211774003380812
0.180423027651527
0.141115575840095
0.193626149157112
0.146930968460399
0.137226916066259
0.184037599594605
0.200885797205067
0.152830660862085
0.162782649908498
0.14790139843949
0.179648446521111
0.206166553149803
0.169597677611625
0.175663371124229
0.179200918620809
0.176622194604271
0.141887405903564
0.194787687666178
0.174410811346588
0.216826926486016
0.154891885265052
0.136479025000321
0.16925135920869
0.153998737826038
0.129687684018237
0.155982038538365
0.186175038113336
0.213836625129317
0.183681679919814
0.162144577040053
0.222407379623307
0.199389744640599
0.198578390647797
0.160965388128688
0.192534004975945
0.15634290297024
0.171655650232393
0.191149436557889
0.162770486824878
0.142743819436447
0.156190082344131
0.152330497417913
0.198565445365376
0.207770260786922
0.177916342962897
0.179010552376891
0.179486057111693
0.14162959631278
0.141990769069041
0.167509367346186
0.159017713588858
0.171257202964363
0.161711258894994
0.15939982505804
0.13041459548895
0.191938633706764
0.221512845795292
0.154717670529638
0.174164891522448
0.194417405448066
0.194415459733624
0.250682547589669
0.178335297635535
0.172898990025042
0.173744525613356
0.184997974784699
0.177196005493283
0.194336418269066
0.187001050687795
0.208873305306684
0.154742670455478
0.156467048049932
0.182535663659271
0.131099371990412
0.187350680093641
0.128484803937343
0.169826906633745
0.168611159506224
0.184903031736315
0.156964320393855
0.163724362160179
0.202064487336873
0.145719879320893
0.169030507440631
0.190707689763619
0.158452978071365
0.172797757810458
0.189334842918803
0.140896408782803
0.161320739052771
0.218193965637011
0.185840125399548
0.138615596600816
0.187881568718369
0.166463496782782
0.201059971645668
0.159413510731379
0.17723026592141
0.13726729188092
0.180994126947613
0.187535613694617
0.151263204732277
0.166721897949671
0.157198816845863
0.150466879812895
0.159000898885679
0.213874107206282
0.142845047660212
0.166675098161032
0.158634205505307
0.161650264388496
0.176779510804509
0.195770546538406
0.184305785757421
0.169884268397223
0.214298560483906
0.165052552070017
0.167825874600995
0.201567298091039
0.206674729480367
0.179455503670555
0.177535088051028
0.156562716040495
0.176497377304474
0.140316706670143
0.178979503704438
0.205672556412269
0.153477649813879
0.189935200264673
0.20464984563445
0.172854562145245
0.183480783018325
0.17123234703361
0.185896172643012
0.180243324524819
0.125726603671783
0.155434009164642
0.12887636036867
0.18086257174935
0.200948445320167
0.18006854004023
0.154715600131199
0.130218984603799
0.174723702723958
0.18374759936548
0.176948677121513
0.154565272334164
0.17441386271027
0.180381719883806
0.189560636281527
0.199506407172226
0.189957079047858
0.1745781397225
0.142370924305155
0.20883267514795
0.213653560203646
0.186861296365741
0.191251481460367
0.195411582537832
0.187083737974349
0.19422484387876
0.195403252809422
0.203642284273165
0.198845353645281
0.209558477761306
0.154977309041862
0.185579887676038
0.176197195409242
0.208227886715351
0.19021355688785
0.156562577608294
0.127010153090017
0.190559897516071
0.153885593158974
0.186456673077605
0.184194825178197
0.189593502185406
0.200179473034908
0.185111289865493
0.159589920607942
0.170078984990521
0.171087896562835
0.197502213879186
0.226044846904947
0.185412260903603
0.189758510795765
0.1794064065244
0.162554715200659
0.178327833513028
0.193140594183233
0.215720946024552
0.195565443958628
0.161193863928638
0.176373252699857
0.173963716770479
0.194013876794678
0.214518549303278
0.213086678104277
0.199411631933031
0.207640632367733
0.205365692227132
0.19942611424377
0.236000843062164
0.18206590458564
0.161734286875622
0.192014881825689
0.119109349340563
0.124695035083034
0.170583270790502
0.17199708302529
0.19987711168667
0.17700748702372
0.181379121325724
0.225063933241475
0.177024962958087
0.193369894398802
0.168590403294567
0.195356087594379
0.201707895888328
0.168284547655066
0.124234881249505
0.121781290679393
0.148568727044542
0.174298289664274
0.189067271541146
0.200994776545693
0.211268991623737
0.219075449890022
0.21336729553326
0.176327740415159
0.155808796428014
0.165641194234955
0.192833078208914
0.166878544179297
0.203224031723913
0.215818265955517
0.184383945756299
0.160587497525195
0.179430566784128
0.209418202387322
0.149331593127274
0.186512543541512
0.176207182185248
0.167120999215687
0.166979364068679
0.189221274652038
0.206376637064359
0.21237508322286
0.193916962129167
0.175304298941961
0.188081684354332
0.227331144050925
0.16149787863248
0.197518242164752
0.222901934718321
0.194097589839034
0.21763948877847
0.191113680363439
0.138400087725416
0.20952920569326
0.216623078760752
0.202948280693761
0.140648964326997
0.146395024833678
0.199947944269439
0.201358299530164
0.181998858575592
0.138528403814434
0.178423634095112
0.17529400228235
0.194227333498719
0.131319520952405
0.153168174725301
0.171697528048069
0.182539595392091
0.162478663483928
0.185541401064838
0.166374864171989
0.191611498406589
0.13568008166061
0.168581198796164
0.168478037380679
0.177756069840217
0.187565362749043
0.162069323591063
0.187056321294991
0.201231993393023
0.153093254693759
0.147605320569175
0.191703326999784
0.137239210629121
0.16015261195913
0.140439731091192
0.154715501409919
0.188007678744196
0.182769996827589
0.214395544945134
0.183754369717341
0.152820579170519
0.175434912912275
0.159031027444193
0.205689010977456
0.176099512565108
0.21487098322099
0.140295343548438
0.160496164807177
0.167321008602618
0.141867929319465
0.204574280856855
0.154293367824273
0.151129136098857
0.171495899030147
0.195643907519546
0.1533201412065
0.156567532011668
0.152009420077163
0.177877099639067
0.179366821785523
0.176602156581736
0.187055079512572
0.198734890794139
0.153802763110314
0.179453666311265
0.181209296304319
0.175821652807875
0.229613035613655
0.200164435597737
0.167941619785856
0.170317385197396
0.165578779068102
0.159737573760864
0.219529674445333
0.184541361178623
0.177262131086524
0.16353661449101
0.196211398934576
0.172825907344858
0.253763582651737
0.155707174531989
0.179277196120712
0.181015816213344
0.137537059616083
0.165560088715347
0.208534544311958
0.196501518171215
0.179008053434063
0.153544886821131
0.182904117111664
0.165286065677515
0.185481889040049
0.160548221905893
0.167658734771855
0.167085992182839
0.15185662006973
0.201584250980657
0.17117471005792
0.199980694153352
0.179992118940954
0.164336701233294
0.186739939039015
0.215242748051013
0.177946018399643
0.163969908095806
0.17433689415723
0.191600808425999
0.187559441766208
0.203053335292445
0.215497737509543
0.219214663726869
0.170672469095342
0.172940482016315
0.195576479201684
0.176411911258362
0.206902901281172
0.184180617903584
0.18488411141525
0.200988629713101
0.194951596944809
0.23950065796571
0.237493392846161
0.203027545728726
0.203263389053821
0.203148805519957
0.224146864735208
0.172532236153109
0.177202972849341
0.15778000731763
0.172401436258404
0.186611719547827
0.160045149684125
0.229067202422386
0.215718030292286
0.197195996425754
0.165317427803191
0.156521404893851
0.149336578189662
0.158323627773404
0.191258349315438
0.139113547082553
0.181248023320284
0.184582556890545
0.164032363764959
0.212372997511524
0.171893977849346
0.198035598007078
0.155498472275951
0.22149634658331
0.185842755244649
0.207709085150166
0.16748782383183
0.184177617858067
0.178693113551967
0.184835744851534
0.197003413029201
0.149393226579542
0.168025130601094
0.161197195184379
0.166961691830981
0.171866980007982
0.188767145968732
0.231260823920083
0.18126711052232
0.200188341668618
0.188685020931316
0.173092440959132
0.203736990009478
0.208679797896987
0.200413050377461
0.220326829469494
0.188091961571444
0.206203994215527
0.198096553528037
0.17066184501407
0.199365303716552
0.159267738695881
0.191219822395014
0.188978344257865
0.15256026140694
0.177590455173453
0.169080284977274
0.200650923543988
0.184011803805607
0.191705876389553
0.179315168393863
0.157733208277958
0.220409197019284
0.16524882590879
0.124783388632897
0.199628944819267
0.172678146817674
0.135701289758685
0.182284488889808
0.202604174913153
0.169562499123048
0.14442101376139
0.198897903564593
0.164829035614241
0.122006467510875
0.177604186105599
0.163124427371207
0.210503252863603
0.170461674104351
0.171677201402188
0.186242376729693
0.195054115686164
0.161330707403386
0.153902860109956
0.172572771395065
0.193100192871119
0.207456426872956
0.15987379780495
0.147796588964499
0.174690756204088
0.198160196921509
0.218962266634995
0.196176960416745
0.17829179448778
0.158087369605188
0.187461388536753
0.161898529291914
0.177098749596403
0.164978334411024
0.15548216800881
0.141257342865292
0.187311415617319
0.134547673016828
0.196909482680428
0.169228584302346
0.185579012115207
0.208558742240933
0.18086480129487
0.185453257835817
0.188087294665397
0.171606613371696
0.207163744860248
0.186390604150042
0.177467083667285
0.198659347634463
0.161110831662326
0.160834841572879
0.146347750604425
0.177965314163639
0.182333467512625
0.214374396242798
0.163342381236075
0.156115528665647
0.222710026157261
0.178331008258308
0.201459307092831
0.203596307196249
0.186080096455892
0.18061740100071
0.179956974731357
0.191999000091892
0.202114707777245
0.207790042013014
0.164814452314974
0.188481342813841
0.198589409955857
0.234627610838165
0.220881882460152
0.186375313565736
0.203816404409773
0.264760212021754
0.205756241774452
0.19197708628698
0.217892033352009
0.216752104572927
0.216052243546406
0.170475711625519
0.174781878784395
0.209371042403979
0.188482014426289
0.178671296554905
0.150758157346416
0.227483485133162
0.20573735129097
0.223495640816314
0.211737579550435
0.184889066074773
0.178622077033366
0.149000073956846
0.241393395036044
0.208124237830096
0.215507670169767
0.200334972600643
0.154732041072912
0.162343877070787
0.200893445589303
0.169531898932405
0.175495413685615
0.176586446601723
0.195938116236915
0.13735273928302
0.155872011640285
0.20199943080397
0.195945168345647
0.200755420639173
0.185936994735119
0.15845724742104
0.201736035084236
0.160558702642019
0.178588681278011
0.182842180214994
0.180894588446287
0.193192975006334
0.19917517271541
0.181917525462249
0.195145964413491
0.203528656749618
0.194951170225241
0.186228145073383
0.180862630057479
0.183306728190244
0.182079184237037
0.191775600551838
0.190974573456695
0.190243118499347
0.156231895619235
0.164354483394586
0.226658961690218
0.190015846542083
0.181528121825583
0.209125662396932
0.187242856298015
0.161519548261438
0.175585169550892
0.16640261801154
0.212084804023284
0.218506819208481
0.176426705612562
0.182825462562491
0.143677255106627
0.189278261113126
0.156514999469838
0.16405444411246
0.17944824544977
0.209112112809188
0.147028870656926
0.187928339469774
0.205323125420268
0.205309250732313
0.211430973491228
0.199715730760201
0.162291687997893
0.137206187109669
0.196052531929721
0.178603048370272
0.168654656497578
0.162246239646783
0.226934779098521
0.194246216494217
0.153328497983451
0.199959704005964
0.179763798046218
0.134637261870653
0.143802393296219
0.164065918056453
0.168394264662321
0.182629976928264
0.129215625713295
0.182987097518664
0.167664862777857
0.158749508531869
0.145126061813937
0.170625614195454
0.169907638169209
0.180627400232303
0.180746707071192
0.138989675747804
0.177472436162148
0.178697663292317
0.155536198449098
0.174872078812856
0.193889096864368
0.173816914300561
0.17494786702259
0.15826769102812
0.237081272478937
0.166022937749584
0.145028900217236
0.194750412754882
0.16256844175269
0.172061213416278
0.173841788745161
0.18526267900438
0.15669238955134
0.182962496361541
0.158395852507345
0.165024584523096
0.160547702903561
0.209771711051568
0.19178989195785
0.197815160666035
0.18601441177811
0.192696285952195
0.151751854213154
0.129588760842427
0.169597517805618
0.205079599960344
0.168599702569996
0.196254116435471
0.20329059114973
0.211243403183535
0.205403725555818
0.166225975775732
0.170240477543656
0.163491426979316
0.126954169361984
0.186816903738824
0.211649258610686
0.186183031148303
0.143834678008546
0.161190234053391
0.217567090200594
0.216860124030079
0.158136829142935
0.160801140622425
0.155471536427167
0.172107922563056
0.179403333263134
0.187727530687443
0.162125063787206
0.171218238790652
0.165651170441988
0.19682597335727
0.188722840233391
0.158404952507817
0.155965127016402
0.156102452792804
0.215273680197024
0.214293599540578
0.16818748437304
0.147916988116148
0.145972317493559
0.188734896018574
0.171075278318621
0.196888276237667
0.196123344936657
0.18413006917714
0.155148359533976
0.154704548496817
0.183545899104993
0.160215961059136
0.171184540190493
0.210677372566767
0.180374400419491
0.166583200740939
0.171569658499497
0.134439021313756
0.11986047155891
0.142756891402841
0.188710922136205
0.180127871215421
0.216229478453533
0.14313716337828
0.218958405079455
0.154234323657301
0.159125735566044
0.181008107770865
0.155184846275574
0.162623408668276
0.208026027293207
0.206562660518687
0.196651722029669
0.179463608921186
0.21573414350584
0.220406369703614
0.227407987902647
0.177592673847215
0.145384018799911
0.169590578416377
0.187728711751975
0.198037189512832
0.168867773063554
0.15298832685268
0.188264103857444
0.175994947255474
0.166585204813411
0.17945907260588
0.159702508454288
0.162200794991066
0.188525820093895
0.1528818173253
0.13920776883416
0.189184296343268
0.214727381599737
0.178091455291396
0.190635578289264
0.200539778778977
0.164406329683237
0.183256887651218
0.20387859389311
0.173779133900094
0.199118510355693
0.20228949574445
0.176180018057076
0.180641176928004
0.215247033249603
0.184238892579185
0.200442325135133
0.174349373157347
0.208418275234666
0.186566926688235
0.163813309748435
0.148922710614011
0.16891053699001
0.157693358339066
0.164962276099303
0.168991545625321
0.184406519163803
0.180325645271975
0.162240777525154
0.208100550863215
0.176900226896138
0.201889544533527
0.19566604936048
0.159205902963863
0.154086961454206
0.128028599001216
0.222347113919313
0.159217209165748
0.15711212978171
0.186577325350663
0.183798469393543
0.195832971894483
0.198626000529541
0.14746997477543
0.140558984095846
0.159635421382484
0.192693426126827
0.189040367194001
0.155201983447206
0.234365325104011
0.204264692879817
0.170602701074878
0.179724216411202
0.20467560347883
0.193743073657845
0.177771880000524
0.171611074077313
0.174892268125254
0.181772435090756
0.204584012312635
0.17747326401172
0.163305002078738
0.183958357168221
0.168237760051863
0.154163626752159
0.209885578956229
0.181544630185902
0.179583492794286
0.201648415399177
0.168908439187867
0.154211934720929
0.189019855999023
0.205884433618149
0.165382272456407
0.219580809565096
0.158864604506607
0.169736596818046
0.195607277045624
0.155726436697138
0.191362164059423
0.165127485647731
0.178489106943931
0.153939824343787
0.150481147089099
0.174598181699128
0.204617609379458
0.172899728176284
0.186763886844892
0.149799109784189
0.153995745549278
0.171442652001271
0.152715858241825
0.16745763272633
0.215051745799525
0.195021130086306
0.204867067306261
0.189263752000574
0.193929587223602
0.168759876908461
0.155358037794745
0.161253392144182
0.214808014898096
0.192135635977515
0.212659260626323
0.196307770016606
0.167505943040785
0.194367729471396
0.168961001980085
0.170664576873909
0.15996212080771
0.157302482582893
0.146416258559446
0.167914236336232
0.193080911322692
0.171470288869681
0.177464377463143
0.162386210592344
0.235374235618029
0.179198220376308
0.151639134379773
0.178737238767746
0.166189937979621
0.159754321816335
0.148621739680287
0.152056799103311
0.17997924615285
0.16175362613863
0.189093093825071
0.14235472859404
0.168172132252416
0.159764159457294
0.176318313848659
0.190856658508135
0.172228490241365
0.126346850219128
0.161072162386404
0.142956111429992
0.146898435369894
0.190409080138924
0.145460040017323
0.150058399100581
0.145739298289603
0.177550518063193
0.186558369971982
0.160843466549348
0.150760844184711
0.183804026244412
0.136467877379112
0.159210165162903
0.142844564518593
0.183595445710037
0.164038420228232
0.190803889064786
0.207566067890405
0.160630753273635
0.202614743342722
0.163142554935886
0.165272038017062
0.195359634751616
0.178789145582793
0.184715496983493
0.162119711625245
0.188035281822139
0.185293963560685
0.156347852259668
0.204884193947442
0.190311317081326
0.219682141578462
0.173196221144617
0.161944698381218
0.174124705648147
0.13646210075629
0.192447132687402
0.163389631911312
0.187591746393177
0.163596800357962
0.163511287398727
0.186636170589793
0.207657022931871
0.225151403390028
0.253219351432324
0.223323226903452
0.188089949880279
0.185263632550773
0.191513295692024
0.162806904141735
0.139048394848257
0.16760763474839
0.165505908582999
0.163421692876737
0.163533548417733
0.176402582554179
0.147241233941474
0.147083566850134
0.195264214128303
0.181485185147102
0.178496754585692
0.201296710030852
0.137969338314866
0.137981034107862
0.161451546764167
0.183664479886225
0.155823386132579
0.203040279777953
0.120433527524519
0.169318502137684
0.183133733393725
0.221785921939146
0.156148242262448
0.196272281086194
0.155758867600419
0.178032150216752
0.16039355091366
0.145808960036363
0.18383337587458
0.12965860561055
0.14887504330892
0.164448494955316
0.217896486480731
0.151884192300563
0.206912066847789
0.176040689164871
0.141139425298638
0.186764403724381
0.174070879838791
0.138339571703794
0.152350145766796
0.158222971754098
0.18757042551158
0.12708612301883
0.146692694108428
0.183204203104906
0.140406076076227
0.166219753443698
0.173671875516869
0.181396403756829
0.179117712219837
0.185756503090724
0.104831946094007
0.158711881867713
0.198785226871203
0.160207002398738
0.17278805690963
0.157079284080858
0.194269548786026
0.195529681019168
0.175530639866145
0.224955562939119
0.166231465977636
0.171900882076997
0.187625004577242
0.168365707976024
0.185748165256718
0.182471613374774
0.174427220778087
0.154324681850235
0.187873196058657
0.132695770394281
0.164010742538918
0.218544299212535
0.152065631152171
0.142727991628606
0.187719683317577
0.176789906315628
0.152951480759649
0.125885047270432
0.149831659850555
0.200333572338933
0.168553033483759
0.173413526501966
0.1753449428302
0.150723503856916
0.167966670395429
0.174042548000351
0.141183747472154
0.1586115136741
0.194024665166385
0.161665487395
0.130747898720928
0.178697702366025
0.145700075317804
0.156265520750716
0.17615724737567
0.179235571089576
0.153480244125874
0.16061316864241
0.141295887098953
0.189939855902827
0.154170247184868
0.129954312421497
0.148769133974081
0.14436964274108
0.160873578367973
0.150492346669352
0.196640369829274
0.162667881533249
0.195252749460916
0.227407516252014
0.169803181678673
0.161723516788211
0.193178178773293
0.208720381662288
0.21657514641785
0.18076973306597
0.15707465443794
0.181296245455031
0.156494892271435
0.153766443408984
0.14067845862048
0.14500632188491
0.141454977765471
0.13744020220035
0.145050734944552
0.186923931699731
0.188647905342111
0.153960205015899
0.187199857976701
0.190120883392505
0.192058383316821
0.198856720279494
0.166199869092296
0.198092110916545
0.194779897927933
0.169267780482278
0.168119026177977
0.193363608839986
0.18745245444663
0.175280198101539
0.202819566923141
0.215070199826725
0.160793967968378
0.170800532429989
0.181765322686466
0.204946222408487
0.165225614527455
0.180708752644262
0.198103649701424
0.229699711271887
0.187724482257684
0.220222891644371
0.198070394328918
0.19192410444473
0.179539514875184
0.181726345458852
0.173356224435976
0.168658999932542
0.173200887803761
0.202515795634624
0.145815475111055
0.143445255598237
0.187061169502332
0.192387733330414
0.173963985529562
0.179502354883052
0.197359429939328
0.184468567386144
0.181207564326768
0.184294441951098
0.197604456440529
0.163411894343915
0.217119166745483
0.190843799526463
0.194797213521759
0.150024541620562
0.195143873110172
0.230326148597484
0.193431447423233
0.214811954406012
0.184593921619301
0.147696439913241
0.125650696248408
0.17437546826494
0.1800633098534
0.170941839216028
0.177334148875877
0.183621775780175
0.227754318901892
0.163836917924253
0.203073530201841
0.118890680509129
0.165846491240743
0.195900330420209
0.196475244333774
0.179142016206591
0.177001598763759
0.178392252504336
0.201257292360846
0.184459725748728
0.150686553141231
0.1654458476618
0.143758780673007
0.170121642314854
0.205685422951285
0.20058626153606
0.159870352811689
0.183930636915989
0.162883089715024
0.219130353874962
0.203673089602172
0.157942238136745
0.131071777169092
0.179247058306104
0.202078021560774
0.173510911754689
0.186379353019424
0.167940166825132
0.169082403679732
0.169003307801891
0.168563655930149
0.156586613054238
0.180274059202606
0.178471593782856
0.1999386946416
0.188644530714751
0.153372790772713
0.182303880421664
0.166464849937019
0.17861611705294
0.19234153294083
0.179502145315718
0.220467912241297
0.161169302720985
0.150312415848385
0.213735652913938
0.187215489721984
0.19510533960907
0.207250114947094
0.173461022841067
0.193134545649518
0.190834592087688
0.203462986747013
0.1891677830248
0.167361996428904
0.177627125825551
0.186893104605074
0.195597151113802
0.178906691600134
0.18500560557901
0.193189661670292
0.158246204888729
0.188718703330511
0.166028688319195
0.176854663689342
0.172940831032205
0.192724566377449
0.164863933822485
0.198473019942264
0.177251916958358
0.185092412507069
0.189895034877012
0.207096121482776
0.218502780082612
0.17394034063832
0.156163652901339
0.180276906900458
0.195276791276957
0.16895184193231
0.232479489617578
0.163230583156758
0.173305639492673
0.228170852015084
0.161407301675483
0.222697156141518
0.20897862182627
0.17786850780918
0.169869248981265
0.19490919548946
0.144463368604123
0.152832443029208
0.178519930588521
0.20592609120888
0.204751666987532
0.189427923823243
0.167307331500258
0.131018044749775
0.178942098062919
0.196832818960261
0.172393579020824
0.155608665164933
0.217516433474484
0.193873851098291
0.19195722205783
0.178803582199558
0.193936323827359
0.192661858977568
0.169862711319767
0.153028818126181
0.188195481201077
0.194340167537756
0.164948757449467
0.176888920478237
0.173670729378266
0.204847710526403
0.202491416082643
0.214174169363638
0.207785241318387
0.171730503637653
0.2270041241329
0.159830986770788
0.172411969170758
0.158407852825854
0.195384825175268
0.196672773521594
0.153432764307859
0.188343074434806
0.16215970754916
0.18489059294648
0.131651172826478
0.198908944196913
0.146641413175763
0.198135638685591
0.156987620569576
0.163189835379005
0.165052714978391
0.148435027695949
0.175787414917903
0.168863405642832
0.191113996243654
0.166512029480904
0.175281869675521
0.195282586960418
0.191307723846081
0.193731954812209
0.173992779938132
0.156109275855458
0.136575145236496
0.187749160671721
0.172348796614637
0.167258605581396
0.229540864214722
0.229542581929558
0.200670348169524
0.169301585664652
0.164397908546792
0.19864692462114
0.173430156919158
0.195469537434012
0.202011779861847
0.187648128897687
0.195185592080999
0.147110476004484
0.163006895507038
0.182502969383692
0.132192890385738
0.220513075043323
0.191759793714135
0.215565630416592
0.161678016174367
0.174589815176886
0.145173490990304
0.167225690373901
0.176259994868235
0.191119386065481
0.212198973964494
0.182492948911722
0.197478675342346
0.156231026089611
0.1582525425882
0.170708189137992
0.158599528672012
0.156499544005814
0.158813689070351
0.182830466756716
0.203699374565241
0.147618304791422
0.19970267720106
0.174352541743313
0.164961256560747
0.226663894370865
0.204562035819875
0.194190048532189
0.204076117883382
0.183561041604536
0.190614932956189
0.199208460535556
0.198487328543538
0.178012368590465
0.174406673713351
0.201198426719922
0.19452316840748
0.182535942920067
0.15641222096174
0.217578692708001
0.23311889447156
0.1795501110826
0.196556978909555
0.201792729090135
0.184797353766509
0.180140165104069
0.180132424707231
0.168820942643552
0.183146606467494
0.195348705647152
0.199782729244703
0.20413509017869
0.2024314386265
0.14790222420608
0.206749009234403
0.200398676645463
0.195619824436926
0.194527104850375
0.170065213513358
0.187171669450319
0.219633986698176
0.21178629688398
0.203624033647567
0.197380977495726
0.1612893211245
0.154686115760484
0.204394456260526
0.179251775841358
0.115957516926186
0.171424412946176
0.155528697396184
0.173191814914508
0.215837078299876
0.197262141343739
0.184540508761727
0.174701353983213
0.170154543184112
0.179261025264521
0.180603134676244
0.212631448812123
0.176743584378816
0.201777177668595
0.169840118229364
0.1735808225065
0.184004782316535
0.202899762649299
0.179960656089359
0.170092754335813
0.196298233009636
0.136839416503388
0.144095402597604
0.169225906088409
0.164733704585443
0.143461553623611
0.162415141476675
0.188805710649296
0.153094152812078
0.159231784822081
0.140278452686527
0.177185607323031
0.162554910236028
0.160487816103288
0.154760865092022
0.165400055745203
0.204117705304184
0.178527231807964
0.197663719322343
0.21645436509249
0.176926712893383
0.142202256141814
0.156048982278683
0.150120584208948
0.173355796988426
0.148515911433509
0.207496280423346
0.174324643475432
0.168665112545877
0.172484836061454
0.135958684152858
0.166752401019997
0.208552279860268
0.200369574205363
0.152342435107331
0.180647843013115
0.124958304416212
0.17513500702669
0.129990385706396
0.138097577702883
0.183492317250971
0.170283202804711
0.19812936547645
0.184199727577784
0.164957143328864
0.193361852578022
0.149695359527899
0.147309075528847
0.177766834478371
0.186087753730473
0.200092549962182
0.15869237786906
0.177693580879005
0.191754981205144
0.197464210062609
0.149754565635041
0.191336119576232
0.180940300969957
0.176474682803712
0.209869929584421
0.193075879369698
0.123114528987809
0.143489591773664
0.128848776408079
0.180316614749557
0.152167519092998
0.162721443767187
0.25348149550713
0.207801665644901
0.193748040914093
0.227422789844965
0.188024839199533
0.193374033263243
0.181981675170894
0.174834064985352
0.178070394545639
0.175397942695453
0.228847160204596
0.201456660027567
0.161747108058915
0.158201904400093
0.203803434582815
0.150674359693134
0.170762470513947
0.171127383573946
0.18124386346281
0.17559942870218
0.165994498245034
0.160449632743503
0.178523349518018
0.188396367428127
0.154958687714455
0.197893747984521
0.185691434313697
0.18635328918207
0.196756116956307
0.233676467513654
0.192823238198991
0.213529787315821
0.212571260611867
0.216420784585412
0.169659711504997
0.201704135764644
0.167579270386687
0.164420675352192
0.211945554615871
0.199064484689979
0.172459675876575
0.18924284307709
0.237125992715402
0.178723950730797
0.196723828446086
0.146682795847059
0.206739845412936
0.193737429385459
0.20122115414245
0.178447266888966
0.181035331775517
0.234447318406968
0.19592892168201
0.182444918845362
0.195530532369123
0.175569491609302
0.14066229011651
0.17933710379243
0.170487950402023
0.172703388343723
0.169394125760459
0.173640608021664
0.203841081550014
0.17311012782137
0.186484107667317
0.137639382066052
0.151462369642668
0.153032723131192
0.1737971866922
0.206560669390554
0.132370964567134
0.18039383479193
0.176873885099387
0.181996054606176
0.19243387027359
0.175984244298462
0.204226879976638
0.204774023201248
0.135970313437192
0.14988978930493
0.19317843849217
0.202006999326277
0.179295149090893
0.189344581013576
0.140091859047037
0.160266137667122
0.167074064349553
0.183966489984824
0.188870503739952
0.162209834854694
0.166861058813044
0.21946792642756
0.211924618470707
0.202558562840151
0.174324671016687
0.183708888537876
0.192751633451642
0.226420878889822
0.188182027280197
0.196617403633269
0.184997240237471
0.19796072345042
0.21572193564797
0.154342510109833
0.198602656778887
0.171303011414767
0.206052324543137
0.213870669095809
0.153813687008636
0.209220406695842
0.1816992549632
0.162306890732501
0.214423677133115
0.160868099282899
0.181057368545477
0.180409888035182
0.228249644112154
0.207916708148262
0.220466007665976
0.174289602226949
0.204075611235557
0.160595402046366
0.157508598217614
0.157193135721671
0.1500294715587
0.153421571130549
0.138345123113502
0.177885258946196
0.203127863996833
0.186194068028788
0.136347675093026
0.169675581849839
0.182424367349671
0.169069687956364
0.157750738250597
0.160870165940231
0.234365123907919
0.188321163540177
0.155777339888176
0.167059944215539
0.144449685805284
0.212814226041323
0.211611917739893
0.198685265465668
0.145983404743602
0.15373512132125
0.153614338395661
0.18557295028398
0.186798578389633
0.232135647520405
0.16725042401896
0.178642944366922
0.187992910208557
0.165378763036846
0.188439667995971
0.197056990686129
0.21490578610631
0.173963116924778
0.221206806780502
0.17317873814083
0.167033467357281
0.194736579929495
0.182371891160888
0.183301687366841
0.213038426417289
0.140713075589299
0.182043520734946
0.220699665728446
0.200978812885914
0.213055538750366
0.163055089663986
0.154269487393837
0.176242721923365
0.128776883231385
0.178895667711027
0.17220848761296
0.160023437875556
0.19290202529344
0.179608708866867
0.179439337641481
0.179190880254158
0.180676993976166
0.148450034471357
0.130843798948788
0.153787753821675
0.179692713540374
0.195081231628196
0.135946592251293
0.141927704396389
0.209031051498721
0.149589167493785
0.140143251200661
0.164275894637057
0.192508034861607
0.154001642169147
0.162802173292058
0.185014663486601
0.201599443723049
0.172131335066375
0.151031473556166
0.199903976308665
0.189953190244244
0.145963632771589
0.180476849216381
0.18568788554989
0.195111431744842
0.177832880667515
0.170220971341042
0.182570539888335
0.182491164330093
0.134969066058222
0.148041168611574
0.16703711842053
0.180500155626249
0.169885170230994
0.179414666783747
0.179544691960835
0.139378662326617
0.197220759970549
0.194263085026476
0.190425090645552
0.182201780827628
0.163079068641745
0.189259800698524
0.199844277122192
0.140733085844134
0.176241441253059
0.170247921038419
0.167582395605499
0.21625006322826
0.153764128235656
0.155041320706255
0.133147783682252
0.152277357221463
0.134874950133943
0.190948044411456
0.197680078335148
0.177191886700751
0.175559134008378
0.157551965679308
0.154312849820228
0.167069789908807
0.187799359575468
0.136679600572199
0.158265741398534
0.192058293887781
0.192890808963851
0.163857767126214
0.176954927437369
0.164745712163285
0.162378986910878
0.20166758575541
0.191059781085492
0.168152390763739
0.191253254733712
0.153257492622797
0.120736486104767
0.157834137446116
0.133024799916082
0.185346700728693
0.167113479614893
0.154847027488674
0.190474134645875
0.1516481501626
0.134026823179794
0.166358763450362
0.182972733114639
0.186750650383582
0.125660537780146
0.137959773480807
0.159554796779027
0.175687128213097
0.178601539090841
0.167163800972031
0.129137279400228
0.160124195339242
0.16935078299114
0.15410949436887
0.1738838397684
0.174221103036817
0.169593175458689
0.19327282377796
0.183666248608707
0.168581238347714
0.175491902434851
0.178006513189746
0.194616032109236
0.187553538748208
0.188164478022616
0.213669394800316
0.16921806060802
0.152282898502738
0.131694910878182
0.156318611512333
0.156312871877436
0.171349691315425
0.171652823517392
0.178903811645326
0.214329909086279
0.192055665258671
0.168918901490742
0.187688867372729
0.199739441471879
0.185290805552797
0.190479060434033
0.172756846802545
0.170368975754798
0.191458185493172
0.171328483460699
0.197648076911477
0.176993818170436
0.153725730590923
0.153759579412991
0.179457597575842
0.196046879588945
0.172605420893779
0.19659655174379
0.197005297606137
0.214492763441204
0.224545899298346
0.171922560382223
0.195388318742764
0.1649336955419
0.211339099569008
0.178767191765167
0.186903952002093
0.205761597239297
0.15854095506001
0.156828439161085
0.141558206352603
0.187209307959942
0.171311343017673
0.17266501431483
0.165214085327229
0.196613946656898
0.18531574066261
0.171295722445757
0.197218316036431
0.175569835457627
0.166725655977655
0.179288951034447
0.156942982210205
0.107997306491617
0.180373612696805
0.170940284928106
0.177989276238714
0.223415589000722
0.187493535397489
0.191470436008728
0.198078800955231
0.187852418533907
0.159170015711781
0.189025625286197
0.18403630771811
0.179909705032713
0.183500069954622
0.219798310085839
0.190673774943169
0.160554455144177
0.168765781294743
0.162541328491272
0.165844785883565
0.176236534050278
0.145030557194261
0.149332790238356
0.126032488156809
0.154868478813261
0.180742576997576
0.187825511601739
0.152241486486523
0.156064142279827
0.191272781171679
0.171118598279358
0.14375586412482
0.156032554194457
0.190269835879963
0.164724239044815
0.167115027309866
0.178440416976405
0.19106019239218
0.18412576968057
0.169491238122606
0.170164249987682
0.141297997002853
0.174270877885984
0.170836610181428
0.172367546416386
0.204024964785177
0.186043335329696
0.190228951724568
0.218363415517877
0.190186959752206
0.1881965559792
0.201944812198172
0.181969732091905
0.201076760421885
0.204217186002652
0.184110372428822
0.202558612278511
0.18125653263004
0.168731502958227
0.194396568393803
0.197437675820944
0.180028962423719
0.180081864337952
0.193495264234384
0.210229989428382
0.192744111110289
0.172163778191733
0.16535263398962
0.180144411576952
0.177080198863681
0.204726970052078
0.189292540648282
0.152985354844246
0.189538467287659
0.158386556821739
0.196060766395233
0.17285072092443
0.158597960915021
0.148155319064138
0.187892529552673
0.158010956631851
0.175503910827961
0.200248133826999
0.198218866528111
0.142843094910025
0.169738255427766
0.191520655900997
0.181379386113055
0.165873589015607
0.187817717926323
0.166816291926452
0.130810684562798
0.147446895888013
0.216276860791378
0.16822099471015
0.161743914315737
0.171694546710081
0.199195204795237
0.158840290018026
0.173294279529792
0.160626806654712
0.155239151487712
0.151889827858156
0.175263791508184
0.195320182224763
0.204567168135182
0.204181917956093
0.166363387272522
0.238756371093676
0.197903858940486
0.153924547694916
0.154115424875903
0.168169555840558
0.208373385341352
0.182096506917305
0.184654761140365
0.187602368819151
0.176504786236462
0.158693215612262
0.191338466704608
0.166711370575072
0.160340889744782
0.170954580307679
0.159568457522725
0.17712286322024
0.175427341874612
0.163963406245073
0.19816384239288
0.180463399370535
0.192182694142712
0.1750423367962
0.205252564030262
0.171496820242195
0.154962112443939
0.182006908238826
0.190562855989084
0.16973349002338
0.180644599389388
0.180766936522617
0.19153418000488
0.200961477411135
0.216145497930482
0.192515808674609
0.161959205804363
0.202765429118118
0.171058135198237
0.173298617791651
0.152703554566016
0.191898852058398
0.141774208196595
0.162437405546015
0.216973961545005
0.178276554892054
0.169225538935182
0.199870212996658
0.170541417444498
0.165168308147952
0.153894885323259
0.166811470726264
0.142825224267093
0.184316223048633
0.136777799910151
0.198367141074262
0.128705001975417
0.181917929688953
0.169044675904585
0.135904516397047
0.201875233762905
0.169046863833447
0.158269418628019
0.150085797140612
0.150127040774434
0.159527833077641
0.131601865808243
0.182358951506676
0.151198032417311
0.160308929760108
0.15219403049555
0.235097203401278
0.151132923644324
0.161523801075365
0.155808796916074
0.195261465525766
0.166312529074451
0.171886293825957
0.200188332919542
0.172163235835531
0.174215261617446
0.155633320813576
0.18067204399949
0.207237140211151
0.177852987649152
0.232844924320816
0.19260401376477
0.192380796784418
0.165283668280748
0.159345667331642
0.137272838358129
0.166812431101268
0.245350979100576
0.157678999412258
0.169907181943277
0.174553757343706
0.20916745965644
0.187242665861969
0.193779650037527
0.190682087149049
0.14087791314246
0.224146119662467
0.177900470792256
0.171150262303113
0.177715973421562
0.187320236869719
0.167583971062097
0.207442807585127
0.198752204780611
0.168953787085055
0.218996368939313
0.184588723734272
0.213457910918349
0.200067003112813
0.163310673763655
0.205524116059218
0.213522224258311
0.176423220481542
0.162509258150353
0.155828761058244
0.175557641396706
0.146655415464936
0.171916652559681
0.187210048654668
0.159828829519017
0.212949502516431
0.165837246764534
0.169638879280331
0.168843230523945
0.185472152003256
0.205227015149139
0.188077876270799
0.17254424448602
0.196280233419219
0.189498675040563
0.160580623370862
0.175721441369817
0.156449990001814
0.210824359282461
0.174765883641848
0.167400603816457
0.173489858432232
0.122676475919722
0.157316209907054
0.167390764955196
0.192399764521729
0.179639910065447
0.168172653145467
0.179809800969526
0.183068394534502
0.175181895966179
0.202900261297964
0.224858508780218
0.19726545496543
0.225112001964991
0.198904694686578
0.169840440922486
0.147108842388269
0.166620409620138
0.153886003224277
0.16637849198151
0.172045520872438
0.185189522755187
0.213651746552037
0.168471078919642
0.14275040904097
0.167178602196845
0.199254598259752
0.196467138001586
0.209267139835411
0.133752971700337
0.23018667609839
0.174955956276766
0.192074300279356
0.169139086573708
0.166985454339376
0.201384043780221
0.166148838072476
0.160435666249991
0.171705029189933
0.171422766634477
0.188379268960258
0.166893512858106
0.181758102134285
0.184582797962387
0.156018829101684
0.166694617095671
0.173216755212526
0.188351734879951
0.171312360794088
0.199895283300714
0.175707799958446
0.188805308814194
0.183783151420338
0.191202220712083
0.200763998614165
0.169542798270773
0.181913393698868
0.144525523834769
0.148865457576449
0.168526912218215
0.193309869310945
0.166978147893408
0.170545237036949
0.158481650461816
0.146158217569367
0.204439487458114
0.170287041218823
0.152288101847215
0.164635251744752
0.148729321697261
0.163050439100089
0.193760564216936
0.150329533150625
0.194965494112336
0.16435929506566
0.158288691499847
0.152646868655453
0.142203232838114
0.174136458672023
0.199989172993204
0.166879733806816
0.169538169864688
0.182722455129917
0.186113328163378
0.104266637047022
0.185178076794548
0.1600560443965
0.177493754892312
0.178790645488988
0.193355491298336
0.162073734896724
0.168433127539372
0.156484933716186
0.165064969164059
0.142978178773581
0.135681787571595
0.132691812198136
0.199530577536253
0.172181200303746
0.178199855900072
0.174077208035938
0.136037215861988
0.164781185692135
0.19180158846604
0.19344582699062
0.132109806055933
0.192459350981272
0.191696847701353
0.125880473474739
0.170197058308632
0.164059979307694
0.150901667782072
0.189085736114131
0.205709551824057
0.153156398986921
0.189146607112439
0.193730676538381
0.195029708751913
0.160948976571325
0.187098963066346
0.20121251425843
0.168968658574919
0.214185744304685
0.187893996861137
0.182183333196185
0.157827391855553
0.179429845470105
0.183245370962121
0.148348140927583
0.177459130280877
0.192532776630745
0.169115894357732
0.17480277143734
0.174899563175393
0.145876060145594
0.16491701139661
0.150511664177224
0.169283881922168
0.183128340493202
0.225717456850144
0.211655148533489
0.184502931396997
0.168586740580838
0.182755448457597
0.19166512912808
0.182026745658603
0.194131045393081
0.175089902254174
0.144833772883148
0.149606733335726
0.162798088205056
0.176005742195923
0.171470200753963
0.192035593428434
0.197610782309712
0.142056041400827
0.18630992421109
0.181891082961657
0.132090073211846
0.169411360223912
0.16902079219317
0.156408891804156
0.15610167189906
0.170221003102988
0.182230581242024
0.172597161120731
0.15566617278192
0.139420734874623
0.150123145048877
0.160796270309442
0.165417213232842
0.185595202826816
0.207566808081114
0.156820465827182
0.149113981020195
0.177857005718623
0.201035804835022
0.195310952779017
0.177744815347611
0.16299779990959
0.188641063320067
0.185725687344424
0.196701164640961
0.169003753322228
0.164822912425086
0.180528912897903
0.16950931661368
0.1955389060842
0.192807912506672
0.158195792766832
0.189723924211593
0.15640444867326
0.160460277907164
0.173435358710936
0.230789738983928
0.194308856738804
0.161969534076857
0.169583165679975
0.225028629459769
0.191745462631146
0.177262337270679
0.195483774679195
0.177645301826852
0.14094687646268
0.164437123080492
0.164877727561008
0.196708543799937
0.17186893694149
0.202523114183006
0.157350394922486
0.181472745598464
0.185114721825706
0.193392834606512
0.164729680703204
0.193809880713347
0.141807105979177
0.207388954174927
0.150674758998216
0.178388996929275
0.18943791890673
0.1537965926515
0.204544244633061
0.177234985142283
0.189120602272073
0.18982290147395
0.140321123415554
0.196879940177809
0.212522144610192
0.213084035792874
0.169687737913056
0.192650292347776
0.179932772003421
0.178970084528133
0.20816977651314
0.172358979879072
0.194026630598429
0.197684758391284
0.193590142424933
0.188809144213481
0.199971343639079
0.183803343977182
0.162433309465538
0.185707140703491
0.171041341389503
0.185809489788779
0.174856042083991
0.194336687602396
0.192749162960727
0.160188974289271
0.189334706616137
0.147573279340308
0.213624806638517
0.169416257282218
0.179656456208779
0.204427259827992
0.183169946912251
0.154204681834905
0.132437202525281
0.168791881353154
0.228565301946567
0.182044584059761
0.148679889154048
0.161499887733513
0.185697770876494
0.161490290716453
0.196134837744609
0.180530042110311
0.159859762703512
0.222991303598702
0.204343805934408
0.158920774371461
0.160680567027129
0.147718309739792
0.155446286696861
0.176163821851519
0.155008391058951
0.193483092394129
0.210219744928351
0.21264386141162
0.166428341792865
0.154787837434918
0.191605703722192
0.169476577680271
0.142021008318011
0.197553052909344
0.186264128344273
0.176545389622999
0.184963380707807
0.192165581115035
0.166216392063164
0.203959502331876
0.233963535680654
0.195826337464474
0.18255763815334
0.204311002508876
0.13128135844836
0.204117501374939
0.203865610612014
0.19230335163292
0.166235221925447
0.174208727606814
0.149231209654741
0.19514209052127
0.122078035426406
0.177871516672104
0.158982479792324
0.231581504843955
0.184096521351657
0.191869745459337
0.187152014118003
0.156097507764873
0.187450174934751
0.172072277167084
0.127171119548156
0.131683721075206
0.180489817307501
0.220554911107774
0.205356291507119
0.168358942842902
0.170665835999042
0.156986699017791
0.193574413767587
0.204863518672314
0.189545686376411
0.187420509115709
0.178800357028518
0.225682414090124
0.154968672980956
0.178628570920814
0.199134794475557
0.18250320748774
0.147150665191351
0.212084838591964
0.196430149648448
0.172182765027746
0.229500834670498
0.163205017939264
0.163291103433506
0.181926690132095
0.158659295377898
0.181505487715509
0.208598279750937
0.15644266411655
0.190827408563837
0.174952258890312
0.134091778352734
0.179451105553138
0.159593631160635
0.148364397925021
0.175487190113892
0.178059011953195
0.149037462319997
0.190670074491747
0.179331590242892
0.150627769933672
0.166560915720334
0.184730694618921
0.18176478806068
0.187349240255054
0.168097017969326
0.173401308111632
0.151377649340467
0.144045271654156
0.173437678295864
0.202147230094588
0.177387365324056
0.207759771673781
0.149631691504789
0.182848485986534
0.191015220825085
0.169785456487312
0.178094314676528
0.144953691897098
0.152713015331446
0.182997708656612
0.175138534975908
0.201725617021632
0.198845756980327
0.165897009954994
0.190105346744876
0.193592334098289
0.203641257752514
0.179535587158155
0.168181308782484
0.177155237712606
0.166418972749339
0.221592609957662
0.166575185467977
0.186224275578439
0.17981036525251
0.142631039305109
0.20994486429158
0.143114156856844
0.205075486964542
0.17965505047783
0.186152702664895
0.193848774107355
0.167053486787205
0.121707675704291
0.183890986355602
0.206743362552756
0.175316379090014
0.185679817036715
0.164480174056319
0.158077580142766
0.163121564119349
0.182670026496568
0.180667212143621
0.138053239671861
0.168162335865448
0.166981443711207
0.192580174613757
0.170522969387769
0.215437309162296
0.187923480233564
0.197232805842464
0.212268975307594
0.180249211209907
0.179026590253518
0.158161320596713
0.18856088478736
0.161506922353191
0.171392151771155
0.17031222983479
0.151271116110449
0.177106230117335
0.164823214852741
0.147628098148598
0.18517808578196
0.192222489880493
0.183595117211011
0.177130656091502
0.123450766732532
0.168878165734651
0.188005870470316
0.157579247838876
0.159875674203465
0.17889968701555
0.16440799414538
0.140513220410603
0.19066619648185
0.150024908019009
0.192706150986029
0.18038679892141
0.1923272451529
0.162298919405172
0.161266682499334
0.132557291423926
0.194594754945352
0.176527464846803
0.210561507055242
0.160313901961014
0.126513567230064
0.171766915488773
0.157226973043101
0.203705865944411
0.214435386231344
0.164534030875941
0.159043604488951
0.15002634164958
0.182624791463008
0.20204656659105
0.160014146175186
0.177539201907331
0.148318636631598
0.178693704016138
0.18533633539046
0.15412041814369
0.200791606672724
0.217597219865703
0.245117847872189
0.137910398106984
0.180430879721695
0.171997902148104
0.16348016222482
0.173169266539617
0.217890343234839
0.193540978445727
0.192523523044613
0.16414884643485
0.193463860077126
0.209543412322377
0.20172387937384
0.198866914049962
0.188031774035631
0.159759609271084
0.16205173757501
0.188064382355599
0.171094308724673
0.204385998453695
0.205005362344031
0.138107188262677
0.190060568698373
0.185069137773713
0.168887104266243
0.161571999401638
0.193345865800124
0.180517143988995
0.176637640401573
0.147195655881735
0.194659551105219
0.138860357387556
0.174720779846821
0.165519845751164
0.174396859643289
0.196809229848855
0.174858752372234
0.193521215410866
0.203979297775687
0.186219385625802
0.185628361606752
0.194147055702299
0.150278770858897
0.167986814939641
0.17400939672984
0.176856790658682
0.177874689883857
0.165947262623777
0.1808062932741
0.204743687697261
0.180945358546294
0.186343611247063
0.253170589299395
0.185424850439987
0.179577848876472
0.186641269781042
0.136578728676153
0.183888543247784
0.188136363413518
0.206523061178313
0.149876660320861
0.164962954242486
0.200417394304101
0.181462096155852
0.185708264488022
0.218534156537848
0.169414986039539
0.198618761442142
0.176664959330475
0.215961414658184
0.18454563904954
0.177179774819199
0.176530922308426
0.208098846116394
0.200625254340103
0.159871883373566
0.190380232311525
0.200174274101376
0.192966895697622
0.173541023845432
0.183113408366998
0.179809826180599
0.171892567628014
0.206528260639487
0.182849693005237
0.168402694038293
0.199925241228897
0.183414343736056
0.208503464187757
0.206241349045177
0.217398445342353
0.21712907630647
0.227080079994786
0.214449724778349
0.160834619190419
0.174805568272534
0.214354471473713
0.228673503286962
0.186803841812367
0.166892956568099
0.14364550952376
0.195554372580757
0.20884562922136
0.214493418027807
0.189374931199486
0.180973298423185
0.185600395651445
0.188962972728166
0.154589591226982
0.184031381037066
0.188670921009718
0.178153646371102
0.22967935082243
0.215344416857007
0.219424741240082
0.189821254573086
0.200554655258063
0.211786409579559
0.192589268207175
0.183021471856142
0.180793460486787
0.188358915566125
0.174957157601557
0.211758436817484
0.211147501077727
0.208662804733608
0.202286815745853
0.16089882604588
0.145786621985788
0.162330842408498
0.161582045759709
0.224795747176898
0.169088815707135
0.219830622067233
0.206170791714234
0.136862001333148
0.172514291993662
0.14479674098138
0.155257508861277
0.191443949258572
0.186183246636441
0.173093985359483
0.155931948039569
0.21100689922372
0.163016747544517
0.213891638594451
0.194615542714852
0.21032545684152
0.201463119226244
0.247729466858294
0.174929891963449
0.190386166274231
0.184783008051092
0.160728441553942
0.164577298765634
0.162233938279107
0.141266011616393
0.180326070525561
0.174652101565067
0.149282050682001
0.184968897702682
0.189056809532656
0.194674695900731
0.15349239840071
0.162405353997855
0.155427187486535
0.202243742275446
0.170205176215291
0.201203205799544
0.173285244410507
0.157035086992375
0.169292396543254
0.178009724615245
0.183351437016346
0.208255991000706
0.148687983197553
0.180353262832242
0.135575782648271
0.203500433377388
0.167607439326394
0.195872517415417
0.16153443402963
0.185792558595506
0.173226876933463
0.186738927434221
0.188742026327627
0.173308317325637
0.203875576711078
0.205449582480502
0.184870782364984
0.16452697469757
0.198370902995228
0.142840407876167
0.165045340094953
0.176756480258572
0.240998076532863
0.213555293444626
0.176516577676009
0.147286369702204
0.149086685415038
0.175054780000041
0.178672442473656
0.167912860980453
0.178166330336993
0.201617903707538
0.199846680171774
0.162925768245087
0.132100760143917
0.141209017050454
0.184769326761453
0.189978811677184
0.210417170828483
0.231504639862883
0.155515987592255
0.170027491165488
0.173555906863166
0.185476614724755
0.180315188918145
0.202752987424528
0.169765304778293
0.197658920797956
0.193338428611464
0.190857855770421
0.17766510682968
0.184532263191022
0.189359341616116
0.150920178321885
0.172538475360128
0.18281217067485
0.185159146321942
0.169865121288773
0.19088404979353
0.181229376840303
0.226499455352169
0.193810185600745
0.170322547590765
0.211659730996235
0.205700377099411
0.157677277910191
0.18203802059921
0.167365801289538
0.185954951410393
0.174375332426272
0.177571342414503
0.198470996183585
0.183693669640211
0.167453814925966
0.199697642173194
0.17461088463838
0.17443277161333
0.165099380790416
0.185732216407728
0.155302616494892
0.177810104769141
0.209357195270834
0.182263932346835
0.213596332545853
0.213616626252168
0.188466705724973
0.21034396679992
0.175157748626107
0.212588106815731
0.19847343404245
0.207439699584797
0.192602839087652
0.19260200783777
0.16347444961464
0.131936019334416
0.173760951895974
0.193845915003554
0.193254760103575
0.18770064056444
0.154466436299502
0.165644985618703
0.196249306465435
0.135104505043019
0.158784437969431
0.135872968858726
0.191992299173244
0.203311527323239
0.186260509321294
0.167539776030103
0.181800843176726
0.192500838494942
0.199845398806181
0.133096705872604
0.171920661260846
0.141200187985677
0.2135459575977
0.188550969705903
0.131960361305254
0.177503788769474
0.214655569277506
0.133475038464597
0.189952460751564
0.173754965159628
0.164974113065684
0.167878173910263
0.186477321919668
0.223321874258197
0.172655951268683
0.189924924660341
0.14036131690227
0.177973072194111
0.152592157199346
0.182565551436534
0.181404134042494
0.137978464488795
0.18027367287932
0.147318096261382
0.158667651896226
0.189004042794379
0.152586279323692
0.148491292357128
0.159865933050215
0.18635835618641
0.168449162174582
0.156076124324053
0.155022665554196
0.175083259214789
0.215396779974934
0.146564082353323
0.146309125191536
0.170520979304844
0.175869262539643
0.142118180117923
0.163029292960662
0.168868868571417
0.160325840970632
0.167684331077809
0.156214916382152
0.130079381356689
0.182357288096082
0.155869142021903
0.162415325399026
0.172844389576084
0.149717084896741
0.182335104184136
0.189114655183588
0.142890866932404
0.147817489334666
0.187058938724561
0.184040829097825
0.132869458369746
0.197962418254991
0.162360787669324
0.15926740724501
0.176731502408381
0.169205600349227
0.209457514073011
0.164114856694305
0.175773937756223
0.161879902605834
0.155966166420532
0.178562892845196
0.156645649721308
0.168213477880377
0.155890943909714
0.164335089599685
0.163391122296899
0.192594833992218
0.195696359482126
0.17837056296158
0.19422318347224
0.14772695466297
0.195017433509277
0.202554468756679
0.164369622105351
0.214877634633715
0.230395130054526
0.195693944819408
0.223049150815164
0.170498021476362
0.180208772815497
0.205253654042167
0.155036344843494
0.183746923970668
0.162818520449723
0.148401630133206
0.142318722595003
0.168181724074606
0.196807279170204
0.193525018897965
0.179066970531128
0.165487413552165
0.211978008235993
0.211807051744384
0.185450570216229
0.181820851322367
0.229303529173258
0.161185944349886
0.186746888926083
0.178810262809889
0.17707308805429
0.204035111869323
0.167143097289127
0.145398376980002
0.136946517187556
0.111451789378962
0.193730369905822
0.161907733527649
0.213874524878067
0.20147872259225
0.18909389493446
0.226351040204502
0.213162309847439
0.215916590196009
0.218164982738397
0.178200458622592
0.257727671385253
0.222665166307445
0.201664421675009
0.199022762703569
0.190971144591388
0.166452020794536
0.181477773095572
0.215438432466092
0.221280104547804
0.20319097392366
0.176745659671285
0.218124166357434
0.163960861793772
0.14334636032455
0.211395359419635
0.207169598416015
0.216200312172178
0.192371845498496
0.200972480093586
0.163725527818665
0.156929934334456
0.199747251646999
0.212365952702189
0.169853194921383
0.171989650498206
0.175650053362189
0.183050305064961
0.207238392573808
0.149506787448828
0.186622825311478
0.176807360542068
0.181435541890009
0.18822809610127
0.215840119660863
0.165243384316805
0.18033777683149
0.14479168965581
0.18363481351705
0.17010329996824
0.199855348511071
0.203383263126653
0.203774332760284
0.181743408679336
0.197779655763063
0.173128552101791
0.204198312708592
0.173738924345196
0.183735457393728
0.156134547079337
0.184057814208875
0.186376268501642
0.225516455237379
0.109431696476188
0.156998158050356
0.201130110508228
0.198868181899285
0.207766034147482
0.181462816090964
0.210533499652091
0.181113100375006
0.168191072312663
0.161989808021687
0.180403477520311
0.169626619166709
0.180617173332128
0.204259743071558
0.153836086677928
0.136265524452716
0.162027530201333
0.135151957352717
0.166392220134378
0.19366466760093
0.155225770666583
0.12118748277981
0.1446637380524
0.196108107760684
0.149764260112052
0.164898792207109
0.221146686809872
0.178360517286126
0.182664922838877
0.186583377118748
0.17085925910504
0.198435065999665
0.237573681025452
0.221132315244927
0.21513789243544
0.225954441730412
0.179086338914596
0.221411081993651
0.209150784071254
0.211882140637667
0.190855003276472
0.24058024042184
0.188686334229302
0.229594029512717
0.188181525731792
0.151762965289713
0.17805788603143
0.185777376623
0.217354288981141
0.202170674159451
0.174782021408715
0.156770372199689
0.243725782873508
0.177022861007809
0.195610281510985
0.150970711452647
0.135640722267716
0.199843289822248
0.186964307531551
0.169320674223274
0.142333014644076
0.199484403876784
0.157702348084129
0.169474699208092
0.211314383846857
0.188740328310867
0.189884910562411
0.141713992367107
0.167871823609428
0.150496845521001
0.183502421514854
0.187422610285909
0.185461941917508
0.187913849232313
0.138018883548954
0.173553702132142
0.178681274418846
0.205058443736721
0.195919725160971
0.22112318940385
0.135749108632383
0.148990662964304
0.135458735239659
0.170498235760058
0.17785678460416
0.181263177853736
0.203897901798886
0.177636056686682
0.203885123898464
0.137352934536606
0.137447101600593
0.170194006108928
0.190040045408438
0.175889314219139
0.218244132046258
0.214691267779786
0.181322678493791
0.231324267423807
0.177800159045914
0.210837956311911
0.178883895127377
0.163804010813106
0.185369255908182
0.196875006353146
0.175949273838268
0.20067642380249
0.206353353715344
0.158635671691819
0.178971105999375
0.190756847779197
0.135404974787361
0.174559877642314
0.199482473675215
0.169366489355451
0.191883591436372
0.182720712586996
0.173539630996513
0.19036455790966
0.176421353062503
0.166106183081354
0.185988066520333
0.156940197278545
0.216907925758762
0.188778786196701
0.125181454363383
0.182740521767354
0.125182576322356
0.183984966577369
0.204667472332691
0.18710325675743
0.218930978677305
0.13737414769035
0.159701431730162
0.185762036744749
0.165458011147321
