0.17
0.146181754544528
0.098826084016119
0.124738898856257
0.0916183302149659
0.100227700792223
0.170672574725799
0.126432279889344
0.141903678149498
0.100972856559662
0.127762273718444
0.0974914571549086
0.147896197866268
0.119630729812591
0.0905054837685269
0.11502645848537
0.133310209687857
0.0897044405788672
0.100501856603942
0.086281455267984
0.1014662569787
0.122613524173164
0.0946943367508805
0.0932708577797089
0.0841413047897738
0.116799088314194
0.132282594118845
0.0846801993421207
0.0743611863053386
0.112794991417118
0.133743952423412
0.0921257314348429
0.0738830902771777
0.0856518314037473
0.097803995558696
0.0649164522290837
0.116771144077601
0.0997501163559809
0.084498728273219
0.107836558560902
0.0762442331150132
0.113785540862429
0.13988772204961
0.095657033972653
0.186334502968281
0.144061303716473
0.143392451074762
0.101472350996516
0.0999060282211279
0.104635183023519
0.136181581735969
0.127200348563923
0.124393664544633
0.121187565432626
0.12846063134673
0.0977021567561923
0.0769090830818388
0.0818147950675972
0.102193179815076
0.11451187487335
0.101635828263897
0.0946711818878803
0.0739090651850637
0.070827874546341
0.0545870119976266
0.0595425814753661
0.0966033577499174
0.0618099902768749
0.0960130413760101
0.1115175031843
0.117739353135004
0.117390947954846
0.0966014025836021
0.113712797413793
0.100948493402517
0.0739810723361824
0.0944772500630001
0.100801530719188
0.0932127671303723
0.0842806916002132
0.0999321126658076
0.104585338916121
0.0742556691618209
0.0913827470910319
0.0926444915460266
0.111743444599983
0.105235999726638
0.0877498330600958
0.119775581687266
0.107406787765755
0.0854500148619937
0.118200222360768
0.122068396406501
0.131499361682773
0.111054237269641
0.0931043200074364
0.0861425732522273
0.0967419759597744
0.0805565174348284
0.111774598742553
0.0982180341421921
0.111913542199615
0.0764475213750422
0.0949783158048769
0.0903501598021711
0.0754354284240927
0.0897346013525591
0.121932986249199
0.0872566511612484
0.105541322250309
0.1292898318027
0.0869591837063738
0.114518605445172
0.124694810883843
0.100891675916503
0.108091249658498
0.107801534365156
0.096815486576851
0.0829934913921436
0.156612026280848
0.126511581676282
0.149433536051973
0.0683217207923918
0.0672918669000372
0.0804318510897147
0.103628301345579
0.138893973705818
0.111270370982162
0.141082215853583
0.103161923513058
0.110001749651814
0.0743613398915588
0.116814789015021
0.0821295872753598
0.103284556738802
0.103668542353649
0.128486671001476
0.105337866601389
0.0955515232891247
0.120746100043918
0.102406082433856
0.118194929736222
0.0857441840987834
0.118953708995901
0.0929794888382123
0.0746771706348933
0.128711872204923
0.105321790538212
0.081293122718024
0.145379542657796
0.135583981188956
0.0908507982070249
0.157400013133093
0.0938698335372411
0.0774572575754124
0.113969673527397
0.0890740381109139
0.0809688259569601
0.0768930987404245
0.0855940392346225
0.132716721061635
0.105372574040916
0.158038941336457
0.116728172371712
0.105031370333966
0.076180262746823
0.0919863729355923
0.0910317979308896
0.0994522040513401
0.0828335667059831
0.0825209941190922
0.106277947094005
0.11558024149258
0.105233100108626
0.0766132682850264
0.105623189290668
0.079404857878001
0.115309218323202
0.151305237380063
0.0836106958246218
0.0685795063492658
0.076587973025676
0.0702585913121221
0.175375616884011
0.0990884345156372
0.0958321007752953
0.133231972111375
0.0955566699301905
0.0806778955629089
0.126198599617583
0.109555971802354
0.114355034959496
0.103599996301694
0.12636991213982
0.0840741181267013
0.0984213644521426
0.108418310712986
0.130346804240625
0.102211715237077
0.119179529316809
0.0829913307444785
0.137099915723745
0.0748109994484781
0.0731140451853051
0.088260633671055
0.108050153753492
0.0890283484169823
0.0849616031042979
0.112281928897457
0.0996598098498092
0.0830115158198015
0.078322642837815
0.0919080866430878
0.0890629151011999
0.0824131590144037
0.120313944942691
0.116420302950819
0.144943169910361
0.115338246593348
0.0972561095816526
0.127846542365365
0.104374935571816
0.104716176454424
0.0993931206184705
0.109559334704335
0.142412633257638
0.109494685519159
0.124507153482841
0.119189672797773
0.126555173533926
0.107592725230548
0.15098653437974
0.0832375222436283
0.114213977406476
0.132400952476563
0.094943725465417
0.112245059269822
0.126669846888083
0.128597997486577
0.0977182479165418
0.119615478382243
0.137091705813876
0.14345821662877
0.133801759010151
0.138188313416989
0.130759510396735
0.11954667367095
0.136147775151787
0.15658974878913
0.108531916814581
0.116587586443815
0.117656866431087
0.0976460988790293
0.182271122821412
0.113149272900494
0.0832685410156686
0.108747391121546
0.131686049602162
0.153855908463946
0.124698322546599
0.132648790497956
0.0906552114818098
0.121486878333603
0.0927762325988786
0.0911305182092857
0.123343849473997
0.106075127739248
0.12595681868924
0.116582462692978
0.111024260172905
0.122444937805556
0.0810031954852196
0.0920989682723692
0.102694501157021
0.150319974497937
0.115260111909197
0.0993245641609822
0.0779350356940513
0.116143721604375
0.0727252523773224
0.103603108039198
0.0832634012648509
0.112101629158306
0.14033525557356
0.120469713036771
0.111793133632168
0.104069924303818
0.119252031704008
0.102875885630334
0.124361861981266
0.13812672920792
0.136168173273245
0.119963754650765
0.100430014265191
0.0863148776230709
0.109818628984248
0.0826337943653358
0.0954777125156798
0.122574306636676
0.0975345470539225
0.11292019487005
0.0955397020285989
0.0923361458787573
0.0869613825475457
0.0998629689971702
0.100537069358485
0.103454985754721
0.114588780563607
0.129518236490573
0.114080872562127
0.162590986732728
0.0924521071182393
0.158906911060519
0.143269317035338
0.104955990034089
0.0815627399241897
0.107379576726453
0.0802591692802082
0.0976356638248518
0.0898307314093559
0.0782970076937319
0.0890291411349944
0.0752923218850293
0.0904107971484551
0.106539068034921
0.066050738035686
0.0944321844488445
0.101740969146576
0.119707346922287
0.0905554256137474
0.10336513941615
0.0666448124711799
0.0772134244150429
0.075160863140832
0.094060900405676
0.0889647703795217
0.09600515693706
0.113644291246345
0.0885299667587365
0.0758099781217948
0.0709398455227973
0.0823164389439936
0.0975783311500571
0.118521029123761
0.0914001445629998
0.119537433115195
0.0797637247992496
0.0752805307951453
0.0830600407949099
0.114531186504111
0.101765610335191
0.0968208512329083
0.116557419193274
0.121449255652405
0.155455573871104
0.163013425498731
0.0860743100746981
0.0825264550330516
0.0980786578624097
0.105499809754785
0.0985376485535188
0.12153251643972
0.117630822430725
0.0854358699081007
0.0850707046840505
0.0684890134820568
0.0750312564928029
0.111907803234775
0.079292307543848
0.0877269692825165
0.0844100358071899
0.144511535140606
0.142839165858057
0.115887238111904
0.0916985973135891
0.094641558028624
0.0725156979743014
0.0784828004107566
0.0640732778689324
0.107718753951757
0.0953611502711203
0.0996206843846536
0.113351251234181
0.0768672552184068
0.120282235155555
0.096298007449879
0.123552447535789
0.103559705874278
0.151793149374068
0.130157230302417
0.108856770837669
0.10448400377148
0.129220106440038
0.126596902474247
0.127799647497903
0.087531242963965
0.0844042104630596
0.0935929954944587
0.113164301300995
0.104714165476825
0.0814478806652846
0.0849647494098182
0.12239769971569
0.0827300075067553
0.0768464197278075
0.0669417660091752
0.0739937293815588
0.1283861927809
0.114313384545374
0.0971103995740305
0.104271737653745
0.0786718471862571
0.0734346014218492
0.0955801960907545
0.102004910736734
0.0850033897115371
0.119392888076037
0.11858412497344
0.10291726872874
0.139942559542058
0.0931607187877814
0.0822801497379988
0.0926882737778881
0.086187722245454
0.0850868430797922
0.116987674601631
0.125400181122174
0.108486338696962
0.0967693823211892
0.0914647811638575
0.0856152249545299
0.110528068959979
0.120853135028033
0.108998304253516
0.0756055169319747
0.121760322089652
0.0722947534772912
0.0951425330310126
0.0894823808486024
0.0924865356250769
0.151115635022748
0.0940309591901108
0.0764211524376731
0.064461561162885
0.0649815863209001
0.0685748790465604
0.10532725681441
0.0752038710362062
0.10605875140856
0.0971532334555251
0.118298284750067
0.140048420746821
0.114827918242235
0.0793754483464981
0.0750414210938898
0.108416105008726
0.104613135959744
0.126343466501528
0.0654625779784349
0.0724468238562176
0.096693331560196
0.11716082738752
0.0877916395046399
0.0648926175112273
0.0639471824732748
0.0691132161739754
0.106697852367396
0.0695723533123048
0.106581346883678
0.0746710176651708
0.0784136304503143
0.107156459205964
0.096438864729471
0.0691147467105669
0.0874372647121743
0.0833907225025973
0.116187502714445
0.109368551836662
0.142690414030812
0.0847083770765436
0.117325562129917
0.0794343837267286
0.114569328150855
0.0932666329488212
0.0862127805402441
0.131311939943371
0.102971082135839
0.0799563227289791
0.0877344018376592
0.112863046581096
0.0860765384421308
0.0698132494032565
0.0830606201915614
0.101837277408119
0.120313306914987
0.0963086067894882
0.114432491119704
0.101094409617859
0.103798574514961
0.100802235492118
0.108329027599862
0.101300960384519
0.0738159762632993
0.0748353763199487
0.0720306034296886
0.0941466088552238
0.0885098637102034
0.090662896955453
0.0853043971542581
0.076302110458931
0.0890753052269372
0.133576747486689
0.115393408471563
0.0757266506959318
0.0995544144299186
0.134746028601555
0.111804693938176
0.112330906721789
0.124450438537582
0.139002846244259
0.181329030225975
0.119454711664724
0.178130925936363
0.127584899745745
0.143883125288251
0.064540545986802
0.0660933062307693
0.0775221025446817
0.113174595253643
0.113847855058628
0.130609130809236
0.102143818710098
0.0713759806267447
0.124026634638129
0.135622204485776
0.106581679988277
0.100702745851882
0.123298055916838
0.108227408190366
0.117547564927311
0.103016770627683
0.106914415981874
0.137045650024167
0.122743611889986
0.134764832188385
0.0803316523399159
0.0778039468907183
0.0899644136036144
0.125032461887325
0.102947861453059
0.0665317443027653
0.142824690327248
0.109120246396797
0.0911465338707076
0.0780064935269347
0.0847965926911645
0.0745372986611264
0.123939343376744
0.0761368542765407
0.113705558396112
0.0834468619736884
0.0862376846924104
0.153024511627575
0.107483576376907
0.10642714011949
0.0960937960555905
0.0907894459120309
0.124895686202033
0.118586563553364
0.117577385850827
0.142135180105073
0.101920737797892
0.124948502279704
0.116162216188079
0.087952453334175
0.143455344907196
0.104846606565246
0.129424550509863
0.105264731788264
0.0789158607370608
0.0650453016302781
0.104647102399766
0.0915511722831785
0.0871497389032277
0.108758258810973
0.0800095455976076
0.107179043015319
0.114966020411691
0.0987905941039588
0.0993603034130903
0.129287478644972
0.0991735242204007
0.11729455359482
0.0909336578181709
0.10772378139609
0.132269771604328
0.107037259739203
0.0964545157869342
0.0882144631001177
0.0920469917080346
0.153115029435573
0.0954053481992194
0.0755831637048174
0.0909455445869339
0.065527071357127
0.084159562344104
0.0728433934552595
0.10345773391592
0.104359467322803
0.0914737431700801
0.110981879967471
0.123544327420153
0.119517489939854
0.10027745723315
0.130772139356984
0.158547814723041
0.124246942561525
0.0918860666410692
0.101115692402157
0.122287179826492
0.128219942834086
0.124901147940791
0.0875364310595353
0.149189893298497
0.112437709077169
0.106181922618379
0.113974159729427
0.119992393629759
0.122734378120978
0.119959112611601
0.0879402647339546
0.078945057129866
0.0632623967050057
0.0621153648191862
0.0632120051771816
0.089815249788178
0.113994963438404
0.117409884061648
0.111190903861121
0.066058062813231
0.092879950727849
0.11504410737212
0.107177366615642
0.0960115139169621
0.123648183176877
0.120079797947656
0.17580933667501
0.128402208723005
0.104689932174921
0.107984535490625
0.0846537682950874
0.078852085719526
0.0814496542859919
0.121360434767325
0.103446456002011
0.106282340261778
0.0942365820649679
0.104463541203834
0.102827400062139
0.100511205086293
0.109100493340314
0.119077246963797
0.0950761432575661
0.134593204558939
0.0924853116767102
0.109278163782558
0.139303447949596
0.0766273974645419
0.10702519698655
0.127205480579097
0.0953740423128528
0.150222256917735
0.134240276385755
0.107635876711421
0.0935623665949669
0.119851798148646
0.0909710419647956
0.103528083027511
0.112594980392029
0.0986982522158435
0.112863281778716
0.128959442297015
0.0957022997406666
0.109120890187125
0.085640098431346
0.0766778142539884
0.0920191937628404
0.0867939704322614
0.085849568784217
0.10401057665324
0.103709581824084
0.102136169995602
0.10515993188628
0.0636240806906543
0.0715699285506216
0.0957084440661184
0.0799596883949802
0.0781058604878077
0.156236759516846
0.0994473182991168
0.102112222601062
0.146622102325675
0.108009269075222
0.0933041578019938
0.0757241183454313
0.0828761661693805
0.0716436623359645
0.15463027426969
0.107074150279108
0.0967294931464548
0.0789145733098164
0.103879397336934
0.0915107552677259
0.0885687052437492
0.0820869663172494
0.0959548310635283
0.12636074635807
0.102233394342868
0.142658003895808
0.104248302932642
0.128425950065514
0.097029183628226
0.0958167497594697
0.0994596057327857
0.167182781964456
0.0857740260190141
0.104427226414768
0.0912723454461827
0.122613545433164
0.12166975377955
0.101789297165051
0.0857915239509423
0.077496182948855
0.0798376228712178
0.0981229570901434
0.0897088994355399
0.134492256350768
0.102387064394548
0.160935815577998
0.10995686131042
0.0818153016184188
0.0772927334236467
0.0784865737211055
0.147061719783902
0.117021578468707
0.142422748462316
0.0921481244061131
0.108526270161587
0.119936947037159
0.0820898965512835
0.0884308171583308
0.0991074429898991
0.11158005483424
0.0876428848710316
0.0871352583073407
0.102772805974226
0.123603282545616
0.139064275975589
0.0859189938941888
0.0783841683949047
0.0857217307222853
0.0976978720993506
0.116890180983056
0.0782641779192833
0.107647859783266
0.0746000198940313
0.0729751461806885
0.09746828774947
0.0853771342836292
0.0965434256139345
0.114350369260028
0.0860551452024568
0.100384717823775
0.106303991523521
0.0824162470718015
0.100795891728195
0.120694357594382
0.113274508599695
0.119809723980764
0.113757042106643
0.0712199623023938
0.062100082879499
0.0959074032431095
0.101290395043267
0.0833968443330101
0.111532713728578
0.0900414655963491
0.120172864581589
0.136859847232355
0.107365815621276
0.100267464651433
0.100086735945321
0.0962236606987376
0.104350838804486
0.108400656508353
0.0818602291222498
0.0990130844572688
0.0783363283515789
0.0691255182554565
0.0905055672112962
0.121190843490092
0.146368682418044
0.1013049171029
0.0794430152015613
0.122767120596818
0.104486498309533
0.0957409388181411
0.089261099461758
0.084961993297035
0.105760864792763
0.0843149348107584
0.164038031009817
0.106110207807693
0.169591228810519
0.126152206607635
0.134044733690998
0.129830601104492
0.0857079575733665
0.0715671902434162
0.11395643922942
0.105788917683207
0.0893093012886583
0.102483191149714
0.142973238710375
0.110985151865211
0.0891189151015897
0.0720121630356759
0.134473621181477
0.101167184234598
0.0904736197706107
0.0754061325950417
0.110372161679678
0.103365315714749
0.138245975895317
0.123621324411546
0.0864214155387747
0.0728178540473715
0.0785989085683074
0.101463176603951
0.0925166432291298
0.166019784565353
0.0730024203772154
0.0688652816681492
0.0884173960074775
0.0747231687684059
0.0806108391980199
0.109840059520701
0.0695451518609726
0.0646684777462178
0.11326686596615
0.0929132307867123
0.127574726692811
0.0682002554301741
0.115341122555482
0.0972364696919431
0.143066758243083
0.077201175959406
0.129750151188189
0.100340414292998
0.0820683923893042
0.0928721984386196
0.084876433647776
0.110608425142336
0.103450675299388
0.127394464915333
0.161215551222129
0.0732225137317325
0.109813945838748
0.0584962179732777
0.079744131267908
0.0826581685276446
0.0959141643270399
0.0929364029544563
0.085986165419358
0.100851013716623
0.113086991170011
0.0884584653624206
0.118040702038739
0.135177922406426
0.0878708940524354
0.084768430191717
0.0947501885249219
0.0755246791279989
0.149790293818763
0.130883512657868
0.111668332677233
0.147484192425347
0.129795615865948
0.0806980071307214
0.106525056662211
0.112416764388959
0.0758453072698406
0.0936024347017457
0.0869738505153683
0.104334975895218
0.0824765123633274
0.0994111766757104
0.116639360656113
0.0914767472741054
0.0993568892973874
0.088514216258467
0.100857438955083
0.1141237424407
0.113171682163238
0.091012259204512
0.124849026006351
0.195609788966713
0.100709000348557
0.154708542636615
0.114532803927436
0.111648560892417
0.0898433265330005
0.149048289145075
0.101044285108899
0.102550932263421
0.0978406315465912
0.0844663608535154
0.0868645763718251
0.0751099741496448
0.0639181550651717
0.0822642149694973
0.0656591467496379
0.102646283792398
0.111088583642449
0.0820942635137401
0.103293246071663
0.105552621875368
0.121528616874943
0.0945337169216532
0.105590836994357
0.0817715589907989
0.100045510567494
0.0712821170643264
0.0685310229511367
0.0747082299700268
0.101511110235488
0.0759609245728818
0.0738827306650409
0.066311252104889
0.108241235844699
0.0915147548967584
0.0901275739740296
0.0744547030711467
0.135926015493982
0.123661223844507
0.107756374322321
0.104208865781234
0.0838939941014515
0.133418378383683
0.101068729868308
0.0962869375727706
0.104475991372569
0.0997757688938846
0.121011230328241
0.124153007945872
0.0881540548132898
0.111328209765373
0.11016370698752
0.132452293628254
0.0687399912621391
0.107719720959934
0.11225326612732
0.098603560463867
0.120115004213939
0.11670363347347
0.161586005130981
0.0925405304861861
0.0773493810509557
0.0757829646580994
0.0990696189261286
0.150578117665862
0.114158373450548
0.118200712554859
0.0983663725480107
0.108851298471512
0.151705873031203
0.113982180633342
0.0913089845212199
0.0948445012050868
0.103419900058628
0.124629477590791
0.12711490524083
0.120428749994148
0.135648417279568
0.150414436993202
0.0924747909996571
0.093270741701827
0.118390645969663
0.0903247618347863
0.120926440109157
0.136096328506929
0.119476020786568
0.0933642933615007
0.110161138911004
0.114978717920227
0.121619975528618
0.0757213365103195
0.0894100159671973
0.0969740860845899
0.0815701826736578
0.149199829698083
0.166455440785637
0.146897120610438
0.122345495701291
0.0831597413194044
0.0917736398643262
0.0685434424483371
0.0961600521148624
0.0798079745167491
0.0733756967266121
0.0990343691383818
0.0907625239867974
0.0990418372028805
0.0945467547328513
0.0765973516271932
0.0735977443301264
0.0685075512658344
0.070408226178159
0.0973567910293844
0.0883458647014427
0.121371818966719
0.118570835104933
0.143988876259337
0.107111252734317
0.0991626678477696
0.0873419558770439
0.0879493511257784
0.105093537004994
0.130893958007893
0.101750827091201
0.0848418147163551
0.137791712710981
0.101695344808787
0.0899912801972387
0.12299077772942
0.0918433924210562
0.0738162845969643
0.109628824918013
0.0925887749825235
0.0822354237528159
0.0753795185854754
0.0931412996023836
0.0949936576334797
0.139417751936485
0.129202802656999
0.104009200112988
0.138410255856147
0.0839380757398232
0.0954864616143342
0.12402167509168
0.0984801590663714
0.0952824166619068
0.128572081624736
0.126415556503446
0.125928628645453
0.140823228167407
0.101527378597581
0.119422209941582
0.0918997970841642
0.125999033721502
0.105599152691268
0.102568571871696
0.0948610421009554
0.0800072883333244
0.11260353189882
0.0986335022771818
0.0910346648864683
0.0990940908872279
0.122354042333055
0.0945868865021028
0.163421692140948
0.114977306427671
0.149290291525762
0.133295635358481
0.126279304334604
0.0881460689740105
0.0949671143678063
0.0882830050726557
0.115328966333783
0.129837202990152
0.112860051646465
0.123864470282424
0.118379059674856
0.102501827058857
0.112936461724033
0.132364680099163
0.115534000448469
0.0953245097356403
0.126476028537479
0.0954864251696646
0.079388519024919
0.0884053601790619
0.143469341750395
0.131202465891574
0.100945916252451
0.0892840978166055
0.12705984200788
0.091618390350602
0.111470995113141
0.0800795074201281
0.111697668000136
0.109211766864254
0.132285868102818
0.129278602535705
0.131069762047362
0.075937450955176
0.0639198529791685
0.0564184500848489
0.0639536535323645
0.0760203372357167
0.0880855736122079
0.0896472789386801
0.109692654450581
0.096466086140243
0.0994159994261998
0.0776523252937675
0.0942700977255948
0.138560591043012
0.115772597802517
0.0997731149715645
0.108025596594371
0.0895726612855763
0.0905182320570804
0.122637842119701
0.0958963070481447
0.072999841456741
0.0695241345092846
0.073980982936364
0.0912344740196457
0.0640299993933492
0.0921371859489192
0.097299782639019
0.122183071829132
0.115578016122857
0.101410503637898
0.110902410307752
0.119023773723784
0.136509229675964
0.118446198510452
0.135340560678464
0.11143841670331
0.0840669875750179
0.121081769904169
0.108905724930126
0.0925069618246281
0.0662759083540867
0.122771942170196
0.114615965735231
0.100361369469306
0.126386314787546
0.106433500164631
0.112661246576645
0.0958124949712104
0.1452436065697
0.158163335417595
0.106824845192829
0.0723974826552601
0.0951111303689136
0.078937716546218
0.0785671326766427
0.0831899478419535
0.0794834008689083
0.100256018518535
0.113229007155258
0.0967484968270355
0.112969176900407
0.11653790875506
0.108925042477716
0.128159577882077
0.130053476118143
0.0861863231026982
0.0962319500630212
0.116535760938171
0.103011020541012
0.0830287130243428
0.0903884616531836
0.146961592264623
0.0884368647581919
0.102240042380275
0.106707593833454
0.0757046759071714
0.0985396205347113
0.117811131523627
0.106876326714169
0.11221677834159
0.144537184839043
0.13068492500406
0.0850177301804395
0.116136116283678
0.10823169478034
0.0987435215584711
0.101516710705772
0.137990486946822
0.106968117661463
0.0882286280801518
0.0859445962466545
0.10531862893295
0.130234795824923
0.115987078495724
0.131658407777739
0.101108670172428
0.104287636227747
0.119346380550315
0.132859339895273
0.111205871607735
0.0998130617459273
0.0947812029263424
0.077076413288711
0.110469839084054
0.102162195596728
0.0934772513565121
0.117451034022637
0.0999882931517793
0.103474213648254
0.0961115239222005
0.126614163265949
0.0901125952652603
0.0820975948006055
0.0752000225389627
0.0627295399861993
0.0612202025923974
0.0539718615891024
0.0529041755322481
0.075149229782411
0.0920398219804444
0.0920316710716053
0.0920815879374094
0.083818387564075
0.112186430146187
0.09287603747364
0.123234476078743
0.142998986002979
0.0907054630501963
0.10352439209791
0.113626023500905
0.125541374029244
0.112447973769786
0.0782927240855976
0.10803822342597
0.0905367625192594
0.111442374520326
0.104280960657417
0.132645882607004
0.0748312343159291
0.0786383852408088
0.117564605320947
0.0910549867360696
0.135284465148155
0.136372508600583
0.150260734017185
0.119783109739231
0.113064259037719
0.134165049341976
0.0861441074453494
0.0794380729441483
0.133334366027029
0.142662574840634
0.153160733247362
0.116149279897642
0.143990504743814
0.144836056219069
0.144134558538511
0.164696201502269
0.07875986490637
0.10801923133644
0.102146808579377
0.0822965055425036
0.08919500230991
0.135162225193224
0.108570604738849
0.0964657893866264
0.108004972663773
0.10919497673834
0.124899586651443
0.0970718544151107
0.102011410651116
0.0838651660048104
0.132234021121683
0.119262761973686
0.126885035692441
0.09906432227108
0.108509552612004
0.0857531061469294
0.112794070312082
0.0920000622375831
0.0965042638385221
0.0805279328595173
0.0947960514652426
0.0636993313697991
0.0793675987597216
0.113425016115989
0.109015146404133
0.129950192934733
0.100527222707688
0.091003552040683
0.114248969798748
0.0992289977066655
0.0820929838506787
0.0887011485333157
0.130528320272545
0.113978071482169
0.124841228283555
0.103941125563676
0.107633562549504
0.103200652003779
0.0944820926705742
0.110273093883676
0.0902650452835622
0.105116956946104
0.109954838887587
0.0988013373713598
0.11486371068836
0.0759178159987674
0.0995685237155613
0.0999686460543471
0.0956554945932945
0.134591239042156
0.101827018816769
0.126418859241107
0.087983433657751
0.134405398934566
0.142900969381679
0.139377496946979
0.117988934414282
0.13644070569398
0.0908825859501764
0.107318143205758
0.109855612630904
0.0736563187510954
0.0972445204568152
0.0720182851962714
0.0884096993042383
0.0676941731809389
0.0717292573503079
0.119034533060108
0.0932988813971902
0.0862993554782786
0.111233496822615
0.088632706016078
0.0836143298786648
0.0802209354920288
0.0893091766330227
0.1317324436458
0.0939732539479785
0.074060675687537
0.127030483298351
0.0785304179643068
0.0974435437381414
0.114267213802838
0.104190869580792
0.104796798777846
0.0667942432413084
0.10520600530443
0.0998507872702979
0.141140936388614
0.113783706303121
0.141134198640775
0.0921445366863472
0.111855312121422
0.113651167189557
0.108204358636173
0.0820183275011481
0.113135196366932
0.133728092728237
0.102153513350335
0.0963343704340063
0.102721689395479
0.0927963971792116
0.066656800772396
0.10206424035563
0.136644930688599
0.0978289344353573
0.13869828034852
0.104439681232031
0.122418646878842
0.0865326840672181
0.115331260824431
0.138892971024253
0.113309247695459
0.117258403914468
0.0874000685680212
0.070511388919891
0.12626375671952
0.10687112824718
0.102568187090152
0.0787104762161453
0.12043454051624
0.121060672017069
0.0941506719495287
0.0867559778178178
0.0939164342519732
0.10203966760733
0.0850561644873227
0.102111945827335
0.177937396787016
0.138621017940829
0.14132414134619
0.113183543844527
0.0961097174860422
0.105824505430136
0.0989198532670204
0.130197141741239
0.14316729141302
0.110030102420582
0.144358714976128
0.0991770030316935
0.0919224685404335
0.123292961156633
0.13773001332409
0.104475812272853
0.106162361644417
0.0892984389073962
0.160891377066637
0.11704516320538
0.136300928582981
0.0974185805477066
0.147770942770255
0.101700672400793
0.0939838541008698
0.127289231841832
0.118534345787948
0.143122625795461
0.123484533824988
0.096653348918733
0.144110069028738
0.150743760016708
0.172819918968307
0.106742617375018
0.136970151147395
0.134476055260848
0.0923308558469667
0.120947752638359
0.158240468809336
0.118641122621125
0.118314416508879
0.0790428643615203
0.0913367210652416
0.074201613221317
0.126259300390429
0.0939945868029623
0.0997016921985231
0.0854536261354072
0.131815036988742
0.107119081069724
0.085912764863865
0.133118103510533
0.132697671691874
0.10799892576653
0.133988720120839
0.150048615245853
0.142850810230191
0.0975613370574672
0.082602231486175
0.0932047069013764
0.132417850438175
0.117853489825677
0.121723484479345
0.0936611817547868
0.095454948417805
0.0988979268834602
0.0636101580367313
0.0925454277413132
0.0895333990954605
0.125482557967249
0.089021980354131
0.130695188946967
0.109132262020907
0.106815497604204
0.141814456519302
0.117649652815738
0.105817590615667
0.0971812591167342
0.0998975034251193
0.0819987334954988
0.0888350930499619
0.0859337821958959
0.132577227337225
0.088157724302573
0.0675284692005595
0.115628746586605
0.087734237813835
0.120878972854359
0.0991019315435492
0.109739759896668
0.165952953859424
0.0901283640192559
0.0784492555129124
0.146879638009939
0.110424763620258
0.148082766287314
0.101941365655073
0.0954254447285487
0.134855898916709
0.106250395902641
0.0982407906938861
0.0881526420748323
0.0677391936955204
0.150480127535265
0.0703608110778089
0.0821408139005543
0.0891835261680619
0.0800351423048768
0.0862328198994059
0.133303970032311
0.143616455888555
0.142462258225105
0.0807978052426016
0.117171998156
0.132124877526967
0.131119596951946
0.0945208671922515
0.156050466354294
0.0960797709822253
0.0866549862150885
0.098956949829548
0.152666630481423
0.0928841972714645
0.11716316805479
0.100143911715925
0.0963850835172582
0.0743837628874803
0.116133627294093
0.0807036093027949
0.131346837250383
0.0942185284792323
0.0875289417886505
0.108539149500253
0.103767656911851
0.0924019605080919
0.15621198518932
0.0920760942849235
0.0995637945243376
0.100262394537701
0.120328172317223
0.119838297931042
0.098457102160581
0.112256201054227
0.117844458091401
0.0893163064469496
0.0948601063431114
0.0817257084410514
0.0762419288916298
0.104617698248937
0.0725402674814074
0.14481680048924
0.121682449277903
0.103449006359485
0.112340861675184
0.111655694749771
0.131365568826651
0.121512985458963
0.10536928848582
0.105206496964428
0.0975436343436699
0.123106797864071
0.122037187635496
0.0806638374180632
0.091894438704449
0.0857852528239202
0.0758213227467644
0.102342179292371
0.0967073914782593
0.0836151539955272
0.0966922481840845
0.131384661947993
0.102187798389355
0.150985399168574
0.0717276660775824
0.0753023283777769
0.100527213916929
0.103107481735508
0.104821490003053
0.102508180806829
0.112380490266355
0.074646668005114
0.0759752140049806
0.122809997020258
0.0598678567429846
0.0807391283426404
0.145678113848382
0.111999649868363
0.106913433788821
0.0828426180528884
0.076719161011534
0.0895357163526474
0.0847323354068887
0.0683863470464886
0.0725334092534038
0.063921006083366
0.114713094995178
0.105257948379287
0.119682721092329
0.10276506855592
0.109444303370624
0.0872104778256099
0.0935836819029521
0.142764308498467
0.114707444839305
0.101142324045589
0.112440558722631
0.112376778427371
0.110996208995043
0.105328269354561
0.150412963866271
0.107514020882507
0.107694448883196
0.0914196673139923
0.106421535509415
0.108886571370176
0.106124196167993
0.153180149975359
0.105981904138938
0.113814044587646
0.065699100284776
0.0819414433779211
0.103565664712805
0.123981111677905
0.132065470865507
0.0675079447794159
0.0999920335441766
0.129337808686572
0.122951023889638
0.0874064852702643
0.128090723442507
0.134661322612966
0.085350166206879
0.0817349510999765
0.0772232773337095
0.092364419416221
0.0937235289113861
0.0908922691937367
0.116229603247733
0.0774826441628514
0.097041535259867
0.08691655285037
0.0803807178263384
0.123875575114681
0.0917942997942312
0.0713638848240974
0.110488269347782
0.104928634204768
0.0798334755889988
0.087862531144228
0.142008528223845
0.113315284735904
0.123068560725827
0.173774639321003
0.127353132555
0.111681788725992
0.0750253023435434
0.104209788371025
0.102039962394681
0.0789372930278687
0.134276084684361
0.11970763215343
0.0809761907212815
0.127429400290714
0.106249584452486
0.0959756600618409
0.101546640708972
0.109469260728138
0.0826858428325973
0.0787362896795969
0.133925158404334
0.0954916338202682
0.134509471060432
0.108578855071986
0.139236080670338
0.0835581466686854
0.0669513077803915
0.0922288828007269
0.0772684812363376
0.0919992050988125
0.128951045837338
0.116981627673685
0.0709773811732851
0.118742556657435
0.0758389119402486
0.0829610451612827
0.0673508638975117
0.0777078486247354
0.0645575379582896
0.0944041190705808
0.154553597573865
0.111004443433239
0.156188730807963
0.0983380892280974
0.104127397484962
0.140392084907735
0.122203367419803
0.100154217735591
0.107503339845205
0.0891835738598476
0.0984572164039442
0.129004426752515
0.0915610618333539
0.064401938309852
0.0694454641752318
0.0815953199991717
0.0900435040550737
0.0664571631050797
0.0881775439295374
0.085611673446295
0.0634237022355454
0.0769259345416028
0.0771740197817809
0.152493508616586
0.0823105331826996
0.10486267219138
0.0967258809947979
0.113326018477126
0.11911794611715
0.0949409541223812
0.0740922411617091
0.114332203867594
0.102234952494932
0.118444620268082
0.0960242665836464
0.0964445958583385
0.159210404389522
0.116591975296722
0.137834226871422
0.131361447064632
0.103457215785654
0.113307930444914
0.0920387220376615
0.137116112427663
0.141348585015847
0.112076489727423
0.0869177519409988
0.0800544751988824
0.0980844443773867
0.0943363558081224
0.0676938253594333
0.0893995156623852
0.0877610405969361
0.0898278232573557
0.0866793662732282
0.0943820933881746
0.114819247662447
0.0702596707157129
0.13409993034487
0.111481317330029
0.141217651284773
0.122436057708391
0.084773181755826
0.108747484771475
0.0799672225663938
0.0903748700409972
0.0869503677533029
0.0859433475848106
0.112024406150174
0.0949081374274392
0.0630674932151764
0.0712341633620151
0.082686210182848
0.074022941855487
0.085134227355994
0.0946491514676833
0.0737961775911691
0.11335834138368
0.147665826133416
0.0982913932921976
0.110057010944913
0.0697402484261496
0.0728549733613908
0.113201984795322
0.084389631513511
0.0954973165566957
0.101650148096699
0.0779793028191991
0.107408386423819
0.0870830109549572
0.128422452157312
0.138684164838202
0.101572609381889
0.118692939257628
0.116026827296549
0.107589156440013
0.0896950082252163
0.0782622577045055
0.0945046828481679
0.11811518514851
0.0761995712162776
0.0859586258281815
0.110702759235232
0.0998385693409909
0.0970908255366294
0.0565517110992055
0.0891529304236452
0.0809272172191175
0.121274425636055
0.109929464188192
0.0933404051034563
0.132256610089636
0.0917311062674115
0.107284926108114
0.101908991647225
0.115634638059751
0.0926371168202128
0.111504348105607
0.164557846387392
0.111542605676909
0.110080324288915
0.0879463825080697
0.0848505419467024
0.104266502785619
0.106830014261809
0.0902432223595843
0.107553559643141
0.109340542756921
0.124961638046855
0.133697388778104
0.100405572571023
0.108542506168247
0.0991381079026715
0.0847280210095718
0.0838687219361579
0.101404853078351
0.0825858728693764
0.0714321095785974
0.0642103035655315
0.0951958066328289
0.0954020170372953
0.112386599213672
0.13348476460104
0.11237966389696
0.0732629216593223
0.102604143419748
0.103173862121618
0.116022816870163
0.108732832597366
0.111587850970958
0.145892881677505
0.10161962078931
0.135131584671054
0.102001293058697
0.0966628089281757
0.0920608018928533
0.0734245278899089
0.132294789781514
0.121923698517945
0.106140946652243
0.110551986434415
0.0761036761719092
0.123423257241816
0.101192327040078
0.095723902260249
0.0644914454361249
0.082528528206359
0.121069269941655
0.164567252905167
0.111748986027086
0.115984092926352
0.164116088793844
0.117244048658164
0.0873914429978369
0.118986374068145
0.101123724691184
0.0858063346990258
0.0958276338578699
0.114575376129299
0.124014966592433
0.0812911506262943
0.145815232241548
0.137684873366828
0.121501238146505
0.0986141339661368
0.145153712182844
0.149970658389504
0.116904291045834
0.0775403098378142
0.0833929518964868
0.0964543215286298
0.10944029561819
0.100444126680072
0.114030727648077
0.11227332106144
0.129812351815151
0.0984990546656738
0.114658629289616
0.0728219588384918
0.0618266877125577
0.0697658771866168
0.101482569600906
0.121946010903866
0.0935020393608391
0.105266012656559
0.161105618687177
0.114077358624661
0.136776469166675
0.0987472840877941
0.115982997153041
0.11309424197462
0.123651562402977
0.0949432092743972
0.0956659002206468
0.0893188763582172
0.0866545627661695
0.100285251768585
0.102007911630528
0.106424842291217
0.125694553444238
0.0859301000778677
0.0826859223514599
0.132756213682815
0.106510496385124
0.107314831199663
0.0899814121850404
0.0985307481875617
0.144321144043697
0.0815469627428468
0.076153957726747
0.101573203738902
0.111819539241429
0.106315740796832
0.13835101663538
0.112937809260561
0.0871481143725699
0.0859431075263996
0.0831556684110642
0.0889958834121955
0.139428010921333
0.123848457113635
0.163104737675154
0.158814396146731
0.104920020927579
0.0887396306855566
0.0873138867434401
0.10322488112314
0.0912635788710878
0.0817577386362784
0.119299594316592
0.0822399267337842
0.106471194955646
0.127953398872766
0.097254506781998
0.100385059581611
0.0763509688808264
0.131489531653028
0.103064987479784
0.118098980177449
0.133817187284026
0.111914860553317
0.0749929490967564
0.0896515364531813
0.0690162093899065
0.094862082516684
0.0977451170408295
0.102583429459409
0.120629089954357
0.0887294558862707
0.103717908487211
0.0994323397893755
0.067831583656913
0.126989016555282
0.108934635145262
0.108704415369633
0.0812891312439439
0.187203246557388
0.145573734981929
0.0811927198140452
0.0792854251235613
0.123379887036384
0.0743631699643166
0.142562162474542
0.0967738689704242
0.0679000853801208
0.100317144356031
0.113098269425218
0.103328826641463
0.138695387589824
0.106793158192049
0.144845488207249
0.103340415866181
0.106853157685039
0.123309453835508
0.0896963032749295
0.098197194679568
0.118582265946747
0.111935001715309
0.106324803667854
0.115659828188962
0.0969941759669024
0.0790415012445648
0.0977639705708358
0.102959070785354
0.12459121547353
0.155107233992768
0.156614411524715
0.136236319470071
0.138838407218563
0.128496985604773
0.0824696893932121
0.0895944023886566
0.100891540406331
0.0854538698480771
0.100801234277321
0.101365687976882
0.159466682774815
0.129074623646744
0.118151562748134
0.0857353292589014
0.0692756047912472
0.0771588576799129
0.0598267231956549
0.0574701977921791
0.0886367067364891
0.0780353321636637
0.0877797834575747
0.0928731918744912
0.0855582864336742
0.0895275390000825
0.0952786099114461
0.134891873581709
0.159378708988244
0.0831201131808087
0.110943608174495
0.134429231338691
0.10604215715368
0.116144319022249
0.0934134959717426
0.123210051601985
0.129514531825378
0.112945919765423
0.0999292145517672
0.105307876032527
0.0993482152549477
0.0770330969112338
0.0655738153877027
0.0934896396430416
0.0592205039510141
0.12228388841872
0.113197733087655
0.0878947691081299
0.0956296263695325
0.122965695659218
0.141499944075147
0.0882417038963478
0.146066796228459
0.108123802663887
0.105622527630461
0.100679418435349
0.126186907235264
0.111018426531558
0.108438627685864
0.100414370240503
0.0847872304133242
0.116226384847856
0.105422249928421
0.140679022388656
0.107119958684054
0.113011596681537
0.104407777968771
0.102590029126278
0.131159186914747
0.13499497853816
0.120045873552274
0.112887981956627
0.0767708227709397
0.098598310083383
0.0690278302264562
0.0913898521122603
0.0823210324585536
0.0959490889158125
0.0748190814510978
0.0820140963999033
0.108742273998988
0.147857116310184
0.102245866810831
0.123994405489561
0.122662528219797
0.0970440528823829
0.093673649702987
0.072031494448817
0.0622405580212151
0.0939429148749784
0.123194598930011
0.105817602030076
0.118032683404569
0.110269068772003
0.0839322042334766
0.0939560457206355
0.0913120104916604
0.125251500495793
0.0939291832463887
0.140832423013206
0.0882301168432922
0.0985152135137554
0.0915790912052557
0.0888608667059311
0.0816594083272468
0.0904401600406594
0.0731667449032923
0.0799795062747179
0.0956912439590298
0.0944477809948998
0.0916954023270646
0.108481617548115
0.0813626744888891
0.141103309025245
0.140003088548724
0.15891952402858
0.0928989202885257
0.0901594693124448
0.0763250130534717
0.0900051367198073
0.141836765702638
0.0802881945628194
0.145593587890673
0.118750902923075
0.110125005967633
0.155284994665182
0.112853449955967
0.0856515306196935
0.110127241182474
0.134538444300392
0.0989444474165701
0.123530472134945
0.0888121639637805
0.0932423479280792
0.120380644092415
0.138450248599061
0.0800944170134258
0.081998037625439
0.101262783072137
0.133509919260787
0.138457643961596
0.106629618323803
0.141005525533297
0.09023052887391
0.12542420965065
0.106768868389466
0.120227842656783
0.109930884061155
0.154019193450199
0.101395804508363
0.0779159675427232
0.0764659221167364
0.100266412786304
0.101552816382532
0.0964522561051416
0.0675392096243258
0.137407593225084
0.093109438074467
0.0999899469650526
0.0840010348309886
0.105145820295412
0.119877569209346
0.138385804924416
0.0896917381063255
0.100236696166087
0.0850774304859174
0.083753421547393
0.0920398404721291
0.0953677629214645
0.146780771557522
0.140120219800245
0.118124607774696
0.110090895540562
0.0739958250971621
0.0651740268251744
0.062638276909766
0.0735753443438315
0.136170487165294
0.112910209626161
0.117960271441369
0.115054663463299
0.116382373674522
0.097539625302347
0.107569180626356
0.0877381526707544
0.0852510582884213
0.0940279069701183
0.118813507969632
0.131266389071017
0.0857212409793021
0.0921948441187781
0.074403509927116
0.0949039014670004
0.108720617347294
0.0964315617155449
0.123896067980753
0.113491124486489
0.149308619537546
0.0909518130154371
0.0703444174544403
0.0798814755461336
0.102363278630998
0.124474414449527
0.0872112134475559
0.0781852924472749
0.118917650327236
0.135002844786525
0.107802157948497
0.128843080199274
0.0820342815106617
0.136774463373255
0.0968065287444122
0.10808094545005
0.0800440782386887
0.114809045978423
0.134837845080692
0.105719222129665
0.102677928525589
0.0895429346665512
0.107260008233879
0.110757504207496
0.108778141706568
0.0871910735230094
0.0913619636487577
0.0860197730394296
0.0880202903240634
0.101508134382637
0.103469622911128
0.118786606019026
0.13284734335966
0.111650177227099
0.107352192607694
0.0835968568226532
0.0857436656703803
0.0746998977748
0.125510825358983
0.0672037374235255
0.0951896599480307
0.0889548323013674
0.159102999985406
0.0873942648144502
0.127600903167797
0.123714536367142
0.119057374912951
0.104069524045884
0.0934740197554956
0.09601651872194
0.13534586974755
0.121340421703538
0.116022451154685
0.135046634944753
0.0885408681563059
0.11635418635123
0.0847024566047269
0.100612410181751
0.0884964745577439
0.131075198140985
0.185539872415872
0.0916820487225348
0.0983352884864433
0.0874820290431605
0.110936156344732
0.0895283531088746
0.0795315211401668
0.108546805643796
0.120771151086166
0.0909202094900238
0.102651313301232
0.0862622291344206
0.103451896945292
0.119681992033931
0.117293094480281
0.119414045632183
0.113788219540908
0.0979107343761038
0.107693962803934
0.10249612527155
0.0919508288341639
0.0702883262417653
0.109726562489968
0.077768892576458
0.110748075665658
0.107227614271076
0.136796961693974
0.108159263446507
0.0926854665119408
0.0813646480183083
0.0848860162059853
0.0889809184386458
0.0852640993918108
0.163874797134553
0.171180447791743
0.0937912851994075
0.109778481200015
0.0895865481019305
0.0955847067805115
0.0786588161324546
0.134179653863298
0.110484776820199
0.060393110056937
0.107938227322935
0.0844279323423262
0.0894613247284775
0.113706915586261
0.0896473013288929
0.0907063418299568
0.0888085462833583
0.0890873649542297
0.0683674467088952
0.0840781129313913
0.110270675351957
0.0813787484027617
0.0897961971478987
0.0780866686746251
0.0892054636515926
0.100873122845208
0.0737024989038902
0.0822422702907041
0.0731852579058383
0.0998300301387562
0.110715755354899
0.0910300322977458
0.132283327828327
0.105128070039508
0.119554564018167
0.118735341119324
0.143856129265084
0.075573511320874
0.106353478077471
0.099400473773984
0.0874405223337918
0.125463630124346
0.0848678298344456
0.0972728394354813
0.105477389094176
0.0728035476927611
0.0817825853982585
0.0831133234751234
0.0664998835529724
0.0889404412745818
0.124386767643044
0.0792615521708553
0.125815893733499
0.0995805896227264
0.130674792676004
0.1189127744034
0.126251008908136
0.0927934062923119
0.144399793204539
0.139928958471852
0.187233453579728
0.122253411640616
0.10732345582788
0.137816216260041
0.146153216621856
0.138408436299776
0.171054455599802
0.087952200842662
0.0739260153930716
0.0987433412192648
0.0955722096373979
0.0935671441965078
0.0869395434697043
0.0805721126630474
0.0766869639992723
0.0996846195756509
0.10605494451665
0.125043325641937
0.0863765012627087
0.13296585206993
0.138731655599376
0.0901577421201087
0.10594170005027
0.121448684046117
0.120499465007074
0.0891878153541085
0.106385126169731
0.112473880531635
0.112689073875154
0.0850976242403025
0.110269857873679
0.088868747160754
0.108812712289641
0.0856059942387494
0.153858621749533
0.106509356468433
0.0990447243702054
0.109089144453954
0.0777035222102038
0.0842438693301546
0.0707182413283391
0.0900373762349923
0.107678188676227
0.082876378541754
0.113298458599046
0.149215932376009
0.103239077275077
0.111923426801343
0.106822788679656
0.132693414501676
0.101443339653816
0.0879769142889309
0.134555035708942
0.124492290134315
0.0900271326808785
0.0747439023966117
0.0944715015610765
0.125111589014646
0.121189290419721
0.0935875819231682
0.0986773290154628
0.0918014412547244
0.113020420036721
0.0922022144610665
0.0988994302392019
0.088403802580484
0.0806977308400998
0.0882389582649426
0.093536806137287
0.101652824428002
0.113592691668039
0.0978816003289739
0.103703874976543
0.130876092896619
0.135849894213151
0.108708263952954
0.12596707395093
0.094865646459179
0.09243123122681
0.105054581224033
0.116413519781083
0.107694767201591
0.100071939169949
0.111325655319752
0.141625251669876
0.0947307942606431
0.131200426838932
0.100509493160138
0.107926699909373
0.102342797532581
0.123295140162134
0.109281606070741
0.107820287419358
0.0825127527888193
0.0969917994234833
0.0938533510704779
0.0730127936111869
0.138475674760943
0.0939075924350766
0.102605585316349
0.135542809022896
0.101649994679604
0.151280875183855
0.135823406641559
0.0769858258644397
0.110866032362673
0.114037598453715
0.127272903571079
0.121355680780861
0.112255541006586
0.0831166866494002
0.0857682174344286
0.0829353241631945
0.127090406869409
0.101992470717628
0.0869356629500265
0.129501084887455
0.11592495642427
0.16311004984602
0.0872314709386938
0.0862760481861178
0.10576711506129
0.158721950605994
0.0924030295515118
0.0827531471983859
0.0994227666625172
0.118653094425779
0.108624837645159
0.113306857435127
0.124770309657897
0.0950946762047139
0.117999312113488
0.110562300776669
0.122963956754092
0.108880520589747
0.107639144790509
0.0996942027368187
0.0891968452883389
0.0871378159493923
0.0827371992292084
0.139355369393047
0.0967217538035291
0.0611892783222757
0.0953384822566306
0.074546812447415
0.085747155308335
0.112445801874029
0.101008601719218
0.103278800522825
0.0799766072283172
0.135670925139503
0.106809457990948
0.12347451666846
0.10859070097859
0.103338262434367
0.138502210569825
0.110437069773724
0.13152363921709
0.0998221007725847
0.133029820875855
0.0844828400844828
0.0852132028324814
0.0827617200627634
0.0821754485462178
0.128757380844279
0.114353731235076
0.0890082230483919
0.0743610462344795
0.0772138760463651
0.0920353393389394
0.0923548174897161
0.0836888610172469
0.0829946843577537
0.0964130199369055
0.119094855358707
0.0895226993270292
0.126711293256883
0.106882328739407
0.0985729128572617
0.123688177880116
0.100265759027334
0.135665770097164
0.0787996128990408
0.0974180919774155
0.123748944823082
0.104794071229739
0.0915733552915791
0.0783447875419948
0.0971437040907677
0.0931971737294674
0.123626509805348
0.0719767364677005
0.091137483200464
0.0994353475685919
0.0900994565884225
0.0750726981700779
0.107271168025912
0.105741704834142
0.0994841424039871
0.113910623885034
0.143806991035427
0.129833972629099
0.0825180786339197
0.104171100376588
0.0823924249481928
0.106305959273925
0.110789932971344
0.11904142366358
0.109478411172044
0.10736318967263
0.0970307233106642
0.115027278105801
0.107843054595077
0.0932674353999572
0.0722074941207287
0.101978848213261
0.126605116386743
0.104007935793889
0.0911424669924999
0.117124329403369
0.0864718358021382
0.0737465370198036
0.0845401662663588
0.0830005711175598
0.0823721227170681
0.0674533326232599
0.0881309084939338
0.0882748305427151
0.117055412893885
0.0972165488614039
0.142497449866692
0.101656469248877
0.128282453650604
0.0786404707632885
0.078278898676616
0.0980815740323454
0.0777509136347453
0.0767987487470583
0.0892741598537843
0.123415734324266
0.118882427255311
0.105255581435171
0.13962784245125
0.104463565330833
0.106928833875403
0.0890494170099546
0.0710473505865414
0.104574106828128
0.113295437797298
0.140769565922876
0.0931448958559627
0.103052823849929
0.139397556954602
0.112169817184887
0.0894756474610594
0.0688798438483101
0.0965929510204862
0.0948913889056377
0.0735039633864823
0.0855804872805973
0.0928106414187734
0.103272263080971
0.0727293220092804
0.137473414482108
0.0675245416856818
0.0719323340053871
0.0907515363805248
0.103349821752824
0.120277854198138
0.101880463607782
0.0971975678002844
0.0920434766364288
0.12126840850369
0.0880624144106155
0.121374826683028
0.115908478150435
0.0828395830804589
0.0693555233549569
0.107300191407938
0.185879098672304
0.126077768329632
0.0806526839033887
0.122498053745208
0.108804816276748
0.149499873228477
0.110106173771965
0.0709140301263349
0.0862181851016549
0.0638274178734542
0.0879227238782414
0.0804628917655911
0.0906083232926406
0.113838745105776
0.124101339502997
0.0995587749522545
0.0959010539122162
0.0863930343391246
0.0791561788838887
0.0866445265548304
0.102982136139039
0.113162229329104
0.107767987547568
0.0846072643993736
0.0825728947307879
0.10533817208585
0.0642585307253539
0.108271176334246
0.103739962497426
0.113105138409841
0.106208337713234
0.131076639182575
0.0731210304810432
0.120730936477349
0.102795209434798
0.0903909565358975
0.107218866461621
0.0843114016338004
0.130688900361774
0.122499552550281
0.0802762013240317
0.0787071360397532
0.0900833276806092
0.146771339933022
0.0915551367548583
0.0866177916594913
0.140754990820901
0.111561761826511
0.115485970492472
0.081982006223405
0.0886512943675931
0.148842361212817
0.142781986714755
0.134079222641985
0.133562902551966
0.0876309797362674
0.0942160750178189
0.105034641253802
0.0801422318026878
0.107675152857499
0.0989335711353985
0.11591228338695
0.083633652522075
0.153471599972201
0.122048968781495
0.099875436394978
0.0919123611452225
0.110196454076369
0.101211077309603
0.0858342473930948
0.0985377528425365
0.0999123998787078
0.0846772701656596
0.0917759806171208
0.0810182094902804
0.098197662162189
0.107117117675013
0.130364169419707
0.0887848458561849
0.0940516901052466
0.0858292374623367
0.0973018678811131
0.0896483896186456
0.098426600044609
0.105388118781719
0.164836412761139
0.105826551102062
0.106797545714081
0.147340466138673
0.0992032699732937
0.118844993232367
0.115905469297102
0.082350560369398
0.104741065866404
0.136113552089712
0.0883553622521696
0.157494515111933
0.0757473871808249
0.121531042003928
0.103223977475563
0.098777879693103
0.129045703788878
0.104684265055289
0.152250824647442
0.140593682236169
0.12451134172437
0.119204682572343
0.152711540217707
0.114375594189965
0.12641461517461
0.081524916645546
0.0723207824150641
0.101413893892406
0.0937435240806242
0.0851563382870274
0.0864004512733854
0.0790710618671714
0.0991970868379126
0.0902502457188157
0.103931982797952
0.0978668818982432
0.0935086496522043
0.0805081952392605
0.114250083399041
0.110151817610731
0.0864304132648
0.0772755997418636
0.070538196232081
0.105180679870527
0.0734985800121409
0.0799738167421068
0.0684112941019262
0.129686421662974
0.101523642117645
0.127077972301102
0.0708393495931866
0.0830061771417647
0.0679919721672817
0.0776985525392207
0.0908875184562187
0.113851745528117
0.121719985557434
0.128033086657936
0.0805819562939287
0.0855857168593
0.124736564376656
0.111944054806397
0.109500635702822
0.112787232980922
0.0761165492102763
0.0985874076230779
0.0978791250813939
0.112685330254642
0.122411007566901
0.0894317551190197
0.104670314435694
0.132928535798334
0.146534345886008
0.0960344711061721
0.0995172850570331
0.145978332526558
0.155702866329807
0.124066919783967
0.110728089376827
0.0949761451434583
0.0973412299197279
0.131645584309716
0.07821453063539
0.116776037181278
0.0810383541699612
0.0898414848993377
0.0845021685882745
0.0974417600157141
0.0870131933320631
0.0895876521444404
0.0801513140022723
0.0804402270108515
0.0755709571474211
0.121276239063536
0.102620417461983
0.0912069278327057
0.117961203892758
0.122347656105143
0.137701254700729
0.102357513825183
0.0769169101833534
0.136162600011255
0.1293193551915
0.121473340193116
0.102062407135026
0.0813709020382082
0.0769447075355526
0.104756517279505
0.0792746544683766
0.0891417567308282
0.104926691671605
0.0968354346919268
0.0850413516557115
0.0803923347856349
0.100464458288976
0.10854404543072
0.138781947660998
0.153108859929493
0.135752887890325
0.108811410701597
0.0922282002064522
0.125858791642335
0.108152051753427
0.081084401836411
0.0925664753091631
0.13930352779923
0.105409755135926
0.110333837280339
0.142453765771632
0.131490279713881
0.135324494019737
0.106714201850358
0.0903082081027449
0.111172019718742
0.086744950798294
0.11851033376178
0.112200163121567
0.101690663762111
0.100488549823975
0.0871366878542831
0.118354534895594
0.0792659817502326
0.0868581484208614
0.106803440092113
0.104337742011824
0.0895808174039009
0.120754292748949
0.0716826898942907
0.0866689803191826
0.135966709113546
0.108062935054056
0.0913403121295636
0.12355190752136
0.124252843279494
0.0789481161576188
0.138027686640185
0.0967657432999527
0.12183792878394
0.070019267340371
0.113109662962303
0.0792141517949885
0.101485205366007
0.128820909556597
0.106690248724269
0.134116583938735
0.150773184121032
0.14123111150479
0.0693210589446437
0.0800030956625511
0.0806604343285937
0.0867528569763439
0.108990839662728
0.124511147672969
0.112859256304437
0.14207691380859
0.129914329678407
0.0797868886810113
0.118379055695221
0.0742259562801017
0.0919935281741934
0.105917081342463
0.0921203144193031
0.0915712693760315
0.0902392381649355
0.0848044139784409
0.0712107873878795
0.0749137552788467
0.111489982250801
0.0998221903148484
0.0871640436187638
0.0779928256811647
0.0809369183083646
0.113177524408728
0.105041300877866
0.131611003994261
0.101916598951449
0.134817559509804
0.123582500548267
0.0656169540628864
0.0796977582285384
0.117178104549248
0.100958288152523
0.130835459636394
0.118734498834432
0.105798701478541
0.111958255644433
0.105329326017577
0.0864833298510409
0.0693324538256974
0.0778452688445589
0.105451745230372
0.0965908685840216
0.0953075864637719
0.0738140110561322
0.0921794033130962
0.111384540697085
0.0954803161158632
0.112460087301101
0.194408361554763
0.105365430507654
0.0945454363198663
0.103449461468469
0.0783098029164779
0.0920659640093455
0.11251659311496
0.134438225966661
0.0702406135335446
0.08814618295422
0.11420332023775
0.0822191896744802
0.0761935281877253
0.140071863439985
0.115171147502302
0.0923495442443119
0.105288990549023
0.0919523983769281
0.112947034590422
0.102089912958354
0.107889194654292
0.0712319434582106
0.10469428638792
0.191712325052805
0.101934468467321
0.111168797890043
0.109080452769754
0.141226293074994
0.104615418755916
0.132178081546476
0.116044481369671
0.134421267368296
0.107338290486684
0.0979033155564381
0.0866773417169992
0.114920986746803
0.100227374343896
0.105154381891195
0.0996991093655815
0.0895991108253613
0.0997930592081488
0.0935444263765821
0.125467914460613
0.118579050224961
0.143907092991277
0.083977233444034
0.122759552632969
0.10931421666246
0.124373659088146
0.100283110958587
0.0983950168071374
0.106309931736608
0.122616545186227
0.0744381460641758
0.074452178755152
0.105958030396993
0.120278495427633
0.111661354605004
0.108780778018195
0.10816086953597
0.0703883124808036
0.0814286902299726
0.111114369510808
0.0903047639669963
0.114740119557308
0.0997397460940378
0.102507190990791
0.114474544042787
0.114709583323731
0.118424391627928
0.0817745795137991
0.120259246960566
0.0785271803977316
0.0934923695303511
0.113885724416885
0.0967335251242129
0.0722454938576791
0.0801654390590015
0.0797884520962608
0.0785492780546611
0.0716940256210058
0.0714731219110719
0.081705326334369
0.112865967127513
0.118474328799085
0.0972347217948175
0.110722308456233
0.134948356846488
0.10239154610713
0.119617063806543
0.0853296152286876
0.120993895697117
0.0863122272146346
0.108507493285815
0.115971506549044
0.114827127713957
0.129535271514326
0.0765103502129595
0.0743639051264664
0.130628288211974
0.112550867451731
0.109052075888698
0.0934659561337104
0.104544917204366
0.122933910133524
0.110777315062707
0.0982329422059268
0.0708255480935776
0.158056739340881
0.116366394934281
0.14194860833235
0.0902550488598395
0.108925993573701
0.0780764911358079
0.0726883687856608
0.0795955521126363
0.0849516471296177
0.0780956920741013
0.0804255934100081
0.0820579962152148
0.0908233649400942
0.119858100011625
0.120440506913008
0.15737814907712
0.103911446406793
0.109292285068482
0.0624376666736192
0.0809285393286037
0.0642711140517256
0.0986996087361911
0.128321706669377
0.088040624935725
0.0902632047220421
0.0876946734123411
0.103788700026244
0.0772874289103835
0.0841854312032251
0.0939001397216699
0.0828736447523922
0.0970033387404346
0.0788550422019911
0.0851557867839379
0.0712850275057368
0.116627045298369
0.0955091335555416
0.0865993975839484
0.0893137990350246
0.0902041834090722
0.0780243465645676
0.0989645268199784
0.103190446156412
0.108764809739213
0.134051528426632
0.14292674372506
0.109297285657804
0.108224928357572
0.123835602347333
0.11440923455955
0.133918384745817
0.132267133043895
0.0736214842143255
0.087562475406013
0.0896811387588863
0.113996376861911
0.0679486374697608
0.0931257067237048
0.104844371102029
0.118153038869905
0.0909294985784082
0.120675986417602
0.0914134589666402
0.110723154392961
0.106065523223255
0.0807134443231164
0.07933851606002
0.0921741677602571
0.071892120111048
0.0915565353040165
0.101411895288979
0.0626982328151991
0.0732431023486858
0.111931267353796
0.0991341726437118
0.0907041540047132
0.145106971908
0.12713458347334
0.128289221014445
0.0761836167308761
0.0829385630365333
0.109195110119165
0.152414784674557
0.10190913968851
0.112739696297868
0.0910808600172565
0.0858352802929503
0.118855542821143
0.106855783111907
0.0841380610571635
0.0796384118951685
0.0848223714286133
0.0866138189867533
0.0934638720479509
0.0781325542438551
0.105645495460762
0.115575942886785
0.132436806170374
0.136626243871288
0.178429072816549
0.128593544694062
0.118072752990882
0.0915318487345701
0.0854726335487362
0.0999620387165769
0.114283017583872
0.108289249857654
0.0934892584612682
0.122475854579742
0.080584860417773
0.121340403000867
0.0967291008479602
0.109751971763822
0.117608469800176
0.0739885866970882
0.113477026521792
0.102685442408278
0.0908024365706637
0.103344344213811
0.110284074744384
0.0944074377114337
0.065903525463181
0.101020164342892
0.106007070959982
0.0945158319854348
0.112842903089536
0.11958636764504
0.142051381522686
0.0916305341793987
0.0699312779299758
0.123082790738405
0.13627052102266
0.103628266252669
0.0747880614464883
0.0953760815743283
0.116297976420235
0.140833854924111
0.0732075713577436
0.118089552661036
0.161141043220931
0.144089864570189
0.122953365589472
0.152842570374394
0.123393457871718
0.113212233030642
0.121553755095943
0.0748719427242463
0.0929997406884197
0.130320582369112
0.0809399867201381
0.0724620974314188
0.0917661693467034
0.111647370178472
0.142766960734133
0.14987829666206
0.0886805328322928
0.0851607629415748
0.0874921066569779
0.0826650889718048
0.0822732156981739
0.110698385769999
0.117903843137608
0.151761689956942
0.116661982376193
0.0806140137501689
0.0996154696920691
0.129950870131
0.0942515496519678
0.0862487142187664
0.12111043726616
0.116804173890788
0.118695488765664
0.107296576295793
0.100710808333485
0.110291217773134
0.128192365190015
0.113629369092869
0.0979217926003655
0.0861043267077583
0.0836774595939987
0.104806901197297
0.102243258473249
0.0943840859811964
0.123082823716691
0.156493207266028
0.116870708032644
0.0889027050281671
0.10403351563363
0.0854536102428449
0.101409385011116
0.0743732946269993
0.106688731728988
0.0682519448491767
0.11178764181498
0.104742621558396
0.120300470922036
0.116861053824561
0.151736669755678
0.0828023338372197
0.0708160407048418
0.101010380978959
0.0949421753876696
0.0909687463674041
0.068641306384826
0.15210448615192
0.0847658747358537
0.102980629921107
0.0996085657684009
0.0863713585943313
0.0762530386466723
0.0890892297836867
0.136998812347868
0.0792828897867972
0.0871680443822993
0.117955091648552
0.0918612541846572
0.0963194077234002
0.0990832586749233
0.0882110395910794
0.0962164610765537
0.107379128944679
0.0879006755424671
0.102973964010794
0.132452882818697
0.0987128290312894
0.0868266423699822
0.107086771994609
0.117165396183103
0.115782843192222
0.117808361753666
0.123593866568304
0.119712682290122
0.107658044803171
0.112553045477279
0.113360557105788
0.121635347052184
0.0796950432802276
0.0684194554459093
0.0767643539993964
0.11559112559934
0.121351293374711
0.132515426857017
0.0934762485699962
0.111920784328288
0.0887632981429173
0.0712122630950301
0.0807132513203906
0.0730264210197189
0.103756672484477
0.0790492763131916
0.0760204571893308
0.176193868075739
0.125888209100114
0.125486199834275
0.14237671543182
0.0922592081398729
0.115920205065599
0.105534786236142
0.109978425841086
0.129999706946843
0.106849658520604
0.0822514848821442
0.0796093562120293
0.123311984230361
0.131206105255618
0.118912186331639
0.115421146860635
0.133507900545775
0.118623022783182
0.109639800454085
0.123611417987747
0.121175694525223
0.0800390318793505
0.0888857449082448
0.118147006136319
0.11219112754414
0.111058949108435
0.0929023302927933
0.129693964099298
0.13987061278113
0.134383348079981
0.0903120825986128
0.104858863335259
0.108539080330388
0.0748182661806275
0.103941879388925
0.111856451015695
0.11837942966463
0.107075906024989
0.115148536595644
0.0836616761108464
0.0879563725209055
0.101901683804578
0.110736160510418
0.0856325483432451
0.102837371149749
0.0754792803286772
0.0725019248396508
0.0829546160157708
0.11458220365978
0.0910394183615513
0.123156286878905
0.0832048941207805
0.103230523793096
0.0880917056643325
0.0803225508120694
0.0885747818461531
0.105764581126794
0.0881390557027151
0.102212572060222
0.152986344951582
0.113667387117794
0.117818536239239
0.108192102728564
0.103519786144037
0.0866410086654132
0.119798245477811
0.0665758433611751
0.0950897633024239
0.0883482008270642
0.0934186268323961
0.0766728166945939
0.113489803098711
0.121182192587266
0.12601778625997
0.0973830417740074
0.149550374969358
0.111858661276905
0.0771088780102264
0.125501282597262
0.0826325123506384
0.106404394699097
0.115046474200124
0.11060740877287
0.0975136011351882
0.114259050939216
0.120350366044584
0.0987903480130814
0.0934520454352953
0.10091287111829
0.103104295812692
0.116766182788085
0.104976846472891
0.121422927701608
0.0878235948734061
0.0958073307849871
0.121694472141134
0.0976953934075368
0.0758807957464005
0.081890828533755
0.0766131532406007
0.0876540387421689
0.113480285913257
0.119550538025058
0.101952846128422
0.111149610974348
0.076733557745278
0.0793588184188161
0.0850889739616636
0.0877711410656022
0.139342057745463
0.0976498736346639
0.100155434886535
0.0789716049647748
0.0853216347444112
0.0914411138187549
0.0719380547432263
0.0865118628453397
0.0721665881352932
0.0929289893903778
0.116605954789235
0.0992564617593636
0.120095454867099
0.125868579182482
0.128790207141084
0.146940982026857
0.110421906826398
0.105738963565905
0.0866717111107331
0.0908170291727719
0.11177474948739
0.0895503400641175
0.116213881261742
0.143684477212028
0.108661446422549
0.115009758137373
0.133074737737937
0.093149592315619
0.110716984088647
0.155741041715346
0.0953659272929266
0.0819281718594547
0.100921729561088
0.121911263352725
0.101660788247625
0.106530443219771
0.0865081457884875
0.149717751957425
0.0738897414238826
0.100263441949936
0.0915151761271702
0.139720295931963
0.114122303735952
0.143090225356111
0.113721881201911
0.128578567681278
0.097675738835379
0.0878493114412079
0.0942096213189379
0.0864327377842353
0.0962391774132762
0.0908023528075963
0.143395093872389
0.111762065282198
0.121321052914769
0.156038583518234
0.154179131784933
0.132197052691892
0.0902517338910043
0.0736398581758641
0.0681604618863344
0.0813823953244017
0.136711121174007
0.10002555463698
0.0891485031346039
0.112253672222176
0.142591561108231
0.0821130796502123
0.0814003248553506
0.103368229571979
0.151450310423309
0.127256371005823
0.123973755843854
0.102354710515169
0.131316229207827
0.135732453078599
0.10255010980523
0.0747864428893694
0.0675404897283094
0.0979718455965431
0.103065051585648
0.113735521356539
0.0743177965356719
0.0671150318279111
0.0949366791571027
0.0811483178877172
0.0894352860823778
0.0637892742599244
0.0603121101537638
0.0971306244428316
0.0789617002043728
0.0747143919931068
0.144808902909623
0.0829899861851744
0.111476998097484
0.125807484813683
0.131932814306459
0.114315369812407
0.108035272604978
0.14125795911655
0.139409288968251
0.164121134384592
0.0964360365188646
0.0965688268574704
0.0669980334863699
0.0774817761671844
0.123117630244327
0.0780531795910271
0.0693780195447927
0.0683066629573387
0.117069337978095
0.100435404214635
0.106400177363794
0.0836281547683599
0.10385785797464
0.131144058412349
0.0791935617010217
0.0941857812906905
0.086112308183156
0.0826166064334165
0.116058016581671
0.101674442290743
0.0883528308787111
0.091915664678032
0.0633949006756173
0.108340866088947
0.082727581581759
0.097313247520365
0.136359752349958
0.139192430393907
0.0931820243744545
0.146704481936244
0.123829795890159
0.103626449073508
0.0861608966052084
0.150661628106382
0.133908552238656
0.135198773191914
0.150477167127576
0.1028403298869
0.0768973201900029
0.17376857288203
0.0912824607480306
0.0787450218639822
0.101290981315119
0.100860320127505
0.11294350546417
0.0887371064599215
0.0792111384960026
0.133867269907113
0.0921782588420004
0.0944081447309614
0.101096233395413
0.0802686439461612
0.104334152375742
0.0978287242688208
0.120711621814709
0.0943724792615066
0.0716642805294903
0.0692017265950936
0.0848307748971462
0.105113331831563
0.0814081901764084
0.0865160218066115
0.0880058566849662
0.0829909251480987
0.10788629793466
0.0950088188988904
0.111798959301669
0.0893403691408638
0.105063442870909
0.104616555122557
0.12469418782862
0.158687310499806
0.0908102800022002
0.0773215662929895
0.133120459937783
0.115172216247167
0.0831599854250533
0.078958033613754
0.0723693981800706
0.100882997430886
0.149553695073232
0.0772488023560795
0.128936239784397
0.130617926545409
0.105004953833936
0.0768297025434102
0.108351155927663
0.0970055680247258
0.117257329451611
0.13334959709762
0.105266543963698
0.105122518464548
0.0699040079298798
0.0722514181576962
0.104100862201808
0.12548646158209
0.111463542269067
0.109298810746496
0.106812626884091
0.115572405027998
0.0800626467828948
0.167604236575424
0.116522463413896
0.132096089269589
0.127335968412965
0.0978262585229177
0.0621902624104318
0.128470931708032
0.0744968866334452
0.116446205561125
0.14209237307527
0.131205437839802
0.0979432574819552
0.0903030816539155
0.0946460513692156
0.0966027318904931
0.14466054044018
0.113801199084682
0.133818475923387
0.0894752848526965
0.0770524388631948
0.0755590248315819
0.0750957276662058
0.0931915770346854
0.0982800118432501
0.115976592640103
0.171217930627786
0.112487532605692
0.0844295528265954
0.109796474845583
0.168877807709768
0.0816776601866917
0.0877193830140046
0.082563866265639
0.111219062969133
0.128772123762629
0.110135680956464
0.0839256481308463
0.13245450484592
0.109580749587287
0.0861139599313216
0.129486235744527
0.139103834384537
0.0862249259457747
0.0696187625272361
0.100210408945649
0.126802965806975
0.0968847970026956
0.132271541577223
0.153575132529776
0.0976022670915999
0.0837786552800238
0.112527953419119
0.152599123326748
0.0862338798724961
0.0716271393112417
0.110477236820463
0.116289510012519
0.124647150239448
0.162861729899444
0.109358682620555
0.134722849549544
0.107978940587653
0.0995893144335072
0.0942623062753425
0.127061257391429
0.11806613832944
0.0836962213879793
0.0826341589708516
0.104471250868064
0.109833532810621
0.109638536898034
0.103457828054604
0.108114566148335
0.0799799831326183
0.0871827217639158
0.124923971538421
0.107376585952512
0.109089027866064
0.111957907456875
0.12572536339294
0.145006295861393
0.0811051463032158
0.0664727777040145
0.0744811685267656
0.0993499322048394
0.0768165043254888
0.111930495803806
0.108023350248793
0.0897209542936849
0.158489715169178
0.122044142992346
0.0815684242850042
0.0848532303195265
0.095548308413546
0.117392106737973
0.143900297095683
0.0941459165280508
0.087856555789792
0.104169587465152
0.105810587048197
0.0803578884674906
0.158894080363797
0.0918518916747219
0.121588166712135
0.124032085722017
0.157473475405743
0.106436016321289
0.0792467272752413
0.13070205862895
0.108288594447669
0.0865018161311731
0.079185916425891
0.0914895883798646
0.0714727688474919
0.0707831026969867
0.0823647781824662
0.109935438872103
0.133316825575153
0.101251088472538
0.0960367677420787
0.10405995419322
0.11366135652453
0.116213180639888
0.0859615595097938
0.0772008202138049
0.0931566836843632
0.0985049715426954
0.09808810518549
0.100153314693673
0.0965083487986934
0.0937651774402804
0.117873164651137
0.0897317786573461
0.10282398321472
0.170612900755639
0.109012799050519
0.099525612456703
0.114043039287132
0.0848089137267679
0.0910619524869107
0.0762945619856207
0.104850490975846
0.093916794310396
0.0814248431022405
0.0747124539791863
0.0785251253752015
0.101078110455925
0.0863308412359978
0.0728255487066114
0.101866823026036
0.138378642507051
0.105443712058271
0.0774531077550008
0.118335731971331
0.119256917445913
0.0946835283986035
0.0880004008636219
0.0756078260037071
0.119594957410212
0.11734226552312
0.0818752455650421
0.113070136960834
0.0883454190399158
0.110312885015767
0.144722916691948
0.126359574864909
0.0964097020433332
0.0852160793302099
0.134805746557263
0.107885960538162
0.173181508598466
0.106009306801185
0.111274482360804
0.105821756746463
0.148289447783599
0.120376597307828
0.120597916011862
0.105394791412308
0.0801554687171832
0.0879965369547251
0.127621429172283
0.0978533124377918
0.102135138316662
0.0733078942353421
0.0876776810058965
0.0846972857910306
0.117216748668439
0.133268882332397
0.144011138306782
0.0954445665024469
0.0884996469768645
0.109344835864191
0.11183199572587
0.0947299444904001
0.123256235684014
0.074594789039952
0.0736734292264849
0.116682721595719
0.111233498068637
0.105273609760975
0.0997587550714088
0.0825613504164416
0.0908551888237748
0.116121859666479
0.0962426001137885
0.108821159061745
0.147502040870952
0.0892808089231642
0.10379552980622
0.127860504429319
0.0956712043447881
0.111247244363074
0.0965585674999027
0.118458679194149
0.0889729208998767
0.0709017492194607
0.0986374491760179
0.0744235180165468
0.104520273040561
0.132526424461278
0.122557207447495
0.0923566378093115
0.107594052762497
0.12554961845064
0.0975580745659693
0.115671356861683
0.0802355619337687
0.108000500954991
0.122922327237208
0.078288226404333
0.120637898157671
0.110422317608722
0.125704042544788
0.123754704465475
0.112577425949949
0.112301422250573
0.112287466470009
0.15092311210807
0.0886158804369254
0.114831007108877
0.0989252512546628
0.137114722639136
0.0590336903003923
0.0845728472121852
0.128224649391596
0.107418411307397
0.106838513260811
0.0712076621341603
0.072261062975542
0.084956137194718
0.109621086715049
0.12570793965868
0.130026658125064
0.069545882607591
0.107411798880863
0.0983100271976444
0.0931917591190313
0.117991379822822
0.102388668842752
0.0789965858608757
0.0784592775514771
0.10815764654207
0.13071956810779
0.121117161029044
0.111520064836063
0.0785871836775171
0.118779536847067
0.093681969542148
0.10810266946027
0.110027902641476
0.105861212867848
0.0900258492449979
0.0998760397880417
0.0841891436085969
0.0870189638430673
0.0924042847680614
0.115507779833276
0.0991279723002026
0.103369995407341
0.0889998329509811
0.0759158457274891
0.110846184647664
0.122868080122613
0.0988750245283205
0.119995294966017
0.165582460996985
0.141196431464009
0.141762451967523
0.0892266806615096
0.110797055522141
0.102850700683048
0.145180892665325
0.1300296235044
0.136688713863531
0.0628494118125401
0.0889801034678776
0.10526701913985
0.0865158211671437
0.106720271649122
0.0978098799060626
0.155475808304976
0.12809817960017
0.13081408389609
0.102789334900019
0.110024991149991
0.0968184487307084
0.110021235583962
0.158714663232285
0.122296278715545
0.0885488902413988
0.108909670716669
0.112979077164123
0.0826869188002398
0.139353878392372
0.126529348523961
0.0866942867032474
0.118603148509019
0.107391426522967
0.117722141036546
0.145315198254655
0.088497722231893
0.0764747837716797
0.129844655851927
0.120798787877231
0.0876891734486716
0.118339480904905
0.0951918176184163
0.109564933670361
0.0996169540231837
0.185728547154313
0.123897386055994
0.0935779749838883
0.0928442993672852
0.0777286092125064
0.0852743807711493
0.0644048186566592
0.0756578371582426
0.0859856135590775
0.0824334963904186
0.090233345042791
0.13415787597421
0.0859618568708152
0.124663505706209
0.141794417720734
0.0907204543656605
0.0837535685956985
0.0957458301657543
0.0789927350524432
0.157890844202309
0.116820671997311
0.111627834422815
0.111809451902128
0.0909926640150617
0.11917491670163
0.119710900416799
0.1528903345024
0.0944985517545013
0.0996736750417523
0.0640491110510727
0.118932864856951
0.0950025392110547
0.115714151154688
0.0995973126785326
0.1308507679488
0.124789616198125
0.0993668311422364
0.0865752281553031
0.0662557645154783
0.128735438408386
0.131131680632349
0.0806000889581383
0.0721803624648976
0.0767823729709821
0.0882936204097327
0.0876839262481563
0.122682247809228
0.0733606942003128
0.0844554267706867
0.0960029942868461
0.0657853896021702
0.0946117417044863
0.0882732209721982
0.0821184980280049
0.0888745016143066
0.104057938834575
0.139889153846514
0.0890195615031423
0.0968602502276222
0.0751366002992864
0.108124983433103
0.0721466793959116
0.0900047779168373
0.0926832626223573
0.0867492404397802
0.166079602220533
0.0923707368480945
0.124037056412188
0.098240730667137
0.120938675642738
0.138295999581689
0.0912024224201344
0.127280929896102
0.0762865405016128
0.0934681711986716
0.0929751960534691
0.0720586643144998
0.113513314148562
0.0756368095317585
0.0808928832733509
0.115850618407945
0.116256802594263
