0.17
0.140650991249064
0.116352559521447
0.128904896446887
0.122896321771372
0.124469746655539
0.167414358151008
0.134806756241562
0.0887239259312505
0.0941806751243362
0.0955609895200896
0.125958155648916
0.173748154715196
0.121179763348204
0.140280119739819
0.114018611869052
0.134236704853773
0.168869366149431
0.110495873726132
0.142955759325325
0.151227797482418
0.102082420963904
0.101076032315608
0.108202650898964
0.0785409284773128
0.104457008120512
0.110007029042603
0.100389340116696
0.101695819291506
0.175886731281803
0.124638697194177
0.0871497564463487
0.100727261341128
0.0634637444711946
0.0845435906493158
0.0941318164671347
0.0676235271579368
0.0820516688107879
0.0883526730569653
0.0997020834640007
0.099575572651305
0.0937557070355196
0.144713798678941
0.0722470270567366
0.103747885477971
0.0825015126491597
0.0998411949621211
0.125921929889538
0.108284357481985
0.111595912538784
0.146903797250881
0.160013989347307
0.165927026461609
0.11318418838045
0.0777224407699303
0.0901165043826419
0.171217726450213
0.167237104665947
0.140905505167157
0.133011114280882
0.0929743758231966
0.171960118710747
0.139050235125378
0.111533468784664
0.101069911656886
0.141682284165903
0.13290404965674
0.105017304252774
0.185576649057912
0.122666716643287
0.163362935589862
0.110205420473446
0.136351491231829
0.096232222801692
0.129338063444434
0.13594520086077
0.116081252570811
0.110564066700938
0.114179153517343
0.103200517434382
0.124907443576389
0.120608739327386
0.164161832467988
0.126533606448247
0.155067633682874
0.0862404782009486
0.0862825813342868
0.136947092610089
0.120581785514484
0.142806985379209
0.0861955479102772
0.108842741141375
0.103420440307519
0.138084999610612
0.141193647609256
0.115870402492545
0.128961964185815
0.169405428810872
0.182780357628743
0.103829661755742
0.093181261955821
0.134944389802581
0.134614448450978
0.135539945107517
0.158744219962752
0.129506235086206
0.125563235147584
0.131889987324165
0.120837451255013
0.159184763531295
0.0832236201460748
0.0709157087516087
0.112241336975724
0.115311220981887
0.181938271045007
0.160943361856075
0.13411432585448
0.108967383786068
0.121911461330549
0.141741438468309
0.14689732607258
0.10494519886297
0.147931498373284
0.128065470615027
0.0887366931010687
0.0786569568508263
0.142426343825968
0.159712734535952
0.131442679871846
0.100765188776492
0.095890979213341
0.0861059622758445
0.131890143771438
0.117573519016447
0.102677198311182
0.145955208350298
0.135710440867961
0.0870221852440835
0.16507931798538
0.181892295975571
0.161052845956966
0.176914804149979
0.203223882451978
0.167975786196245
0.175653644009434
0.176931343023837
0.135618568961637
0.0856893777860206
0.113922711760683
0.148498600882826
0.121650772925585
0.139526704407675
0.135645354067043
0.168477742658994
0.105930775871589
0.0793701514715654
0.100692220327447
0.157836969293117
0.128237622297539
0.112897856759721
0.107990392828631
0.100229663860321
0.0958578335586594
0.169033764219711
0.155414118590064
0.156858218398426
0.102088917679939
0.0992272157973039
0.150977829481345
0.0820520420213783
0.119901934406753
0.117802047182763
0.104812612578184
0.137099740641705
0.152777458730293
0.130804795635734
0.12945651048588
0.0744507153419105
0.128463346335336
0.131972579038349
0.140613310987866
0.114033783432848
0.115991940701197
0.170272659071407
0.180552461009315
0.160483351513136
0.121074868328041
0.127999168066844
0.168410671230582
0.159423556342692
0.141894373112076
0.13060279196605
0.116351196977915
0.149641637852612
0.130557403751374
0.110193686311201
0.155325205038098
0.161015483490456
0.114911984028626
0.117415237077557
0.139866759863984
0.180385035146999
0.135545445812677
0.138508302831141
0.0988691143827023
0.107546370963083
0.190750098156564
0.161510340486118
0.133641243805593
0.208337789640229
0.17139154869562
0.144121116726525
0.181971102687858
0.160607875960016
0.106029615209678
0.181130549410836
0.154979505585618
0.165528513373406
0.136526039502408
0.12824702166544
0.101941450783537
0.156517440015524
0.0783944020797005
0.102029629395275
0.103532472226819
0.119563187665976
0.148130520944048
0.166733175990477
0.120614721802814
0.129760473327813
0.126326118291359
0.13644535341194
0.106699394110814
0.0884387262636671
0.0772538644836557
0.0763430202399982
0.125284507661561
0.077735159082782
0.122687985584104
0.135837536971214
0.115119057601576
0.184757456726733
0.141974167241497
0.128161702607813
0.0916044192744038
0.100141238665328
0.135473296455673
0.133659876976787
0.157180030655201
0.145558595691151
0.0903635372498448
0.125012434786721
0.142954881579095
0.142396513351633
0.132589003006513
0.118149087837779
0.197700494875714
0.161782386826744
0.107839248076496
0.131769954628198
0.152681989209418
0.10647949657706
0.0932931914096311
0.0714958420933933
0.145696984508866
0.121009489181929
0.154623308611622
0.129629665965688
0.120318243184277
0.146396991549939
0.115304480950987
0.0954571218492242
0.128299129046049
0.153399034171574
0.143664511233346
0.119295948384203
0.113599860910848
0.158883982673077
0.142446730322783
0.144480405037215
0.121642655764833
0.121303040172008
0.0975826212744684
0.151771870813874
0.136095112972799
0.158328089058632
0.119406499711672
0.086899909106083
0.105827128870321
0.123929927535406
0.142106890517771
0.175203329050134
0.153451462359653
0.128039079959993
0.134994207126169
0.125371539065792
0.123016601650222
0.135101773076191
0.182552967469149
0.186431808124574
0.106225627895969
0.0955101305026568
0.146035649487138
0.133139701844936
0.112820733437772
0.10294950312727
0.108444878059605
0.121220666869362
0.163963500630476
0.108003176997486
0.107429194057818
0.12829510747727
0.136036750713724
0.085596555137167
0.0904033912940023
0.138057164702568
0.145242000726361
0.151005081569261
0.173884942368957
0.124781753403704
0.176712287979821
0.139485340984075
0.142950716397866
0.0895093525275602
0.0752222826722838
0.146677619163168
0.139636496201302
0.110364985111852
0.117675862866369
0.136557404198769
0.106319679926272
0.182602413079704
0.0949862441375469
0.103684562066021
0.112444665779689
0.084416630766251
0.109386315180548
0.123172006183223
0.125096246525702
0.152248979417796
0.0857241516238362
0.121717391309539
0.190117862262181
0.162800936866545
0.104675424760688
0.109344361861155
0.145741880775173
0.105101781087118
0.170309927843053
0.124174017046236
0.0938937135602035
0.105638437169123
0.118137382526465
0.107816602965264
0.0956990269636282
0.0924949944127227
0.0918144406131803
0.0897093839323053
0.138802911487767
0.118557869013404
0.120336593064691
0.115111708720198
0.0884381733375144
0.0839808189309558
0.101728135703835
0.109602115359108
0.12127707982078
0.157464071007963
0.119263631587075
0.0939992230373571
0.14950519118144
0.145454107014921
0.146017735508611
0.113919613212402
0.150456091112155
0.162730272990386
0.118998556637182
0.15178418755173
0.212548789664377
0.0941956837058115
0.111961816030175
0.132814418120012
0.0876139161457514
0.121106059650106
0.191096573456985
0.164932919635308
0.123535953294002
0.12833787013548
0.114062236883906
0.0726631376045049
0.15070394357563
0.0914977675573287
0.0980680288068619
0.133201160058549
0.142746487588551
0.137960847592553
0.139029650759266
0.11945659226119
0.151387418397697
0.103039887025652
0.100412328990613
0.0788860966526161
0.117314650133627
0.100371218059008
0.101151468028093
0.124367258901577
0.0968838569107157
0.117262899865617
0.077966088449381
0.1750803033086
0.184016846222295
0.1560536626031
0.179733313026104
0.171097208443363
0.108629239518845
0.0995221142732529
0.0788474078769282
0.112972393539935
0.112746127889376
0.0946665993380035
0.152664898619535
0.180897671567223
0.15416072072841
0.0991588262499461
0.135030861067916
0.118945525352415
0.0784900652879582
0.0968970738058663
0.123002716806522
0.152481142640137
0.132262302962394
0.147780394108979
0.165185737430982
0.13251925206793
0.120083002620376
0.130663524101262
0.122396882025615
0.140375343234303
0.116896857708933
0.0984120071048503
0.123459635416315
0.203706432126994
0.152332489584291
0.109750265316824
0.131621868621714
0.141605855126719
0.0910290376483511
0.130498743695329
0.13186423764372
0.123272661324758
0.166382365606072
0.148297925160595
0.154783129083678
0.113295458532506
0.138759554370074
0.126270391133712
0.115800085179915
0.102623548147646
0.110761745681337
0.138499353608839
0.149166710810947
0.180075972572617
0.140163171175009
0.189750334130961
0.1381949504861
0.141911176795022
0.136604679652807
0.0809665253706567
0.0963658070905998
0.126265082918861
0.126768766704192
0.135688180583829
0.131959586460475
0.13862117502192
0.0918664771038884
0.112956745724277
0.10412402629897
0.154456012628404
0.159711708314528
0.13222998498875
0.142598699717233
0.122602788989823
0.0966079817211411
0.145641702325617
0.107594687997141
0.135349133651339
0.147327104599769
0.144540285244693
0.141943993699029
0.0940061359428069
0.124018504236441
0.139662075070115
0.141393209294859
0.110278732756379
0.0767082905348723
0.0937931243796289
0.129841580291619
0.0900544198792963
0.114301922564942
0.116575983616676
0.11812120713794
0.121450365996808
0.097979486208071
0.147778259152704
0.0836392929482211
0.0792434473423034
0.0849082335734326
0.12297244954342
0.126010194148518
0.166234566261746
0.154394922589852
0.166500329693155
0.104190542762514
0.131841015814442
0.149285031417932
0.137991584859047
0.107743617147818
0.158605847630044
0.173282154059047
0.117222571029041
0.141491435819586
0.142493770973083
0.0793056698162659
0.128171663425334
0.114446039542556
0.123587749024827
0.161527772791776
0.152674792057428
0.0937310685490107
0.187186303248375
0.150224279348172
0.119004937316687
0.138909551535367
0.0970935069428369
0.113222189938455
0.136203480843818
0.0702531573676124
0.0870755667641148
0.109971607408562
0.127879170150838
0.13504860227824
0.175996450152809
0.132494402065242
0.128961147031534
0.0996674509045099
0.126565072410606
0.129262665618257
0.169166562572278
0.134819276181698
0.150287716980906
0.167406957364805
0.107160789598172
0.0856784301817263
0.1011955812306
0.170582494646534
0.0889895824222278
0.125209033296063
0.136684667208955
0.146715947694963
0.11844943141326
0.129993722015687
0.113905007339343
0.10525734330708
0.132720532674686
0.11498999589348
0.102234402609327
0.152744567977549
0.0728023723783068
0.118822421918815
0.148961662215002
0.0950791219755924
0.124394825076665
0.16571640373312
0.128616412133789
0.137867256010582
0.132280844443531
0.195956261127329
0.118727146622692
0.143741010245625
0.0876341056097473
0.131717937459157
0.0823471584054585
0.140909549411203
0.107465518626815
0.117622168405817
0.151877380492508
0.15498380346969
0.132523462356324
0.0986530857720133
0.181426298703499
0.159986821321947
0.148276263004843
0.134169256320979
0.14779056931823
0.132009899934263
0.118926377715622
0.0960241955970658
0.0771118926740862
0.0943457683069082
0.114731928309887
0.131753280109873
0.147368601167614
0.1212736338652
0.0750559749579918
0.135901419398195
0.0847902283211539
0.0898745209662435
0.0924687742757246
0.0909987239900348
0.100558698175664
0.15297239397776
0.135579662905617
0.104362776159002
0.15717188158493
0.115295390723666
0.131389658211451
0.143243987587092
0.147375870633939
0.124029113146468
0.203010749881989
0.13069010920985
0.133623764192532
0.109336326610965
0.132257350977802
0.159308792762142
0.144204957600592
0.17321867551386
0.133635988083227
0.131767536374893
0.0905781079829835
0.122877877892372
0.151275790689158
0.184297070023033
0.116688315094702
0.113822324451086
0.11226140572184
0.145719151087844
0.0831204661126933
0.128493149875959
0.114022317043401
0.160895834282726
0.115001830183058
0.141050432060061
0.137935153615187
0.132979877259022
0.167633221616233
0.10202948552363
0.19437322386034
0.148196172478474
0.0909459918858244
0.162091424140573
0.139956818298145
0.106111222813318
0.12987293800737
0.0875675031983987
0.121405046835453
0.143580900969295
0.0861467638722286
0.140402288686411
0.109948109496301
0.148573417020511
0.154425847836628
0.166478821735553
0.130369983173218
0.12090735135712
0.142464595085789
0.117716658995665
0.177729504781293
0.129535637122663
0.158773248737276
0.13553523342206
0.0773627549811585
0.0984040480253875
0.141785503985983
0.0839321640989583
0.104872936749884
0.149230998538048
0.177730710472644
0.161221552265774
0.154956121306441
0.159816452413237
0.20021544315669
0.128971249979598
0.124005470400382
0.0946847404473692
0.12276789959079
0.103258902851843
0.159318561138259
0.148624771781547
0.0884649253053087
0.163269267228885
0.111001335441267
0.144073500462066
0.114238171806011
0.154862920701026
0.117478268663712
0.144139455446544
0.107134470264879
0.0737269338207145
0.127665262797071
0.101448670908082
0.0868313200171194
0.127910180105628
0.073424096938821
0.0780851888705575
0.0975183266916614
0.150409304907676
0.154853417694026
0.0957784533663278
0.154796471844493
0.121325925655714
0.0901105154041364
0.120946180643686
0.0856740147159352
0.110967998722785
0.189969212587321
0.143529833102467
0.15573823425321
0.173414868531515
0.149213017347181
0.131842267857614
0.136395116652962
0.117437121220449
0.13548652100227
0.152600411150084
0.108656029854694
0.153788305728216
0.10857374125947
0.0990208162857883
0.0903604959237947
0.135379173285491
0.201135688890716
0.16456703520962
0.106264845007883
0.0850591151212177
0.145489765173979
0.112671665189879
0.162023217767727
0.141744699537864
0.109206163173981
0.111917785485892
0.0713943737811204
0.119217371656541
0.144627309988694
0.0771467662454535
0.134013804252754
0.116655898594372
0.147186266181807
0.107019809663708
0.127560098421664
0.147788742529869
0.110359873809455
0.108924511836314
0.143236868536918
0.0831328868014492
0.152739168046458
0.118350815034491
0.0963689684829845
0.123036499672467
0.108925986690141
0.115113246680218
0.122128373715487
0.0981587036408339
0.0947374200799539
0.10375629266222
0.15547027561687
0.0989689094297379
0.124869673869407
0.0944795021587198
0.147016382563214
0.106117553414567
0.118867451050257
0.117310835296651
0.0959731312732032
0.120271611768258
0.104789894573962
0.0815059311237297
0.133872412913122
0.145506250157469
0.136308256366108
0.118300035443932
0.138115607065254
0.10391707359579
0.107415716812413
0.109781617466123
0.110504383313028
0.113432660504887
0.155315254828917
0.120974521879564
0.0993030994019824
0.0902456351355923
0.073498171446284
0.0815491427087442
0.15042925603957
0.126237005455902
0.11721965086086
0.123752588067189
0.0941912009717254
0.126653959023308
0.0642970554132162
0.157483060462662
0.094184316770758
0.0825391659675917
0.0915254267977461
0.130053649845124
0.140509711244206
0.132297112350115
0.126106312666542
0.153152047688864
0.103611631656217
0.151131373563284
0.0840645013111591
0.12164759877108
0.113532706595019
0.146277068821588
0.152522351877984
0.0945620266184656
0.152244155031389
0.107706321655701
0.121900033478731
0.0904475033654606
0.0987090003922762
0.0938925799251728
0.126762371492973
0.131698069796858
0.157035834451116
0.115329312356132
0.11969980369191
0.110775085475685
0.181231405331931
0.149723117898042
0.154751710811382
0.226905421101844
0.15375366621454
0.120909132229286
0.14487533953815
0.113237116950687
0.129891812684266
0.128409285131652
0.0894295170493166
0.117416258583506
0.111121608665889
0.134910274818831
0.194748385440806
0.137954223811039
0.172201621881718
0.156170192673867
0.116368934804844
0.115025394960472
0.106006783506677
0.143243368470814
0.132172524172896
0.102587646529648
0.148796593542608
0.1262277780323
0.101988007173759
0.166861140876526
0.107430164328324
0.175363988240436
0.086893439894683
0.0787741876107433
0.0964336670949545
0.0949584288013739
0.149162040651165
0.119489239774617
0.115899309009739
0.117788738704256
0.186683423505738
0.127644775290092
0.145989579364974
0.0896269437304693
0.123670095612847
0.161351706413903
0.156387433472849
0.127489733308902
0.122995126757997
0.147232989179359
0.136318632928347
0.124103456625378
0.156632553523802
0.13576556887776
0.153903313718708
0.152496613480819
0.132364921106743
0.131674532568147
0.144428094361638
0.140115180020826
0.102483846150712
0.155069849009616
0.100078848543848
0.143114547623803
0.140174818777494
0.0902168759758487
0.172352901721619
0.126886377708985
0.154834715230099
0.130921688665959
0.186492281467846
0.158769185903
0.164666600143702
0.138030046137368
0.125325039703848
0.104841109849674
0.118680939006899
0.0983770359420252
0.112917285315103
0.157804023752675
0.132015212128011
0.125724173779426
0.133568876524106
0.130596135959776
0.119692302742991
0.0712294413664413
0.0950641598827049
0.105917103782453
0.119713799894244
0.183316771679106
0.162415802438419
0.187882291956966
0.11497033168818
0.114923823897756
0.142380503386192
0.165233427066884
0.14520329167108
0.104410203583588
0.12429636489055
0.0951307827309189
0.13240705199458
0.0813596623846657
0.117068379753127
0.105172993650862
0.0956978193185168
0.111623849213764
0.0905835298681384
0.0895646028874986
0.11279755409452
0.131988108048272
0.166413750687078
0.127592013655481
0.108920968128039
0.106496661415782
0.0746984807521998
0.0821628456337083
0.125455041872548
0.123960296833041
0.0811429667621842
0.144490483539475
0.112964723062072
0.133440814539777
0.103498393459931
0.145192995187942
0.109568300532323
0.147010707001497
0.15476473247269
0.152491040887188
0.105200510599559
0.162262466848923
0.197262037803357
0.173996543645314
0.160812847756417
0.122990022815575
0.181442786018689
0.138351313820301
0.132037033188854
0.12966944051216
0.146606220522299
0.0944942903944191
0.160440417729754
0.121125167866381
0.123420821064646
0.198504141884495
0.11502530992716
0.153135916947034
0.0975700638099326
0.102882285089193
0.131099537686541
0.101923014847575
0.121569610086384
0.120092560115783
0.123293978868897
0.121771125595009
0.163737787047614
0.171322783212806
0.14780453412351
0.149833703479078
0.106831954952587
0.168897572893586
0.11757516189958
0.131599106435348
0.128219412523273
0.114011809556566
0.100492015043421
0.0891704230017709
0.0763750073695485
0.124334619960852
0.133504823110924
0.167970769108882
0.131826796663342
0.194777079050142
0.137572185904538
0.178375883864433
0.157692492160943
0.12830511705023
0.120416380005435
0.115609180354916
0.114956781502377
0.147568102103164
0.115603618298448
0.0939588718648999
0.0764973538366264
0.0572915103890805
0.0723546434549818
0.0873245465501285
0.116182316436025
0.100677653324215
0.137409078135104
0.150533232429664
0.124577689012899
0.123930671496304
0.158395010768896
0.158798044521858
0.136960216148758
0.155586414785797
0.125566317854499
0.133238490002257
0.148499106155117
0.165919143696242
0.100075208448469
0.0934680484971028
0.098029981274455
0.115147103768695
0.162121822577531
0.154433781311412
0.140972501400023
0.134322978903142
0.101383189178634
0.122587020820281
0.133425300732165
0.135007907681994
0.0917001758675792
0.109254169747921
0.127794538569977
0.119884375481306
0.134259183994111
0.138319689835121
0.145974545409237
0.0714836343454856
0.0628369099708799
0.1051825685838
0.120715790540931
0.135076508785505
0.185828559884604
0.146603856592318
0.111768665696211
0.104968554525579
0.121730243190351
0.126024653037168
0.163482949623927
0.125585945585779
0.0869934489945877
0.0963283935002528
0.104655913431599
0.116710700778843
0.167228022512566
0.110898968178831
0.167497392334767
0.174661064251398
0.0942194457336425
0.0932110852406356
0.0974673343281101
0.119449121452306
0.121899716866689
0.123755361452299
0.138904580050066
0.129211873598201
0.119599255203632
0.12138137533609
0.100350358052685
0.108247492466618
0.120999802730595
0.10093777644005
0.0685138651507252
0.0660531979076779
0.153927333760981
0.109820159051701
0.149065023813452
0.123507757859355
0.222322046349469
0.158736821519192
0.127299045005282
0.179226416756598
0.141190988232373
0.177697660982383
0.132852320986125
0.125127321363921
0.142956884315733
0.153973757939813
0.117128177242832
0.0996897691262896
0.138367854589122
0.101732678858963
0.13317332859853
0.132169124802611
0.13718662565313
0.161536432125788
0.113620545886668
0.119280567469834
0.0928839032741665
0.113053208736612
0.09840785670472
0.120024895032926
0.108011217893624
0.192864968599873
0.166081691989929
0.11537326497029
0.12087222371519
0.0972244377596238
0.101772220924456
0.107883993117999
0.134202849997051
0.0856681524545167
0.136324320618929
0.147982397741204
0.136091719514103
0.130470163323954
0.161183366739225
0.103640453780394
0.119716553424262
0.184354204525986
0.110124360757397
0.144175583729127
0.150632105096084
0.191328162265314
0.163131611285706
0.188826394567863
0.166449869731915
0.146682621986842
0.146810535373735
0.186923173296555
0.18107089867002
0.130917579063646
0.126018414325381
0.134947697100507
0.126258226579883
0.158867037608108
0.128375681510986
0.104749015163795
0.10047526611587
0.142389124506827
0.142941126122626
0.0949476469655604
0.12394529434537
0.105729306715573
0.11386410082288
0.115030805840903
0.187478186966511
0.13056865779067
0.133009427462209
0.16331166902384
0.143240946071413
0.104488203513168
0.178262207273632
0.183739908751288
0.156366780089601
0.144675796034508
0.145341444145781
0.0994376624105348
0.161461859293478
0.129572606096223
0.159394919238207
0.13731502048081
0.131847872751249
0.141444993524231
0.116801104073843
0.0923235846678826
0.0926233661791711
0.126227448832009
0.132893653728514
0.133705912214365
0.134066357546016
0.138473084706514
0.169019222682679
0.142158732922484
0.113533930289489
0.130030968981264
0.189664638801932
0.133608077301019
0.196462292300051
0.170911809622907
0.15677497976054
0.173477340856344
0.114842118390532
0.0905442633742065
0.129544781311175
0.120276549204608
0.107160919182122
0.0662843134091981
0.0818039402850871
0.0881530435251795
0.209421284823291
0.143266025696875
0.11512048729839
0.0990147521805623
0.116395542644213
0.118927578440693
0.148111927765712
0.130849925610087
0.121745920354996
0.0939262915236022
0.107978259805535
0.158350334688707
0.0987574354738716
0.130583740998184
0.123281204589345
0.110499567080059
0.0833700108197867
0.0802223789138058
0.0840669001261067
0.0950243218911272
0.126138042522683
0.222312655345342
0.138650107297685
0.0932622154080444
0.12198306286458
0.103407115407123
0.121953174898402
0.12092612426497
0.118728796097377
0.118447868392204
0.109795287950428
0.114162028044172
0.174368796088931
0.117156361457465
0.148277624859943
0.172788544758789
0.150878306467282
0.147036472659355
0.128402463817702
0.102592679801273
0.141897441476545
0.127116819015838
0.139886321342194
0.125033739536049
0.165127504567203
0.108126636185125
0.12680709478629
0.141832614057407
0.113750344875075
0.17123162271892
0.113608266754709
0.152499050618837
0.111434178975252
0.108753224711051
0.102977727879811
0.0950373231075733
0.127357905027865
0.132999784055462
0.134556828933015
0.176028272903058
0.104810010394744
0.153464085874612
0.135614678533646
0.135696850523496
0.131351262251047
0.105761526669437
0.113177992768164
0.101876716671314
0.157406505046282
0.127363955034893
0.127608526974481
0.118297445135971
0.176936899690003
0.168195624586018
0.169329486729455
0.134534354701931
0.14842876033978
0.118855539447868
0.135248520683507
0.101327259897493
0.071097014793499
0.0814041842669933
0.0775296324738529
0.072162821442391
0.133331441151313
0.139730769048594
0.145073660662037
0.150833161578794
0.148868859813146
0.165267564174386
0.123154764833586
0.149651135378197
0.102798446392267
0.125303904922951
0.103314312591918
0.0994969457346811
0.124050215374538
0.101173058659171
0.118898952621013
0.139404671813836
0.151236711749579
0.124315452707543
0.101248074033421
0.072204211892475
0.147635945350791
0.155955188832621
0.130710053872132
0.113702938257342
0.115320432639942
0.156425935228957
0.135348555141413
0.0997659281553389
0.126871033010144
0.097919786502561
0.12075240812484
0.159436143376113
0.0988584162148938
0.125032583161179
0.100434888414937
0.0959069479357152
0.124242421712254
0.116539977061161
0.0878801972980523
0.0968957575204064
0.113832317531262
0.122352218050396
0.0819100559650907
0.0933385678855556
0.100612615310403
0.141982871744361
0.131716276039603
0.107259691239586
0.135193297132874
0.115211798387494
0.119384437016716
0.110187362961986
0.118837986408515
0.0919318262464169
0.0903485667559331
0.0892157258076675
0.124933922975231
0.134098916594098
0.101938069566243
0.113869288801118
0.116613860700724
0.0945003092956789
0.130600404238861
0.0953818531396463
0.103318703346016
0.156724818303837
0.180976130782191
0.142517785867877
0.142391308769377
0.102964987589027
0.180570741439057
0.113938756957343
0.102042290651889
0.109467644860077
0.153233723965063
0.129736452960219
0.178700921250549
0.163955999951263
0.138827278158525
0.139426592924208
0.106394442590685
0.102050559715367
0.10572979610504
0.103527597443152
0.120714287227746
0.108392753133605
0.0996153650027541
0.177381015041717
0.165576649575379
0.127854345573077
0.117602641629528
0.0901376568687835
0.101342217461904
0.142934228571375
0.130271624364943
0.101487142567358
0.13606018881809
0.0979220644789252
0.127258922112387
0.126183112085391
0.14718041608426
0.134054854909547
0.0997494136000399
0.175090197187172
0.161442297894949
0.173304532889145
0.122822683815948
0.146805512712168
0.114308830548689
0.177011421121461
0.132938502630755
0.133243880006571
0.10440167245068
0.124935950625523
0.154232349151433
0.105319235654905
0.0990179822466915
0.101441492580141
0.214480738769455
0.146150927137709
0.147587058508296
0.140330494456615
0.160313167840334
0.152287507364312
0.138989658488589
0.121031367277268
0.179501580929946
0.0802199047025087
0.118012382548657
0.116171645941861
0.0983183190411234
0.149797156987357
0.136652373996539
0.122559653461428
0.168297265888571
0.12050535337334
0.149321432895535
0.17740386552287
0.150794551903705
0.190229405281976
0.151512496918305
0.140532926668893
0.103376359584067
0.116935521083701
0.15314851197222
0.136081602361167
0.116579992806813
0.129242843325132
0.13648351422822
0.154010952666279
0.149434613085259
0.148378905744529
0.187745919150844
0.144728276939976
0.114579943879191
0.114950379792753
0.187803554276839
0.208337882949987
0.17949605873675
0.175807060274974
0.0958603629477077
0.157150106613944
0.103014712421936
0.148760910640775
0.105724822079039
0.158394262743089
0.123976971328711
0.116122557909159
0.154868032658404
0.111216540007091
0.133588299057462
0.150657171158959
0.200357324964343
0.157589374346173
0.157600520044951
0.150884443517755
0.167683315145892
0.116753420005643
0.107498642356578
0.158093659769328
0.137642397502522
0.114202892552473
0.101754725976822
0.0759109118162487
0.106249959647434
0.191522243329767
0.129927604009488
0.134726980158109
0.161920309794476
0.119041842963916
0.130521535274956
0.170520026798285
0.15622218022998
0.157492118185855
0.151567308714871
0.143005257737223
0.107733337339383
0.130817854887337
0.149209888189037
0.157083576511157
0.131311177333849
0.126483297743302
0.165572150980028
0.167154807144216
0.10052499836166
0.124034500073248
0.115979713761727
0.110966214942233
0.114143788598015
0.100355830443231
0.138211787061215
0.107054115516207
0.122068363612956
0.0928081540479441
0.172944934531289
0.120975377151797
0.144076712600489
0.143266197058849
0.157326727304964
0.131976139757
0.192611093490571
0.116401600229842
0.134989443712618
0.125513368068352
0.11892227250824
0.121311813586743
0.0989936539011781
0.106395089685578
0.114722487768947
0.125847140064719
0.117930474605673
0.122389991483161
0.176219559223005
0.149544083107401
0.152307208518121
0.0974644648238948
0.151587240842915
0.172753161617976
0.186693466801061
0.129116145123267
0.0987758400714715
0.160841834479712
0.145422992122045
0.0954777306811434
0.098388635779166
0.0834307897882345
0.149963543013188
0.106796475850647
0.0825285656605509
0.110064461249135
0.151669705176815
0.134230847181184
0.103578004407997
0.153894863179385
0.105118541337921
0.144900257229423
0.0983666686944835
0.103784334112614
0.124434278197484
0.111631882035942
0.1205302861275
0.14357273128701
0.147747293199126
0.135457548077229
0.120806897735892
0.14395234754925
0.139517552837395
0.140514042982123
0.0998543602804512
0.153194568983857
0.144899556368249
0.171682704553238
0.19043682635072
0.186535387530323
0.173359640536206
0.14238611868867
0.109036037667722
0.129141375346097
0.100769795834765
0.14181471961576
0.168007689029414
0.198864865778796
0.128893122107021
0.14268874823729
0.135441186430497
0.18525724666922
0.111718120298532
0.166694214741673
0.0957194238776805
0.128254855757654
0.0887842175221225
0.164327028880953
0.139063412957735
0.148687431976808
0.0838826022671733
0.15211671615979
0.136163560674894
0.107227751749475
0.136754065702718
0.119501151558142
0.170513362020866
0.118343110459379
0.108550821058158
0.124261590344157
0.0856678772482927
0.0989352183324397
0.100832937108431
0.133957348799024
0.167024710965867
0.085138995962057
0.0914821396212242
0.151964692310669
0.187731310343081
0.0920253201915735
0.109300378623347
0.117413300812511
0.0981905209905942
0.0665998208289298
0.1251645987492
0.134632203774975
0.0877311072249308
0.125414877203379
0.106524021304639
0.120915224226521
0.103413427562889
0.148349391086962
0.147538890463459
0.103924341637657
0.114063728070379
0.162196505118028
0.112422438224955
0.114220403564941
0.0958844062513623
0.109140820952249
0.0842166479090895
0.111619969215369
0.105106574076178
0.114016453285057
0.122868991620425
0.112992143815679
0.12468935605702
0.126446321821311
0.149587538543389
0.125789076033513
0.130613425076847
0.184176683104218
0.168360561591585
0.169860323175494
0.126073497757361
0.082225358685453
0.134369819238735
0.131508939535771
0.0932138440846851
0.119244143689966
0.122860032116341
0.136152873565409
0.116985771177229
0.0791234710483327
0.123085720186906
0.13870121122588
0.166704459772799
0.125602924520204
0.156005403934591
0.142872990699979
0.103396254219157
0.174854919610708
0.164898717667968
0.115031932589879
0.11628760600123
0.121163056832519
0.111704603555362
0.166723340445669
0.131541353363765
0.119622555208974
0.1438523563213
0.108808733686503
0.120287406142898
0.119509679996476
0.124590682301823
0.0715174317471208
0.149570590820037
0.197509722905306
0.139877248943624
0.0929059358007343
0.0800286636327579
0.110316231495808
0.0824758355997843
0.126794460945445
0.115384947943502
0.122804092129817
0.117754909416945
0.117930582388728
0.128110550383547
0.108595367731811
0.12367605372382
0.162409394861686
0.113688380118586
0.0787712649977349
0.105053859662274
0.110908126755503
0.119734673260388
0.157696970822796
0.18849357413771
0.118017937583068
0.113221451196594
0.152241317504518
0.120215668136443
0.17983547166294
0.14424018798015
0.193979995879867
0.107145956515939
0.128903400094051
0.127974276304546
0.142348443361629
0.146188623761246
0.102894167914078
0.110228306925673
0.0692419094044036
0.0913579580133169
0.111303854515543
0.121580749994761
0.0978972540977593
0.118052284631071
0.118592444455953
0.14865014420426
0.150491050652745
0.135980086104338
0.127396978796878
0.0962810702672512
0.103201415635794
0.0797235474799
0.0944560114228554
0.119145626522637
0.105543706275621
0.134166727780289
0.109316111982173
0.105964731831506
0.176773712999649
0.18714428864663
0.126373730071768
0.13069700733615
0.0987251426087837
0.0828457792515349
0.0720379778809723
0.116459707267361
0.140129166157255
0.104401466214033
0.148164123717726
0.119226172390719
0.123230315441079
0.111142082818434
0.134330225870287
0.166183511006787
0.114014577571356
0.13439746906005
0.109113662600371
0.168484878481415
0.118439008129035
0.0965215619403144
0.101886054839229
0.124194353778636
0.0997733128632831
0.0978466161604296
0.126498544341485
0.139187088391526
0.0905055444424459
0.0979961770717324
0.0917827172313221
0.140710577474177
0.0925087470328199
0.131544338511078
0.139025125224101
0.10403239273078
0.123119678282114
0.127211804799229
0.115918739719556
0.110786513020021
0.133684149633308
0.105695956751966
0.126617501522822
0.100366242512011
0.115395041410609
0.0898332632379989
0.115004689773975
0.102170211210254
0.148196695952989
0.122963962593384
0.103066217442167
0.129362459814602
0.121871130276674
0.142378821885048
0.120035007266506
0.109289490234412
0.112662921404792
0.110330798483772
0.188220787172181
0.118961734794235
0.121871702087548
0.1104501564032
0.110176940665189
0.0983997733823755
0.116064965363956
0.104851781934354
0.109077226664728
0.127064350349048
0.122643545206558
0.0926228924571021
0.157415411922706
0.159996703100432
0.106201631965715
0.0894612091714549
0.100378787491736
0.125247918476286
0.120586313690252
0.141189036775607
0.120716788607719
0.0872147566665818
0.13910696024817
0.108053746531658
0.110909666972485
0.0999605016202135
0.0610831847154672
0.116953537196015
0.0937858450692613
0.118790003421904
0.140477409276797
0.0776503883954134
0.081888236592837
0.0932548062867142
0.134695913580247
0.137295970048195
0.108729324516989
0.11373617389546
0.0978801721590619
0.125186651474119
0.143134435011002
0.123325954024339
0.118921193302771
0.146640227779758
0.134499865876822
0.138762651072657
0.112157657377947
0.144222215935322
0.152703762696853
0.110859399485031
0.128334237531363
0.134107494027544
0.117747069744785
0.125735591673598
0.0936674889817976
0.10969477975922
0.08752712508341
0.0861768979929983
0.101040308136386
0.114717657899957
0.140793128187572
0.0974541356546988
0.157435602306554
0.121293511946586
0.170879643087019
0.169526215442866
0.0885868758688434
0.0951347428716579
0.155503560715279
0.0890962671438322
0.0731021136025218
0.116731583361361
0.0844780248253065
0.104025634861134
0.0782146857088063
0.113925307470201
0.0690660920314962
0.0937515490171508
0.101858731560567
0.110760401881025
0.16432464516152
0.103564936842598
0.146067020792878
0.105842313591989
0.190813770064446
0.132148350178204
0.0977218721093863
0.113846340141329
0.0963942813027282
0.138602910059821
0.13441815334793
0.101338650372345
0.126944228487592
0.0786304539327892
0.100049910298568
0.116099729500029
0.0626853113120829
0.133947476132928
0.124828042426269
0.12453994381264
0.167193651914762
0.109196569907054
0.127520722364399
0.133066469014864
0.0937782307111959
0.1263079952149
0.116206611777673
0.147048070952173
0.147969775459543
0.115926467356903
0.104510922103514
0.124464329097605
0.170664846550618
0.141610468881052
0.135123397872489
0.129687468550904
0.139523471573248
0.150763560844332
0.123444030410106
0.126078179805145
0.101894572886855
0.126201042050587
0.133019300691129
0.097345222363523
0.171187114100221
0.113500196838386
0.189678961359472
0.145600101647207
0.0938685938936183
0.127277640570006
0.135107999774829
0.11216283228624
0.124871882371382
0.130545513806542
0.123286065236611
0.128530459009445
0.139533764646493
0.075677160428689
0.0827468679574384
0.118217063461777
0.0777847615910591
0.135854026528749
0.094480678370639
0.120590327415465
0.116753434908306
0.120814697086848
0.137618300496189
0.197825528504576
0.152043573972345
0.11690975153099
0.135451929952127
0.138272989164483
0.124014353339961
0.135533352968777
0.134716078694722
0.137861090948618
0.156010917142182
0.117296733195673
0.132442014751324
0.0933188603758962
0.097017101914492
0.0875107812751683
0.13379726653235
0.102106273749662
0.0993449869383106
0.101501975013692
0.110411370766695
0.108572659883297
0.0935957507342612
0.088020864194692
0.141033793120726
0.133996439355743
0.105049274637394
0.221781393983903
0.130214693728025
0.104591801331097
0.146859040388998
0.139271653480185
0.151847996864363
0.120197316503987
0.113787144610264
0.107295366774259
0.102888088214355
0.110347985070516
0.184875927819919
0.0976659608116559
0.166235146072921
0.131368571785319
0.119588509832081
0.138733223338964
0.130612812587439
0.105610098902039
0.120688122943501
0.10407826695405
0.14360348800935
0.127448802754152
0.153623011696793
0.129445233435763
0.131341510657938
0.129765702995593
0.104111957666117
0.110620207427425
0.11481293690968
0.11964355060112
0.13394842945101
0.129438831559174
0.185316843158455
0.148490545359606
0.126064181388976
0.149087389905649
0.157633757869342
0.176040124074383
0.137962639613609
0.165392973934414
0.123192464150317
0.209795910611721
0.121256439775204
0.151663269815349
0.166936079483902
0.138860522004845
0.17878216727406
0.143762608106974
0.135124181593342
0.128079840629649
0.123663101505919
0.133693294073541
0.125280599441123
0.139241262483809
0.104073615596575
0.103031244339495
0.127209673666868
0.168612005410189
0.180900558543147
0.139776239410984
0.152228850848204
0.0971101784962289
0.0988299904871878
0.1135632177648
0.126861918611033
0.104268974828166
0.107130129130151
0.110970409053083
0.141451479008562
0.0808580367007001
0.112478846672045
0.124814258291547
0.133985251128367
0.162768803445879
0.0921318674745289
0.135132408370001
0.114387103761468
0.0902955291210073
0.14314478461046
0.179360555210445
0.109938407173775
0.105398696473526
0.0949002369605329
0.127918253927048
0.135207063722085
0.124637942967089
0.122409682511048
0.188129792385821
0.112996671096283
0.164020030864817
0.164878984477492
0.109218503386164
0.144736730229062
0.134505546457928
0.135417203740832
0.112951301508542
0.0960607499087032
0.0928597597425478
0.144841753012726
0.140776114324372
0.197931430725122
0.105762980592045
0.10326104731955
0.116657091745056
0.0876031260361545
0.125643404961382
0.139600994383379
0.14042055216049
0.183625850131334
0.131390423899515
0.089307176117607
0.131209027535578
0.124536524172701
0.14122731120928
0.149371699429928
0.140033761373628
0.105974886732223
0.120598489981228
0.0921643975957929
0.135691922436423
0.121982981668099
0.116541349780165
0.118826341510771
0.166341364961342
0.164522194223607
0.190269038937026
0.145388277232139
0.122217437232999
0.154093293661458
0.144344150908846
0.125386007034949
0.129374920525765
0.13090653316509
0.120774508574743
0.124702976829844
0.0874681250310192
0.130154845238236
0.0964372068045495
0.144098032696724
0.162413633580347
0.135210788047335
0.145676095638567
0.0971279619550628
0.117346999684299
0.112104102158794
0.121653288812915
0.13037312769589
0.0679516571567422
0.0807560359052192
0.106452819195373
0.126551281623559
0.107911513876645
0.141776416290649
0.145911234042343
0.190061635314338
0.0878188993049377
0.102905452329594
0.1336740123419
0.127078618222233
0.126611716245389
0.13062945739143
0.131966599565497
0.160831114702358
0.155229289023407
0.174739899731285
0.0941035725434376
0.0823978139933284
0.133360361282517
0.167443898189065
0.164930536779882
0.136584585022759
0.103255932497482
0.126190480578731
0.13370613662602
0.127823661370162
0.172097065520329
0.232970765922247
0.228611747560962
0.129733240980559
0.190658388991511
0.200268029676801
0.153395526598532
0.154843756456326
0.131261562932941
0.114466729217521
0.132527077665315
0.187827405644047
0.154201704682912
0.122098048408248
0.122617045479554
0.131893379061363
0.147844572734099
0.173013138423535
0.0984133987239874
0.123853285187409
0.128617146722201
0.108402130226252
0.11173623631695
0.13361430003661
0.0971091472251705
0.129154415529985
0.135797054910557
0.127229699764053
0.111389168638109
0.102687171841068
0.136637380400743
0.142457704429682
0.11661095348241
0.100460948916921
0.0727602594664104
0.116929266513641
0.12023434728386
0.155796415361767
0.116640812389642
0.160805047013373
0.0978067011325482
0.174017516811309
0.13812921534862
0.127379974298248
0.115694401649386
0.098791964551063
0.0930138464351846
0.115387442700399
0.125114012414658
0.0982237453837031
0.128701750088324
0.098517790613965
0.165411814002645
0.207817387591312
0.206391660731248
0.122160851611703
0.174991385868803
0.117181377001768
0.175300647676883
0.110591945175038
0.146256928508944
0.0831352221886663
0.0960486692809462
0.0791035036248272
0.076599729354242
0.108299536600752
0.067688465794493
0.0886410687117576
0.0941672066859702
0.106376395506263
0.115532184571569
0.134194685191296
0.09423076328276
0.127782109180362
0.108568272276231
0.0776184795136783
0.0833744202928423
0.121772701861408
0.117642323282362
0.114669630844258
0.138077364266243
0.143811941628955
0.176227711435293
0.153719107093397
0.134105097029867
0.118964498299612
0.102067046227539
0.137002650516858
0.137198716937399
0.136039467230911
0.147682426870283
0.107355741991778
0.158778126851781
0.0770013976145053
0.0959681964930214
0.151794151471579
0.09630960063806
0.155230834642454
0.117792013114904
0.182457834325116
0.104502735934135
0.133988859665485
0.106317146855952
0.0914628904686812
0.119923627210203
0.138005940791122
0.106818424795841
0.141519897535059
0.100761816187421
0.130266907721837
0.114520086387392
0.148794168143663
0.122695577975188
0.104927774544957
0.0790457563574352
0.0877299319711596
0.124839210196968
0.107140929190901
0.15678539192321
0.145501551417218
0.185322245871463
0.152399504051432
0.146102330767402
0.120514436151837
0.165560827150261
0.081596931475875
0.150312339470768
0.105595212786025
0.123097251550941
0.127381590703602
0.138945562155371
0.159362010763192
0.133054273879055
0.107219366591348
0.067287467185422
0.0952119446644697
0.0998846180569506
0.116658379179399
0.102673266961012
0.109171791185111
0.121014841659632
0.138148736713739
0.121553792074071
0.121940206672825
0.168821251733197
0.186073834554452
0.189768235513528
0.153791535643605
0.0921300737212727
0.117885280555193
0.133571320200013
0.171596024775435
0.165125019240958
0.167914993366967
0.106775641930914
0.120358506799489
0.106807081200811
0.1338987762313
0.0896386746241582
0.11012394462559
0.0779290351015247
0.0868460810577306
0.113407610370392
0.112466526301759
0.137936432923836
0.121425943059617
0.0858292105242657
0.120869027671237
0.11501602729917
0.127058845620786
0.116476931500263
0.114622524157294
0.104844401927321
0.130257938807711
0.093016922148371
0.126456494553066
0.126229245336148
0.178513678701998
0.108125093324364
0.110626704338508
0.118595135005877
0.120231323196642
0.115139217687444
0.139813627351506
0.166992608451827
0.123659037036892
0.14011130688502
0.126540624000304
0.11228329484355
0.0815508970418012
0.100870916192841
0.163887642432731
0.135555018823213
0.0952647371385927
0.100790533810773
0.10745073611206
0.115910270237971
0.12218125263631
0.122483570944223
0.11149174214452
0.121959734159531
0.0856422580226843
0.11207161113823
0.157500820973123
0.1087652815303
0.127188654251938
0.157394880087692
0.115597687382552
0.143800978039001
0.154862222781885
0.117775059047365
0.119668622807226
0.150144182645849
0.157236072075465
0.146988597290869
0.133715874626876
0.208782941371237
0.105918490535936
0.113544340412237
0.107895950493223
0.139683384972962
0.0841583486075614
0.124361462123479
0.0970113175652707
0.110191403493754
0.0939838403253485
0.0897672622114783
0.0690992353389836
0.133189736087448
0.0830394999658526
0.129407360049516
0.151849646770356
0.146911986227483
0.124393312354269
0.123135126334007
0.153833551786198
0.159223987589715
0.109780305666021
0.130830988432038
0.169426690274479
0.185136770783894
0.148170875149332
0.153406872402107
0.111401765284506
0.134953217277197
0.174953654968973
0.1355118180411
0.145261882353268
0.192822454860175
0.168306035258336
0.0966356162649722
0.160933912913203
0.184633354609778
0.12033254211956
0.159640177773865
0.161618115059506
0.176406084395664
0.180104087513334
0.0888621291410578
0.110371223518028
0.116226696847762
0.10373069134489
0.102008198234699
0.154473637652622
0.154762197652342
0.110967599600148
0.0980550341708069
0.115061540828576
0.103537261126658
0.130153029892902
0.113306538446946
0.192448404751137
0.158362397707279
0.101294462389526
0.144261983252133
0.149917814168057
0.123733292151813
0.159902274482963
0.113160568633017
0.105812152620263
0.170257723170607
0.156544231281516
0.126064942417219
0.12410468706523
0.185710960547416
0.121984809517729
0.103699461462994
0.165647416735599
0.0922482861730642
0.131011042931686
0.138620196108291
0.120751258449304
0.107521309217579
0.110730726355057
0.113679007952213
0.127909492196324
0.0897657711559955
0.174513289381782
0.106831199245371
0.121802111375304
0.190259889076049
0.0840047938106267
0.104424157459337
0.0979522497424465
0.137639170401608
0.119982896234903
0.175293705882658
0.0921078690472133
0.139726721000495
0.165083902953052
0.125065350633515
0.0931709824686838
0.11835689451406
0.154243309282769
0.175191350827137
0.0992518437237385
0.151531453673501
0.156013945900646
0.10572310118667
0.11490071316425
0.136207874060824
0.135315413137423
0.0927183403729514
0.165671008219845
0.179652158769506
0.171362356179422
0.139184002968689
0.168681565393602
0.140094814508057
0.147703690468496
0.109426371247365
0.122308134420766
0.140103608284695
0.127187228725757
0.128502831402403
0.131514485411503
0.0998798430377837
0.147481642600256
0.06844256371896
0.130336155280967
0.146738616800079
0.14652680727102
0.161324675415115
0.158183429330873
0.122925421592044
0.111140017418649
0.09689261334253
0.0823045525918291
0.0886258444602202
0.137034399645892
0.0957477315157957
0.0958933090127137
0.0865610304212519
0.0945765017168088
0.0981273321947286
0.10045472130535
0.129738560592382
0.119262001387147
0.102956541636708
0.110557431575491
0.118486143712292
0.130463645216582
0.109866996751876
0.138677007816862
0.0941124637864262
0.137765391651924
0.15969532608497
0.163176414120219
0.156150407831522
0.193661173238482
0.133040659394829
0.162868177183943
0.0844876781213928
0.0968218230246613
0.0971401984878917
0.12369266848239
0.103214385561304
0.190629569836748
0.122932574900766
0.110230539011762
0.134780634425217
0.0843279615017577
0.0851493538707381
0.146030187043042
0.159224841253295
0.114254649458505
0.106722053971025
0.176445266341947
0.148905203057214
0.129937298864009
0.0919483407211555
0.138803601507147
0.0779686201169613
0.103055425929812
0.150921922647694
0.07211807693193
0.0703171971234883
0.0824151681417162
0.133755612083482
0.158588054522
0.1429361642164
0.136145759570068
0.126432263376981
0.0965512745194535
0.116466737562705
0.104101105231654
0.125571354651489
0.132695936914182
0.135603618862796
0.134966225256751
0.162562235635233
0.150671514658817
0.141149124611685
0.151613608631416
0.170336717853225
0.121468825605827
0.14648341517314
0.0993113135947949
0.0889352813386843
0.10737589167129
0.0733916648140569
0.123156523230549
0.103593039289283
0.112231885162569
0.114313007072685
0.126185024659302
0.106133714577281
0.129581906123155
0.12520794653598
0.120920214313784
0.167111323497827
0.134087374286554
0.116104225928099
0.157533042946958
0.126784876618005
0.106960395037073
0.108993497669195
0.126947064327577
0.151891437603041
0.115946458602058
0.0981745682454707
0.123152466233233
0.138760948442079
0.122338977240547
0.142898829936087
0.127159737398699
0.0793839608256275
0.122255401111687
0.105031567039563
0.15443174667458
0.128989369973724
0.0970307660169905
0.094920574420077
0.146029184194743
0.0719171382957768
0.12423765502853
0.131835562388083
0.138040374518126
0.132582761686696
0.190433632259662
0.151483435660745
0.128799888142997
0.125937506967474
0.19009498804777
0.12274880815594
0.118181706056462
0.124434742063876
0.167998371472175
0.158907280947223
0.128643456730571
0.100536451756908
0.16056584516353
0.0936551636532694
0.101476290085377
0.138548880709288
0.114433441392913
0.129450182630684
0.148384027800384
0.168407314238129
0.182220114073774
0.120846787334057
0.102029086749773
0.132266047609491
0.104001730418654
0.0938321271634336
0.109188671520941
0.0913463467088203
0.0894132069220288
0.135828407818034
0.150497493072664
0.117466435592199
0.13570191514724
0.117089594641131
0.152341801525094
0.163906376709976
0.126262455136739
0.121704499468057
0.0926278592038664
0.132284944292954
0.112243528458132
0.0921639124697777
0.115252070129172
0.109828143095688
0.109131319348038
0.132239296581521
0.134623518322787
0.106917809196361
0.124855722134181
0.121787313558301
0.0986603112596103
0.127919485232863
0.126705504809343
0.146690741622054
0.122804107373781
0.120785551581556
0.11797768741938
0.146551688286509
0.127415836848396
0.150168709280843
0.150408906809525
0.150607141401522
0.115589748479407
0.232752949926392
0.154911378337492
0.169911041513856
0.129344394648469
0.157701931722762
0.113067953806129
0.107629707934218
0.101419792985915
0.147242530843914
0.125639250035705
0.130995336924322
0.123555270398398
0.103339880551328
0.125758078593534
0.150999250691621
0.148228500270725
0.156275141558301
0.0909595688060258
0.084222328459819
0.106024857004227
0.103110557544554
0.0678623135889441
0.156364196315732
0.096146771426075
0.108145838782845
0.0873680598643768
0.102534600521321
0.107934496130783
0.157641859764319
0.140527374254459
0.150077541496212
0.135934482204909
0.127844710784472
0.122052276856993
0.106950713389588
0.0977639683490034
0.0711958692421634
0.103320912049778
0.111868379267164
0.140322267263695
0.127809642098797
0.101100157738214
0.113600662504516
0.121564966964947
0.109281676019059
0.0888723560163093
0.0989917615010065
0.128374923088612
0.105212930398789
0.139483130589081
0.0880419283943389
0.0979553266891179
0.136043405078663
0.121589133004747
0.142741541245003
0.120429010663056
0.099058311449192
0.0880584787480931
0.0910233343836724
0.139997825647392
0.0844139135033684
0.0928919491446531
0.123209135308754
0.0764200074885937
0.119142368574957
0.0904913052044503
0.122931055812354
0.16209698877985
0.152056180149736
0.0716256712084534
0.0888732233839495
0.0967755564294745
0.164493579238508
0.088641306247488
0.112500796367915
0.104295961910603
0.134252320409825
0.13750874578831
0.100932653841409
0.125145489103176
0.125172346224718
0.127998920632602
0.118375256234717
0.175570019298242
0.185760113508966
0.113715869122098
0.133975621069457
0.105380251075491
0.183125522714162
0.138419940925956
0.147717565794328
0.146772192487624
0.173065255114447
0.122870022068884
0.139962311632094
0.143031223111923
0.124213243303214
0.111307242153778
0.128499652319753
0.0947471563063149
0.108945154001599
0.114345785585426
0.115035179770221
0.0993019169988449
0.128642502934019
0.157743556710052
0.13686457954313
0.109476879419714
0.112131521789961
0.0941812906101028
0.165540756775172
0.157903018986593
0.179531361546133
0.212597678306841
0.116117026081038
0.107207764568276
0.150457437297674
0.114318260097476
0.186510187602523
0.137545852128869
0.146657107774703
0.0966352295549758
0.092290789891585
0.129743131864582
0.117151292679629
0.115738900446072
0.167754269657173
0.100654447288922
0.131062378519276
0.138540476020531
0.170660863740191
0.117420064588878
0.123557478416692
0.0994039825176302
0.130986539597849
0.139429208867176
0.128594536480457
0.100844203393226
0.122389659506699
0.125023222008476
0.0843894746688199
0.128542090605075
0.0954798280908888
0.128345127693915
0.164837303492501
0.0809627385179543
0.0677522409077297
0.0977458951381325
0.125048024876197
0.0938278305011585
0.107184497602911
0.144616678506447
0.139937767993398
0.0998491524333433
0.13169896564852
0.129270684848235
0.151329502793454
0.122674779355555
0.0908070859258492
0.123502589582575
0.104568442073551
0.109004559898892
0.102133278741698
0.114710798034131
0.144872904366465
0.205744514985709
0.131753500238971
0.150346312009267
0.12145167037138
0.097319038007253
0.13704009784348
0.128141919371574
0.117728604208034
0.146718648662113
0.134687945828071
0.126257230504554
0.119748662132453
0.0917072072187772
0.114429976528275
0.0963984897180373
0.0972383958059554
0.135263777211881
0.167024963589103
0.120971119984391
0.163596770708378
0.159359773426377
0.118084043343508
0.153545754849617
0.133493058540923
0.130873298472741
0.157611022007917
0.176091122659792
0.108223285719597
0.131735116188062
0.160983770721857
0.111955458393859
0.108626321703495
0.142261479896844
0.134550176444316
0.0813548584452781
0.130098625970398
0.153050911048067
0.188009117041065
0.103559060679546
0.123662708655444
0.124162567792755
0.117044315526468
0.144112032694751
0.142777389963869
0.125092650956774
0.144797824703014
0.131783999824408
0.153328755109362
0.183274799626689
0.137772582536861
0.134351887341389
0.117893214606341
0.0979251607510252
0.105272340122114
0.166154572071724
0.139135590516971
0.0983229784208517
0.111934155701451
0.132612332890186
0.135462364645233
0.13167962186998
0.143941260264647
0.127105499981561
0.14090612799927
0.109959654315603
0.157714056643546
0.177364999995702
0.131730033345118
0.15489515040782
0.0835422321200316
0.0971650699795098
0.138555364912999
0.107192965155414
0.153508143157566
0.10147509200711
0.0932018390285991
0.0901946107329802
0.172544801982979
0.138580623135012
0.135092801481035
0.122165950536095
0.0821168897461104
0.0993892878002764
0.161652644167829
0.162193730612758
0.148427586694187
0.144720269262161
0.154076064510649
0.174517118223238
0.147607505847411
0.0936781938492009
0.11999396059319
0.159376132489483
0.106620532598558
0.107978186083947
0.124875707942649
0.17526856536291
0.0878071814596328
0.101047916448283
0.112618392702743
0.110933135042231
0.125431900025102
0.159467054770697
0.0960009647961142
0.0980088707812474
0.13454876835599
0.148038756368261
0.0825113919674978
0.111189572279555
0.146791010143378
0.115526436765479
0.153509903641351
0.113193671481136
0.123025096729833
0.129689314218919
0.156314232408176
0.149075526141005
0.125221377755601
0.12270720769755
0.131063915781883
0.12994638665478
0.143278085018927
0.130050320245438
0.159537889684778
0.0956952078228552
0.103325959180811
0.1307755438465
0.119614902022315
0.0997236046800877
0.0642350548863617
0.0710031339887879
0.0766357365475193
0.0954009082147591
0.0953247836540947
0.0950976449947178
0.101081420913281
0.0918750248709696
0.116347568894022
0.100028741918526
0.120208541638491
0.0792395489866387
0.0994972688243053
0.129411428186095
0.15379501134049
0.174886097326624
0.156974224970991
0.0993546225310133
0.0962830302656666
0.160577586284673
0.0976097870083243
0.122306287779337
0.0981244654171751
0.114435532367733
0.114386834979063
0.119576698509462
0.140659007546383
0.104094817878496
0.132927177043417
0.181845034672983
0.121120012080711
0.128595148343409
0.165011220995073
0.132948119719809
0.173990376945081
0.163783026001093
0.12225895229229
0.147968268690996
0.198413658568767
0.156321906922315
0.146611718613429
0.0846391396533164
0.138479347532558
0.15326735542908
0.126437633476662
0.137503829204444
0.164044693191067
0.112037570238288
0.103988446937531
0.144360908014964
0.100135666753405
0.0678601082953454
0.0638434784908644
0.0696438906692229
0.093721246974228
0.124400403721003
0.0956931217944177
0.165096364846586
0.0930744850156944
0.128496141471376
0.156018884296177
0.132410519257139
0.153719131452411
0.173177767576827
0.184800262579024
0.113476141695054
0.0939940773020886
0.180042778537347
0.127608914818453
0.157900124769755
0.125303691559622
0.161546734517189
0.181408678661812
0.109882151538071
0.0981578678819883
0.138889561878607
0.165571017838058
0.139063449886569
0.105167486276281
0.098267463259606
0.0842220434269768
0.0918403764309544
0.15814714975413
0.0955044280918765
0.123769005506619
0.137103591078797
0.115620350186805
0.159290570332634
0.122141064740962
0.103181991001647
0.10869257147225
0.130826233447877
0.125592034118877
0.110266386256249
0.13451246653218
0.136459018531522
0.0996660567098473
0.0870462961052229
0.0962174608176859
0.149583800946799
0.118881016262367
0.119861694047178
0.0993026587895196
0.125486418285619
0.158362781953206
0.12043104831554
0.108527848273996
0.118443384971045
0.150221276102195
0.160514160734792
0.117289985567869
0.115606478097035
0.159617268763852
0.12701234059824
0.136638139538354
0.101861476140576
0.110084200061655
0.130135346300239
0.129486432472086
0.0924916055109503
0.101767286423405
0.159531172965715
0.120810140095026
0.0795491800920065
0.08063817657944
0.128542460449376
0.134082520825341
0.167144234017275
0.127148230098973
0.134984764900064
0.161294382495693
0.122485474601563
0.13694119574382
0.12459501289095
0.106117871286123
0.143364032104789
0.114955732419981
0.129626079121165
0.172415186283455
0.118785835729507
0.171902746133823
0.123850038709675
0.116065523270828
0.0839352938751576
0.147924472280069
0.115253976437927
0.165946308317254
0.122250090893506
0.101059635609225
0.097575697820777
0.135228717778169
0.143483064619425
0.150536981497878
0.174430424507148
0.185678770756072
0.138812138502637
0.134679871047507
0.131103263060963
0.117540935260707
0.142426351172417
0.162619722736769
0.185654514038143
0.130226979188196
0.144331280046682
0.159842698992658
0.159429328292015
0.152275308270759
0.15519978773179
0.125764554741589
0.20242269923106
0.15666696991323
0.155535683220423
0.150281819221131
0.11942357284224
0.0918660717275484
0.103656621001394
0.138864962002653
0.134238488294413
0.137388117296653
0.125864990237324
0.147685754812429
0.129813122704567
0.118060432655619
0.204014879488739
0.200516464782661
0.136049043410631
0.156137770273319
0.126311049144623
0.137613856353336
0.133175382249849
0.112662323532484
0.116118417191853
0.145273611521786
0.126107800216555
0.119423031798422
0.133986280652268
0.0864319873499049
0.121809195908519
0.134626190754591
0.114955038693288
0.121610294662351
0.149553348576462
0.120897278291771
0.163112249103628
0.124742771303038
0.124242402081916
0.107406182498212
0.119075734025866
0.113203884650632
0.157644908032667
0.083548696037955
0.149330209831638
0.143497665029667
0.176996635514842
0.104130213163003
0.145213716548844
0.147891763981292
0.158471489844113
0.102538482652661
0.129773271576577
0.141320150627105
0.1406366060681
0.140371192937235
0.134751162745474
0.138054815394407
0.137665757854594
0.100587593623621
0.104292718247885
0.113549803148589
0.131336983115578
0.138975680739772
0.12170534462128
0.0756152466175706
0.0764751619143847
0.123410893244026
0.0888523035673041
0.081281647007328
0.144333290693989
0.0831658142468168
0.0858276693172801
0.105252898843158
0.11670415488785
0.160937403050869
0.1373307289033
0.155348487762495
0.100851253493107
0.177701231608802
0.0929405060989988
0.106202011477645
0.116348693636808
0.120282951617287
0.106701128522824
0.188731024199969
0.0964640569854204
0.149177011172332
0.121362564117254
0.140129853598672
0.0834113220102403
0.121750445723666
0.165804905649909
0.155092912134483
0.164124322154228
0.111280565836542
0.0701113963527975
0.0633997724362837
0.0827541517484352
0.0993161911111512
0.193279406488331
0.13143741979432
0.123450314714509
0.105332642380129
0.0983422698589449
0.134404351132875
0.122282487507494
0.120930092289374
0.10399346874712
0.133360606531598
0.125809402637345
0.128159235403946
0.158289298745266
0.129305079726112
0.159767344840069
0.156848299463169
0.179638254982066
0.116437889324141
0.0877647577055277
0.111288962277683
0.128635882417008
0.102870338042479
0.157736406840467
0.138487208951464
0.0919097323756363
0.127800482814581
0.0889024415095435
0.133133497278299
0.117298182486579
0.149317841842534
0.134218342658784
0.129579156704576
0.177382243663677
0.102979378229133
0.105226197472608
0.0992300067821943
0.188856965240189
0.126971342296428
0.113018313276026
0.109617915225126
0.14209146964404
0.18387380331484
0.138016995550939
0.0927715413816292
0.144780196382211
0.127715349089682
0.150482949409481
0.122738829675306
0.0865877529007609
0.135516721064092
0.102117817906951
0.0945200633451862
0.147536695366225
0.127490118164727
0.119949231304807
0.0977873190923871
0.165360229151144
0.142110258740934
0.130846670379109
0.157656172957123
0.187914689122799
0.085818397672551
0.176405741597504
0.163509257437427
0.097861975365367
0.114867148007811
0.0993700879524671
0.0931447997050245
0.171299033934117
0.135481357084984
0.157797538093521
0.0830639788949066
0.0738510107427651
0.10089245761651
0.0851418544870095
0.144339865141843
0.120752165717865
0.126634949787342
0.117010358534577
0.135998608959542
0.147008776701376
0.144469189676491
0.126978138999516
0.158731857947967
0.122667443608119
0.154272058058332
0.148632103633451
0.132947584262728
0.12080480022053
0.110777085797457
0.0867368574151822
0.0808650963580066
0.0744729343097793
0.129909834020629
0.19206028181425
0.0967814325475747
0.13767236814418
0.118697734976042
0.0815956431904992
0.163455191142943
0.10295079427982
0.138146682373883
0.128455099427637
0.139137061894958
0.138862032476109
0.135744551142361
0.101426088344812
0.117191390235213
0.1560603575204
0.114554643652526
0.0930001395993821
0.0823527266098338
0.0683406185434878
0.165495341990347
0.144550766549068
0.0838694554624996
0.123126358340237
0.176000124950164
0.138353395826887
0.14551475886123
0.0755332324094343
0.103564337776716
0.116611685636714
0.137125690014609
0.136815074893968
0.132197994766131
0.108127882478094
0.160585786408808
0.119029174082123
0.117853187317196
0.132526364602847
0.120414975972348
0.140345178964154
0.126122974855605
0.163449857265196
0.118434355530683
0.108610447217655
0.130736039564961
0.0977646536266074
0.117467340253278
0.0998699986327533
0.11480849118319
0.109258807181282
0.110439200625924
0.161025270057749
0.109696424257225
0.0839444475850075
0.0848126358889199
0.119773287560544
0.0992816524414157
0.0882942368144955
0.118561509194402
0.0818202276097373
0.106052948253067
0.117133598139011
0.102515365855482
0.171608940816045
0.108581332064196
0.146796662737367
0.184616540501122
0.0949923814175221
0.11072941718163
0.0728739001665839
0.12482858582321
0.131252596432916
0.133231378990232
0.0857642406601939
0.132292408381011
0.131875717931216
0.0852595453687599
0.0990720566269819
0.112159939140975
0.0996103429291448
0.104925535137169
0.118288435362846
0.146699556868351
0.105775755297357
0.0863652093981958
0.115839850285795
0.139740962637661
0.151332869914766
0.142345511917423
0.0782475644561968
0.131887985440479
0.169501673375342
0.14944995108275
0.184630874355456
0.085164665995976
0.135953205578941
0.100966377573783
0.118401764016962
0.11729615564378
0.133475880603248
0.111631251396095
0.170910709058771
0.132484969505975
0.15378068356708
0.134040013299887
0.153810301999458
0.13484471426137
0.0868693315892184
0.0650559773060037
0.0845261212550695
0.0827706739052837
0.0965701828764445
0.100686738720316
0.109756746990055
0.111012334083563
0.134606939270775
0.132678399190961
0.0889854413955947
0.141587344964261
0.141800908270908
0.0884753680320674
0.0954821482745037
0.125903093345873
0.111328084645909
0.13400255524423
0.0985456226456554
0.110612674724727
0.0980466924068031
0.136021822314736
0.11538802408474
0.132011281507456
0.0797569253434753
0.128245661784867
0.156711075993711
0.093865501849339
0.112028446806045
0.110145667006948
0.129751832519451
0.134011428216019
0.129441665301817
0.0872335230776539
0.131680918261425
0.140332035220824
0.110536069340721
0.0961137091572288
0.0740898782164932
0.0876318626435577
0.113383762101178
0.115670916231074
0.132116601853694
0.128240520652322
0.12908344876791
0.114768950496913
0.144936217820503
0.109672481001869
0.184837601740498
0.15435746422553
0.124155164344306
0.143907515448268
0.098842276369712
0.0766649681541597
0.155366210100801
0.156903084337204
0.121871725505784
0.101271718004853
0.122855671695125
0.178456051982353
0.141648106954565
0.134290505247296
0.158751576125575
0.136892334169265
0.136807814082854
0.164269424374444
0.103073049166527
0.179718952263807
0.197930541553071
0.119444602428461
0.160719940189093
0.136884448606084
0.136951363341017
0.124789683516547
0.152624032542093
0.11035789637158
0.1038630599729
0.0815166475759046
0.0887772772055928
0.0796409765889981
0.111935950592284
0.0988932166808403
0.0937239181672983
0.0664549551417295
0.165119854450973
0.0969943533875986
0.121973858537675
0.145139636789472
0.182385678832683
0.115636425173106
0.118744126781741
0.141327728929629
0.138272008102293
0.113548727234209
0.105756230515978
0.157795457569266
0.176956577158563
0.111351838419749
0.135665499403836
0.117396974936526
0.13775740708177
0.0982353024758921
0.113557503292078
0.145607068401515
0.17255773280317
0.161491098447511
0.147774617578721
0.146252459256581
0.14342640074067
0.155241464880057
0.122083481198814
0.179448866133968
0.173503059017933
0.144133991833695
0.148311736717935
0.108867377075808
0.0907673076026649
0.152074313688371
0.128785352896999
0.133259179434371
0.179197368277463
0.135895349273354
0.165408902609132
0.108170764898433
0.126122701336158
0.131815189958119
0.14082891684707
0.0978340267249873
0.136585931323152
0.107238924280882
0.114142793332616
0.136044655758106
0.142041997748167
0.196064706163381
0.150645453075476
0.158145348485281
0.144895789187081
0.156062189896924
0.122363684235957
0.0962877491995929
0.171947841761486
0.116821136360365
0.121967911426267
0.161139938351961
0.136190688358399
0.140616589318249
0.195169940559433
0.103719957410482
0.125546370340709
0.0963223091155444
0.118893009349845
0.159383123658232
0.147627376291127
0.112017003012648
0.12566418640146
0.139872311977308
0.112186589865974
0.140727633663982
0.0900161346238308
0.153895031355212
0.149414581005128
0.144625644320185
0.154410971729326
0.130918419125168
0.13494492181908
0.127497051689636
0.108027812169919
0.113124449557123
0.105616381908507
0.134406755479892
0.107653076746936
0.0912229428843997
0.111819405598967
0.0966176292392174
0.139340298132166
0.126509511710431
0.149161079273508
0.0870866149794361
0.141314727069723
0.106085458872719
0.173134175667922
0.131288483468928
0.165054607467432
0.12640155646662
0.164576024000335
0.168638179450245
0.147933660301358
0.104390062473721
0.136318555306036
0.13200741618642
0.11515909513014
0.114459205787962
0.102340713950064
0.0896275934950572
0.116766996715502
0.153508112626654
0.109036975405935
0.07756610690336
0.126533982017405
0.214902237545888
0.137237045382192
0.201643819792888
0.107724402436879
0.122081201265974
0.101565992600588
0.111257957499301
0.144230513579591
0.107993925705541
0.125291957308796
0.145112360206776
0.156556361253236
0.120284948029259
0.128686092149428
0.139534069488051
0.107006241345337
0.107860287329831
0.141843669886712
0.143576334278822
0.157901861956271
0.169684072943823
0.158281963744285
0.136979808019971
0.141414020844776
0.141032151190572
0.186843159900444
0.101805157976566
0.138898844431082
0.24653930862282
0.141764267011153
0.193208618290574
0.106730699069491
0.182422398032642
0.189410641672652
0.12326193152062
0.144015921167785
0.170088419660997
0.144058618459833
0.0972402820645743
0.129751875204793
0.0863866663184467
0.123958663145666
0.179486356304679
0.116123415985593
0.106902251725533
0.131263209682141
0.131239357211147
0.0774502570546176
0.133736464058749
0.107743445157636
0.162046522875253
0.145296222384001
0.093288113649033
0.114246234587643
0.133161274048506
0.142302554191002
0.144195226885329
0.136668267938166
0.091340274206255
0.109538412249572
0.103182894084061
0.100118447182946
0.108062887161812
0.182330154419148
0.120585074109317
0.092876051728007
0.1006530716153
0.146898581403955
0.143593295948344
0.151184457624999
0.124789930876091
0.115743018606888
0.137218432955338
0.132727517407843
0.108741886265057
0.120684660044928
0.11387192506317
0.108645000004052
0.109401039131011
0.091872584037767
0.0908535474972966
0.116739983499848
0.0983362614428326
0.0788826568561633
0.0932446620025241
0.142641564551425
0.0910537906890226
0.102654236354987
0.124272743752793
0.142250085427825
0.12742912778466
0.186105251291284
0.123694328177413
0.158578750967031
0.139368618599824
0.118478377281418
0.169486308502318
0.0986096772630319
0.148340996878765
0.0930679198486957
0.10340292640409
0.114202481652476
0.105011321921118
0.146097886704191
0.102032543613305
0.130401352362285
0.0907663428739039
0.157934097010348
0.130082164452514
0.139174568293696
0.0992041831654985
0.101997977739447
0.127017279134967
0.114568458580529
0.137077604721154
0.133723761303504
0.106928837479534
0.139879131383178
0.095366566213002
0.095553020156003
0.0955566450345391
0.125239291871175
0.152880676804699
0.125839996182214
0.122615190640598
0.127723235975575
0.0844642984345341
0.101259212920361
0.0911990433612993
0.138201013379213
0.144322666046513
0.148599332090579
0.118948009780284
0.117200345627995
0.103917602060783
0.132184510567522
0.140486970306836
0.135641846858737
0.142608926463524
0.101395970898187
0.125989328492951
0.0942336109606972
0.171490125156382
0.113773528146279
0.0979967319088509
0.147298049329908
0.131413876669828
0.190684570684585
0.123072640348221
0.0749249050815834
0.109414128327798
0.127568627980739
0.132538978769422
0.148951945229648
0.115502802285492
0.133078452405985
0.107968957322388
0.137008383600803
0.184519524383344
0.149777838295407
0.11417272245378
0.149894767225888
0.0817868526165503
0.0680437900962999
0.0894559994702513
0.0753182400318078
0.143469379358801
0.100203445343536
0.141790563501097
0.137913791852188
0.13181638665023
0.147823544795615
0.119475076085881
0.101380266830632
0.180291489911347
0.121923521599633
0.0932546711249702
0.125735240330037
0.115907691128588
0.197481849274284
0.154554143431217
0.164903516809278
0.140742517779022
0.158602280443454
0.12858826290669
0.101615738941229
0.108660924138688
0.122827028339598
0.107644633391662
0.0800349065198256
0.118120475792268
0.14192614131127
0.158024714189096
0.222688525454969
0.123445594445862
0.0967975445446307
0.164341019050495
0.16607674830353
0.102003961149392
0.137628251162934
0.131937636110128
0.129549524572575
0.139641387998071
0.151399203371686
0.158049329096041
0.125334705107451
0.17139030621157
0.145588536660801
0.129932446578897
0.139304271956748
0.172113397752911
0.126847806298018
0.149790837903328
0.143980844145828
0.110893827427226
0.0836254784101499
0.0860787453734995
0.161707968551905
0.116034635583923
0.109919113672266
0.138188653603373
0.0954814820633898
0.0889175732105783
0.138046330047288
0.109201465204898
0.0664846026621129
0.066789864921773
0.100433771026995
0.106772932535739
0.169602834735878
0.12318502205364
0.123789857967562
0.124886493890678
0.0980848921208033
0.0955436935630395
0.123899116791103
0.0691588407432046
0.0622174250750319
0.111059388415301
0.0905756568415915
0.0932063084475458
0.138326677835241
0.136714744845122
0.125540084506711
0.14178053938774
0.159839606532619
0.174364789223729
0.127785428963263
0.153276707768409
0.123285437595179
0.112715552084194
0.157361848263615
0.20526414364521
0.123045020139878
0.0941610713932575
0.107414003448522
0.130795703404096
0.104579138647927
0.100303425503529
0.118173259697909
0.125168226356759
0.167703773638188
0.170208680389987
0.146838098334324
0.15065346758985
0.0804211118370953
0.0635604824796709
0.0966513244194494
0.132812544265347
0.147735974904306
0.113026571134808
0.124805143879161
0.125585985691533
0.122223264151565
0.149828989610081
0.116360031182295
0.142242493660053
0.149454599488342
0.111674121774667
0.116411895566907
0.176375616083397
0.15078643241845
0.145617017796353
0.120539362010762
0.102059070267529
0.117269854367145
0.107530270387685
0.140346321628187
0.124623440525303
0.149086880279889
0.170477792677835
0.0986494923540575
0.114628159536799
0.0889041169080697
0.103847094454022
0.102380139589952
0.127395596010542
0.226187225119086
0.0936666222114581
0.156325392457548
0.0950671297343713
0.161344197480043
0.115421415462278
0.124622688641941
0.18436273358658
0.107155548497769
0.100234930166206
0.132024010023204
0.123345804386721
0.0969863151057325
0.0694367828903298
0.0839521178142871
0.143225618203492
0.14857682612337
0.108916259112741
0.16645783689035
0.147419190764269
0.150284408103609
0.0993608402942938
0.148297523800956
0.0786158061688025
0.0959612689878063
0.188882867423537
0.137863717354637
0.151339832406205
0.150170935575518
0.140276864953704
0.114041248731733
0.159437629963136
0.190788922047769
0.117579311082895
0.107310594570238
0.0798874702610105
0.1601806427887
0.116769956955968
0.128177476223376
0.178696029011027
0.130074346684234
0.173243885631429
0.17289278383094
0.114473675878734
0.130021349580143
0.176091276261886
0.126829004315971
0.109919124176957
0.10813230696538
0.0813159066297972
0.0692842751264858
0.0982182656920462
0.145158206760494
0.141431755408764
0.103140345355403
0.12893472304516
0.0958373504046033
0.118693181160416
0.161255349431584
0.114056512858944
0.176093262054858
0.179108441669024
0.110005485879612
0.138512743954606
0.0886335933652961
0.0870367454360033
0.160197011293154
0.126869443616767
0.102866788519761
0.186173981331095
0.104911667340609
0.127071441084874
0.0993282709854385
0.118637581208256
0.109373075604132
0.130845113794769
0.172258960200687
0.140914324694001
0.103672170822227
0.0917938246971899
0.131390831599262
0.0865422418980674
0.116573875977521
0.118342838934793
0.0826174777479589
0.140219663327972
0.134001122028603
0.0946490063053504
0.0937735536081124
0.0714611310546103
0.0926145394395294
0.101299496411299
0.118245759625968
0.129980981129736
0.170695357442038
