0.17
0.148208572120955
0.129559135971294
0.111941465284249
0.100252622638854
0.0905646980942347
0.128902490594565
0.119486999756301
0.085606944254925
0.0952705004181482
0.105571403218129
0.120826445837831
0.105181951654834
0.0894352866494419
0.127584081340632
0.0962772058130176
0.126864712624033
0.116247030662003
0.0844610637561249
0.0998628306452384
0.0778146932806051
0.0935120030466458
0.0998929195016526
0.0828041326842238
0.0674124222853537
0.0834168447779825
0.0928767776918819
0.078310514981722
0.113834519465014
0.0862731049345901
0.0974408264501198
0.105543976791593
0.0675289222703428
0.0739393756847701
0.0871358119898531
0.106943991074146
0.0822317632726142
0.104643212727354
0.138712160541204
0.153590813177419
0.0845906979240708
0.0584248909866948
0.0917689752312776
0.0879759526907247
0.0877125374164692
0.102071520949338
0.0798664900755142
0.0750135380791291
0.0737964094011032
0.0795030911930543
0.0750250121158179
0.101293187172228
0.0714896677290231
0.0860842851081019
0.0714457343679921
0.104852221403383
0.0704533757449798
0.0685600739871466
0.0719403253763324
0.0788939988088932
0.113249835199625
0.110872392692776
0.115659525565716
0.0823751567089625
0.101168094635114
0.108261963516811
0.104987605929602
0.104616808178403
0.114029787473714
0.0818578306007627
0.100901737196553
0.0669877442120658
0.118112143889862
0.118630957242185
0.120655626069417
0.0883057952883447
0.101946403892048
0.0960281294753478
0.0903565011023252
0.0788778622535694
0.0670166097102101
0.0870167292527824
0.0627531321329003
0.113518614426035
0.0746591618957202
0.0837603679390851
0.0862233419289083
0.0705710561662921
0.0848177261098761
0.110273144507437
0.128980500386095
0.103864404446912
0.0944289925421747
0.0856602963052214
0.0970655187552404
0.119028777211288
0.0923115557930344
0.0850196275259048
0.102351150677313
0.0918914340165863
0.101836646850808
0.0750411465784894
0.0932618791379505
0.0889259289966834
0.0949667825125633
0.095395028635494
0.114258684539713
0.0919964698432055
0.0762849873767124
0.0925881225503989
0.090615164315779
0.105452580711146
0.0722593498161908
0.0753196351538113
0.0777260500519087
0.0894530816682296
0.0962019017626262
0.0663425835268683
0.0852584799936219
0.127885211309478
0.138896619051919
0.124072141785924
0.100445457340565
0.0733577722574418
0.155730836422123
0.112398155462679
0.105833759219526
0.128360047745043
0.143691291766567
0.105926194562065
0.109502159525907
0.0944893548103322
0.0833643267812619
0.0764638872372389
0.091272514395004
0.0796315122998151
0.112447911497993
0.0777618265587423
0.0803856305411254
0.109806078833094
0.0984860204650755
0.0909010849913835
0.0639132465496304
0.0758281419121049
0.104754441716607
0.082880026159409
0.0801908657834162
0.0873117338873394
0.0923352190728394
0.121095402798797
0.127633556774414
0.0930574158230639
0.0919688428514432
0.0771403344987371
0.109180858330487
0.0811039092311223
0.110807863388746
0.115136856270163
0.0952234092236485
0.0940759542206024
0.0777190378277789
0.082395164218631
0.104349540988304
0.101101540517975
0.076108507206834
0.09554777670689
0.0709333614958403
0.108034503324269
0.103804119770529
0.10212714640482
0.091197685314599
0.0909601494045235
0.139647411368828
0.076768671896857
0.0938443345026281
0.100657237738066
0.0669678055166168
0.109527930932803
0.089836708240096
0.118964120130618
0.0979340654540875
0.0974440949069832
0.0674926062489823
0.0784740090775196
0.0987806106632154
0.12243608726765
0.0664428372083675
0.111897701776768
0.0836363009040563
0.0753949405610691
0.0767517314177414
0.0663284901848863
0.0907330294772609
0.0725818671946419
0.107855577166434
0.0811960419720201
0.115400477028035
0.118533085752124
0.108159549799309
0.127939729542927
0.114345796568173
0.0744733708656532
0.0946515336461907
0.0926702715246544
0.0717491944571769
0.10198936399674
0.0820745036070904
0.111408755089008
0.0683957797678176
0.087546275076061
0.0905849138135369
0.0870964598380251
0.0898598854378822
0.115260115695875
0.100637956755692
0.154647407998935
0.123178220304784
0.0833873982622885
0.0790362055731568
0.0857260240882369
0.0996837275153816
0.0692968751948578
0.122106577735241
0.0851188774488934
0.0929005737195163
0.100588777629209
0.093154005940266
0.095785756008361
0.116988059154963
0.104931909450651
0.0972714154739804
0.125857163458541
0.143867425221079
0.14343445609648
0.0996854672025551
0.106253284987881
0.105135270975026
0.121248325139916
0.132036386892335
0.100954657597599
0.0870516384556668
0.107847556542541
0.119424423455544
0.126875540400774
0.13803055716946
0.0831650310781385
0.0733992070123053
0.0948128490474924
0.11219598043917
0.145830524824815
0.11963317012696
0.100668752590473
0.127458398554983
0.0928280685128297
0.108459391975492
0.119983339524762
0.112315123572578
0.0948599027576613
0.0793034895619408
0.108883107096318
0.115442712824975
0.0988269955408612
0.1033172669034
0.0785332915927311
0.110870872677234
0.143815569175333
0.106630610001531
0.0806032216353199
0.0871688304176789
0.0824753496205471
0.0883751542614723
0.0934408065815898
0.0792424617513418
0.108738313426098
0.0919354114730221
0.10417073103914
0.101665925845826
0.104784224092076
0.142492675342295
0.104294618057961
0.0999608560494901
0.0937227589944708
0.105664170906836
0.0833002369921083
0.071488538502716
0.11847857842881
0.103511315426174
0.102340631265721
0.091148131219184
0.110197231197542
0.105659402322784
0.125068052884326
0.0813249510381031
0.0925682284047521
0.125688889934695
0.126253502643574
0.10945762309237
0.113157751735942
0.145104677155426
0.103558631564257
0.116671249387781
0.104152045706503
0.142182776122305
0.130650675921969
0.0882758748294582
0.0621439357957489
0.0752374429523287
0.100412363415188
0.0916253148437558
0.107938225199868
0.0851421133820613
0.0970075784204622
0.10359802955621
0.0944962096432022
0.125364608924414
0.136992942056272
0.115670649704327
0.0957694609698829
0.103432739615687
0.141009470439067
0.0927065920757438
0.0900373553264605
0.116126797580562
0.117088305469642
0.116529879792373
0.118860947461201
0.0885529181525214
0.106455590995283
0.128561770214827
0.0817705288188076
0.0753389400980134
0.0743959572162891
0.0893449000838445
0.0962777967619907
0.108516891939771
0.0945710205458184
0.0762677597901604
0.0838690644677197
0.095298599445511
0.0753685932815616
0.123650612733229
0.0748619653048204
0.0654410972313202
0.0761573759208712
0.0744697657090136
0.0910963888792494
0.0791133060086226
0.101183611729907
0.104068968030644
0.0764879757632473
0.0835082782962223
0.0792987145125638
0.0930791861971162
0.127887666781179
0.085543275367432
0.0929066226134136
0.082917323567136
0.10488075595369
0.121969194581045
0.110533070494016
0.0860045978916537
0.0889251915780417
0.121299691468551
0.126629245838513
0.0880897714243785
0.101381017049853
0.0798445169294877
0.0948326610933393
0.0966480148148649
0.0799261756838994
0.122948085455154
0.0771612098639612
0.119820005792508
0.106803497566864
0.0777656933998044
0.0780188442305389
0.116014260127771
0.0689976095090876
0.0861214845958631
0.128344732443827
0.114046301877499
0.106336833996866
0.0904074950008859
0.101740856544446
0.0847569982199508
0.116522872815525
0.09525932772487
0.0987108659421017
0.0884423941572534
0.1115181188825
0.0740744092166811
0.0706063145157368
0.0777863714419116
0.113367197962621
0.0816499349378804
0.109540479615462
0.116482762578613
0.0963431797958789
0.103872732342651
0.108489152129016
0.0783019145076607
0.0862286408703145
0.0953256622286747
0.0957615967253144
0.102696145757447
0.0988789260141364
0.101007617386999
0.142140823060362
0.0959147203100513
0.0886555630772783
0.0643271243777688
0.077473360637881
0.0876256096353465
0.0959619113199118
0.0709572940165284
0.0961769257494224
0.0797345353115714
0.0957815123849455
0.110272190724485
0.124590041994374
0.0882354216575334
0.0917454744543448
0.0762809536091146
0.116391130280177
0.126256418353489
0.121090650151659
0.098277366378216
0.060362213403553
0.076225584840447
0.0860969283578193
0.103825562257382
0.0940886353956356
0.120355048030334
0.0838778505713855
0.0974002280416755
0.108231146358884
0.12420455577414
0.102178775613751
0.101243066762743
0.0577157017010362
0.0908703462322158
0.0921460719993121
0.106580649894787
0.0843004313564159
0.138163680906305
0.0887874112771244
0.0838891224328229
0.11399341740542
0.0800157973335055
0.0967823803194402
0.0991870030346447
0.104742327978151
0.0821227638361965
0.0970578706999084
0.0997514338285423
0.097012017399347
0.0674688948244293
0.0813192441900594
0.0770516116481879
0.0647366931350942
0.0917080759755163
0.0645274706905343
0.0822485791082192
0.124105417343081
0.0953572688286029
0.105219366977531
0.0692999323267298
0.0691842409440894
0.0743608833074528
0.105121344165354
0.101843178056736
0.116169608505823
0.0778744337861431
0.0934901982061078
0.0848543401514584
0.0850437181568475
0.0916703440075419
0.155018146119656
0.118905881996323
0.10021344737552
0.111801302690326
0.0845140055798063
0.0857576197910549
0.0941967915743104
0.095800313963194
0.0971475126919229
0.118832331580923
0.0895057329391106
0.128273217262619
0.129273811244973
0.131163423524556
0.0915506415949559
0.102649212183175
0.0689633804996562
0.0692666325418906
0.100309749082082
0.0887456883800055
0.0969950909910561
0.0775167160563318
0.104114072728778
0.0961260485466813
0.0583166844656191
0.0796967542321325
0.0721870672746545
0.0643522737641668
0.0896649996711212
0.106226960739686
0.0883920738958992
0.100832359520342
0.131616737190712
0.0773461020188716
0.0599905222252681
0.0642496347254717
0.0749625259471893
0.0952634566075728
0.0668907904335638
0.0845088235727781
0.0842740428616314
0.0801065378144914
0.0858867617283963
0.0846341457897653
0.0836319152209012
0.101386464702787
0.142393273116767
0.140041777688113
0.117967113013456
0.0897134408199727
0.101758586099649
0.0976246107901541
0.127695248869749
0.0997259760642769
0.147825972796498
0.109301527972096
0.0919839520823076
0.0948965399133785
0.076978755448486
0.122924706243907
0.103696989792445
0.122807959586498
0.114847199260872
0.0979299245939778
0.165190676370019
0.0980326378390949
0.108426243631718
0.0973028516548264
0.0901482629183644
0.0826245850707969
0.13825663419052
0.0724131534743325
0.0907321911322317
0.0693920729221
0.0786424895957193
0.0912121294839502
0.110042297673644
0.102939312903773
0.0934976766643987
0.0901109713909212
0.0752782758444712
0.109022497418311
0.097607043910173
0.114884475513181
0.1470987706128
0.116829466420315
0.146771399105763
0.0882384505165464
0.0867387966861902
0.0840028155684069
0.101019563244954
0.0761649652753814
0.110585799649753
0.0965072119916255
0.0768698548317698
0.0875400871631467
0.105872898563162
0.158146457266047
0.103290781911421
0.135028072776665
0.120203733090471
0.0894071278992517
0.101114842253715
0.0687447674631038
0.108430105066449
0.129839484596899
0.162097034577888
0.0892756978958536
0.0920170364392945
0.093382691389366
0.0888970344607048
0.0892930600979312
0.104232949002639
0.0836112885232977
0.113202911878142
0.102663908707249
0.0773800389502561
0.0780721721284152
0.0965113949655108
0.101538534014319
0.10608876454258
0.103021474227618
0.102381232397203
0.101916929486365
0.110945727471163
0.0694846120525389
0.0986116378014882
0.0779955720493893
0.0714210851805407
0.0726936940901406
0.0937915262651564
0.124232731056946
0.0774571413964429
0.0822809458173316
0.0694648071042617
0.107104885476362
0.104388322121189
0.140271369026441
0.0907534513204124
0.0920611621114163
0.0817362873747233
0.104987184101335
0.109738618741733
0.121737239284309
0.0809973761461779
0.0908369309866223
0.072260170769177
0.083326066096766
0.134828705571581
0.108563118085177
0.0917506275832224
0.0742195331357404
0.0895753238282331
0.0995763012099565
0.0855605425722753
0.114213841225391
0.07512308699491
0.0849547776922858
0.0836408158092301
0.0934217716480764
0.0764706843220386
0.0801068160121428
0.0834841989428436
0.112815983394866
0.0904367703809523
0.0729555590050947
0.100525710475353
0.087594545694201
0.0919178589215897
0.0824442099175361
0.0819230314495891
0.123104567199061
0.104013920842198
0.0737056538674201
0.0965133997272224
0.121984985886938
0.112665225725129
0.080788407297496
0.0893359188110941
0.0916975368874089
0.0653041203757196
0.103287255067864
0.0853672003233544
0.0769125273721658
0.121028324863017
0.127608337113949
0.077339166376783
0.100201163578969
0.109958000641201
0.0869415647700868
0.0971871585891872
0.0822970769372951
0.117810386757064
0.111897239165048
0.0786171968345188
0.0812477302468613
0.0845520293649326
0.0859589588043432
0.0892444402777506
0.086320527991683
0.0949090732473099
0.0899878674963961
0.0818555820308338
0.0859655243015441
0.101966270383567
0.0779365830754194
0.090720554168584
0.116630009802698
0.0630323582015031
0.0810566851018634
0.0740296383966152
0.0829436482996856
0.0684153857234229
0.0768224659688906
0.0837827992105488
0.070517541640244
0.112327690107929
0.0956073630452636
0.0733755396678078
0.115313140445934
0.0955360492090439
0.0902936389102602
0.0828992936995529
0.104692234456639
0.11863134693042
0.129244333121577
0.101735602878392
0.103884938685845
0.113250034154062
0.0770575908103194
0.0683497050013611
0.114973129403428
0.0740123088589431
0.0864597237516792
0.0741044129061409
0.115296213211003
0.0895605497356508
0.100093748696113
0.116252167674032
0.0889756399133532
0.107077541652041
0.0744919599152683
0.0990047497923496
0.0844629566330585
0.111681048640691
0.144627733367658
0.100966528835981
0.0733416353532257
0.090199663077751
0.0751685204407161
0.083192036194504
0.117417179254571
0.120710427439788
0.0835952686613677
0.0849363604804445
0.10722112799091
0.0911892736330482
0.108677889660728
0.0819080947682227
0.0899832454833191
0.0730050472518788
0.0933286281583651
0.108065247171673
0.114755699381621
0.131770802051235
0.0876005441093845
0.0835023587302617
0.0845161730694592
0.0786978864734401
0.0894790515700438
0.100435231952881
0.0951943931043149
0.10532495135518
0.0921403728233464
0.0905336219266084
0.0778525841650931
0.0643171268480026
0.0870347160356412
0.120992530187422
0.0873434976943392
0.104828219156834
0.103860968691456
0.0686822787933707
0.101314846418503
0.0933752750520078
0.0832718950766951
0.105581462238763
0.0834313832077195
0.117160804062801
0.0902409907167157
0.096131422047667
0.0738244905417565
0.101134061359443
0.0974343326799799
0.109891681517342
0.0985680984799191
0.0594779798984648
0.0910408357890815
0.0720640719283563
0.0977031567006253
0.122992583821306
0.100163712678246
0.0956364379625272
0.104747907512884
0.113410600403372
0.100997203172905
0.121550257894994
0.0915263142783559
0.109829605619732
0.102939612552686
0.095464568667218
0.111581856858374
0.0660259520935214
0.085975054504225
0.0710931517377127
0.101140539660385
0.109963303281556
0.0932911234513694
0.0841787357477611
0.143218502344142
0.101484753676973
0.0915069659018221
0.0930352739542025
0.0731328898075145
0.0678014791774212
0.109429674559141
0.0665398383726792
0.0706014691211125
0.122810619547993
0.102255905452284
0.106611725533792
0.111536110362698
0.0700246280944829
0.0691724865257263
0.0936205876721586
0.0954185223043236
0.0954530483719428
0.100824971591287
0.111986371905555
0.0814028114462494
0.0682818109161754
0.100425338294165
0.102623661963574
0.0902423916287878
0.0667102837058031
0.0885740398702993
0.102194330424134
0.120324116260395
0.0907131001616293
0.0870331845428879
0.0907606218125955
0.0898533068708618
0.1227816495678
0.0968411933069494
0.1250542204939
0.16074659893806
0.112495201357048
0.116054794552154
0.0811694715807986
0.0890744684903274
0.0830007244869695
0.0665185968198625
0.0998052034401612
0.126187143037764
0.091730948370395
0.0967100340157971
0.0843786045793692
0.0832329914972716
0.0825758185391006
0.0881070291880701
0.120139088482981
0.0898585706481989
0.0748270064679657
0.0748175677436865
0.09833616268594
0.113658641529368
0.117815822889494
0.133343161145227
0.122487947263063
0.116802311764289
0.0784139735781638
0.103324640867472
0.0800839705096843
0.119319157139198
0.0992462670059096
0.0945077392778414
0.0928491946971048
0.11185888265965
0.113119073657331
0.104471767875708
0.0827584480610701
0.12567372934379
0.113479823678133
0.113102026409763
0.10674932525375
0.0856317314930988
0.114544765654743
0.123494822138137
0.104633959475086
0.111882595339385
0.0914401022892767
0.0963929189300045
0.107464462820137
0.0950250844538224
0.0716106141897162
0.106894840430089
0.11167245105275
0.0924355344978806
0.104647713463773
0.136169535692677
0.0779880692009733
0.0840148127370448
0.0941053223517542
0.110238051246562
0.0769780237091787
0.0775517611719644
0.0796580586696407
0.128073028136416
0.0709917833763148
0.0995701023823091
0.161698018549062
0.131177999921648
0.0943572104248509
0.0779336704103463
0.075372326610565
0.0859974432043454
0.0909835221603394
0.128691669713884
0.0953783989443649
0.0944280971471273
0.0743652410626103
0.104320665858327
0.0694265678464805
0.0974501607547673
0.116431862601718
0.110343325667305
0.0963271472183414
0.0905049500037057
0.0960207682316026
0.113171103000337
0.104156896907388
0.0926117651283888
0.115716982269429
0.0988482208178068
0.0733932307605285
0.0672679328485275
0.0781965368042787
0.0913342616897899
0.0792401148596722
0.105722960060287
0.111230134020932
0.0957963030706522
0.0843209248750961
0.0716351938773924
0.0914743435682143
0.0871541223741094
0.0949529436473911
0.0782180516501317
0.10341379867581
0.0809000558113288
0.082581934318364
0.0726671797640321
0.0684419457957384
0.0693054430596161
0.0991833524016961
0.0842001368572895
0.0946953671356209
0.102754173281604
0.101513137764158
0.0895526195986763
0.0940234662999872
0.097011392407411
0.0998862919663233
0.110141585292011
0.107944468268968
0.0872701173254244
0.0880130524024668
0.105125672994005
0.110254871500562
0.080831924674466
0.0984562567545754
0.0856782622858471
0.0866978376858557
0.0811386155646263
0.0850908262721015
0.106390640582549
0.110712108769749
0.101257495629021
0.105501469358106
0.096762704887775
0.102999999398434
0.0996863326352673
0.0709157371535886
0.0768049763819618
0.0899062836239091
0.0682892083019038
0.0746486677275589
0.0728932015114033
0.0954417726203596
0.111855850024279
0.115086237609954
0.0851232300537632
0.0913010876966322
0.0891861908554776
0.118067500922715
0.115822033963118
0.091391050841514
0.0969180628623067
0.0683713643139614
0.0626356006640374
0.0606560029345299
0.0773979012322211
0.114784305372632
0.106925909913796
0.0935600716495061
0.0868746646367233
0.103002497011747
0.0950826517436079
0.0909128566760346
0.0960482833588579
0.118558741027878
0.100242458220323
0.0915821015990329
0.122099278941791
0.117358231763376
0.114435118831799
0.0991745664765991
0.0886947710301359
0.110144643929312
0.076076510034468
0.0976984273229788
0.0914192893368437
0.138530237119572
0.119441127169545
0.150972816000181
0.121085127109342
0.147598489302184
0.131709505657743
0.0899392750685924
0.0751921764920284
0.103580945301895
0.112477715239311
0.0876059474277842
0.0819620011870889
0.104073849428519
0.108980405585627
0.104339204856475
0.0790248491574305
0.0814633484172517
0.0864965516875315
0.078517144834597
0.0759064528059367
0.0890580531685011
0.0939245372436998
0.114292112935448
0.118660903307063
0.0685068112194388
0.0669902018967292
0.0835977604143834
0.0815804983973554
0.101711472627113
0.0990401441188757
0.113411216039419
0.101811367575817
0.105089809204249
0.124745106648071
0.0935049738662792
0.094542138669122
0.0850447592641261
0.122387938049361
0.0827937899607866
0.114174994290029
0.0886414710423472
0.0959839742799539
0.116845439677383
0.0708170165165221
0.0702442318505213
0.100788202425977
0.0957055327319927
0.081473074249177
0.0920782717604816
0.0745344124284119
0.100269213054871
0.0940413792489583
0.127372586967817
0.147937182413058
0.0853538268910912
0.0866760820282582
0.0932780117565495
0.0910173001975469
0.142450851184367
0.112324518196242
0.113462435717937
0.116876773612877
0.0715679714303384
0.071896449532692
0.0845402794404279
0.114448169066251
0.0946412586317971
0.0936502654475509
0.0903972397432508
0.0884427892648193
0.145167885963696
0.120709080724918
0.0771560601956512
0.0896335994982758
0.0839632572095765
0.103455685027057
0.0962520382575586
0.0936246989599418
0.101600460555983
0.0914090770670082
0.128260891207314
0.142779881742033
0.104928425222434
0.0964211730485857
0.0840921575395803
0.120575414445725
0.126056617063087
0.146087655009161
0.0968178294562457
0.0957494766488005
0.0931903466721842
0.0746845740240515
0.117519269394058
0.102712063129623
0.10417746991959
0.0889571882826396
0.0973162952071694
0.108378739910006
0.0937880986068599
0.0767185508628897
0.105538463269192
0.11049319063481
0.0821620861888405
0.0968681052657926
0.142950717996894
0.1190712130279
0.11354203002893
0.0887059398381476
0.0851051464033027
0.0999517519904894
0.10935497629823
0.0955343318523844
0.0762412011848882
0.0828016567295708
0.0966378413363877
0.116469079889807
0.125309377641807
0.107754070715978
0.0863865364345873
0.06609307383307
0.0755186610357601
0.105107919483544
0.0993058150390981
0.143403266564477
0.13527597951466
0.103801118984502
0.123865810655158
0.111974513466287
0.0986099560292083
0.0626407349479569
0.0952422251451901
0.0829358343167543
0.0770239145221395
0.0930437858185833
0.102183165100655
0.0959509156328872
0.0658256622266904
0.0713848153670858
0.0658418720500253
0.0712538958517102
0.059568893301502
0.0863511337497553
0.0877972334432402
0.0956473862397024
0.0871222075471206
0.0968670286045011
0.0745561341748131
0.0835249512145083
0.0873803429311032
0.114251649592257
0.0877685255723701
0.099611145761012
0.113180264368267
0.108510667450705
0.145617071198852
0.0831074560550681
0.0900499400684544
0.0704263629787684
0.0947042158219783
0.078385997069343
0.0904126515973286
0.0811412542685705
0.0648326578229539
0.0842168143630585
0.0609534387578618
0.107052520706203
0.0648840621400238
0.0818591930841002
0.0825787165895697
0.101426142388127
0.0980203685941442
0.108244412718106
0.0850179597906236
0.0892322971031567
0.0735626165171809
0.0985138583003578
0.147354418039259
0.0881742892256754
0.109606548021034
0.111487046492359
0.100225548682012
0.10668837253636
0.0971179587767673
0.110985428641309
0.0697658702934959
0.0910602408380677
0.104912890296295
0.0980984012410785
0.112610114242707
0.116432051171435
0.0740030806957521
0.0710433762492069
0.120411454564335
0.0714469316134423
0.0990565008987082
0.102271981212897
0.0802059346650189
0.10458012085906
0.069231593369153
0.0752347677937132
0.0891316772977828
0.0933345055381472
0.088960443215402
0.0807493874664431
0.123976277552093
0.0823955442732657
0.0970733224999844
0.0676929017348913
0.0920030688158393
0.0930899489258417
0.0835436769684266
0.081613363276287
0.0971108973592137
0.0794001592821326
0.116936078578936
0.0781457848436676
0.0789311074097984
0.0860382392580232
0.0805305771031135
0.0914250990352599
0.0825814491203524
0.0713792812347458
0.0705476351879839
0.0678399251726443
0.0818627957298339
0.0891810931674068
0.0712315888366975
0.0899739510099895
0.0770421852525096
0.110082201782338
0.0998943212192644
0.0897487376629131
0.109397274618366
0.114703737710851
0.0919535654532439
0.114817831574238
0.0808395841896748
0.0792782111421582
0.0694425681003176
0.0964271726975383
0.085073909815256
0.09437269766003
0.101140842681571
0.077279710145636
0.0864122621222454
0.0676009464330108
0.108643876311896
0.0850345418443621
0.0716105151341127
0.0680623795846156
0.0943894150639172
0.071972587268684
0.133938186687892
0.0941919033604869
0.106942906609885
0.0964406267959065
0.0796898997526609
0.0936078432686695
0.101372652831191
0.0982750560467256
0.0832575567032281
0.0837402299243344
0.0909973844823876
0.0937891050411192
0.0721830828928609
0.0913250690761283
0.0911259591824922
0.0961185618577077
0.0822608529319429
0.102552466132948
0.0795748317344531
0.0863623208957328
0.0877196718785904
0.119181991709028
0.057495233932468
0.0581448819987467
0.0698294931381941
0.0745189877548854
0.127938287078514
0.0858999400051425
0.0984791950152222
0.112574935425243
0.0769687683282857
0.115155082363659
0.0887067392485998
0.128804808089687
0.0656904241248139
0.105983717991001
0.10450090697844
0.0770276477728338
0.0995849727868941
0.0758017714393041
0.105808111943113
0.102161436864968
0.0860727835371761
0.0955455011326965
0.0964118551763526
0.0947624609677442
0.0755237879857681
0.072976220064129
0.0715999300570613
0.101821265653197
0.087394617213922
0.101697229046657
0.102082282912374
0.0966101357075813
0.144370282312416
0.109466036661651
0.133860587727606
0.113656621522329
0.111515061195376
0.0785121205339685
0.0859781296948461
0.0917833963229523
0.0827513470608779
0.0771266545036218
0.0982438333223685
0.0897451249347217
0.123060167668592
0.122877083432814
0.0728871696605346
0.0965617728600293
0.0799719978419841
0.0849164632045774
0.0764296249864396
0.100737432618693
0.0896876219665747
0.106387032149124
0.0850583196361524
0.0976392082339694
0.0921087571751892
0.0728372170773659
0.0835631913047158
0.0795969619834318
0.11770797746355
0.153933629919302
0.119946574014983
0.0979552655514507
0.105825950888714
0.0860256106526778
0.0756461011781638
0.0925949079869058
0.15379721169297
0.125982133224393
0.105116016957596
0.100075841609619
0.0976405380962021
0.098089984089559
0.0849338015383007
0.0829775326271588
0.0818898004826136
0.0727759749062387
0.141316917201218
0.130112509948233
0.107051836906002
0.0985014159159813
0.0846812049990266
0.100419511291531
0.108476976350263
0.126560105232869
0.0948338876833803
0.11648399740047
0.0725578811970777
0.0808538826510126
0.117675400315017
0.108967664687746
0.118446860165551
0.113279794388367
0.0947972072385949
0.0961547142901416
0.108050114725225
0.0999315911900629
0.0819606590611924
0.0714331700819449
0.0778275254621003
0.0707312995765193
0.0870068287093968
0.0750617318359324
0.119424996069892
0.099769747508916
0.159132656707066
0.104741744061875
0.102250075547793
0.090780605566716
0.139636009545842
0.103123878896431
0.133635426261628
0.0969837001924302
0.0840751841529416
0.0834696625074776
0.0682352768006261
0.101386484734824
0.0844202594940396
0.0832702344263488
0.0998370725882829
0.104663708695576
0.0807315212788751
0.0697488889253699
0.094141400458692
0.0885177341382611
0.0699130250022832
0.0879117824638868
0.0757219760837945
0.0762654310261783
0.0660311222350882
0.0596454024508285
0.0795056572297132
0.0929316198471456
0.100538414202877
0.0769051158061804
0.0992273944181437
0.132193470874354
0.115603625924908
0.130157731853822
0.116654706661296
0.0760732939506961
0.0934627800441512
0.0680914588613889
0.102911658374077
0.12963817354004
0.0973953417632021
0.0988177115181624
0.105433654692132
0.105769370490403
0.127136215695197
0.0983890623553548
0.0974306053215334
0.0846485171798928
0.0828128527745212
0.0605788036135054
0.0845636331883888
0.0907878160523518
0.0964446194097928
0.100386480159151
0.10435687801717
0.082330338683053
0.072303226748887
0.0982720257574223
0.111488905268325
0.0766910458236294
0.0831224023467489
0.0826446365801105
0.0923363970414533
0.0989227058732984
0.100434620124309
0.147183625797084
0.114901582275522
0.0944659901796497
0.118693686054555
0.0903334256989208
0.123066213837041
0.101219576216202
0.0946156495625224
0.0780689160375453
0.137674259655925
0.0980791494542896
0.118871730070926
0.0868831130357121
0.0811284285500957
0.0908377281695321
0.136867307810824
0.0933483163888172
0.0934832278161722
0.0774186343596113
0.107050064540371
0.119811552057969
0.110095190632953
0.114209870935707
0.120020189306058
0.11948051712272
0.0997869684729211
0.101274741796333
0.0767296462813558
0.103726294142195
0.0663998461633525
0.087950382877256
0.0576330950681418
0.0778852220990258
0.118785676102087
0.0913977195171576
0.110069022092314
0.0872830562721825
0.0931302101357935
0.083094760760233
0.136247960652978
0.105060110585877
0.118835481488996
0.116550397120317
0.094400795517719
0.0835274539607913
0.1007266257647
0.123117811008293
0.0864555693374568
0.094053082701657
0.111676976868011
0.100573096784396
0.0997011879960574
0.0917913435118184
0.115837749367701
0.0843157837627754
0.131544514942515
0.109229278945549
0.0900075141775507
0.108084897617628
0.131016171711016
0.115093414124314
0.0774450322946396
0.0927666153524648
0.110912319236074
0.108889618854878
0.112855245897122
0.135939050542312
0.10970607879959
0.0823888172200141
0.0885652553449063
0.0985183529193796
0.104764773930477
0.105681875754015
0.0984890123157409
0.0709278593071097
0.11024450608794
0.0948783732318368
0.0724017797682072
0.0863932914766774
0.0658304435377663
0.0598427434214911
0.0788204776709258
0.0728052596885261
0.0693463486793578
0.0860430183620488
0.096877819751594
0.085598736643646
0.0864467537042585
0.10626027689209
0.0853583789866068
0.117187547943472
0.0795720421547694
0.10837570482538
0.106099914677714
0.103805344261711
0.0812357080199766
0.104098629243694
0.0858238714627895
0.101030858537875
0.11230901113331
0.114394305951548
0.0891902025723304
0.0851163798834421
0.0989547153624239
0.0874212468669772
0.0994453264321362
0.112620579354542
0.0990111636611071
0.117174205782224
0.10050622472275
0.109091611689195
0.0928063984855427
0.114937986917462
0.116589305382069
0.108519465763559
0.111190965433936
0.0964242563964502
0.0651315363396691
0.102630208892062
0.0835799753490148
0.0831318951008286
0.12036218018577
0.096229806813494
0.10992113268979
0.092074719537258
0.132976975708992
0.119108502257491
0.103617188699829
0.0874761336900066
0.0755806291670293
0.0697680982981146
0.07870638332101
0.0609119731644634
0.114789920680784
0.0772613643927382
0.0623891125017639
0.122718681365416
0.0911123551908966
0.0925776156414314
0.138790100870981
0.125654259156707
0.115558483844035
0.0839480742092472
0.103490899690775
0.115368780876028
0.111023321859784
0.104901689459762
0.136253660674552
0.10307700790529
0.0914092414821782
0.097126143317853
0.0770005807836069
0.116221171563393
0.0868820338234963
0.0794218322037919
0.074844408888258
0.0731901539240308
0.0849606892955299
0.119320960701582
0.122639249867153
0.146331760427252
0.113276323397131
0.102310533969719
0.114028945190966
0.133078248962276
0.115685440658821
0.0837392942173484
0.0833090328569934
0.109242002253703
0.0798051786721213
0.0735629223883631
0.0715279497268
0.0672210749740256
0.0968553971558318
0.0793658015445048
0.0880417298956018
0.105361434237497
0.0958707732755089
0.0757362869509437
0.0597367950796359
0.0634028600084655
0.0704504318711773
0.0761026031024738
0.106789319506984
0.107013366586364
0.0919065246826014
0.0816078357104387
0.12158005705311
0.0916897850304939
0.10855139482327
0.0794405775936559
0.0791442749889612
0.114703928169681
0.0968439745745803
0.108381282477041
0.097947058173464
0.100392070714581
0.0716425084069088
0.0876578648510118
0.0959202043780409
0.100419468542177
0.0871763623600466
0.0941246065175685
0.109215495384859
0.0935603771258618
0.0912126183832265
0.0817387988116746
0.11336052762729
0.0953536809166065
0.0751003871028694
0.0810757805083921
0.0711330839003576
0.0558257672010026
0.068227235484612
0.114773995528686
0.0941186031319041
0.088612463290365
0.120529934806062
0.0705208162956946
0.0795163479191656
0.0897492952481653
0.0822784666557784
0.103216281882366
0.109793216917895
0.126353926042983
0.109637978842929
0.0754563830164179
0.0900046381814845
0.0912000065521559
0.135213219262964
0.0915762212834483
0.109308391877486
0.11658354343739
0.0935413089500311
0.108226135004724
0.109612100721371
0.0776637430112813
0.0842364235437189
0.078758599818912
0.12882421322327
0.0994393397816676
0.0721485380409903
0.103050416525643
0.0853504606377928
0.0923289696974565
0.0886233964478122
0.0934835061064949
0.0827874883556827
0.0815591985004508
0.0927552239941225
0.0780759377324173
0.0885284737336216
0.0804551582026617
0.0931377495694817
0.0865448408509745
0.0847935896726748
0.117618270597323
0.100112293222144
0.0901582830427289
0.0945087076114173
0.0718444814825178
0.070288497229374
0.085669797062558
0.0712905546341142
0.0834535989260175
0.104612839323529
0.0753583577914116
0.089026559938821
0.0918942775262802
0.0870735146098424
0.0721297045485423
0.105212883503838
0.0636704049106378
0.0855174172939497
0.0953047394877418
0.0999030125257283
0.122727594557809
0.091700394470652
0.0970585204404853
0.104396258695236
0.118190828570178
0.0889517072863624
0.0992960304512134
0.086996403462484
0.092228488419482
0.119970510872305
0.109076764987009
0.0833123464309647
0.0708138957768445
0.0730620040088002
0.0833455189720632
0.0791012806613724
0.0746846441947875
0.0843738303094716
0.0778539707011773
0.0864317938451213
0.144200465408921
0.0839959936800272
0.0853261858644749
0.103100065402715
0.0842794719675591
0.119796809786504
0.137796828843852
0.0706465743316056
0.0932015161583043
0.115580828615232
0.0921192679300245
0.111717119795756
0.0845491896624365
0.0980339371542315
0.085515800868012
0.0649405925143795
0.0841004518433752
0.0845710190238423
0.0989015349240446
0.113179221705323
0.117434095954488
0.109293434558464
0.118241464887582
0.10376190026368
0.0916596992481129
0.120664243646126
0.106096737143382
0.0921906705102558
0.113066742020148
0.0844792783397299
0.0749067764722425
0.075950334635096
0.102177423472999
0.102672300378978
0.100526378695186
0.0888804417482756
0.104505945267638
0.0917359124500257
0.0965526357675721
0.0859900024934214
0.0988681084278062
0.111520719010323
0.120260321689553
0.0792532300781221
0.0777842281151636
0.0826264772173198
0.0791705364240257
0.0830272308850389
0.0825562218469652
0.0706345878701423
0.0838878439902313
0.0927428804112465
0.0728934006805117
0.0747041967520468
0.0987292123122069
0.0797743395632193
0.0857099416205784
0.0585728946852281
0.127283546456386
0.0779059681639871
0.0789411694200045
0.0796504158006603
0.0767965375898985
0.11368425037082
0.129207874670232
0.0785592709147721
0.0972599579204542
0.0807554972087364
0.0764644598432193
0.0958111887128667
0.102613374865502
0.075112110017686
0.086070367788935
0.102688870137198
0.0856418245391178
0.0960490005131073
0.0795380229934703
0.0873617174776436
0.110757108346058
0.0917171289926901
0.128970636222354
0.101970721484809
0.113581444730778
0.0866441791848291
0.0853666452122454
0.0964040609271471
0.0824623511372207
0.111567791452214
0.129774440534511
0.0781146253882029
0.106475237734134
0.102000235054146
0.083128917805677
0.0961688176195381
0.0929581663310082
0.100092546201021
0.0915055748137558
0.0973977622434697
0.0755553069188323
0.104804316426843
0.0918734478430171
0.0845067055707479
0.0833677867538499
0.0930070561089148
0.0890201806193231
0.0839099491655318
0.0680545463597458
0.126178194146795
0.103120520275951
0.106306445109259
0.0673811789576578
0.0984545368120554
0.111185007762412
0.0970279458673506
0.0853436997138576
0.0883409558023903
0.115126093561781
0.0858134780517305
0.100619604087104
0.0661928410328116
0.0965093331940928
0.069229220642119
0.124439490358168
0.10448081549476
0.116538108342247
0.0935495111866026
0.0795388634018095
0.123236375610623
0.101640994683427
0.158528441368184
0.134450430186584
0.138137690127429
0.0991701424455523
0.0862481348853992
0.0928779731897725
0.0963375859860209
0.114069789805962
0.116840849837298
0.0763908600080971
0.101311770947446
0.114309781787252
0.12771653539236
0.110765691899011
0.110993299418392
0.09872817737302
0.138238597762057
0.104244606963549
0.0726853465446885
0.0735450718291905
0.0894763026232035
0.15018675352969
0.10503312126311
0.0910523086342669
0.0956276663098203
0.12579220093413
0.110430350227925
0.113478320867693
0.0861188878430029
0.119073900690524
0.0781345193528395
0.0814708430674739
0.118739148872595
0.0602286265422908
0.103859554597064
0.111085851694985
0.0742710330063357
0.0884647149945575
0.0930868311781354
0.0809034510588523
0.0670363699013849
0.0779214740519638
0.0851255637364137
0.100901408543066
0.101007230833022
0.0824637309702018
0.0641045164136921
0.0768427655305311
0.0765193915029645
0.113273556753327
0.0832312666689485
0.094398725699123
0.0799782821771879
0.0840338280732616
0.120804857642615
0.0762289844566519
0.0977370295114369
0.108342674521149
0.118751855566235
0.091205415931136
0.0765816379648968
0.0772327267516166
0.113670252772826
0.0627746299382862
0.0957662786591243
0.0649683258013938
0.110713482472099
0.105001121492558
0.103736701481683
0.104422893971285
0.119853725168769
0.12487307468216
0.108583424652056
0.0964099478492178
0.128780853717377
0.11411037009534
0.110750817337843
0.155544455944542
0.0877828158181714
0.0923029355160687
0.097217133198614
0.112370789460984
0.105602168192588
0.0939116890515386
0.0910480053997897
0.0909832809773719
0.102483806114531
0.10458746708375
0.101852673872132
0.113450540441907
0.145243914164451
0.0933946040234837
0.105888743709866
0.0811994717294601
0.108117283776585
0.0826868609717369
0.0989695880112796
0.108342949871577
0.0976510339548729
0.114383770505077
0.0814171490001799
0.101730342050854
0.0926546055491847
0.147334500335314
0.0821629980149447
0.108416980306938
0.0987587437639511
0.0848195289321857
0.0829718668816674
0.087336855937464
0.0739266001758775
0.0840480787334831
0.0752172425869531
0.0784608833876028
0.0687264759971198
0.0873090810931272
0.085959315694743
0.084325114192535
0.083280666233765
0.0786963822574177
0.107278944421542
0.0915000865396247
0.0890928428613176
0.0755202499895395
0.100594191578642
0.116372177370454
0.080588983786048
0.0805826749964007
0.0780956695921667
0.101794843822191
0.097490705958565
0.0911165503804787
0.0962840111675423
0.115997290758629
0.0921948863496106
0.0901062421745924
0.107547510783904
0.0910398020607193
0.105272099897242
0.108211842627863
0.0746625547367972
0.0919856328869638
0.0856553421106821
0.103072321783157
0.0713076931270357
0.11390596496234
0.066545172381793
0.103138404649232
0.116388586509627
0.128621459925921
0.0923921553297742
0.119715293289937
0.136468427833742
0.0992185608545049
0.0747549572789329
0.090394812572901
0.0868492525497707
0.100677695040514
0.0920522252176403
0.126468704476301
0.101432335476859
0.11168507256289
0.102318563409306
0.112023648796663
0.0938277191213841
0.111022503165709
0.113004163348162
0.0934599490577883
0.0936557387873283
0.0873942249256466
0.0760609396023023
0.0863990558780019
0.0775185888612961
0.0724517690681428
0.0831792457892909
0.0887943849096615
0.0995844214485646
0.0871337509267337
0.0831573790460515
0.0716280716078552
0.0904963883309876
0.0878316536645611
0.0708194109402702
0.0742221839125966
0.120875496195261
0.0805162905680992
0.113179563844515
0.0968230228686912
0.0899352154348456
0.113919798359895
0.0779627160073466
0.116215296171143
0.11044229247149
0.0811779590235383
0.0851287526196284
0.0927583887140935
0.100057282037035
0.121884835315469
0.0982302735559111
0.0751000879170136
0.0904220261458292
0.0822267836749433
0.106913985732597
0.0821636450025734
0.102897726950842
0.112554648961195
0.099750267708042
0.147754750388077
0.112028174763103
0.0888698601507236
0.109923653042952
0.13877615365716
0.0978878797404514
0.109322409642587
0.0914040263049032
0.0787904402991255
0.126096437140167
0.0868303265736873
0.0822574104176188
0.0964471229812936
0.105591070926801
0.110169708044827
0.0676139648143778
0.0960193685684339
0.0838402562576773
0.102282281121035
0.129935988905787
0.102483642375541
0.132423759337534
0.0747814481687933
0.128088278794226
0.119536835037811
0.126794777662348
0.137801190600992
0.101215047668793
0.114137091364735
0.125804797064686
0.103913985943032
0.0998880519436484
0.103433457554991
0.0896780755435458
0.0777507170680784
0.078793842536362
0.121832900416073
0.090229465649473
0.0997648965690962
0.0940909249146611
0.0872059234147472
0.112003350423289
0.102014215898323
0.104003179441011
0.0959792384453732
0.087442322598454
0.121390409579103
0.138092044499683
0.0961181014591702
0.074594030492828
0.110116784580883
0.119079866453512
0.0716873634325362
0.114195121223538
0.0777004320426506
0.0566385548417826
0.0710957868251715
0.0947994384788941
0.104482041395487
0.120425396953511
0.0966418432310298
0.0800369945939261
0.116303450967316
0.0727071402288214
0.121394732249067
0.0953798692278871
0.0730509875632011
0.0808982984583962
0.0706617529864024
0.0788101538066874
0.0761345001328939
0.0590914954299038
0.0975915029128469
0.0935319583116645
0.102582255063954
0.131358837192818
0.121887921876522
0.12245415255273
0.0879348358406285
0.0909981435223232
0.12112091032433
0.128988936776242
0.106019244121845
0.0854663842606857
0.135145098950729
0.112779540101693
0.128938434794357
0.118367246397705
0.110965803370879
0.140665868591206
0.0759047835965419
0.123691551552353
0.123992069706239
0.0891557811411171
0.111343943399171
0.0944374551704434
0.105498132816772
0.100109522919838
0.112701768651589
0.0815361213932884
0.082830597361203
0.105584690973272
0.0991852031137772
0.0836112871204423
0.0948610083135548
0.0805290521439066
0.0697905731115067
0.0795959972680755
0.075542423757791
0.0832480811224403
0.0800323106118249
0.0727132499849255
0.092634602285295
0.0903071115097716
0.0656085473213096
0.0783759096408823
0.0878477215120391
0.0844496339068422
0.102864347133675
0.0846076602194682
0.0947167662174421
0.0936772213981914
0.100143611703404
0.112068508810105
0.10835858401468
0.0816599830511826
0.10922139421467
0.0825313529945388
0.107099586870005
0.110927723515943
0.0927583465119506
0.127469316355083
0.1328688728775
0.0924665554567983
0.0956504494789662
0.144303733709484
0.0903762699185159
0.0898180530275441
0.107733225547041
0.0742265587649303
0.116134505662023
0.0938890926608053
0.102992441875719
0.089050376899414
0.0827505521008726
0.141385907828819
0.109381266065326
0.0836108642951552
0.126499866745734
0.0953783211986221
0.0937206877478708
0.132121995905968
0.105980129364463
0.0765806751641956
0.0840372871772851
0.120412572299868
0.0741635835434037
0.0779465357853845
0.108186009077307
0.0911990568575839
0.105969599984269
0.0706108977401534
0.0933250497016711
0.0850080772879448
0.0608378859454811
0.0933696071299688
0.074679232590599
0.117385781604508
0.0853899761099119
0.109707074202352
0.095376825382285
0.0978740958643615
0.108792167100285
0.106165258762132
0.082764350151125
0.120523463054544
0.0976530967291499
0.0886143277810985
0.0977903469762942
0.0824067052895865
0.0916668340507747
0.0937820782148586
0.0901483189976454
0.12601990849923
0.101989379438833
0.0730905311761644
0.141365334299603
0.134914433734987
0.110827927168869
0.107491339672801
0.111105230128473
0.095589662482957
0.114176460286822
0.06415544700153
0.10561049236983
0.0656532230188811
0.0916360778045991
0.0819139206777354
0.0868840758238386
0.098787525930433
0.114003762839113
0.0924021328779975
0.126547744160982
0.103333631793793
0.126199561801064
0.0853806794061185
0.115442496102237
0.112001861520984
0.0780704336064661
0.0875165298397801
0.0715778293708714
0.0716047966194133
0.0718256781244065
0.103747872708247
0.0973714286642244
0.0862268006534904
0.0976227543360267
0.147080250687112
0.0920508163718209
0.125173125629089
0.0908780846023641
0.0907520451494742
0.0954056726780418
0.0882976601331521
0.130978421813804
0.126944062644821
0.126151097627714
0.127232704635865
0.066950579615616
0.0651110964550796
0.0528004481155662
0.0823946195579475
0.111934048063649
0.0953938146670214
0.163434085478328
0.124258806793478
0.0662117718263178
0.0637414588393268
0.0845851053400879
0.0957972803567528
0.0631093855006069
0.0682706576679701
0.107589052095968
0.116246808260977
0.0800427760409542
0.0669656335298333
0.134406803671666
0.115026786536908
0.104469634817466
0.0914575246435362
0.089854852643008
0.094656317414791
0.0870233338604568
0.110816654728437
0.129652804769164
0.106507942608994
0.0820444172768341
0.114404734839866
0.113875496322039
0.0973871935295708
0.0984111363710479
0.105767655716685
0.124599272276883
0.113291354648755
0.0990152366824702
0.094290700983929
0.0805782167803712
0.102160012098565
0.143476271237329
0.0921083868941014
0.124145287433966
0.125105568025071
0.11876960622576
0.0980978898239682
0.122910888779902
0.117621590303942
0.125653394619777
0.109261676952737
0.133934652692172
0.105856359480803
0.101338719885546
0.0888692294508785
0.0750467331557744
0.0947840409208312
0.14287429786624
0.104734336031731
0.138223505058339
0.119056517816042
0.0892540980147768
0.135882004505947
0.104135045415473
0.0917045979309811
0.103284864139236
0.0941625561749001
0.103620494199909
0.115433934905716
0.132711238410642
0.117931162797892
0.140011863949658
0.106772563991962
0.0768297960585345
0.0822698688302815
0.0885884441128067
0.0950566578072215
0.115997099520414
0.0859972535454871
0.0919711096980229
0.0977535001889112
0.116605881579243
0.118881851604901
0.102605960824103
0.129304151360627
0.105431339685349
0.100214786486997
0.0991376189773429
0.0714069262331329
0.10640350446658
0.0899639548741538
0.0963962065377256
0.126957635030794
0.106939189540268
0.135256718693635
0.141763649200694
0.0791157332719136
0.0953541910388424
0.0753431438317033
0.0895688075082066
0.106977788048284
0.147009058578925
0.087175159788788
0.124815856499125
0.0965643632454821
0.083373200206392
0.0855696201302964
0.0696684250230465
0.0792675112536163
0.0979772850089464
0.147723183358112
0.131349843607645
0.0865813103623845
0.0912731823199475
0.158244658107668
0.124035610808176
0.137316837368425
0.0857597352560097
0.106437648343804
0.0766791022039115
0.0943438829036083
0.0930366791789344
0.0905750043942172
0.121641726839551
0.142441800068625
0.116839393865768
0.0806512818173611
0.116533061734386
0.0846694691523338
0.104332116903008
0.0876254424413863
0.084338618821747
0.0941868625411211
0.0882459018450799
0.0784214650263668
0.0716640231640205
0.0897630934292761
0.0871588405024986
0.100313372813514
0.0663786371857333
0.0834962203712923
0.0899786531962701
0.0754279082050084
0.123164561521469
0.12140901249003
0.118803807187207
0.118145204153438
0.114512014056312
0.123504129626914
0.103567593309166
0.0834037125196122
0.102352391428571
0.128120460883796
0.0988119275170901
0.0777699321998174
0.0992543440338109
0.13760583990585
0.102190415057775
0.101421526059271
0.144719908197599
0.0873391803156104
0.0908894741308913
0.0610171424581137
0.0656295147748951
0.0917659206817726
0.0630959688530949
0.0682249398122002
0.0741810519143737
0.111395571235307
0.0875942750060023
0.107325980540587
0.11209201960103
0.077076292558492
0.0867479858554311
0.0760668611287913
0.142204921062177
0.153727576358632
0.1051062964376
0.0928372061844227
0.110016749161484
0.0961239252368926
0.0751210980767339
0.0973059555169317
0.0939015900198775
0.112087440733309
0.143708204693082
0.110649836881099
0.168354648780281
0.115117969797645
0.101192608606419
0.0767456969105344
0.11251209709882
0.0780840257788862
0.0851049638008403
0.0889858281386271
0.0816493336581659
0.106593473717152
0.0869867458501806
0.0899901729063828
0.124608776113944
0.106861658744006
0.105422525124428
0.0957987519491023
0.0812029626679214
0.0970052250094959
0.0814425537496886
0.0857796162564494
0.100547827067274
0.0920037171568052
0.113337830103668
0.0949102355446183
0.112655524056081
0.111371952336856
0.115095725274312
0.0849219650744054
0.117316795402042
0.140548655023744
0.113133054719942
0.123093594827595
0.0808786789177784
0.0678465351836127
0.0688447520748843
0.0934160269579683
0.104300336981141
0.111920471171337
0.0753076510816363
0.100425479231654
0.086506687325413
0.0821595309161527
0.112262311812925
0.0932163561643985
0.0776681346186502
0.106225328035076
0.0827487274100342
0.0902372773364948
0.0848762053057352
0.101018162647129
0.10228293897617
0.0880365762124459
0.06845792730769
0.0720704996476676
0.090511045678459
0.116875434294011
0.096923416637473
0.114143173180355
0.0739330808933562
0.10117187787476
0.0740011553652604
0.0838405141821
0.0638558030700471
0.0878894467984823
0.0972271204319134
0.124034345049563
0.0798964080864203
0.0882607448056302
0.121439083488202
0.127800818632894
0.110189293503311
0.0779903309974562
0.103650259108178
0.0891807716999472
0.0814445745588967
0.097799417652143
0.0736928168833644
0.109250436268799
0.110668443582207
0.0923925305344871
0.0956658435621285
0.103689416237528
0.0862584624404126
0.0890529319371593
0.115338891286621
0.0918537106484161
0.0767937203792219
0.0666580676822958
0.0937488863249098
0.0841857036335373
0.0995166984326235
0.108500521552045
0.0869897557264291
0.0977140937655039
0.0837562498476286
0.0741251117505008
0.08122835875701
0.101389143088329
0.0769292393791073
0.0749970405992762
0.0632338126314032
0.104221505393249
0.126844710365975
0.111650248580365
0.0834207825410061
0.114880251427769
0.055387024429415
0.0767293275028835
0.0692040324590575
0.0900933960182159
0.0871888946290891
0.117350794103444
0.117009808109451
0.0953442790828636
0.101495937478668
0.0797471620716019
0.0841526670246672
0.10304789614346
0.132837085131372
0.0812091981449324
0.098821762059412
0.0678895134931484
0.119227194892605
0.109930654628091
0.07022022679044
0.0862180879511621
0.0707230067029155
0.090363112576691
0.0669558888610541
0.0639677564100015
0.0716912796802718
0.0722028036631858
0.084715143618055
0.113807687574493
0.0671674243255145
0.114937263006789
0.0848711114779865
0.0783332565100337
0.10714299217956
0.109195700273493
0.114859224338897
0.107443230836911
0.121048078960185
0.133091066639451
0.0899164451729022
0.0867019701098837
0.0873974089026686
0.0903297857647744
0.121461611277939
0.111903703570238
0.0935009642421755
0.100886196128386
0.134070067412869
0.0877750795576085
0.0846243315959485
0.0943597018747359
0.106993980965641
0.0937601736933041
0.109490294767673
0.0989813877302231
0.0993749577400361
0.099315193105416
0.109235081796894
0.0922523445756867
0.104786953558122
0.10626218448342
0.116507548552659
0.107271840435758
0.120778327105627
0.0889787798144963
0.0921336778761436
0.143856244809049
0.0978850976200939
0.0943753520295076
0.0892533106444329
0.0693367091076698
0.0787412681613556
0.109564132432576
0.100560276944739
0.0917198071701487
0.0940136874977805
0.111481361004115
0.0962248403417
0.0817607795478422
0.114286441599537
0.0896277745480981
0.0699032625567764
0.0963005916490137
0.109155029687519
0.0892114988126363
0.132126346261241
0.1328305776145
0.0837259563467129
0.0970519652514165
0.091047938451662
0.0772801003115315
0.0775904058009872
0.0859159323255059
0.129882621389415
0.0901510716043885
0.0706385618325632
0.091478922703061
0.0937124353974261
0.081622158013804
0.0892883739744141
0.0760481760293109
0.0724832811067555
0.0854280022447568
0.117753753813469
0.0978052127618298
0.101800961541794
0.0976626560328694
0.098939263386465
0.0813279664733701
0.0946825344161788
0.09375160815793
0.085899861711955
0.0763863044908515
0.0882394029157492
0.0891245078403649
0.0793706845989854
0.0877878820045236
0.124782989083878
0.14394128397097
0.147947550907956
0.102772218649829
0.108910789433009
0.099103507418375
0.127386330315954
0.0928608751628306
0.10063438587636
0.104909371108702
0.0877711210204672
0.0717558454015926
0.08414660252667
0.105398467689223
0.114222823116197
0.112209897619574
0.119482566243918
0.124575569036889
0.114733964096379
0.0928767948223533
0.109958766785644
0.0949473068597178
0.117441095449602
0.0956264177954701
0.0921807482117466
0.0841205575981233
0.0974722153638426
0.0842212521515351
0.0967463499723118
0.136248310140121
0.0803077137262592
0.0804280191957883
0.0580408665422764
0.0718427471570708
0.0932232285457302
0.109221935964598
0.124038819458865
0.0940486109086918
0.0779261035591892
0.0715748519254545
0.0795825321032768
0.079557385093562
0.113573167268317
0.0739019302138558
0.074064307911453
0.072362666053113
0.088580422124266
0.12620378355376
0.148553129269156
0.112861722898139
0.0903655520653311
0.105470716144864
0.0850565487145196
0.0635407878065076
0.12201444076567
0.093792223398463
0.102552556205413
0.0915098878295408
0.08141597059648
0.0747087038183316
0.0974402332324399
0.0721334249162929
0.104687072821283
0.110470798387611
0.0976904497811369
0.0803692424369302
0.0979779586347896
0.0909216505456526
0.112542842457001
0.114311318912902
0.122740103737231
0.10144761046631
0.0909595022144956
0.0825626631684409
0.10473792744266
0.0694316516059417
0.0785353929247308
0.134065836762465
0.0996620887745464
0.0939920160483689
0.0972018282615284
0.0919104967772764
0.0942948385579947
0.0806031827324575
0.0803430458145667
0.0712168591613844
0.0945263553007933
0.0864559207292514
0.0726737955356733
0.0727062773683966
0.0856630222244331
0.138054792568557
0.107003180229579
0.0819009673280275
0.0701701828549021
0.0673460763290738
0.102171488026522
0.0851282537819851
0.0670414395333993
0.0914883694024739
0.071963033462665
0.0738033108648163
0.121337129080146
0.100777871741803
0.10260092534291
0.10337190415295
0.108406331060413
0.0922678904887632
0.140664303778429
0.144112496431826
0.125680987463604
0.100547055396631
0.10530716241482
0.120001160919247
0.101872594968282
0.101665263116871
0.123607256840762
0.105944509696654
0.0963983308435654
0.128988764609083
0.114458748570031
0.099323557544468
0.0987036789250134
0.069355382199194
0.110110850611818
0.100537172824109
0.131691987534089
0.112058469340225
0.125486204083055
0.0953011581203758
0.127963019539815
0.0977382248969731
0.0665998796917637
0.0779606416932965
0.138556867874003
0.0852541510734357
0.0811062645401172
0.0712832101143333
0.0801099722495684
0.0980990962565124
0.0742233605464344
0.0657375308626273
0.111093255239946
0.0747104182631428
0.065667639064471
0.101458098420517
0.0708826955301985
0.0916645384418766
0.0647406160587416
0.0638656832689062
0.0692480918088446
0.0853471708523812
0.0684627981221435
0.0790445950316322
0.0789791179619267
0.0645454376579625
0.0892110696105065
0.0835737500062984
0.112559037861892
0.102972543402315
0.100015805539872
0.0743848667215572
0.0875083920097379
0.0818330825386336
0.0732089750188342
0.0632391876854297
0.0737876204890135
0.0820094669627169
0.0841104755099089
0.0834861435035209
0.109381942707232
0.0668220164776539
0.081447403830726
0.106145290616833
0.101234168571142
0.105641337481218
0.112563883271627
0.105318217481419
0.0901039399488207
0.0980708385168819
0.0903956725386527
0.0954011935238083
0.0936596356561888
0.068897721421706
0.077572105639923
0.0662741770047135
0.0682266102027182
0.0675933665167776
0.0815065983402746
0.0838791562539601
0.0830390062207685
0.121190944056261
0.0676506684619074
0.104183266480946
0.0797092732486851
0.141034257532879
0.0721271557238713
0.0844566161105472
0.0830234829887265
0.0916275600520902
0.0993465861853717
0.0983160192644969
0.0960728478579234
0.113576495074696
0.101000268361028
0.100298567745682
0.0971758658727508
0.122029321049592
0.120936397422012
0.11375604680418
0.116118989042525
0.0782045682935474
0.117910069976098
0.108260709727663
0.0884760194390492
0.101925162681509
0.0759170491104547
0.0845005979543993
0.0892867779336449
0.0908899304203051
0.0764989830828451
0.0804492800137417
0.0981448540279771
0.0769768616136885
0.0808167009365815
0.100474533943875
0.0896352502905885
0.0907857698748838
0.0733435159097575
0.0941746795714711
0.136457885994127
0.116718840415109
0.105952611960874
0.114508805569855
0.126112568163937
0.118312047996814
0.0726998000617439
0.105164185001459
0.069741411492632
0.0743402587734938
0.107687942542321
0.090950553298848
0.0782994662588415
0.0808467779265511
0.0753714543259867
0.0785779242846684
0.0846703512654657
0.0880947605382089
0.0774727830583269
0.0887502511098182
0.142335747643712
0.0930911514681083
0.0784298743227498
0.0826096316457605
0.0813313456402927
0.0994029613389289
0.0901148442643426
0.137365342777638
0.142480963186908
0.155496509190687
0.0978106140696268
0.0796731168141189
0.0892096671035785
0.106415151124011
0.0713987594796356
0.0724821695304854
0.0690756140322997
0.0744823923498193
0.062898981336562
0.0895461509732549
0.0917253804379784
0.0844832999862406
0.0988429970429315
0.0862602904192817
0.120464615488573
0.0845598168184577
0.103476443407688
0.0683816685488532
0.0735129504735409
0.0751896829144221
0.115226083839223
0.109670594610449
0.111380319854276
0.107276790221747
0.0724312685639218
0.0909710668220948
0.137244764101583
0.0907720340146058
0.0852561130066803
0.0997789848377916
0.0621070337314737
0.0726903232977349
0.104432795882817
0.08519205876719
0.0804769313081717
0.0879932071802865
0.0866986855267756
0.0757923724506516
0.108825252061593
0.107689781667562
0.0787180415718495
0.0782502952840405
0.116905998191292
0.0950911969556272
0.129845943478813
0.0976734067230346
0.0825959810503469
0.0785538705186725
0.101845687581851
0.0853741701446977
0.112409085774024
0.081910881674932
0.08617881043102
0.111362500158542
0.0997149457960704
0.0703879793231581
0.062986817034414
0.0978418371563769
0.0991664564378346
0.0848631917492935
0.0937068112843695
0.0758255674332111
0.0799672559329657
0.0973422886313526
0.0635273074301012
0.0827811109168111
0.0660480895561503
0.100731564700135
0.057062554099649
0.0681460194278843
0.0883296242486001
0.0950920838071851
0.0953862461112261
0.0867247884800842
0.0782552531161755
0.0878055649458939
0.0855946359211091
0.0764868261611905
0.0758210726965748
0.113953679516344
0.0619353410031756
0.123216842020545
0.0881676100575558
0.100501364340454
0.0929905471442272
0.0982060102811809
0.0665994357930377
0.0786519858235881
0.095070588104283
0.0889390643476935
0.0783139594427659
0.116504467031921
0.118118343432473
0.0880125008436043
0.115296595771208
0.0963255423619982
0.119294415347448
0.110416480534131
0.0940174167740747
0.0871442157203862
0.110341382745694
0.104694685182287
0.10377041586867
0.0672803014857256
0.0903715751390218
0.0890983205774276
0.116084394571493
0.114393050581433
0.0857610905077989
0.108416189541579
0.110125794958853
0.0751620338617516
0.0751559738072212
0.106328705812544
0.0967521459472964
0.129325021192843
0.114902296514551
0.119380948653015
0.108833743682172
0.100415024560637
0.0951749516636091
0.11564554685427
0.0923150906781746
0.122359759205705
0.113900148395141
0.0916607652549666
0.0758641263250035
0.113598876937177
0.101890190159903
0.106876336508597
0.0692920868592289
0.0851507782474887
0.100257600774677
0.0867602443872467
0.110004937425297
0.11125561021746
0.0950541693037016
0.060945335423878
0.0577070903390654
0.0875410540841186
0.114936985645126
0.0957873639234902
0.0932513493877568
0.105300147301418
0.116027639642826
0.100529999407311
0.0778669834725585
0.0669805876531418
0.113029817299908
0.0805770983636538
0.0870048130904817
0.0689137872180402
0.103743113842204
0.11336190396987
0.095635129656145
0.105982916127031
0.105629746310124
0.0853801537700362
0.0791374533075897
0.104328264040092
0.0749675768746558
0.116516385261286
0.0967062444885281
0.0845853561441611
0.111111238635352
0.124075306910632
0.108691700541442
0.107935940035794
0.130782555501924
0.0920869902897927
0.0997642202184402
0.0989639433484697
0.0776863095217961
0.0932616625838667
0.0758889449473633
0.0940406580254561
0.114745601988108
0.112028602088865
0.0958486866707082
0.0976616579352055
0.0857396344296394
0.0898536115174919
0.125882031115091
0.0780499394294161
0.0946517551903823
0.092957725360798
0.0790174458634303
0.0696923648622884
0.0804164001535239
0.0845762266029251
0.0777327868105583
0.0755246769486262
0.0828194885627043
0.0998763195382308
0.106371228925057
0.0846029252175002
0.0763712863832485
0.113063103194109
0.079385461797601
0.074019820444309
0.0777361401455853
0.0913815533251893
0.101171808895955
0.102972916405251
0.0846301671432286
0.119812011127825
0.110145074569961
0.0990239145139582
0.0950424884333395
0.103114710543913
0.0966781906720458
0.109133676479292
0.0888162719441572
0.0970015624078571
0.123211837109002
0.104338268727218
0.10619464629697
0.0795421686483545
0.0907441809533288
0.0999504183545885
0.0723875023175771
0.0801857890392618
0.101111616880254
0.0998491085810981
0.0744052321499737
0.0799340536386885
0.111933927873353
0.102193915056138
0.103592449814636
0.121826092293097
0.116997603365075
0.0694609468398694
0.120187908606796
0.0916982750103887
0.0929474106897128
0.0804116832034098
0.105717102222843
0.0932320627829692
0.111867365624288
0.0857796341146103
0.0967428462971964
0.0933566726863119
0.0905109806710857
0.0811288394362094
0.0863689860999033
0.10353241004413
0.0923496148466657
0.0733088308087355
0.0686179597990684
0.0981253492958667
0.0718051429341421
0.0557543416072995
0.0635030207740093
0.062982162215623
0.0663089633968062
0.104812822537584
0.0848160059198329
0.0950079452456348
0.0903260386748416
0.111504979715252
0.118131768827433
0.112180053337588
0.0807352193786816
0.125574708389373
0.123855402236004
0.0714747447294226
0.0998479761726157
0.116137129958108
0.108848917221064
0.0908127135807873
0.0741768885089034
0.0940099482927871
0.101116445881671
0.104447597462967
0.123154926584944
0.0919531006632286
0.0879895984315771
0.105690403142609
0.0789913904079569
0.121491857930792
0.102887030086553
0.0928550537563827
0.0801102319393289
0.0898439354442093
0.0778765722199712
0.0754778507427053
0.120496083680181
0.0820639292575019
0.103987615049235
0.0982074486013569
0.0893057046048731
0.114591595794817
0.124925901183
0.0735401761658952
0.0683069648648896
0.0756603847267419
0.104065457616713
0.0805598831030487
0.0993266471371214
0.0928159491214756
0.074700424884218
0.107544712061066
0.102130227521384
0.0867739589898556
0.0968165785461344
0.101195320373086
0.0876033432933078
0.109384470347548
0.0712861565790129
0.105737034886855
0.0658545324938404
0.0668968909159545
0.110477054242031
0.107863228044433
0.0772129634752102
0.132244148639561
0.133477753165153
0.112884956474175
0.0864396249105268
0.0902304594087332
0.068147197792423
0.0968686400627894
0.0879260736524434
0.0948322829312602
0.126165048342905
0.115902144545641
0.117890382292642
0.137834441791933
0.0655311390379101
0.0797978119783892
0.110598788275693
0.115512846237159
0.0926491659731944
0.0904329120078751
0.0643737558391947
0.0697333540339202
0.107726537977928
0.0958210445854241
0.0880474597584292
0.0963989698718775
0.0979600356012811
0.0871331755970032
0.112498750162803
0.08948069322638
0.084874812424222
0.0889012931084096
0.0899287814190716
0.0834786518419192
0.102340727573456
0.085221439751732
0.10179088643961
0.0863832304661184
0.101567965052515
0.102670252856044
0.0985763838262063
0.10173055718708
0.0994587503364033
0.102085872617288
0.132805551220139
0.111254136469026
0.0990488455591684
0.108273252460919
0.0927347946047973
0.0984325312975188
0.123532817238086
0.100488100922708
0.0859763358731705
0.076486940501675
0.0895976133283347
0.116710306976745
0.112548141219485
0.097885005676909
0.0965686513890882
0.064388015818797
0.11359108621565
0.0896738947384629
0.0890302522639477
0.114265975135159
0.107058244950351
0.0694380935669628
0.0840604112372757
0.122299265491641
0.092150816049614
0.105946260408787
0.119935089937995
0.110486984956199
0.0812467368736811
0.129246291236294
0.106165390484331
0.105988637861047
0.118282154050778
0.116806615346282
0.0856708996597455
0.0761073464813124
0.105220450387079
0.0807998198668916
0.0969872480328389
0.0949707014050314
0.104242907149176
0.097733723356229
0.0642858924682579
0.115051004936857
0.0993634973088969
0.113786073429361
0.117940963347912
0.116620092231226
0.0962721333382685
0.090464381661217
0.0975919745892837
0.102965025429555
0.11023279731851
0.0684178813849907
0.0905483815029752
0.0987591260749273
0.0921713766314483
0.0945675676929318
0.0953666489501047
0.111597083688742
0.084506739835222
0.0736472161375953
0.101767785451829
0.0766634975504586
0.0584387327736263
0.105671511543538
0.113850732113556
0.0790623564156671
0.0918754424932829
0.0807081627381161
0.0847427255780856
0.0903067184412203
0.0722904977047522
0.0901559121078055
0.0877745800136955
0.0946724332737776
0.0985916054397
0.125824995913844
0.104172519342695
0.103075651167087
0.137912083729858
0.112162697460389
0.0982929114730409
0.100295565433047
0.0899073392804621
0.0984086325770228
0.119690004432032
0.14233996492719
0.107716291297256
0.0948356752912009
0.114362686489296
0.108985394245631
0.10094452134875
0.0940155080109404
0.0851301064597262
0.106929152485609
0.0980077612797316
0.0722034177650749
0.106901647111009
0.109147748310263
0.102711962554942
0.0855226451254127
0.144148378831297
0.111772765743795
0.119336847320012
0.129107674456083
0.0832449361480601
0.0709930616839088
0.0772634163380188
0.0984650784171107
0.101893587986564
0.109021921395326
0.112775016389495
0.135623507004044
0.107742491622507
0.128534974319013
0.101453114294811
0.122885375046632
0.106288298052374
0.117636601159749
0.0738405494426709
0.133285269857912
0.103952220521275
0.130519724287619
0.0935849389172144
0.103912382753856
0.0994819971401883
0.0868910845665318
0.0839611104759588
0.0830429494827248
0.111247226030028
0.141063650312183
0.0895528777377126
0.101242630322809
0.122208247434817
0.106060699378805
0.1503573478248
0.0746452629095207
0.0988903052311329
0.136775660818087
0.117763063634767
0.162140651159837
0.093509032957524
0.110508291576551
0.0997081412428461
0.100319297040322
0.104075468444457
0.0961370451633869
0.0947215338552217
0.08720411924436
0.0825589276076365
0.106120452929157
0.113159513345196
0.0848597328547377
0.102734946249188
0.112493432083677
0.108210425575896
0.0948907504299791
0.119986479955644
0.0767854146160587
0.0962005496205078
0.119232156266533
0.101948972704957
0.0900807509839245
0.137469771116113
0.119199801038947
0.126131766994407
0.115917207856881
0.115673238778623
0.128314671061928
0.115646464376778
0.128226550524157
0.108111456854481
0.158196859603534
0.147121453339299
0.118739039710356
0.0918969222655497
0.0904726435381356
0.115334536876913
0.097419122983096
0.0752534234155205
0.122412489380653
0.113088541502454
0.100530940496144
0.120268274562717
0.0984766588664385
0.0745933738176737
0.0814063102972779
0.0703733595317802
0.112038144860291
0.0677766785486262
0.0720116863127135
0.0755795185241765
0.0890204680291052
0.0818349822852323
0.10343227072665
0.082580316057552
0.0883105554523508
0.0932931441225095
0.138904192158281
0.10464173874208
0.113838575960762
0.101714674917679
0.0853261966314767
0.127935254689228
0.117033807176279
0.117635131396087
0.117838500529061
0.136348405940109
0.111824406222166
0.116226743923717
0.129746208851199
0.0998357612859013
0.110363011760598
0.129699069607762
0.106114498877744
0.0973290559796373
0.0910462227548781
0.0784643194930779
0.0797362069965975
0.084581165937619
0.0783376187043699
0.0865700737998154
0.0559372756923974
0.0646960320179252
0.0789976827297948
0.0816937041519566
0.108338176600239
0.116943198589654
0.0920683078475303
0.0895361182099444
0.0912996121116708
0.129962442223725
0.131549812598414
0.0870438817293162
0.0950197735959274
0.0953672698520438
0.109154397531512
0.0839728429443713
0.0745301903230439
0.10294340721381
0.107703295622993
0.0901221966681743
0.0956005739511221
0.0930909397331979
0.0819819705946158
0.101796868612705
0.0820368561425231
0.0831750144216119
0.0958070022304505
0.154004684482079
0.0841036315582489
0.108852520485305
0.0851664201254584
0.063915311605406
0.074683070119632
0.131175525810864
0.0739374623428869
0.09900021956786
0.108500767317282
0.0678611050761962
0.0868666314736467
0.0723289073388708
0.0972244377170147
0.0870686940272566
0.0669494573683881
0.0647159663187016
0.0611344708039913
0.104425097549109
0.0944357240804577
0.0828881145403121
0.076550907185089
0.0918792791280423
0.0703469117691899
0.0962395027694044
0.11929064618072
0.110213964020288
0.100497809725387
0.0872557634568918
0.0802290036321613
0.0790708454634066
0.0770803052024777
0.0802742440362283
0.0977938999414952
0.1077760989709
0.11900686254024
0.0773079357342641
0.0838471134841782
0.0830861743709677
0.0791505852528285
0.104780173158813
0.0807773073012676
0.094176365177571
0.106082857588031
0.106601568556317
0.107716138343562
0.0893162715063969
0.122081281676586
0.135200153359586
0.122479530017131
0.0936917923141005
0.122271005940967
0.125880356240021
0.0907899272550111
0.079250110176697
0.0643019398284477
0.0870388039582069
0.0944558513003645
0.110481238197033
0.100108414349138
0.124695935660595
0.0726399185318265
0.107320605875424
0.0918166457454529
0.11193814561345
0.145757034460449
0.13980641707783
0.0803845178512054
0.0967826794327001
0.136419834472406
0.10245629311249
0.0716383413593377
0.0886362157531627
0.11648508811813
0.103399686648694
0.0661589161734172
0.114566891790422
0.0749196585681218
0.100259787991911
0.0791174548488735
0.122157276692295
0.124225405837915
0.0975109361159624
0.112787173141918
0.0838839417005996
0.0936519971571714
0.103955639937572
0.099250863470222
0.100731827122709
0.0787707305164928
0.126948651942574
0.0675382038763957
0.106814056492762
0.101841307694502
0.10919383785629
0.11573807708
0.108313158681057
0.123614287064187
0.112270286326963
0.0847851110232877
0.130921209832571
0.0824425026946496
0.107036572875071
0.111991980957588
0.0903346807082547
0.0690672778424714
0.0695913149843805
0.107061140114412
0.104058919354709
0.0963132160182176
0.0821152170486782
0.0813395716246544
0.0895355945773818
0.128699133617016
0.107394322254452
0.0861815065198275
0.0949107975428678
0.0728377864405932
0.101093937733596
0.116423859293238
0.0881129629923139
0.0747695313430561
0.113051973747567
0.0961501299202006
0.0980976025104719
0.114172477589313
0.10541631235701
0.0861825089071871
0.0696353003161319
0.0783410736832545
0.115720600712024
0.0820001240412996
0.100004727572237
0.0932050138193843
0.0876850730427856
0.106276594056993
0.111572069129681
0.110753927470464
0.0988923293848823
0.0758429678314197
0.0806216820947081
0.0960969728724501
0.131371263072054
0.0987481144871984
0.0857367697606925
0.0955862905148772
0.119803620400384
0.10034373543349
0.0832908756326542
0.088221770065577
0.0941738417385568
0.097871540758025
0.0909230863585143
0.0961321952476667
0.0986371331926283
0.127533848791772
0.117778640988055
0.0929726319926295
0.128862357625118
0.117195819651031
0.0881160461239359
0.0840993062580052
0.0995803705524783
0.126330536240863
0.10198274222134
0.0838137688354686
0.0842864220980852
0.0726215791851227
0.0817862994131984
0.0808309821179337
0.0819725453483151
0.106000574734155
0.101094238524737
0.0819106203015861
0.107435462441228
0.08521419839292
0.0863154436857186
0.0980268558550303
0.0874172578008833
0.0976437532539924
0.103065675138493
0.110603537811652
0.0910730651329439
0.0894770319724565
0.122550129127731
0.0708483133956805
0.0958172799527674
0.1193405840158
0.0684342782550593
0.0795665541347413
0.0869726386991561
0.119096104192759
0.107574042041722
0.100235596508971
0.091258078560229
0.102010170831944
0.0642199012472084
0.0581068119862156
0.0788852910420833
0.0982798969751442
0.115985815703051
0.107213402010594
0.112765646373616
0.122160186235539
0.0931809277725596
0.107530533182529
0.102860275923734
0.0944356716628473
0.0917958247928011
0.117892006743989
0.0874973068294961
0.0819199274282182
0.110920162155243
0.114216734314904
0.102968738434872
0.0975156051840219
0.0856233360459834
0.0940437914903142
0.11940067154135
0.101674080877913
0.128777423808998
0.118143452533001
0.109825432080882
0.0999970410202523
0.137600142895039
0.0921881574579856
0.117851316118812
0.138671060266363
0.0876820469291512
0.0915148943999084
0.0877627059173124
0.100014287359755
0.0951171090475748
0.0748127811270327
0.0743612204598658
0.0858338476214995
0.0919428910682675
0.0671555676008818
0.0898925325366151
0.0897270977901927
0.0699502564389889
0.0999034560972937
0.109105829966681
0.0875031695728378
0.103851333847012
0.0926990714672686
0.111466112526277
0.121112667177022
0.086636562042228
0.115859700389833
0.102076536780328
0.120815980491064
0.101001930103729
0.103173400957234
0.105371667218862
0.0656924362396561
0.105764434537715
0.0945901821209636
0.115772799348309
0.0835294932667246
0.0613257749888738
0.0637095239492872
0.0708375117532317
0.0900534107433253
0.100228297851812
0.0778813061425664
0.0815614187733221
0.0899758393895387
0.0947638777804657
0.0860520568376678
0.0690538284119109
0.0857053664972715
0.0927161441880986
0.0813296367962446
0.0878053393027967
0.0915251845528078
0.077161472522198
0.114586562735303
0.0958749972583484
0.0807679423223689
0.0836860465619495
0.0972768096997057
0.0985645518213508
0.0795126756303918
0.101539403843232
0.0901670448270846
0.102635169972015
0.123701997640555
0.120478693570333
0.0751370883565171
0.0830777008418965
0.101850463754861
0.0718821620750175
0.0961974053274074
0.0940238736602266
0.0808842774364497
0.0953810438821777
0.0930359193952654
0.106611934990713
0.0900262093934605
0.0627151181752507
0.0753249773053795
0.0922662754463135
0.106934986358798
0.0861824058178825
0.0751903155813122
0.124039995267286
0.0887427039122705
0.0789651153133026
0.093114976573896
0.108919418254812
0.0773222336520115
0.097031954208039
0.103410355669023
0.0925814953968776
0.0831417400271018
0.0879011240805499
0.107457326973209
0.080503389113817
0.0970967884882635
0.0999139913060427
0.0777364982833178
0.120288224198112
0.11477407983445
0.0944609417112373
0.125515510528789
0.143447367722115
0.0696345761285132
0.0707980514056801
0.0912378329843939
0.100209185717852
0.137461175609243
0.121845503909419
0.0990769203719862
0.0998534317037383
0.112912569034424
0.0698147224421537
0.115107757293681
0.169774276418849
0.140131861814889
0.112837720154801
0.088413955133324
0.087257754425599
0.13008072885941
0.12199502157514
0.095071567306586
0.0980423628329582
0.0886567588029397
0.111725750214876
0.0689963081350266
0.0851744338734702
0.0871056080825044
0.124169558561732
0.117923590392475
0.0827717617152914
0.124268357990566
0.132319190574228
0.113690184550371
0.1260133206493
0.13705082141923
0.110735185444549
0.113650908115043
0.15227170982113
0.118753261136744
0.0765847434962208
0.100181143259402
0.0960844615613277
0.113249697611712
0.0948146788715279
0.107688667667841
0.0973513729668971
0.0754374778339103
0.107484973360989
0.112561407321659
0.0857219086917071
0.0757686843378415
0.0745326659039704
0.0941007807105872
0.107723195150803
0.10065255193182
0.0765655494112334
0.149656270565372
0.0805452626527851
0.112023798798822
0.101349493360673
0.0792299786760932
0.0650452010656348
0.0623739593309862
0.0892185631330013
0.113006133934553
0.14844132492821
0.0936270920119755
0.0917282019187647
0.0833996979269735
0.0954278761229588
0.0749592306772058
0.0835860578033623
0.0882029625201807
0.0963221036416887
0.0633168441739036
0.0966083398356936
0.110713252635483
0.0748837854049734
0.0896920414853338
0.0911789753742541
0.0908976169550284
0.119334524976001
0.135857755638598
0.0891082866595075
0.100995111344693
0.083984875246547
