0.17
0.153245872933147
0.145331089281004
0.141365579466648
0.13110462642431
0.0891298000056141
0.0788143301510564
0.0793015688143331
0.078118598538916
0.077256992545503
0.0708557010376294
0.0740101771502652
0.0670279066332594
0.0756540087815467
0.0616676940122785
0.0662311408168665
0.0597571995227656
0.0762620239445058
0.0696050620613463
0.071031850676245
0.0870795987167957
0.0823436270592326
0.093274184091105
0.0644460001759288
0.0695408814296976
0.0615759407445083
0.0811627326331992
0.0620891030759622
0.0649434206576692
0.0816328922738392
0.0765050241163201
0.0840734096377287
0.0609907460000988
0.0747656113392471
0.0806175028908637
0.0704054022989509
0.0674076569037989
0.0919682154079628
0.076200736383927
0.0898497775556848
0.0649340994390935
0.0829647092300684
0.0867144293138312
0.072192647703071
0.0866782740345965
0.0750867902662582
0.0666860079506749
0.0884254398484606
0.0861162578637305
0.0589892386094211
0.0766654136976427
0.0846928783312051
0.0860726160528926
0.0739769104970882
0.0656111014543533
0.0764152829067962
0.064109583986299
0.0743481318823736
0.0578491112975073
0.0750374674949247
0.0698456745137889
0.0657765402898177
0.0558822747324058
0.064209013886069
0.0690647439541434
0.0714883726794879
0.0803065538230237
0.0660909485470508
0.062875012468452
0.0909782813857818
0.0901385359521699
0.0871167882050994
0.0955091689211312
0.0750244132745705
0.0958634921576869
0.0858660316976196
0.0637053695712231
0.0636562108341938
0.0602368132905938
0.0618299678911068
0.0761295312997253
0.0843503392518446
0.0642015932864928
0.0780029988984418
0.0841419189001858
0.0652518718769367
0.0784361912708491
0.0671765949705813
0.0624912792690751
0.064346875987589
0.0726728736933384
0.0822992787107631
0.0688851804792727
0.0796211527262975
0.0691064782993547
0.076724012576501
0.0705364670693493
0.0648029490658068
0.0573446125318014
0.0794449056674566
0.0704007637986896
0.0762278907323566
0.0873189018097627
0.0945493354199527
0.0962741380377707
0.0824406100178149
0.0696320809515663
0.0784342839566896
0.0579685658502392
0.0643724133778832
0.0736666648777356
0.0674200628143976
0.0608438981601395
0.0690959066582565
0.062452207811202
0.0687441367228566
0.0660948470817947
0.10039501392735
0.0772045262861097
0.0675286929232114
0.0747268659979427
0.0777211960769088
0.0910178488508483
0.0672281922952657
0.0694594518198868
0.0735372770953883
0.0820471570005972
0.083463050833597
0.0849477403407593
0.0689352715715323
0.0744269924554123
0.0777844713647836
0.0729388584040437
0.0652953538678103
0.0609421729049145
0.0570375484899126
0.0600655548473811
0.0818794192240708
0.0740416420487912
0.0869374955985194
0.0635411512822066
0.0708264054796496
0.0789220368459229
0.0624472697821531
0.0688845865365914
0.067351741971916
0.0787871915614142
0.0709739113600793
0.0699776623378599
0.0827552007465725
0.074725595182633
0.060305255361469
0.0721763936546091
0.0701770578330377
0.0577226346195591
0.0761266968924867
0.0732301504971918
0.0734181622513567
0.110625436515321
0.0979223649195641
0.0681016211567753
0.0740111542921078
0.0692469487361528
0.083682986891809
0.0644933721134264
0.08059293090917
0.0873874457630058
0.103638544099724
0.0657535345995521
0.0704049457378624
0.0664943103937002
0.094912031441176
0.0632869818516858
0.0802103793784977
0.0799449415327847
0.0575200914345659
0.0735627120965825
0.0884022593065381
0.0784754209311776
0.0847963888324983
0.0692524656874187
0.0685689811889641
0.0562797330104648
0.052533771862331
0.0567428363406506
0.0620646598993114
0.0698380114507387
0.0600294794259067
0.077961595989383
0.0705510603962283
0.0909005290279675
0.0618023121443184
0.0752783512410533
0.0766805422781612
0.0848230942453139
0.0600532361611513
0.0693197876026321
0.0627713388357344
0.0694761904830877
0.0790982090821307
0.0793115743449141
0.0712292350405094
0.0807480470544556
0.0759888510342021
0.0856165695186148
0.0670578246681323
0.091294200916857
0.0692742134495471
0.0774584798206512
0.0806943678137315
0.066261775192199
0.072668876327921
0.0702830966874893
0.0873924677022322
0.101702328396489
0.0747397147231611
0.0740020429557141
0.0657791038425328
0.0778859597061956
0.0624428465620817
0.0832456985216039
0.0753996293622198
0.0714456220091791
0.0751288497800628
0.0695613799376168
0.0772955278569785
0.0859648029999756
0.0669427480417406
0.0692274076573958
0.0712390895672398
0.0607737631817741
0.0884963341124894
0.0621697504991585
0.0767544183427153
0.0767410829061651
0.0768165306212504
0.0611957725175658
0.0851303334427971
0.0671994708311918
0.068651139086469
0.0750482694147634
0.0733427111437053
0.0725863753344454
0.0774956974701469
0.0838070598684607
0.0882461270746067
0.0715330418059082
0.0786996186755044
0.0770541920526851
0.0603821471233299
0.0771849078475021
0.0779314269001108
0.0649456076574958
0.0701840289937201
0.0705806824660159
0.0717111227625445
0.0674752699618519
0.0831499943715163
0.0824595229780626
0.0826130760656042
0.101944789533896
0.081152745179491
0.0737711189550201
0.0724462799729666
0.0766328517737777
0.10059779001988
0.101492332733938
0.0686718527296336
0.0982110807451804
0.0755866049928298
0.0762184845498386
0.0747193538244449
0.0751663309629188
0.0647253290288796
0.0675756153444795
0.0796059630520337
0.0850222408032149
0.0878536138336019
0.0653081447275057
0.0601610814999808
0.055743135585697
0.0584202964847903
0.0736656652701478
0.0790478477382561
0.100266418141125
0.0658336552494181
0.0653758611788141
0.0936332545113039
0.0702449659949101
0.0560343968680368
0.0694954436722676
0.0761878087043577
0.0657414381902406
0.0735847975180007
0.0697351669522858
0.0616807933169798
0.0702845428503349
0.0733560905802881
0.0696297368365197
0.0675478616116393
0.066158947546563
0.0782308177974546
0.0744420034290342
0.0558669034612809
0.0830410867258539
0.0790508909019489
0.0881803650659666
0.0826566044968995
0.143723285199998
0.0711630700496894
0.0839370487027964
0.0790316195395738
0.0727071427675705
0.0707589533041427
0.0570051740782745
0.0631759655249922
0.0769959004854567
0.0741730559825637
0.084613686984931
0.0822039991778688
0.0617040072506721
0.0705630898402674
0.070895717377002
0.076235981952671
0.089115330040074
0.0901400449511838
0.0646929885268551
0.0802394360340797
0.068397601430838
0.0687439320842837
0.0729226415957556
0.068403117581437
0.0683458255686107
0.0814402770253767
0.07959098469997
0.0850738376278134
0.0837201890354386
0.0805845695495678
0.0689095226364372
0.0761921049392338
0.0618323279288889
0.0741240739875222
0.0738843632656765
0.0629625908765463
0.0786703933499644
0.0740743939018913
0.0909189136114986
0.0694225071106205
0.0972874050090394
0.0757594831597999
0.0759471464965749
0.0805477002491655
0.0759689491029627
0.0747788585440747
0.0670977002507231
0.0815945866787348
0.0779862316843628
0.066895107042014
0.081639252316151
0.0696725293998484
0.0700423963886825
0.0843469496674206
0.0658633180965851
0.0776809070814622
0.0789742425048659
0.0799915150513453
0.0868962386082797
0.0901305328336242
0.071507599011363
0.08226823101987
0.0757937553026561
0.0683447525129635
0.0843768795752972
0.0796183987162795
0.0791546539166995
0.073239807113826
0.0822842199680983
0.0718796435849828
0.0779052075562585
0.0664798863180095
0.0798800214630694
0.0948611624727925
0.0722338346570925
0.065999710811108
0.0649352694921086
0.0810227692845982
0.0799435359584306
0.0627633315606956
0.0869781937494213
0.0894108510717126
0.0630303635571497
0.0687039327866897
0.0673695929903083
0.0725943726975006
0.0702625844876367
0.0733345198308955
0.0735806231690571
0.0674301815821138
0.0765279162854295
0.0780291195873604
0.0799339961802358
0.0714620681488183
0.0794163283021734
0.0735753946513347
0.0681718736345239
0.072533731974501
0.0630055798305626
0.0889718468965892
0.103983510403837
0.0617478850405695
0.0685803970632316
0.0810301772161792
0.0758446505481455
0.0612395131343851
0.0716854714151733
0.0632447400566108
0.069050786739934
0.0686233474713333
0.0708190845557042
0.0615689887644665
0.056830541337192
0.0746391666121468
0.0595606640599938
0.0618965759759831
0.0634481780113978
0.075196838583443
0.0663316559928606
0.0771346720725489
0.0812903484659634
0.0855254582330677
0.0659789067130939
0.0819879929305884
0.0750215013035085
0.0710158391750261
0.0984969794529853
0.0951898869548435
0.0989457581628999
0.0634535916356486
0.0628895867251599
0.0821956947618191
0.0748972657928495
0.0656463846688556
0.0780977420055977
0.0787100318691946
0.0724501788418123
0.0587180346760091
0.0619446387311512
0.0618849256809963
0.0756433125605495
0.0735138899697272
0.064407871723563
0.0584494365740634
0.0573206759306679
0.0650072345348416
0.0769518040525667
0.0742118076292356
0.0748628454479594
0.0826844812643413
0.105533265124048
0.0704458220786256
0.0638193623163188
0.0936162027475159
0.0639223191334878
0.0805927964059278
0.0603361424343404
0.0909911504749281
0.0729469231137796
0.0840222484006063
0.0699376872952721
0.074866199761734
0.0682271950566031
0.0811296198379777
0.0832694388198047
0.0595676439679373
0.0819984457322358
0.0670742618648197
0.0683595448689315
0.0767230575334363
0.0739625800363085
0.0761718728281449
0.0905683882794967
0.0875446209724753
0.0712420298901702
0.06960477307428
0.0760512434173373
0.0660483575708517
0.0690746847387115
0.0806502809253385
0.0747998214026621
0.0638844295600059
0.0802149127276805
0.088500672691323
0.0724611427882309
0.0945338460317333
0.078109816429264
0.0723712473569319
0.0582329382366303
0.0809840776654784
0.0783762214058219
0.0738755923803851
0.0976514263715268
0.084075074125184
0.0649112839034453
0.0643774087759141
0.0573370311227109
0.0817721576262082
0.0703870426653477
0.0895517595782734
0.067513222615621
0.068838536104962
0.0730845398580564
0.0744462520846865
0.0633035356781338
0.0735906249534644
0.0778722033762065
0.0743127096304772
0.0657126474290234
0.0586010418734748
0.0930908683914173
0.0652615292140901
0.0612753979289565
0.0919272267471674
0.0760684600818152
0.0660315164058611
0.0928637219683354
0.0651608039483265
0.0966315439582059
0.068900967865111
0.0905366744547057
0.0877903767331655
0.0702458738574811
0.076273762035084
0.0682240880538752
0.0819248196718309
0.0938923633287144
0.0904946320595864
0.071338589025954
0.0830430345548072
0.0716828563682578
0.0830995963818282
0.0697298196076376
0.0769330712812691
0.0935509707504806
0.0759627083395892
0.0700641712701689
0.0796407218353072
0.0637979796843301
0.0940259078856953
0.0820833149987853
0.081900552372157
0.0750934195069137
0.0617842041842787
0.0715050909866514
0.101520308790588
0.0672353157398044
0.0725564845659849
0.0623645883519831
0.0576951071588149
0.0725162674915019
0.0679892601651877
0.0629800402477574
0.08015476259547
0.0816152287345877
0.06521789357103
0.0687815689853115
0.0777352089549054
0.0720542709403912
0.0630727693427752
0.0679207941953462
0.075051786226479
0.0700148909311168
0.0762022481725397
0.0865174232144015
0.0916812270443202
0.0642374622243864
0.0832290104871595
0.0610752969093952
0.062195728610802
0.0827173190763145
0.0711921142966398
0.0680831597066071
0.069937075362676
0.0610153459105394
0.0629776760751521
0.0674336549303034
0.0737403540991916
0.0686759407309825
0.0677791315334391
0.0794469638265759
0.0966589973638203
0.0856366014063259
0.0794575288712631
0.0608503576233585
0.0613423141786972
0.065312441513239
0.06077188513098
0.0614786793109837
0.100756468820118
0.0614352624357311
0.0623708697411467
0.0621063875637695
0.085806316515542
0.0619458887402678
0.0734349100852285
0.0675138817914362
0.0693985418792897
0.0752234349685503
0.0736046303471434
0.0672704125350479
0.0761326203100877
0.0790011358708372
0.0836516287761471
0.0839080820167356
0.0851971006052717
0.0699925450045488
0.079023265455119
0.0651370456911066
0.122508273340999
0.114715896644195
0.089939035142794
0.0768806354110277
0.0718733377169424
0.0708014033541812
0.0548949754119199
0.0669161566836207
0.0859530505437435
0.0762011104386488
0.0633226762848876
0.0785956596761774
0.0738571760664356
0.0729832985044502
0.0619021073866223
0.076780691945014
0.0788100117496074
0.08483364530741
0.0816572004766095
0.0886122024148446
0.0696754332212398
0.0744620905516282
0.0645490625336164
0.0740452711140681
0.0703620488156739
0.0836915709123179
0.0816054051275667
0.102190367483929
0.0633076268113429
0.0709333506471864
0.059961632884876
0.0630054473458083
0.0645940026172421
0.0783570555732367
0.0876115654824785
0.0706493452937852
0.0712670268413911
0.0678085023913888
0.0687784521896466
0.0751790205366609
0.0669436329379802
0.081306646792257
0.0581161484169383
0.0640709638303665
0.0828419443112296
0.0762578612442723
0.077731735814381
0.0589641891404116
0.0587636363978103
0.0697947685800701
0.0649390649710644
0.064443461469927
0.082241631142013
0.080287576141976
0.0948872308190271
0.0746301575611113
0.0702667957563512
0.0796701812351608
0.0669887574896533
0.0748006230699472
0.0964775571216161
0.0595353451068426
0.0644013146191276
0.0621872886238444
0.0694413973134029
0.0801573724676451
0.0926239145296581
0.0646609464857375
0.100206199191544
0.0913332732846153
0.0787244561024641
0.0942826656912356
0.0622964382776914
0.067961677158908
0.0669564313862055
0.0956640957595065
0.0715491212376995
0.0759956250975657
0.0671635234637107
0.0757769424045984
0.0865252985700399
0.068111320360016
0.0654755396687166
0.0678474626048709
0.0761683680951401
0.0812298191428835
0.0750659376907856
0.0728658779789621
0.0791220123535284
0.0882699861617189
0.0648280542337273
0.077758933153474
0.0852930786541406
0.0825938328102527
0.0635400827133277
0.0713025022509848
0.0639507959900763
0.0866241152725847
0.0662269497491569
0.0685341804108052
0.0899108330684746
0.0794223183050466
0.0664928580290982
0.0591328898984841
0.0656075829161425
0.0841308145137362
0.074188322219711
0.0644686875214977
0.0790699873509569
0.069549531492389
0.0803115139178814
0.079530537314935
0.08673333022262
0.0646977688231799
0.0883317195860968
0.0832205636905197
0.0780485003135081
0.0913455277245834
0.106105822535819
0.0675239488339237
0.0702771807346959
0.0627380619142709
0.0668853690538386
0.0798349104591861
0.0644132764920544
0.0615944988692025
0.0595039450162784
0.0648757165458443
0.0703302395949808
0.0932627313713139
0.0780606225876043
0.0658441016339839
0.074298097831958
0.0765368663663526
0.0767741521416378
0.0607584224624722
0.0565771487796449
0.0684665508169804
0.0588383529667977
0.0738011561656647
0.0635657364503162
0.0581465827099271
0.0667386165223508
0.0674572521028103
0.0656263339440362
0.068518978283365
0.0656778253302773
0.0549144812565917
0.0527355916251173
0.064209325759038
0.0750606420186856
0.0735303003992016
0.0650340781312212
0.0669858509550834
0.0829256643371046
0.0649753656333003
0.0673982676842559
0.0618704799386347
0.0842511736177975
0.0747935615136432
0.0855242409589967
0.0881344919638369
0.093309538224576
0.0551325696375001
0.0794838314471866
0.0722370980471725
0.0664446622775169
0.0958604967005975
0.0740715229607535
0.0789632563256256
0.0750777771659958
0.0926121682307908
0.0783403149118813
0.0657336415068154
0.0742182230381251
0.0766167726143938
0.0776593000292742
0.0784775844417101
0.0676927530293626
0.0725662673218943
0.0701703730804574
0.0670031979867569
0.0582651676717489
0.0713974227806421
0.0694409380024165
0.0732919365196404
0.0610332009676046
0.0574910612308711
0.0667173569295768
0.0830241995354422
0.070417443984202
0.077011877650957
0.0579082945113979
0.0648695089471016
0.0649028279855585
0.0729184356483208
0.0671152682515325
0.0606988833879676
0.0777978961823797
0.0641693038347549
0.0673719140131383
0.0733694593952569
0.0934832592176587
0.0643778968583737
0.0655465148343814
0.0861709805284598
0.0586532041700381
0.101120079772699
0.059594640141883
0.0767584308958699
0.066863817328937
0.0660022858203799
0.0817314483404276
0.0824614773497008
0.0882280987495363
0.0796065625476422
0.0746147106256995
0.100539161760213
0.0739257175325602
0.0717525327657865
0.0796790916023343
0.0729882053031965
0.0676516001824824
0.0851432284442402
0.0988487755293957
0.0784949476578705
0.0736925194689568
0.0816075904883569
0.0779910152545099
0.071154913601173
0.101475568369975
0.0808766882954743
0.0736658791093089
0.0678579204933322
0.0884016874184943
0.123514343695463
0.0828949346130463
0.073855826757432
0.0654256911961874
0.0752572406618556
0.0701885865404865
0.0648216537733252
0.0778146888030912
0.0744749772089606
0.0638979502670929
0.0701250702282869
0.0885311462802071
0.136966457431121
0.0725608194269278
0.065120966242321
0.0613497844431634
0.0661826436668584
0.0660079646175549
0.0731946968786921
0.0846360606161758
0.0864710867468274
0.0778596921757383
0.0627402148109636
0.102872460254683
0.064821172590952
0.0781998546653383
0.0926847310180037
0.0772480881967982
0.0771908770467382
0.0885457190519728
0.078776208665171
0.0794168722275705
0.073568232769607
0.0723244506154266
0.0836733111770398
0.0853599493212476
0.0793969860729732
0.07922946110955
0.073929260074248
0.0801441188298639
0.0841622695088126
0.0807560396881855
0.0732847218815779
0.0631969413502582
0.0608459387612999
0.0898446865206417
0.102356754480242
0.0674774031714972
0.0846835522443892
0.0665885037030078
0.0759221938441815
0.0734079776467406
0.0716342015624314
0.0908928804272429
0.108971401460767
0.0676991151393495
0.0596695905224933
0.0799909189957802
0.0808160934272315
0.0609872205083439
0.07629591923028
0.0787962321622412
0.0671508481448714
0.0766533461187848
0.0786024405785802
0.0713532987228172
0.0872054319722435
0.0788790111975325
0.0620451549324197
0.0813155713740964
0.0706096874582829
0.0733734215202661
0.069252578393149
0.0752654520946648
0.0604499602951877
0.0616960762085431
0.0638149512228856
0.0777491136914986
0.0683874812481213
0.0701903107505255
0.062033247349108
0.0724135838975092
0.073382701132827
0.0761472555955298
0.0856578179285224
0.0577874465548021
0.0608165330562924
0.0691554449010405
0.0713949115956139
0.0847688387566215
0.0712159569536685
0.0616058074662224
0.0837689210198196
0.0616559506874202
0.0753826490503645
0.0721302374650266
0.0804797903150342
0.0670198724620572
0.0705233222934838
0.0716680126067014
0.0718824138281351
0.064080980521107
0.08094637709141
0.0738532616222593
0.0820922616163986
0.0936496524943075
0.0756431009559265
0.0807021262932501
0.0872513487547942
0.0714445375123445
0.0772010795633735
0.0620613016275073
0.0827308244204686
0.0858734413867741
0.0767912441431411
0.0979828517834055
0.06405552022214
0.0873485949753017
0.0739078168483985
0.0808599489230753
0.064082840568475
0.0609886464254935
0.0627791756419147
0.0783324688112296
0.0651754552052985
0.085482149027626
0.0875241658216065
0.0737680169097111
0.0668080471223241
0.0654704003942391
0.0612030526446512
0.082054448603808
0.0680921565890548
0.0747546255987791
0.074183472113762
0.0723324358152979
0.0725525634094318
0.0799785684121669
0.071888045504841
0.0648173477063816
0.0841595640767092
0.0684922041406122
0.0664257302668065
0.0599815559101401
0.0707626899019786
0.0658453395477551
0.0764568618341866
0.0712015578400864
0.0874751979258961
0.0644300044869268
0.0758819646348869
0.073501091149909
0.0653512762926694
0.060932760248402
0.0584401213592172
0.071697949609285
0.0784296480624249
0.0788550255928073
0.0657596584424895
0.0658397997541437
0.0654298906464812
0.073449952233584
0.0728530872552534
0.0686229343029513
0.0659333241998586
0.0635019653775387
0.0610770142055148
0.0697709727026075
0.0759230860952906
0.0707305049570239
0.0779095178175176
0.0607154246112759
0.080922795685032
0.0786172554320133
0.0687446099852449
0.0862668693396426
0.0759827271282909
0.0777741691896626
0.0591230940801177
0.0589642599885352
0.087301138303964
0.0860780239702839
0.0716643069624137
0.0599335450864918
0.0664316800930172
0.0870045601601892
0.0725355042067031
0.0750525365229779
0.0784856168751732
0.0729740893094785
0.0670163733154545
0.092776343082893
0.0981914108428266
0.0613622823158429
0.0670429070889832
0.0685665050332281
0.0768228022241653
0.0653580171784034
0.0684643499719407
0.0638715037314722
0.0913519318023679
0.0961523330447775
0.0671315950396417
0.0830703134724527
0.0643303811818486
0.0569716459625607
0.0625593041203871
0.0634918502244716
0.0754806752084972
0.0761331794989173
0.0759692011709112
0.0698087270740753
0.0896750892902583
0.0880955727746627
0.0747222980831112
0.0752394641867236
0.0704183714792375
0.0622643702112882
0.0745737424225982
0.0920540727282728
0.128810443704631
0.0669130081686342
0.0657974728320297
0.0667960194893355
0.070658993670971
0.0608557399053686
0.058718235752134
0.0577799706172032
0.0684838069404868
0.0806510843408936
0.066454484030866
0.0595227033614299
0.0640145141821967
0.0776541195249094
0.0761660503310501
0.0858303179236201
0.0632673455616515
0.073042995669668
0.0598828266753164
0.0745474722686767
0.0631724815424346
0.0812802413728559
0.0718587954972122
0.0959572091189888
0.0976554191690067
0.0870370478142953
0.081632209697194
0.0684816330143347
0.0682885687336782
0.0632786690381393
0.0652278063044439
0.075423749887517
0.0821608278008145
0.072454762950495
0.0975116004564142
0.0694429927731519
0.0639220005251211
0.0680590555578479
0.0927767654037996
0.0750366969042697
0.0607735105092563
0.0767281529983822
0.0608227062648324
0.0611969580747829
0.0627768338818409
0.0907086901121006
0.0687369044468281
0.072473129276766
0.0929939233118484
0.0991959584184149
0.0718387810117157
0.0756226648483869
0.0932974642270466
0.0819274213618065
0.0744749653970294
0.0640948906528696
0.0706175992985571
0.0680860899827533
0.0611693727139214
0.0785040436825613
0.0770568784541398
0.0782836581087311
0.0723186104083996
0.0725576448160187
0.0719153832545272
0.0703147041069495
0.0845700739931781
0.0804902259292942
0.0552541871974758
0.0636340593828105
0.0584863879757991
0.0730329364691158
0.0717975804082958
0.0640213874678554
0.0570360322799476
0.0577652435981077
0.0654598317081854
0.0716071939024689
0.0916425277256493
0.0773865755288264
0.0648994145802315
0.0681965826983267
0.0681631502132176
0.0836976171207124
0.106222695792344
0.0732570977286795
0.0710726897288118
0.0707711345164807
0.071834986034263
0.0624819232078425
0.0608678101706294
0.0643606624464652
0.0605836914219425
0.0637073008812446
0.0642590885639795
0.068572866647575
0.0771644990422928
0.0811075214987149
0.0898678895501946
0.0832169441644206
0.0900231554724153
0.0661206655403312
0.0970880062092412
0.0690571634380617
0.0540375715772642
0.0558946648298161
0.0881520000392288
0.090829507418299
0.0780490314082081
0.056596662742467
0.0664934939709328
0.0651002458026954
0.0596410373509598
0.0732702706680139
0.0732372677333654
0.08257739074044
0.0651152403941111
0.0648403953832356
0.0703837438834898
0.0692484214590839
0.0809180796005089
0.0719871811632841
0.0650816547878514
0.0635690949064898
0.0605558738907603
0.0689625650598672
0.0682142772093168
0.0668165240716624
0.0597667047282929
0.067854118484283
0.0735720216623011
0.0684011688925697
0.0700570992414017
0.0597742557546815
0.0706057659566087
0.0543999495440046
0.0671969131603599
0.0861930204319018
0.0583488879507114
0.0742529027992751
0.10815578685837
0.0765951078164899
0.0765396676932427
0.0960898190887772
0.0657512772570054
0.0818159820579242
0.0750785075762078
0.0582244666762787
0.0714630269180979
0.0731368424358232
0.0598943042167653
0.056902808408975
0.0687758471221327
0.0794810081671984
0.075881559993252
0.0633878235901274
0.106044392428512
0.0823829876309537
0.0755177687901481
0.0674956410705393
0.0739541532699794
0.0549732783331419
0.0614094420007606
0.0664042540357673
0.0750417554003938
0.0585947120857391
0.0679569676141556
0.0748176266434519
0.0688175166732829
0.0803382897783455
0.076177268576058
0.0741306848723024
0.0614034455570607
0.0907989093292074
0.065932811086553
0.0660397407430413
0.0764409839791632
0.0814854289356316
0.0873351827474868
0.0629120568104586
0.0720362087878832
0.0678266815570587
0.0799869976535147
0.0681402762393355
0.08102228951357
0.0817310564683253
0.0858189997878833
0.0605638552777854
0.0695379061293383
0.0767040084537414
0.0812895968034558
0.0776142352265967
0.0821628799884756
0.0775245584898631
0.0598218265218245
0.0665254935418988
0.0748969139620118
0.060702454489638
0.0609497130731619
0.0596032202027338
0.0768441305986329
0.0833482076920389
0.0867071814541928
0.063285197090012
0.078210983031963
0.0654961846085735
0.0698692222310678
0.0984739971981977
0.0812090091700353
0.06967248334028
0.0841490832979321
0.073327458680908
0.0754870583465193
0.0847602619933545
0.0869607572696715
0.062312458245006
0.0685393851987689
0.0610660228089086
0.0744285511794231
0.0645380282704345
0.0864818844687119
0.0674842376090013
0.0710651059106677
0.0692368903482436
0.0761961695112534
0.0680420135920479
0.0713631475748779
0.0621963795264628
0.0676604895033906
0.0645204743091625
0.0756663282497485
0.0779992963479351
0.0569896684823961
0.0585373526900543
0.0704323398878381
0.0631599614259223
0.0647212898256701
0.0900189807576951
0.0622904560970601
0.0710395955761464
0.0645136353706735
0.0800398798299847
0.0645373523278438
0.079174753507038
0.0907652967021318
0.087862546934633
0.0728812306221971
0.0764786625829241
0.0613383380874851
0.0746124180336637
0.0620218271497177
0.0603397947635687
0.0735737255919259
0.0732270080437995
0.0671055007665166
0.0584403859784799
0.099532483016225
0.0623698091543213
0.0693215462335836
0.0740990276511296
0.0910889297413583
0.0787823932903532
0.0726013321270543
0.0628508664820219
0.0775703943024216
0.0700046801814305
0.0868897900532478
0.0718366411100934
0.0630406976010493
0.0757993031202067
0.0600637973612002
0.0649080364321219
0.070196469749166
0.0654101422812978
0.0653797809174692
0.0779186132329678
0.0862088206479499
0.0595765698003769
0.0599048821964914
0.0774156906018706
0.0824368398141784
0.095813805991164
0.0693938604110895
0.0777399966151002
0.0691557448956183
0.0705610471949586
0.0748247996827454
0.0802815774547637
0.0530961864451648
0.0527680658103353
0.0638026244667026
0.0695995970744882
0.0767797273761082
0.0613901483301838
0.0812585118266917
0.0766797167058114
0.0866929892726763
0.0841450409150485
0.0745644204516432
0.0679227240218745
0.083406588023215
0.0634259671021753
0.0679174823853479
0.0590657788224587
0.0705944951202402
0.0801037677846081
0.0708725345982469
0.0870349776891713
0.0781555106527225
0.0602502339125074
0.0698745626825047
0.0748007858179961
0.0747127298826641
0.0557347311839937
0.0817864648888751
0.0681574358336106
0.0661610817171896
0.0654576018357391
0.0834383728084958
0.0808016593515251
0.0774673037310564
0.0701954322611967
0.0853878521817661
0.0801223985042689
0.103458951700378
0.0898991368429559
0.058949126808125
0.053970660362046
0.0562674992330704
0.0590283140983098
0.0831048656983273
0.0767272879829617
0.0772497600971203
0.0882194329420446
0.0967954279347616
0.0769617353552118
0.0738252617852963
0.0724974863887911
0.079193396422947
0.0719495839589086
0.070369758901583
0.0808082479374387
0.0725929526316015
0.0754830817920649
0.0600587641061927
0.0727523712801042
0.0816499512612096
0.0744605813533137
0.0553273696996464
0.05927701455871
0.0911526363770633
0.0764432046789842
0.081108979810849
0.0671593579797517
0.0658249861842143
0.0665089901784898
0.0750840936922739
0.0881769429532499
0.0675899188500681
0.0933885790999293
0.091818517701064
0.0711093674222835
0.117167023159455
0.120099170791362
0.0837996027848437
0.0896998883255744
0.0714059522845676
0.0653426276630865
0.0718312159638047
0.0735826052919418
0.0844741156072088
0.0688137255662777
0.0709934285617334
0.0696274100738737
0.0765379986834479
0.0860449154198545
0.0784241823224593
0.0708488553720843
0.0639203971620915
0.0716112160272494
0.0649584949968959
0.069605747897381
0.0889255086313603
0.0758584065405678
0.0740683378759349
0.0710721315272759
0.0689719015547095
0.0597296538270074
0.0622731138229556
0.0678206454079802
0.0732340774225342
0.0633731122465308
0.0681667368299862
0.0819380978158441
0.0801132840845271
0.0602907829991871
0.058446166368988
0.0583661484375383
0.0764853818905409
0.0757381017548821
0.0773466564514419
0.0678366815841977
0.0714118917428238
0.0921325246812651
0.0772105101688832
0.0746841304237933
0.0776076588604179
0.0691152718212877
0.0879308638652412
0.0856675308066488
0.077388595206294
0.0832499739333403
0.0860985505132767
0.0867307601746141
0.0631044504121056
0.085071347626859
0.0706403133075341
0.0703122352941979
0.0752671120774149
0.0879390750933001
0.086060236347501
0.0730169068255375
0.0786453187909489
0.0741475430179092
0.0629836293407393
0.0785177652809357
0.0768579327850174
0.0670274508422356
0.0717166796436305
0.083853276311741
0.0681835971770008
0.0654696176386055
0.0817464979236964
0.0574496466601263
0.0814142083302871
0.0741214650823076
0.0922374393517531
0.0969834829876654
0.0770506898069388
0.0714619858979619
0.0750057926530828
0.0771201476699627
0.0864429233545388
0.0685531181286659
0.077138382892933
0.0918790588591754
0.0726848836445191
0.0849788611969377
0.0755091273286564
0.0677673366342055
0.0876729641976715
0.0662354233367552
0.0737624153161132
0.0622864823655691
0.0679679403086331
0.0844274155903386
0.0762773604211481
0.0798726508734904
0.0708412673541708
0.0772533370394521
0.0665308608493626
0.0711130866575873
0.0608829315724562
0.0662083982757964
0.072407182616441
0.0654572632893271
0.0765130480732037
0.0748906237484151
0.0847455407029683
0.068199689830012
0.0724543197783087
0.0765803902711955
0.0773684736018202
0.0736877921630123
0.0663238779089576
0.0810250229373972
0.0706092240953108
0.0692450533399305
0.0693688091710005
0.0929501845479773
0.0711589629553151
0.0678462933650383
0.0895862565640907
0.0718395017076247
0.0700122205387473
0.0723913390800299
0.0692680952206653
0.0714440475507041
0.087968786146608
0.0656476232521585
0.0579660855452566
0.0634490567445222
0.0715520916784703
0.0607708890505041
0.06984777948775
0.0695299631436979
0.0968963647974312
0.0862326422148648
0.070503150282137
0.0710081178103255
0.0818910574611949
0.0826429878071872
0.104187649763469
0.0680766297147188
0.0732206196232869
0.058676110051065
0.0703391400413029
0.0665408093039436
0.0574512540455501
0.0639509999662737
0.0641524225676873
0.0895987832238651
0.0552495451419118
0.0724338025721929
0.0651008964654602
0.0803332022690558
0.0585144968202758
0.0566800486188761
0.0855044163448599
0.0703629173339561
0.0691250108073367
0.0727377649326519
0.0646005279029396
0.0690426712349694
0.0731529919167943
0.0974613546825953
0.0791128699427935
0.0694283802637447
0.0776964112634002
0.078999706770024
0.0680946788609967
0.0641541345462755
0.0742000352648912
0.065381692675448
0.0833430547516963
0.064196026593443
0.0716246564208132
0.0754334390544285
0.0915995267330354
0.0719234154211989
0.0903454769685096
0.0704823095645083
0.0878963410820869
0.0739137300421788
0.0692540442749642
0.0616855159927938
0.0690683243638897
0.0841947472487467
0.0657895513126077
0.0637782687427898
0.0631293189717878
0.0933704914364328
0.0658201468940561
0.0593788765644489
0.0785040778693965
0.0720302728893703
0.0805765879500869
0.0763627708319636
0.0654136353097123
0.0687378385462248
0.0876690627737623
0.0691956763556775
0.0907330035552055
0.0663257721721646
0.0869676656665476
0.0678460680828326
0.0795811015822824
0.0774605382882392
0.0819325816538043
0.0621308466346717
0.0928400492401951
0.0690973532011654
0.0702224378411951
0.0626475210588179
0.0640669083701191
0.0941289061666702
0.0737347462929116
0.0671133271344917
0.0583249644582131
0.0766166619306976
0.0730619221465141
0.0840299564940499
0.0762553512418073
0.0878026776600275
0.0699636419218635
0.0635913270344116
0.0773646612130943
0.0686478735638345
0.0689660771719622
0.0645238691507399
0.0715584671018397
0.0681276854307664
0.0584217605182522
0.0663656693762132
0.066648819353278
0.0642362493558633
0.064625325736857
0.0630008029734275
0.0600662205682526
0.0576571936078789
0.0664207998831204
0.0675700686996954
0.092661513622352
0.0660254173584163
0.0757651305207643
0.0680468026361886
0.0788796613199917
0.0661897823964869
0.0720116897791372
0.0746128347495742
0.0674559616902269
0.0580380133553641
0.0827442582366009
0.081057899980259
0.0798132507782617
0.0699323530741482
0.0675896844665364
0.0646788646158199
0.0808610202310433
0.0833415011068166
0.0672320388204332
0.0891730970506736
0.0584411267272875
0.0740464250495993
0.0647861720726092
0.0837356018938048
0.0752854358564579
0.080064961763753
0.0694501132894438
0.068198041505985
0.0680368410328561
0.10104051793139
0.0733704499515211
0.0724742038438292
0.0666759600154067
0.0639458408725497
0.0798797156635946
0.058784764750221
0.0803189203826764
0.0725548373584063
0.101290293868853
0.0739762517915298
0.0592363597069011
0.0734589616213146
0.084459898723668
0.0784708265313175
0.0628353057090019
0.0714299710275806
0.0665113838768427
0.0736667179371707
0.0638222377918967
0.0677460747793814
0.0655831256687549
0.07748236073793
0.0678274272393823
0.0703201954442568
0.0799008080964298
0.0636809998422516
0.0612325377840557
0.082322230781026
0.0811890859880991
0.0826852810228445
0.071950966020146
0.0791468439366025
0.0636325507573918
0.0787273146653274
0.0908308777192085
0.0801324424367127
0.0892648569635197
0.0725441415477817
0.0633415982460376
0.0781001252708313
0.0619896985685808
0.0783057084311997
0.0660964684234142
0.0833651887784954
0.0863783370055612
0.0784846590871819
0.0636845492264604
0.0583535647863788
0.066160457643766
0.0990856219925709
0.0900450724579444
0.110120172430659
0.06412336025918
0.0634275680784546
0.0659316086486517
0.0676011165573153
0.0824293498616846
0.0724678566271781
0.0716471560638753
0.066082586652163
0.0650544250829784
0.0740559558843132
0.0738385705531347
0.0593853509173229
0.0689250525581656
0.0782762620792444
0.065342201788302
0.0698106439330995
0.0588005724443207
0.066483193305395
0.0887578683070137
0.104151705068892
0.0590399991288787
0.0678484394220607
0.0762839834275619
0.0847104782824508
0.0652961042783325
0.0863303035755942
0.0773713627583905
0.0699684167859971
0.0729587340988761
0.058085951061546
0.0600993051256148
0.079860470099525
0.0680724260224698
0.0725430939750581
0.0735825115337323
0.0615863400595278
0.0723171752133136
0.0664477952748078
0.077961607057757
0.0679336453077758
0.0624521679513792
0.0623933992264848
0.0609679670806018
0.0598261592318993
0.0782249514138644
0.0854219979233649
0.0829524776229674
0.0714466364448389
0.0563069686550477
0.0666797397570863
0.0680687620991152
0.0684414334508384
0.0646464581148413
0.0651044383118045
0.0688223305249658
0.0730845675549928
0.0738199135068355
0.0904322492008344
0.089334680650386
0.0900088821353468
0.0606699356283834
0.079472123686623
0.0708139704727092
0.0589576213427682
0.060592243325741
0.0558334173891741
0.0532160762155904
0.0543421083775054
0.0627679088081863
0.0786591086610396
0.068427108510757
0.0598278750008439
0.0801819077639743
0.0828286848861823
0.0817980375574534
0.0726494387502396
0.0684482076382433
0.0961265495708275
0.0742739503558125
0.0690533356495145
0.0606722757422094
0.0601214492029143
0.0687108511037737
0.0607698548656275
0.0665790548603474
0.0841667134542612
0.0707260696948466
0.0768133813153941
0.060339420939516
0.0808634553816858
0.066333533576035
0.0697132373004284
0.0715764763492318
0.0697643277360516
0.0740860255937257
0.0964938810338327
0.0858025263593068
0.0779601650690598
0.0617499413897741
0.0617504932827997
0.0649192660411145
0.0712815104792197
0.0789276272330399
0.0738970370024919
0.0648486301682826
0.0746551629007124
0.0679598822491822
0.0904765939051734
0.0807775624979913
0.076526318008033
0.0777346762650389
0.0624734970762054
0.0658552234095576
0.0683655038682064
0.0755883289427141
0.0751174044757273
0.0644504189465368
0.0573941213197251
0.0740843897826063
0.0670129503641226
0.0785073493385031
0.0763499351853064
0.0740301724173223
0.0759958727443885
0.075935612818563
0.0671846870893997
0.0707110105496615
0.0850321252363859
0.0823233853186296
0.08959246910099
0.09211128810711
0.0808256817682057
0.0787268898227305
0.0960579674298813
0.0620747319855015
0.0712024821300716
0.0881051009841427
0.0788016985015683
0.0732081288669762
0.0701362917868126
0.0923208753708595
0.0670415350602273
0.0626642614597749
0.0747848264578664
0.0763057430967756
0.0727088859776017
0.067166261919194
0.069909686190146
0.0722896365783948
0.0939140227762428
0.112612144587631
0.08627407002438
0.0782250136362138
0.0764119698544764
0.0604133623300705
0.0804726523201165
0.0713766495748247
0.0786824189791311
0.0650451925922389
0.0634206465732201
0.0611424194825137
0.0677491203832305
0.0731326285449869
0.0748359913709179
0.0626661475636114
0.0744358618774912
0.070396001147506
0.0637055397195837
0.0709350566214106
0.0765829402771028
0.0798826032937683
0.0604727100107321
0.0568944807658559
0.0824291876130129
0.0792417757919691
0.0847029202018614
0.0656016430707695
0.0748089306031232
0.0997170716095876
0.0675688389555544
0.0650684436860364
0.0658140772844735
0.0582763420142847
0.0611361475374241
0.0534244529926742
0.0681740545098824
0.0591313853374514
0.0658146860693205
0.0727186138393999
0.0877722226342601
0.0722566566093675
0.062727181144093
0.0951167654150104
0.0768641107047784
0.0881205867567487
0.0779459507859388
0.0886884657887667
0.0709922158954757
0.0705587316755252
0.0881634965204497
0.0772602388867555
0.082784549152658
0.0738144292256836
0.0806397772624813
0.0576031245172178
0.065338836442225
0.0671116415393528
0.0753628422075034
0.0796556536539488
0.0754915322448859
0.0591751598039368
0.0567796274852144
0.0647976547510008
0.0725080306657319
0.0786887106073189
0.0786757976851879
0.0751174846777271
0.0800294351055158
0.0598631766564266
0.0583771091418998
0.0711423311964236
0.0641616456477539
0.0768367883162139
0.108285625366555
0.0750216709938554
0.0890083400722902
0.0617963111489696
0.0724506552610521
0.0832524467226669
0.0901910539578701
0.107155426204078
0.106920764782736
0.0827428532652621
0.0922326625683748
0.0790510534664806
0.0676905655956098
0.0712454577967854
0.0898209537910258
0.0699547674713333
0.0618749927851786
0.0612246310840551
0.0751678571831246
0.0579670938351626
0.0720703542115409
0.0749163014853034
0.0747775002853977
0.0747221540051687
0.0643336770311894
0.0582474404076576
0.0839118496778059
0.0704771690479754
0.0616664716770859
0.0802322227259278
0.0842322257319671
0.0610226241882825
0.0674823761406085
0.0780901409204448
0.0547364965685379
0.0618862804716883
0.0718842590762168
0.0832377124502621
0.0919228789521434
0.0675862640489716
0.0673388495337082
0.0714079959571196
0.0819330518954721
0.065000190911465
0.0610355407102795
0.0690903288150505
0.0778015591279542
0.0928961902215858
0.0812248532439951
0.0683722770085203
0.0603587661522603
0.0834117569047849
0.0670756927298234
0.0679970171149633
0.0694284449912063
0.0721098397484402
0.0731601099517245
0.0667333570900962
0.0672197975394982
0.0590557939452861
0.0655412542018481
0.101512353308953
0.0736270647743716
0.0765901080165613
0.0673620762498259
0.0645733387870867
0.0612428544021916
0.0689865426440497
0.0718764138321702
0.0824447385504029
0.0638847243025436
0.0676682504264287
0.0661424901023243
0.0738562553261991
0.0811068206422013
0.0671373640973084
0.0560613690822836
0.0681225367821097
0.0615912249430587
0.0605418958619909
0.055100036250879
0.06351032906879
0.0755566394028497
0.0697442882204613
0.0558944689933806
0.0689826152119165
0.0697589428429285
0.0738286394758859
0.0711814625029063
0.0742714607736925
0.0775806920525408
0.0706670013400411
0.0781557959058881
0.063993108324347
0.0877731315417814
0.0682521292788353
0.117083018227923
0.0606056173154516
0.0633845088714728
0.0797059646096406
0.0656132916445971
0.0723402049759988
0.0866030630942749
0.0625460632660559
0.0687529367806277
0.0570197680976726
0.0646907444780465
0.0726796931167632
0.0715628681888654
0.0735117425078338
0.0541354646356547
0.0627838751490071
0.0755917776168237
0.0620573197940375
0.0605511394825627
0.0568597944969821
0.0698678607940958
0.0658124497342429
0.0691141017367126
0.0683144005321281
0.0964059414942653
0.0992184833615397
0.0887991258434609
0.0769340948555913
0.0753504095197435
0.0667545896387851
0.0623711307839899
0.0586011175186791
0.0609599196807968
0.0724513627035981
0.0729400244655981
0.0953159206696616
0.0760052787444115
0.0791670424995214
0.0663649967990826
0.0660196171400801
0.0578075935594875
0.0647066138083147
0.0621446884710943
0.0642031351589215
0.0657842499749891
0.0964095626488116
0.0949881730499346
0.077328558710314
0.0750332099710832
0.0907900877609647
0.132351183507945
0.086320566674526
0.0931436288949693
0.0750199701556559
0.0729993438250475
0.0676562922455346
0.0717448357850748
0.0704206628140733
0.0843376163845774
0.0663431387530843
0.0619926326036403
0.0760622440154623
0.0610231464414724
0.0730868495666459
0.063641727853797
0.0763887949371949
0.0707224338172281
0.0759491076452026
0.0735640011588609
0.0939003552948447
0.0707560199684681
0.0948954743922122
0.0744213075708065
0.069984994327302
0.0566108165289192
0.0677533546126711
0.0773516440450567
0.0772392361052255
0.067840514894876
0.0659789270829386
0.0756758672725349
0.0805643827217355
0.0867268246078854
0.0808452854245649
0.072106109801096
0.0721253789342077
0.0758389794149167
0.0687396799599992
0.0721090683732324
0.064928142360294
0.0608888744992017
0.0905474797582644
0.0764541224491646
0.0594588346150064
0.0719452264639342
0.0579358897713236
0.0779932049903771
0.0737883785948752
0.0667278903859776
0.0966068561647199
0.0602586209374033
0.0598161610569212
0.0711703780955646
0.0590123104985012
0.0991421394519115
0.0899233478510582
0.0904044197544344
0.0692495121991384
0.0881655841848569
0.0669926359382815
0.075151748824387
0.0623409664056544
0.0728773710530737
0.0680970156061495
0.0742249355611525
0.075588997266755
0.0668537130949245
0.060853571726963
0.0539556914262161
0.060008257098167
0.0730564010348834
0.0684747873363054
0.0765101100227217
0.0724959431021272
0.0857978019409103
0.0852679331047479
0.0774427011348186
0.065835477536441
0.0820363145435568
0.11851405707162
0.0833138512046926
0.06909842256405
0.0765988896344505
0.0916258012175487
0.0821505977412639
0.0897604873124683
0.0800010237193122
0.0823781107953749
0.0610384357958527
0.0860476207271779
0.0697541616019429
0.0744377163574116
0.0700247747323379
0.0685844692472241
0.0697185990743342
0.0719144569343116
0.0893238944264312
0.0662270669642868
0.0665688441569643
0.0651885599940934
0.0701840084174756
0.0725563648069725
0.0691362585648715
0.0658502167196106
0.0746222656388347
0.0968445915675634
0.0734163731517839
0.063346282249705
0.0804802854474015
0.0625268271673769
0.0795553578061874
0.0672356299800065
0.084927980551495
0.0752530602671931
0.0799045784170071
0.0691890298560479
0.0715890481419921
0.0679665084023442
0.0736811321728493
0.0725234985185646
0.0780668814195237
0.0708974598563594
0.0663522587674912
0.0552883733077772
0.065608190125937
0.0746988433875023
0.0848155769360458
0.0811341791655035
0.0878055219386394
0.0931824947403564
0.0916057344892505
0.0679986472025465
0.0725234880742049
0.0788225103770389
0.0713764463193929
0.0634189419177048
0.0771455054767344
0.0782446126791564
0.0667897580528591
0.0794075926415279
0.0932988716203062
0.0926251617027919
0.0805610907675717
0.0919403955441766
0.0682151086686106
0.0800736847553236
0.0677216906958672
0.0738613295094276
0.0718403832798404
0.0571298838439714
0.104908268084696
0.068260768110471
0.060920751598812
0.0671854859507151
0.066463865272637
0.0646580062930736
0.0682337449129969
0.0598318417516786
0.0605815276393795
0.0639529125083634
0.079638016600414
0.0716891113579069
0.0751400536386289
0.0838854128310553
0.0672846446051953
0.0834160754557593
0.0771959055969851
0.065504704081837
0.0668772591758057
0.0710317311619592
0.0911423648715874
0.0807775787500397
0.0877640129455391
0.064286879868677
0.0747758021706721
0.0742912587048819
0.0814037169915286
0.0583176753880201
0.0678616642535857
0.0624190344015399
0.066284770265557
0.0674902917276497
0.0696685517826563
0.0847351227889297
0.0827499830042977
0.0675928839217491
0.0793825338527534
0.0696174224170057
0.0773153212863137
0.0745855185924708
0.0690553918963143
0.0849856543448087
0.071411051779155
0.0618576642526104
0.0699540068400463
0.0821418177652493
0.0599761092357327
0.0688925396831927
0.0613566451817236
0.0716857894772824
0.0690267907546293
0.0615574954028849
0.0834191897951453
0.0763990776210144
0.0771062660888398
0.0766701682749666
0.0673587598901057
0.0618674619947987
0.0783097038842864
0.0876159027018735
0.0791616534608005
0.0754755888730403
0.0792717099869239
0.06698417046011
0.0749565917441557
0.0585668606820323
0.0685587962993556
0.0796690010496343
0.0990165453193679
0.0919142690443589
0.0784156923220921
0.0962933214665552
0.0857531391068495
0.0721872817402616
0.0619103838086181
0.0563221980109362
0.0769336735407246
0.0761023238295976
0.0830111947777484
0.070493295617003
0.0650452992211574
0.06968869823803
0.0724443014578353
0.0800835389605279
0.0818653944132172
0.0750686127254881
0.0818579299401511
0.0703051130312252
0.0814997450340761
0.0918324033792911
0.0704722010567896
0.100850892552597
0.0645986728136878
0.0764232382277635
0.0797506253126988
0.105437740487048
0.0906625507286961
0.0941589755649871
0.0799197954192262
0.0718151729994667
0.0583089183453469
0.0809356385238611
0.0690558994087725
0.0645406172992555
0.0649800183378341
0.0558037563404053
0.0555069622467337
0.0620156003499337
0.07474002059718
0.0702365428553712
0.0730637352699264
0.0647071545121495
0.077095227211109
0.0741863654905109
0.0601019639275307
0.0775343285505834
0.0776044181836521
0.0802278600701609
0.0810813447330524
0.0647157685759816
0.0827467156582428
0.0967591100218048
0.075592457880001
0.0634104522729062
0.0579819579812733
0.0747559653241074
0.0769197344030685
0.0715259410663321
0.067657297272669
0.0777672238778544
0.0669225804003625
0.0960978212118275
0.0680506864598993
0.0867806521453579
0.0784994548360548
0.0867269027261066
0.0624471464334685
0.080736477929751
0.0682919646724874
0.0768719974138728
0.0574822728297859
0.071489405643058
0.081202272079173
0.0748982868122772
0.0696831345251338
0.0704559907461383
0.0757709628832459
0.0826209283574315
0.0815195727905794
0.0794372405140058
0.0721160006023335
0.0828452215944042
0.0743281957603271
0.0740832939006457
0.0588451770615393
0.0868300372526949
0.0629498171928716
0.0666321921144977
0.0840970555565653
0.0854438144610737
0.0800819241847767
0.0767054941006648
0.0875116171547362
0.0895039325452936
0.0608870636700876
0.0922552129822025
0.0760728423551157
0.0719994481107744
0.0834541912404463
0.0669382187090712
0.0704513685112165
0.0801841281376501
0.0759574517844577
0.0607945576965257
0.0772071040500236
0.0810150955271787
0.0795895012030312
0.0618936755121707
0.0601116193530342
0.0695359750664389
0.0652660542926742
0.0803813640379666
0.157671869682092
0.146344689336469
0.154696795142115
0.0750962125730422
0.0797455852253602
0.0699537087442442
0.063219159785189
0.0670504272122649
0.085259469891542
0.0741523292739225
0.0758936379063439
0.0598832578400161
0.0809551154610339
0.0781417445864729
0.0758950020329642
0.070950711003979
0.0658006194483034
0.0598408218388325
0.0772158525898598
0.0600362138108407
0.0549291351897138
0.0634651642735228
0.0686047493975628
0.0722970896109471
0.0692510027165883
0.0657799563943359
0.0840118707482401
0.0803384306917353
0.0789168491995534
0.0646140308004324
0.058489164599975
0.0675019242945212
0.0703421221348198
0.0763726495283377
0.0644170554600102
0.0619719517551973
0.0619053986958477
0.0591302319646657
0.080036879385197
0.0661059454771431
0.0760258519248594
0.0767566126206549
0.0664552020194268
0.0722227581313266
0.0614459292189653
0.0591464930981175
0.0666801658176144
0.0799163882296038
0.0621525598808369
0.0671212686435981
0.0692304587716965
0.0625349891922077
0.0546528202147542
0.0644434699874394
0.0684869211824656
0.0667786218580106
0.0667727925550909
0.0692495852166515
0.0582723895495546
0.0668062290113789
0.0847181642350578
0.0604967977160895
0.0740875006534182
0.0662198835925121
0.0680565376783638
0.067202611329846
0.0867194201456472
0.071357417587314
0.0785949081078323
0.0852122739669075
0.064424012688684
0.0687604817093782
0.0641334021048349
0.0903431055774659
0.098982156575166
0.0863835081337329
0.070452865715722
0.0553938732085616
0.0661768839503518
0.0783515055574051
0.0599621619291313
0.073179124389815
0.0800790837267139
0.0794834886880625
0.0803969649369918
0.0697829488638548
0.063770328227864
0.0726709287470063
0.068751761283185
0.0648031740243766
0.0864113637192683
0.086074726377344
0.06121949955265
0.0609724066896396
0.0706987065291157
0.0592867029824371
0.0694538851531157
0.0760252265098581
0.0744373344793255
0.0759435441811648
0.0666970973007372
0.079379458128162
0.0819619115836827
0.0634125594291457
0.0925214211642054
0.0640159479231676
0.0730320869699042
0.0753403012699592
0.0679573375444613
0.0595610611542423
0.0591340088544995
0.0538668749596109
0.0569616023566032
0.0816978926271813
0.0737142492593798
0.0647369859882774
0.0633225253052046
0.0729139659131312
0.0692206463602156
0.0775611986333576
0.0879776498557186
0.0742400887136597
0.0705460048303943
0.0615325898978022
0.0664586618936244
0.0718914995982928
0.0832992836448659
0.0669994652111494
0.07914951687522
0.089249878939084
0.0718234302944346
0.0740419424208092
0.0770830302143633
0.0809279872534175
0.0636658484343628
0.0643212233322474
0.0701517998568846
0.0745154850113281
0.0585175579458484
0.0656470793663161
0.0668999820456001
0.0636495128660204
0.0818993667453692
0.0859976813102811
0.0779781390658554
0.0798375314246182
0.084343655771658
0.0784369549249806
0.0865624688821401
0.0784409170491003
0.0627920876148091
0.0653129617432788
0.0796259111858274
0.0736730635433185
0.0793956752583852
0.0761155615379818
0.0759624414510483
0.0608631068836637
0.0677298390882499
0.0757879820492953
0.107631338891781
0.0798745484768592
0.0719929368663928
0.0704942312253034
0.133312056496444
0.13850797538405
0.0651834639911279
0.0794729052833015
0.0650091814822641
0.0652211020759236
0.0782565090700055
0.0791525193508609
0.0697729871828568
0.0712982873048038
0.0727756290296785
0.0894862800165685
0.0657612175229573
0.0857905999509715
0.0627392093173908
0.0668372137892211
0.0721514408176624
0.0977700960411465
0.0621876800653504
0.0682380445992043
0.0676506958006769
0.0703180028894461
0.0836719015966602
0.0953116240988346
0.0918868673865511
0.0696844936183701
0.0930809513080223
0.0894644225619216
0.0812840628686555
0.0979983501083808
0.0769319936533919
0.0947122360106228
0.0603303410334255
0.0857236963824332
0.0745231327999615
0.0663559586666067
0.0580409200793905
0.0643715557439555
0.0766730270250809
0.0911927275107447
0.0871842750598585
0.0710371918806045
0.0722777281253459
0.0657759808072877
0.0731345954546721
0.0882572620294094
0.069671696412582
0.0585100045776763
0.0733910557749083
0.0722954395954581
0.075854170935777
0.0752494941704993
0.0722592202251918
0.0657439166917533
0.064304650235265
0.0820852302730589
0.0610540779721871
0.0608974278720724
0.0607678576822715
0.0726397580253565
0.0765989612626962
0.090873998325332
0.067293015259773
0.0608931343022661
0.0693843945098052
0.0985470174740214
0.0675573127645567
0.0756584675781348
0.0811824213048773
0.0765857802958586
0.0623493460822405
0.0630766193777674
0.075011452253585
0.0701507856117465
0.0938987891423229
0.0817748180083809
0.0728671127959666
0.0628444126320157
0.0803721770590905
0.0640599736664954
0.0721397597515866
0.0791202127679987
0.0656985703245141
0.0903227530672073
0.0733320495558232
0.0605137496775215
0.0621148482422693
0.0766971890708429
0.102120202186393
0.0903012177155046
0.0909868169933067
0.0716870042812852
0.065012215350591
0.0921657506443545
0.0595717220349765
0.0673899908116146
0.0805326650110976
0.0723097812675902
0.0704663165455549
0.10186991301158
0.0616191202598688
0.0605809618546374
0.0699854090215571
0.0914192975901843
0.0706739217887101
0.059346750389321
0.0618869498110355
0.082242994996827
0.0680011225781824
0.0706076871963869
0.0833860204876541
0.0800093124403104
0.0722808549364374
0.0638940752937881
0.0902456894546396
0.0631445730211919
0.07542989500129
0.0755545331502142
0.0774868948733546
0.0782677058499206
0.0719273436819821
0.0754891519512454
0.0764481433735579
0.0872656441265821
0.0825913800245863
0.0629571909057959
0.0745807554379238
0.0593820225635106
0.0571592496038097
0.0698920624303233
0.0677740438661654
0.0666827028604331
0.0640052640113936
0.0773493157136977
0.0709626486932998
0.075936311430973
0.0776146103037466
0.106814944200776
0.0677678868932686
0.0662184948810792
0.0725265550212754
0.0628441077142372
0.0681543651770249
0.0684309825043569
0.0894682265403042
0.0613140419757258
0.0718095102749792
0.0763738987245147
0.065530156880255
0.0621721737539703
0.0764944954268046
0.0884157150887874
0.0818801995932026
0.0717442233759667
0.0731088030553634
0.0852972654691654
0.0705985166072305
0.0739113735687915
0.0835803779959225
0.0563018962701997
0.080986948582937
0.0681047880102722
0.0923409115225109
0.0694992468936248
0.0694278079486635
0.0712987206711736
0.0650179621946759
0.0817694550402381
0.0808712919105847
0.094955059520419
0.0879261513906049
0.0920763976333879
0.0828016458292212
0.066624320335023
0.0630861664258719
0.0685435046936645
0.0736332428723182
0.0625469606440166
0.0820514657784089
0.0718449516287462
0.0611980188712172
0.0538680436220782
0.0721475601461657
0.0621755280968
0.0715809493817486
0.0730157555556519
0.0640687799461316
0.0653144265352685
0.0753199332925094
0.0691147493341559
0.101087088583472
0.067131491660603
0.0824847743554839
0.0912872050448463
0.0701796935864343
0.0725770841022433
0.0859620832849011
0.0646606206184557
0.0688137941987933
0.0621113408268201
0.0648581606014397
0.0700114465897543
0.0969726480300018
0.0721394356248244
0.0745206419693543
0.0730147405729564
0.0865386344963568
0.0638983701158265
0.066396695426409
0.0651768702178556
0.06493735785832
0.064570151714428
0.0760755298289079
0.0705649890755472
0.0640020162687394
0.0709620856916484
0.0888386265827332
0.0774882194517126
0.0822822440136557
0.0780093201555645
0.0878792260106435
0.0830348991429634
0.0840648688433016
0.0813493764143431
0.0659520921523045
0.0736658100046373
0.0853794032698951
0.0970633775585729
0.067554422090884
0.0841821682860666
0.0706681857174959
0.0778857801152175
0.0711037383828661
0.0685486039914664
0.0663847996828419
0.0664335876705385
0.0728735697089525
0.0777629875053762
0.0731205670588663
0.0623492831710869
0.0689398812855972
0.0698432942056091
0.0737437434038601
0.0819804228784496
0.0664873036281133
0.0699761366968697
0.0851338387369835
0.0662611508395642
0.0627372192937846
0.0705677550754682
0.0684311741600383
0.0674252695824755
0.0786657780295872
0.0611659880329791
0.0731308719045704
0.0683548000131535
0.0683888563784584
0.0633041108164302
0.0740607794724165
0.074307841747662
0.0839185035262803
0.0847233326463701
0.0720949748624129
0.0781437474746028
0.0712586980608485
0.0655790907620261
0.0716494458672883
0.10751617324849
0.0873611689429466
0.0760800722280165
0.0624200000927571
0.058103762881046
0.0746548746985485
0.0846334827281187
0.0790456830377604
0.0695874435175858
0.0634262849681194
0.0729379292489547
0.0667407712875252
0.0609291866028226
0.0894961538067831
0.0662586927094151
0.0671974323683598
0.0595176531454702
0.0738845042385764
0.073963719144198
0.063104981713717
0.0609281299369501
0.0548968195627158
0.0721442064425637
0.0550304553687846
0.0603269480547959
0.0543280086480938
0.062357009084498
0.0927406162443636
0.05395677849883
0.0554359696529821
0.062746561613182
0.0585068599560691
0.0756687974467821
0.0768829593146502
0.0732859889073932
0.0724933350073975
0.0849060110039859
0.0812146463973169
0.0595974122129998
0.0725295328322962
0.0720775364046792
0.069356830788325
0.0764098843165422
0.0709194643526271
0.0742646350873751
0.0875520418276857
0.0765086380095947
0.100343928069626
0.0756280271671247
0.0704415701791346
0.0639624746234591
0.064770939269933
0.0899797757086388
0.0734848459697261
0.0857749953449681
0.0691419320133562
0.0910764684612552
0.061880511303102
0.0603613316827135
0.0642761796455684
0.0674982722206981
0.0739617119238265
0.0916252187137606
0.115217365173677
0.112167905799922
0.0729447835178578
0.064546079181557
0.0845985667586134
0.0922477527960618
0.0909391052429409
0.0740428997061619
0.0812599597102017
0.093138400188211
0.0880976731617576
0.0845839771933945
0.0612491256857198
0.0736031598220714
0.0745268803076392
0.0794609119837075
0.0824543530675856
0.0693895970088456
0.0679429322551236
0.0794684406592535
0.082166843165624
0.0714607141399612
0.0650908828382035
0.0656566326195121
0.062080686052313
0.0706145372868651
0.0555142050504906
0.0829103619429175
0.0774899771016036
0.0670046142108209
0.0662352529553952
0.0797848178785202
0.075577351556237
0.0550537391018683
0.0543305816310297
0.0613594097091247
0.0757886209631709
0.0861000285859736
0.0737945448075852
0.0776667035551925
0.078707874863184
0.0611529219191729
0.0638090048992436
0.0622212963284659
0.0823359876176744
0.0640122344116316
0.0744032920592482
0.0731026054739191
0.0744484163216404
0.0746461638711418
0.0650081975286728
0.0743725302785523
0.0710217307508255
0.0594173190193145
0.0655412372797704
0.06222404726206
0.0629140504022524
0.0670192364790874
0.0691609337714803
0.0782207265584354
0.0717828880550969
0.0883432486512812
0.0700517394930444
0.0679177566704573
0.0884631916748768
0.0734766746453234
0.0749910328547408
0.0696815678083031
0.0697422223712335
0.0813646929077084
0.0736715494986784
0.0645905128457694
0.0783078115320958
0.0691671424878942
0.0665424338890596
0.0673884845059467
0.069289849502314
0.0658823865727421
0.0718825464671073
0.0732657187206387
0.0690258344654013
0.0780037672552785
0.0746922905951091
0.0684121011509938
0.0743600873959196
0.0673630044002909
0.0963299387116381
0.0723967800388169
0.060955659027322
0.0817210822102791
0.0706312060653679
0.0691928823362259
0.0651195946599835
0.0604125829538967
0.0725276023336395
0.0721367881400452
0.0797448646226505
0.0713154469346657
0.072422240777313
0.0756923655452604
0.0686486419892307
0.0620143595225122
0.0643717393412439
0.059395466783613
0.0615131283607762
0.0725597176807272
0.0640657518321843
0.0800682348903722
0.070999629674771
0.078309134074271
0.0788832886042267
0.0805978760684666
0.0748997030587396
0.0791972161920447
0.0842766852662123
0.0669164094153573
0.0776392096771786
0.0576656133018286
0.0695209881271751
0.0582584395994507
0.0654546591898569
0.067347184889415
0.0764510094862272
0.0749505096583224
0.0673657017574739
0.0788144214898682
0.0722330409402156
0.0814277321364862
0.0741267602567739
0.0841025260447516
0.064179567123031
0.063139372725971
0.0643405466674083
0.0783016837084538
0.0637375497885974
0.0688457423886244
0.0818245548783678
0.0665777799410563
0.0782074282193258
0.0792572240444977
0.0696856112218226
0.0793358102052805
0.0673331056108144
0.06105129373989
0.0888547131892709
0.0843500918930709
0.0679244962496359
0.0688210490827607
0.0830967393645645
0.0791210108992449
0.0773364852612304
0.10232717488609
0.0750090841258778
0.0784227834966032
0.0852534746528451
0.0802747817790695
0.0603325470771378
0.0740600539709843
0.0812175730344989
0.0582941503823348
0.073763704468328
0.0794901348747393
0.0839250617817529
0.0855930882416138
0.0687252911969511
0.0670613889055046
0.103932718585349
0.0880028588010441
0.0646610555491966
0.0772424533890105
0.0970886126819945
0.086325308985404
0.0790597664292499
0.0658606711209145
0.0611171411369103
0.0806643216357263
0.0692095657722231
0.0756132000804347
0.0724001438561689
0.0966992154479927
0.0669892144562708
0.0703230461428928
0.0675518060696928
0.0890041400228574
0.0909370331266641
0.067166317326318
0.0841371958426195
0.0646588231869329
0.0724401348846285
0.0648217801672212
0.0701101073915963
0.0887835161488864
0.0646181196143876
0.0816102690777235
0.0824913831063462
0.0660207887175848
0.0685032452831079
0.063826615433366
0.0919066958009047
0.0761025206058916
0.0823030692178186
0.100184426858142
0.0852389415352272
0.0888895660159006
0.102187510192764
0.092287104688586
0.0816583135695148
0.0644811547256728
0.066768913270855
0.0818382513662008
0.0711904608246458
0.0691322952556025
0.0913424270595685
0.0753385024933057
0.102991130486974
0.0986869768808487
0.0723054180219297
0.0747477135429582
0.0841960104828268
0.0775651515743683
0.0708146789766086
0.0639102964190617
0.0571139797010396
0.0627908056876412
0.0790525949829195
0.0680652376592316
0.0827040385900963
0.0739449603054914
0.0653014533090206
0.0746598056058196
0.0873613649816485
0.0711992982893149
0.0656754379097358
0.0645962057631201
0.0817813477193587
0.0763354795066915
0.0910366363507359
0.0879433103222125
0.0699829136991845
0.0968333510018782
0.0863080597771532
0.0715299123742669
0.0705278262767641
0.0562481484856174
0.0596850547455261
0.0648198391190896
0.0557855704362197
0.056051176122616
0.0738013431724118
0.0697643820611983
0.0841879362486356
0.070450553843351
0.0675591941746104
0.0671156964530587
0.0739782314882757
0.0908613900325286
0.0764967490221474
0.0732100213096254
0.0744174801096198
0.066070918626635
0.0681880683618525
0.0712375511670304
0.0771879947647042
0.0739220879217894
0.0676864744058284
0.0638252779816301
0.0756826330899072
0.0829101969483856
0.0712853809784257
0.0758800444584684
0.0776733916725184
0.0678701956484361
0.0777727763316228
0.069750402315074
0.071212727235051
0.0705633180506186
0.0747549841441896
0.0870380070841333
0.0716829425949312
0.0667528760552233
0.0807984759359418
0.0635246504726232
0.0618312022213239
0.0724044142271648
0.0611414694288019
0.0615940131290271
0.0771988663067257
0.0808760302213116
0.0722586958496072
0.0678629549654329
0.074476012713337
0.0594677780599618
0.0662289527048136
0.0661542398873135
0.0663841350241377
0.0800138207024495
0.0715243817414139
0.0797323722249076
0.0617637304821874
0.0740551492793557
0.07122772246514
0.0786028273258569
0.0716533434157485
0.0620572888284486
0.0630299613585758
0.0581876990123302
0.058682513447336
0.0640360681148295
0.0678418006325436
0.0744407704075285
0.077440761487063
0.0751264907864625
0.0634180368132862
0.0866234064841155
0.0717347959146707
0.0719311456729724
0.0844492884634049
0.0610250576473013
0.0593013962921561
0.0793546519201209
0.0830356330660999
0.0704855948920393
0.0650955790816322
0.0743066311315292
0.0769862079784447
0.0771039874117433
0.0742239438548551
0.0678165528722695
0.0830264915601421
0.0735385013118785
0.0714233166094908
0.0703289794724738
0.0806627859959242
0.0663549785231145
0.0631309119993863
0.0756471497155623
0.0575795935406411
0.0845723405801063
0.0799305515485487
0.0602982308015109
0.0676124828111189
0.0629767245644525
0.0754090209644524
0.0760460264795093
0.0871481638862154
0.0741880998747766
0.0754308976172113
0.0666324298214312
0.0615078549565771
0.0736053649565918
0.0888390275229543
0.0683601547491783
0.0777680903923246
0.0589730778826009
0.0952842857013662
0.0783584579665477
0.0669254001576014
0.0776922170758813
0.0837730085741592
0.0760262177052403
0.107263016970945
0.102279127023107
0.0835041317494004
0.104154604143193
0.0658542727799604
0.0714010024961582
0.0904535233280772
0.0779614338218952
0.0712637644062307
0.06340992537794
0.0644033385090882
0.0578261981977683
0.0642852809179654
0.0626747183169782
0.0643265954113195
0.0632414240216774
0.0674967472438883
0.0581911471397622
0.0689491869554061
0.0945565059119421
0.0701234205359996
0.0832675508821447
0.0724533244943692
0.0809045086094888
0.0657022611436216
0.0836995803217882
0.0677325468082789
0.0699013491208369
0.0695572288984743
0.0708246758524515
0.0634448821962377
0.0670498768160046
0.0819405838388373
0.0784378993215614
0.0644065398639983
0.0638861603659861
0.0914802303586403
0.0740795819906738
0.0751578262366408
0.0862178596952816
0.0824401722529813
0.068274368042707
0.0714947137945444
0.0749217997395077
0.0796853675457838
0.102355335583791
0.0600693371366279
0.0655615064657137
0.0793368282229143
0.0709532906635353
0.070953602289062
0.0630007559917008
0.0587440308930309
0.0714161418224019
0.0790942546580605
0.0740917591821676
0.0816260596168546
0.0706393611776088
0.0586757042913988
0.0805495309744461
0.0573786094601669
0.0625645034782118
0.0758519403720578
0.0734529240143993
0.0634452145877063
0.071934206579526
0.0757190446705406
0.0669575088075838
0.0723898923094517
0.0744064268693735
0.0716567497684206
0.0887640875316304
0.0662592827653751
0.0657154163004096
0.0539792111252167
0.0655315435050367
0.0545597275393088
0.0646498505730381
0.0652716872319063
0.0741680332709205
0.063637102751922
0.0849679623957031
0.0725632511082928
0.0800483553502889
0.0779421091892583
0.0650019377598962
0.0822978725826121
0.0914852007688371
0.0870694770822112
0.0657670133634248
0.1258792602479
0.0879073365540855
0.073673803062817
0.0716910974656658
0.072368781830417
0.0669548387301251
0.0792731420716144
0.0967476477822034
0.0693877162639113
0.0680312355011254
0.0674886630502727
0.0675179822091931
0.0677851654432428
0.0752315041405558
0.0678073567626121
0.0602357251808542
0.0688257881256834
0.0651661274886396
0.0751380814613639
0.0737550097476523
0.0685006627663531
0.0820952920826222
0.0734414766309418
0.0739221439028311
0.0674011448466487
0.0626917816986286
0.0627388657284995
0.0911128457618982
0.0687455598015938
0.0639137763907109
0.0609527956131167
0.0703245073420604
0.077355043969369
0.0675523108146981
0.058691326913915
0.0555048375115012
0.0613507165571675
0.066639659957516
0.0618332606487625
0.0828396539900892
0.090820227465161
0.0790145962337999
0.0669276565233409
0.071394260670649
0.0700002432301155
0.0800263363018422
0.0922014466914384
0.0832599208444891
0.0603367326513854
0.0697039168959264
0.0638512082706084
0.0684340483680642
0.0823304753047144
0.0833831661513572
0.0767905087423243
0.0776556012738297
0.0958335320604152
0.0843247752532704
0.0780839661637762
0.070993870240397
0.0651320610193608
0.0733168823178249
0.0906950621090084
0.0646793603740592
0.0750747036122638
0.068954394744305
0.076715248093956
0.079220093916484
0.0661229906751708
0.0663286691339203
0.082732917936842
0.0655684225862584
0.0718364056306972
0.0788283131986607
0.057589264559401
0.0596140524338052
0.0687494568733518
0.0627380399263515
0.0686429997065217
0.0726140489289873
0.0787945440117413
0.0578985522744177
0.0682400710604786
0.0658439034652818
0.0733750097857551
0.0583725535664864
0.0785490964136247
0.0648121782406856
0.0771262595507189
0.088751751357194
0.0752431230340691
0.0549954994173622
0.0568802059549038
0.0604314205201528
0.0800243691866386
0.0695846380257468
0.0723129580601576
0.0989634364116541
0.0729190433786462
0.0673920423893364
0.0717649202273459
0.0771263651271556
0.100794364541961
0.0709460126573965
0.0844945275852128
0.0681949351412027
0.0773213732247809
0.0901375086604376
0.0719753187118693
0.0895549618411985
0.0738979993044497
0.0803602328374211
0.0654337741213477
0.0715923078060995
0.0785779685463823
0.0866987254431928
0.0739353174613121
0.0857128217191415
0.0747749621960487
0.073685410446751
0.0655568465043623
0.0748617865741705
0.0917738169419834
0.0848316991410676
0.0629782074977031
0.0571700763354473
0.0794535550189764
0.073515479174052
0.0665378936972198
0.0800934003645291
0.0864018003322186
0.0674616151166018
0.069334832591169
0.0917179865954589
0.0754357934469779
0.0670863932527392
0.0913473338639289
0.0760198023545867
0.0815855546189936
0.107809242536084
0.10203751452279
0.120088887925163
0.0654471568574177
0.0687678698140054
0.0586147888511651
0.0624227735752069
0.0655666383789945
0.0918202539663607
0.0812172084824479
0.082503524302686
0.0957870816487448
0.0685402559643822
0.0823824532834033
0.0703567856069744
0.0952120726965384
0.0595430497268106
0.076427610228083
0.0871611263704541
0.0824109126541551
0.0746101031158348
0.0719676478180072
0.0698319913557262
0.0594957365147909
0.0748262353268933
0.0648811020900836
0.0689037492584723
0.0662349492507959
0.149649709534801
0.111774948278266
0.13573430441611
0.126429820173665
0.101161676938806
0.066233622171709
0.0661193335050185
0.0702816095871511
0.0609064538109533
0.0761813736265834
0.063450429350902
0.0617198240382799
0.0781059085626292
0.0672681002112076
0.0711426894589136
0.0888811311738878
0.0822339428375353
0.0893644711672699
0.074541178699465
0.0754221053542256
0.0662991941823824
0.0752837019046263
0.0810488526483553
0.0639039090567108
0.0561341133153364
0.0610286771309801
0.0812891886481517
0.0760913662911341
0.0718074765180344
0.078548386898427
0.0758972377670885
0.0678330083382972
0.0654666675763827
0.0908799970665734
0.0805256470187744
0.0718664637533689
0.0895775768456436
0.0855559816373566
0.0969536594452041
0.07895034240666
0.080740875810708
0.0816147092343386
0.0621714229390595
0.0675943438526423
0.0803664671306141
0.0768230492246461
0.0654325944910164
0.0654836673588174
0.0780497646717519
0.0646226160067283
0.0606211154641994
0.0866706063809104
0.0720773967688527
0.0696076629760511
0.0719926001945049
0.0869372910846875
0.0738482939098652
0.0734645543399915
0.0929185967965809
0.0742455189942612
0.0889196724382317
0.0687664112581231
0.0637757398393538
0.0804712884001545
0.0761065606481328
0.0796486056364404
0.0625053905960156
0.0719901270606275
0.0776287216867976
0.0801004639753553
0.0682789026660885
0.0691195017442023
0.0757988583880184
0.0903219977774062
0.0684887332416803
0.064695046864298
0.0660376107136383
0.0828058529307477
0.0813294484458583
0.076884480233696
0.0748713586420038
0.058745648728107
0.0701142985789306
0.0744636582073845
0.0645485166502866
0.067815237858053
0.10322632393221
0.0780023635038606
0.076547022476818
0.0657010341762331
0.0890555818103114
0.11219094266166
0.0706775225792155
0.0725465427753729
0.088462529359002
0.0631635611971142
0.114181491209034
0.07722677244646
0.0764607586839173
0.082134651475234
0.101348654341286
0.0756053766677368
0.0642695388300978
0.0836145000984439
0.0952372109756479
0.059408410741693
0.0694614401783556
0.0696273254055579
0.0701537849873013
0.0619787946377481
0.084265533876811
0.0765396137551896
0.0771189266257669
0.0665060766691512
0.0779286998274208
0.0552044892313073
0.0738018301805577
0.0595026449829985
0.059048672276835
0.0771798238101915
0.0770774375009692
0.0836140654125565
0.0716785810332243
0.0771933569040155
0.0690293297081078
0.0667458702385638
0.0583824659380267
0.0762977167901687
0.065577689986217
0.092429619853752
0.075503901963789
0.0785348463287688
0.0720133747617229
0.0680602175389242
0.0718706284497304
0.0654467190892763
0.0778365672401701
0.0656148923975533
0.0554573937651348
0.063823231864798
0.0552879989180538
0.0763317073905056
0.0628535771224412
0.0555916303642707
0.0650087069262428
0.0720309383106449
0.0760527674051501
0.0646142380837772
0.0660542923821917
0.0995549554126559
0.069774243367618
0.0822826656343717
0.0717851299251167
0.0724570699677155
0.0998549163391
0.0778624020183841
0.0734083623236076
0.0801310936505614
0.0632686847307269
0.0708835627059545
0.0806651895367766
0.056118691748972
0.0624543697024818
0.0733249674359567
0.0801753593022427
0.0668905126123306
0.0940121070468542
0.0649238833057467
0.0639659253305566
0.0667367202958457
0.0650698827260157
0.0692604574294608
0.0544736055811363
0.0794915454451925
0.0679349283169158
0.066279126361853
0.0798291246806656
0.0833084901972
0.0647101963731101
0.0709352823042976
0.0616948136704622
0.0646911127399555
0.094163518982895
0.0632170907445348
0.063545282051792
0.0749889448164125
0.0685422886965355
0.0674744930577186
0.0713989479577512
0.0689738622376604
0.0721477470880617
0.0697836599946689
0.0814988658364477
0.0570485482735878
0.0651636124892291
0.0728198804530737
0.0600853657671631
0.0772670087050604
0.0702004650520421
0.0702609028118028
0.0656852257316168
0.0723183501861162
0.0705491836349062
0.0604793925057127
0.0668961564188266
0.0685938396982891
0.0695645816398058
0.0652251318004476
0.0761292483485408
0.0742087817230563
0.0698540739749877
0.0796696946250005
0.0785643265017406
0.0889376216533904
0.0758887813094116
0.0694815037767353
0.0738776340808401
0.0604630620243109
0.0665660121618525
0.066553871241716
0.0681941692902568
0.0691715021143423
0.0752717243144717
0.0676793450320391
0.0750102950495312
0.0950268899510574
0.072686614769268
0.0641491587615066
0.0719270859011999
0.0651989388393056
0.0721728720039337
0.0689209084205877
0.0589987681957267
0.0741903830857233
0.064384319257749
0.0750328045802172
0.0691289278834325
0.0739824467379359
0.0905991585541175
0.0728911309128629
0.0737243679404243
0.0668330995488223
0.0650786002325563
0.0798424511984537
0.0903738536017065
0.0780462278326626
0.0775081881068877
0.0628295001399251
0.0783931358612468
0.0656327270578445
0.0922361843990597
0.0692250267820908
0.0797664308885437
0.0788940582606807
0.0616451598827246
0.0844638259298035
0.0790061399134077
0.075825708977295
0.0659289973636115
0.0902481999036493
0.0908522093388788
0.0834299360113021
0.0892951587270029
0.0831698253436269
0.0676454607964588
0.0747090234768094
0.0799563542378206
0.086396521843942
0.0740989073058697
0.0697828359207424
0.0583752899801079
0.0782628607968446
0.0711021953097497
0.0681797112238719
0.0711458786668384
0.0845212123642164
0.0613528534056733
0.0801750788739904
0.0811102798393272
0.065549980290406
0.0650415516595503
0.0789158860093728
0.0639314716609146
0.0655346542876234
0.0704050439242409
0.0600201333820172
0.0620923285137475
0.0834294501127906
0.0748311030709101
0.0761114391716793
0.0663515142040484
0.064180076552917
0.0721687368689805
0.0980913289802753
0.0724561664325226
0.0685091496658148
0.0700152837837988
0.0819288845659847
0.0670650479560491
0.0706462610910732
0.0669721047756545
0.085128773859513
0.0686908963745485
0.0628379281179354
0.0659188567507116
0.0653595521434271
0.0651541396936289
0.073818671140824
0.0641454886146643
0.088592424811766
0.0680396313977672
0.0742032069623097
0.0711768129161246
0.057862266841614
0.0588229479494637
0.0820680535066968
0.0654227074274529
0.0662576427621988
0.0651900334870333
0.074959651776354
0.0725047978292754
0.068754425732411
0.0644589373098895
0.0619588374608811
0.0709401294281381
0.106348160512861
0.0812045685189117
0.111731614770562
0.0822458055996209
0.0724813760068891
0.0661023497020237
0.0877130128761227
0.0705366541812223
0.0916204110170451
0.0721678671670075
0.0886775059339299
0.064861422915041
0.0833299277702945
0.0633015409856885
0.0628452238767956
0.0662511385780747
0.071847233286626
0.0884881552583294
0.0880106549802409
0.0665008920810978
0.101488988507709
0.0775300867448861
0.0611763176224088
0.0855579092819751
0.069897710048165
0.0690867696684764
0.0711359001074409
0.071545284512289
0.0827383590720027
0.0705531585598284
0.0875790403859627
0.0911982899584805
0.0582363696221252
0.0860006284472993
0.0697809798749008
0.0670719992071891
0.059584162150104
0.0620028441138089
0.0600977160009731
0.064316175364475
0.0637167604817851
0.0706187244147512
0.0710526197127167
0.0821365638842025
0.0630516094523431
0.0804288808550579
0.0583559049025579
0.0667465210715966
0.0975503778944997
0.0823066919928471
0.0893055594223613
0.0655083534479818
0.0817531274584275
0.0821645825358292
0.0985915033266509
0.0676755602750889
0.0699038193141925
0.0764798842972606
0.0673579122553711
0.0845344961577819
0.0774087179175709
0.0668628282999632
0.0728257181435796
0.0631236776389233
0.0708161366858093
0.0628068885185843
0.0748774907654417
0.0827260361384056
0.0782816364632203
0.100606662236508
0.0736359716031456
0.0617074478537659
0.0718332064269957
0.070049447598616
0.0849387036862484
0.0625464332348723
0.0672816565619935
0.0750088934369892
0.0936159757834973
0.0868433736317132
0.078885908604242
0.0703714754111476
0.0603145987368906
0.0611343927832528
0.0577969190136515
0.0537183448744855
0.0518139166837651
0.069949011076671
0.0793512563214036
0.0682518572467156
0.0643515889741563
0.0790071370049968
0.0629888136888247
0.0728098214681261
0.0645043155943791
0.0717043285389482
0.0792521864131403
0.0838384057170869
0.0821986620932917
0.0737485264638652
0.0790509189160456
0.0956542561391738
0.0906895640546139
0.0728907859579061
0.0716436135626094
0.0783794065918036
0.0639182713232495
0.0797088505666717
