0.17
0.130812797188607
0.157975159504582
0.113098858362407
0.144663412496626
0.124115239992985
0.195023344808636
0.102966336002573
0.102848842310012
0.128574469579989
0.141953872599919
0.127661823515657
0.0917950777530128
0.206107708621135
0.108617316757741
0.154356853171785
0.117254836410995
0.120579241011303
0.188279313009154
0.196421221050657
0.118175192022165
0.120728286811388
0.0924775581243845
0.170680798296386
0.182324487684861
0.0860373084825878
0.221112288502382
0.283095344938215
0.147102694203938
0.0890749222502611
0.110809354450302
0.0914209723893503
0.118876204036815
0.137538833879405
0.116085981443926
0.0818004589866663
0.0643914375403331
0.0853341417832945
0.147343455431527
0.195853357642667
0.0818211991850641
0.0767319211272357
0.101258367758222
0.117115327004378
0.120797828419235
0.278340869534715
0.286736836586276
0.24301444348342
0.184888072543193
0.131296093365506
0.127360095707095
0.106559240014188
0.119015555627853
0.118083965638303
0.11801508658711
0.19726492819903
0.174358134490072
0.109642777120845
0.177138335287753
0.219953645553715
0.149231132325407
0.111996316881161
0.0711313795461189
0.176195698963667
0.111332791677628
0.14005403482792
0.183853596314932
0.126131395192927
0.224447900584272
0.0887721893836017
0.0838994758934414
0.178526607558716
0.120189369299114
0.128129938776662
0.100377136376632
0.108255615140203
0.146648449321517
0.188581266272452
0.135093138423252
0.0911436596358596
0.0866619433455037
0.166468832529051
0.237146603730998
0.125854997365115
0.108282824152142
0.112896862588829
0.0785142600499936
0.110735538648616
0.141471665360921
0.0692407812854409
0.0903002181409622
0.0913428800209081
0.0833940453737747
0.147057416964624
0.227310545213442
0.0820244833565368
0.119598892411457
0.0782323987985555
0.219397110637273
0.148496448598552
0.209166739820144
0.163707908308525
0.206125342475043
0.170246159914074
0.198642337146932
0.0971374526346507
0.173735092755246
0.13074069919571
0.167759749586817
0.288135180361536
0.34578454129093
0.0734996974229491
0.0931193374108005
0.118277050131969
0.189827983414895
0.174262719341024
0.169375149290555
0.166991535935142
0.120888339894779
0.118669764670792
0.188736768286683
0.150175613055698
0.100942397226657
0.0812577586793816
0.11361162347557
0.336059688678464
0.10073541120089
0.145171263642734
0.189252319163461
0.233478559915281
0.118214478187707
0.0982765157533798
0.0932013471410825
0.108512453543307
0.123272950779037
0.174721309513225
0.103005176946183
0.106814567691112
0.179447588821622
0.0987940926501102
0.223138629881013
0.114996359955151
0.172791161443692
0.1356226043836
0.12928254976042
0.218124916606305
0.097071433117617
0.12597193330013
0.0871622363822487
0.05950925894909
0.12836581314693
0.172976122162964
0.0981124460334398
0.192065543221164
0.144963910753011
0.170703127033289
0.298097953923014
0.209581922675477
0.175536139788391
0.134653587668049
0.145435407512073
0.0973647722041376
0.0922696175394653
0.089736799465936
0.177092937471174
0.162447773206965
0.095879258452472
0.196051940110292
0.181162446697347
0.123170882740709
0.122736062972896
0.202372669362699
0.121760577999
0.0871341363948066
0.0915864453779171
0.0675817219690074
0.0720128925957178
0.0799827113405287
0.203227277563306
0.188599802309192
0.11659556388137
0.0991880861705713
0.120628341785954
0.0919631867927135
0.238043196581914
0.269222278398706
0.2654925473973
0.167485068091997
0.117447642842362
0.105152017625745
0.13853958803432
0.131114502845818
0.210435856550292
0.0976276519757934
0.144698897976548
0.0867372231247506
0.197008754376684
0.131754558694466
0.142690239277621
0.106602507273219
0.0968253451253381
0.104259092207515
0.199377896118747
0.13773053263932
0.108126200758025
0.161933284740522
0.155536236197545
0.0978102733421683
0.31322419532952
0.327943463188227
0.26805982276947
0.236963255368565
0.130392005364493
0.185140332604833
0.206707206756919
0.265966835574732
0.230573947000696
0.208862168584796
0.320196135379881
0.254169118311877
0.240669203087248
0.133396140979038
0.158769353370112
0.14139736097555
0.163457270636633
0.0712181341934758
0.086615645695657
0.0796676367038439
0.1343406714854
0.243496098131977
0.240562280526422
0.125303012225592
0.127743676704658
0.242402860294519
0.188657079837827
0.152225690940827
0.157891714436365
0.164345984060823
0.11223409714075
0.151744200745927
0.081784956212637
0.179027986328514
0.14692926100401
0.140782211516321
0.117030785089099
0.182366459998449
0.146081116211028
0.255192364013048
0.279974904080651
0.196265537655044
0.23877108788463
0.255894108427833
0.180296002716014
0.153943359256571
0.143075952837064
0.170134713540627
0.161200228378323
0.178608412490882
0.134756859729818
0.21658660192274
0.185497617407848
0.193890687534052
0.156698506619584
0.2191003501783
0.139381459828712
0.172714867710432
0.179795966394322
0.20325249798607
0.187999578336962
0.225038703876628
0.135676656334215
0.184318540954741
0.0835670938348606
0.0732687982015459
0.0701544203600538
0.100266867882036
0.0686823613089345
0.0931539758581685
0.106972564988417
0.0775742672804085
0.161861327366228
0.160748123127523
0.159543676303974
0.196087612079866
0.237623824453717
0.178327557513995
0.227832980514725
0.318843740850475
0.294574690467396
0.219166847653677
0.307532197364674
0.168038855233468
0.112402685272817
0.112202920393837
0.276538243266558
0.132602743780254
0.139890659587276
0.192690516361965
0.110013600137925
0.115297781616873
0.0836440348756233
0.0944480526924876
0.195759997035124
0.132437603643128
0.209075040740998
0.231837428475118
0.079227601156044
0.103418214458355
0.0914965826441002
0.116426029525455
0.172025610790942
0.140934150417319
0.16603428311212
0.300995620467415
0.0798464186831744
0.194909208347512
0.192356135517398
0.150010749568791
0.122178191496757
0.272645824442515
0.155358421526842
0.155720567734839
0.0737248245064928
0.0874753125150066
0.0731672075039091
0.0742943948022588
0.068647146013854
0.10901445786424
0.11686857509617
0.165470413098362
0.080275306303368
0.111683856139676
0.101888823898531
0.111023423132896
0.0870346867959465
0.165959901554683
0.145746176502247
0.0989625115749871
0.073527175560115
0.0722450772586858
0.125134632647189
0.200847678125973
0.218381170023599
0.0891246647108953
0.0940914390442529
0.116988792917547
0.112180656939152
0.0737063686061017
0.0703057961281121
0.112393808811568
0.083817819400064
0.121094063740744
0.184560011500292
0.147580494666461
0.156804010005393
0.171411475510036
0.187320058283788
0.218410359784463
0.128374345983811
0.194664256028174
0.147221540703407
0.179127041564165
0.0946962500159923
0.248075646089704
0.102861936082531
0.0853650592012604
0.110874642842865
0.0770461046436563
0.0812741331585722
0.110792076372902
0.117360457424524
0.132642525597697
0.0914255413083322
0.0671500398802779
0.0698051969260397
0.0911099050624124
0.104634743158867
0.0963223677014929
0.204249115704703
0.145543667345433
0.108689687210435
0.166434223290661
0.115124507456785
0.182451374843878
0.210464605919287
0.200257993636379
0.12679008883172
0.268596607525782
0.125263276020316
0.146718458090209
0.171204759296444
0.186022881424216
0.128547133287016
0.151009610018766
0.201198542930394
0.111306496895718
0.156041018806952
0.158759460345729
0.0927517365491604
0.21825007300168
0.101256947237405
0.131547575700967
0.129216331289725
0.0801299654620079
0.137394244597441
0.148032307257113
0.0928279367684907
0.133526474144887
0.0637092596677166
0.0743070293418472
0.0884095247153814
0.0635162303618679
0.0797546154208987
0.057684221397307
0.0819566720324557
0.16372888716368
0.132368546030705
0.167762676772836
0.122143988115263
0.10809317831816
0.125428553308966
0.116262937926312
0.111573369289793
0.253978155334867
0.325433245125124
0.195410180844264
0.135286948520393
0.106822799711584
0.108938073447982
0.0988955129509494
0.118802217418341
0.122039991668014
0.169607162926106
0.0930987971161946
0.209862864824123
0.151290098204107
0.117067939568382
0.12098411521148
0.154875444513577
0.102966435699514
0.116032688687627
0.127520080827545
0.124917853874166
0.119818590362463
0.177941967021902
0.115269414051214
0.194852718714046
0.192876628792325
0.133843698288448
0.085182220010234
0.112007709625767
0.146632062691432
0.16621283946448
0.109959373620706
0.195485120888004
0.231953560244187
0.0791065593610689
0.103353091325032
0.153975014013392
0.17851339867654
0.208089740112201
0.135918381337747
0.145616130940044
0.213810988905122
0.0908929743632117
0.108234872359275
0.190808175538311
0.299770150460285
0.266420658748631
0.246876549073532
0.260982729992919
0.175076033122558
0.115986363145633
0.106950917047166
0.149286180207287
0.188869132017343
0.184535821580593
0.117405407240022
0.180108372619867
0.205799220282766
0.239398066728599
0.0887874297999823
0.0718385323057563
0.0657833559722128
0.161880737512124
0.0837370229041417
0.105367316223615
0.15451751914499
0.144191009799429
0.161301176573796
0.128702592364091
0.155448502317349
0.237967300737904
0.224811172648622
0.127705222849619
0.151267951934904
0.183806708721208
0.146000913172856
0.124101597444412
0.234022731249452
0.120977309505992
0.185178983045899
0.141663757408316
0.101731136647439
0.0680156890660606
0.239062463528679
0.140573252754482
0.25917372763882
0.174861493963359
0.215709975026559
0.14687179668402
0.16891787009451
0.209316711202539
0.131578324169446
0.11197585560879
0.149713730545377
0.0891220458099032
0.104767720303416
0.0821723445072538
0.0779294711626841
0.085737395166294
0.0969244021191517
0.0787664167025924
0.159796146181261
0.084344195972974
0.0883778562081254
0.215178428697672
0.0954633528588873
0.077798549615031
0.102608088741764
0.132303338688732
0.166283552331371
0.129153668590621
0.141644535671934
0.355780000341724
0.199438774222338
0.214437493286087
0.104111043524618
0.182175449419094
0.19026133159808
0.111447032831433
0.171442985659527
0.188337627553659
0.155213008082381
0.0968054975643007
0.0935858007417033
0.160935211638381
0.17284294809323
0.1253948356904
0.0858292017702759
0.0786593855624317
0.0843532841003698
0.0945405912545593
0.180063781654456
0.245722435590404
0.2046848899419
0.139368228963318
0.292070349780715
0.107255829476727
0.117647298715523
0.182776885058003
0.140304980405473
0.195036553854074
0.150094241281932
0.0969301271257636
0.163627285654553
0.0834687090610706
0.128252260368566
0.186681842032118
0.133603043981955
0.228151943427344
0.103708000652239
0.182581987485036
0.114837975639503
0.107851886946698
0.155443303102501
0.14391354837106
0.0886062686081284
0.126167882432247
0.142254925309454
0.116905860276919
0.0744837103575434
0.131983656157736
0.132039820559637
0.164777372163881
0.270980874898783
0.236691703801762
0.113748553427623
0.181116433016152
0.130901134568476
0.166825288684469
0.171027527442355
0.148730901002572
0.194082223770592
0.0988848389565007
0.0632882763710232
0.0777053722537542
0.184361999680433
0.113392745503868
0.312642272772791
0.28228147825809
0.192710419640362
0.105972537506593
0.110516515341443
0.0942405052204716
0.1039165092871
0.0751374451710953
0.0827799054866759
0.0793263327247204
0.144763713052458
0.131707229331936
0.0997189459804023
0.186661943864651
0.131623854862268
0.159901190330479
0.115928877471536
0.117172986096199
0.220119402731079
0.0824297046956443
0.0876013051795265
0.165742248049489
0.14416246819975
0.106894110131637
0.148187165500291
0.109196487842068
0.0787102329160078
0.0715429411983875
0.119669445943225
0.143442344776212
0.153738318959142
0.127311483196592
0.236715007529006
0.152650069123506
0.171719436753412
0.218668007889323
0.205623545725423
0.291928353083259
0.0951196586923732
0.143890176164574
0.0805389100112767
0.182445337624664
0.0982099547026865
0.119517966674078
0.122208686388768
0.116179788465658
0.110343719195488
0.215674734433461
0.138796132960825
0.150699297295879
0.128318132789247
0.123837674050063
0.109884461187013
0.0689640202743324
0.142607474989216
0.182907576183004
0.172801121198793
0.180031085761477
0.104419668494209
0.160094282961712
0.0949831901041515
0.0781984436356977
0.111336813727997
0.167739803053339
0.164085555218627
0.327457755555581
0.143301086452113
0.132003823251673
0.132199283450444
0.102950885515501
0.166548910524659
0.149503171292777
0.118745552655852
0.130417331062028
0.138680438462048
0.113173137575994
0.0602964075481588
0.124077114725284
0.26036410970446
0.199197932685366
0.162684198712598
0.290400558957778
0.239244735279104
0.322493616163594
0.139060225051693
0.13314600461027
0.0863786977799053
0.180622691905806
0.307372566645201
0.149310221741181
0.268873244119524
0.318962544275315
0.376729782822935
0.181303921074897
0.298423108403173
0.0736383706623266
0.0830735395699212
0.207285429455521
0.243586538561064
0.268676889518499
0.194447363325125
0.0790898483068087
0.110808370136697
0.0932211043043702
0.0982108057683852
0.0819607322864062
0.0586250292485887
0.106693720324656
0.174060028600222
0.0978269035659478
0.104120237014864
0.0756802015742956
0.0960897743977229
0.119765352990852
0.0736298850357709
0.0741227339646239
0.201241394721264
0.136075698479956
0.13347349878487
0.225502682195433
0.22564795090871
0.173684157061824
0.176923111718966
0.13362628414621
0.0929772673230235
0.147901279183239
0.102090866223592
0.168492107641202
0.148134661751156
0.178612146838025
0.123212864725791
0.157113727623805
0.0962769003082754
0.0837261439803316
0.100405458035231
0.120291412468303
0.0953295543323261
0.0673980886169308
0.0744318719631983
0.0713215161333802
0.0888115682803489
0.0982833207640988
0.248839990977609
0.117819804711583
0.0656911865310888
0.106192209079704
0.16172343419893
0.1614431062718
0.182242415977011
0.26642016746221
0.20695997578184
0.20357575435633
0.14271587008224
0.123277429723813
0.100774437519457
0.0882074291211598
0.0802294787034632
0.0776609580027008
0.0773923746640925
0.0718015693221557
0.148922312304598
0.129967499109013
0.269285919563545
0.294548492881625
0.0995329392763271
0.161315423959183
0.097791456911932
0.20472722444925
0.083502779210007
0.171531137299421
0.174676470689528
0.10248654326888
0.0746428412964754
0.0737305948054892
0.0603576517235436
0.120724768254394
0.130864951749947
0.0809998236018075
0.0835161569033808
0.135370582623349
0.179083657912096
0.0942662980528052
0.192607300282359
0.106207294773007
0.269704259983048
0.139382850793907
0.0777854205188812
0.076472613380259
0.10587602007925
0.225505416807695
0.267669539638903
0.101868328181844
0.133103776546896
0.155034121167107
0.120557812791287
0.100715751200781
0.113397934740341
0.0889936193574684
0.208558921704809
0.146640927000555
0.0810958974475567
0.113807937763168
0.177530236652937
0.0965263928929288
0.194433891087411
0.121185335345361
0.0799418217147341
0.0903628373313741
0.133974799720658
0.114636436608873
0.103823958582313
0.0917255089204918
0.181706832486003
0.0702317605488148
0.09822589275539
0.113125291255149
0.164957955539127
0.265348984572218
0.273930970601249
0.155527138243252
0.142073836060891
0.288771678287033
0.140552014392782
0.28500857951475
0.15062416825742
0.076684603915618
0.118551498857667
0.154870745598874
0.170627224886237
0.108193279624133
0.131355442662075
0.124510094530666
0.118086510269588
0.247578415108432
0.186382207670834
0.0927480261368964
0.140901960603786
0.0720882075386317
0.119213221518419
0.231968567646729
0.0945084440225974
0.0684934018087919
0.188641540906585
0.139688195755966
0.16154782214096
0.197336208825525
0.183856418162328
0.263405791345399
0.13844887634426
0.264240467670813
0.185041249090382
0.138925617541411
0.0838037310818467
0.097449377883646
0.238537602759879
0.179335785264916
0.161379697942112
0.192139650137918
0.186580337766416
0.0817698049170438
0.130224007018525
0.16811305186775
0.243849358827185
0.204317041197801
0.232899696501515
0.152072417305193
0.135951366894288
0.124873975735641
0.109518513274981
0.132521003510215
0.0918669782293336
0.0833590460382884
0.1837996839063
0.143228185013286
0.139898321226795
0.212517064662315
0.196543424298483
0.16339935106147
0.290196593747771
0.169211624705974
0.164233263226609
0.142278414098482
0.150627907182724
0.102758852708046
0.134249677934984
0.181184365942219
0.23039644409702
0.2528790834146
0.245883049879509
0.20189071401806
0.205748925532285
0.135337218950639
0.318039111456165
0.244067949714805
0.188242639418074
0.0786619722486807
0.111749630562499
0.116185323012738
0.131136255404574
0.140431454194587
0.20171313140274
0.176683116624237
0.0990768406152448
0.098926456457266
0.185432535802908
0.109381575988691
0.0885593016983215
0.0656972973679878
0.0971853041889493
0.0818687716421579
0.132759578147803
0.121724128987118
0.100480565098171
0.0910480416447156
0.0887380532219331
0.251177579190629
0.154623304315791
0.14007839162355
0.15336572092106
0.184863422593189
0.116622735727473
0.098266856224403
0.162373447560926
0.195146823416982
0.164188435204036
0.135257899795
0.19001032371284
0.195910274780301
0.166200109047829
0.114379851780106
0.151150594420663
0.111855140296047
0.13291119334628
0.0738765598056873
0.0768209651869876
0.102711216861417
0.117421687112535
0.115884899520558
0.196082350826006
0.199964126360249
0.151150666421279
0.0787760138960106
0.0822054216977448
0.187345334665588
0.150527670625824
0.31398943558599
0.269963413302269
0.225091225815469
0.169784844605897
0.266741005574885
0.138883774438072
0.102535229381513
0.0977103575396541
0.114469396189482
0.0831571431323057
0.0953370491065045
0.110870586776088
0.0779587637074075
0.120157305892207
0.110156379660614
0.124665958968007
0.104011586928161
0.114199666587551
0.202335409348102
0.144348724089771
0.131530589877642
0.138927458341373
0.207462336677387
0.129253090692365
0.0957661942228715
0.200503260224973
0.288505522930226
0.148156388193369
0.131760305784842
0.294400041676139
0.25671834418051
0.12669652233995
0.216393053339304
0.10889123623939
0.113384627470057
0.139124936634611
0.153746999008741
0.0817686752382765
0.188097952702584
0.127460333834249
0.145375913923943
0.289823668565186
0.195146519300531
0.156295306431197
0.0980730675088754
0.173292989465296
0.148188605048279
0.148950919144489
0.0834323017807873
0.0866726770752513
0.13104672025065
0.125628541472766
0.181903773976361
0.123450020652538
0.197940942449614
0.295887581401624
0.222623389750327
0.11959310844197
0.192911344575811
0.114526557030357
0.23710550652786
0.198081778062892
0.122254632142996
0.1707676517095
0.13494630144552
0.128243660547744
0.165218107904476
0.114487420807074
0.131041576194921
0.158364472477417
0.0862812898686618
0.116075623046073
0.0901876692699141
0.259949961635944
0.0839063189729605
0.0611422049527697
0.0786547989129397
0.0875584487898533
0.0901334645579194
0.151089306993569
0.166608117249612
0.172851235145167
0.0809118692151565
0.101806120476589
0.0822598406895244
0.110830524265942
0.0873716334433458
0.237965551549611
0.225206228210974
0.19101070976668
0.211230592648376
0.0998463390826997
0.182882816615823
0.073058652546333
0.181800715932806
0.11037167246397
0.103612956153984
0.115343827266868
0.12410223345958
0.0776739009617984
0.19233527513404
0.107671107264637
0.156515213187644
0.200328955796601
0.117704121680139
0.156408775193879
0.0782376635917312
0.121632212195258
0.109803629926398
0.0928900695315004
0.117391647833363
0.130502010414921
0.19963694108423
0.163525618922236
0.21343958094265
0.139188022713605
0.144157681610798
0.224408691197005
0.209245436889913
0.300646097882775
0.283699190222026
0.126822423725612
0.109386394509794
0.119513458574906
0.267870750980891
0.138981516390577
0.154764325440168
0.146428403217691
0.226351033231496
0.127926738164269
0.0874242122324578
0.108059236043204
0.105171071529759
0.257201098593569
0.22039340979441
0.113810113973931
0.163208782562698
0.117717241078089
0.129762891064182
0.169593830550888
0.087686715182431
0.170939942837958
0.095220146058779
0.108298399621534
0.170247000016812
0.103362399683796
0.097905180703554
0.124011048977982
0.276717114908166
0.157424692767632
0.0778051887230535
0.0969884291590863
0.16388590436288
0.132540735049105
0.213325437986913
0.156088324309993
0.0991670774333577
0.23530512301005
0.170636341956078
0.101105763109885
0.143630458333409
0.15191674938236
0.211931073611618
0.224179520111503
0.181975926679382
0.13738263943984
0.132056217241614
0.183410227965229
0.144525174179206
0.119586903615425
0.115195141979974
0.11954995592131
0.145957187681142
0.0784120237855376
0.0957003335264461
0.129572752916849
0.0988846744651248
0.122913283320227
0.10238265267113
0.0999220415964804
0.127847572235719
0.12421250495014
0.0880133812236907
0.14206582204886
0.0988531835181907
0.119120838374529
0.147803295235143
0.1708409386891
0.0996764694262406
0.12321009633125
0.0888336062256159
0.0861460269255253
0.196325679967114
0.1190475400296
0.108478452085419
0.0812063539720323
0.099218873004055
0.112272933054927
0.0935565801756617
0.160451358335218
0.0809010351819858
0.0832396589259824
0.0941809147223554
0.0914707181690941
0.0582217132013937
0.0687163367809435
0.0715266340238085
0.0801312544997391
0.0906847313105316
0.107206786938398
0.127462500591987
0.148088052551295
0.144452374604369
0.25779905216401
0.220971690454766
0.183918836940437
0.262458520991216
0.130339561887233
0.0695520001424167
0.0996861847891103
0.148647729585276
0.175545066118532
0.139171828294488
0.124484856459047
0.174966949058604
0.124843917699055
0.243047003930666
0.141064583096703
0.117981538840223
0.117099338639064
0.0902416802864386
0.154666721233948
0.117600153262655
0.0978094708584225
0.095078114401317
0.155832505180131
0.176946909225466
0.262510327489271
0.113146855631687
0.0882442631225056
0.155446457494081
0.238515735102299
0.205557015759673
0.0950354146588539
0.226129250861996
0.132093123361785
0.248785106011146
0.200529938715966
0.133706664845007
0.150833318834137
0.148070918117224
0.208185685807582
0.102966466730443
0.080644741414214
0.0964207788240696
0.122051356776363
0.155815328228895
0.138337814129327
0.155350457190181
0.176773109886467
0.313797487960371
0.295289866439742
0.223104159006286
0.113188414215697
0.167302508329747
0.321754139774826
0.335555045732903
0.223253957035729
0.172616708979002
0.16447925165755
0.168990162259614
0.234977697159605
0.158722611462013
0.225978107228831
0.252181062527372
0.239475738400635
0.244106010390952
0.187394438650954
0.0921436737184582
0.0651435380677797
0.0876794809677014
0.155682340527476
0.114173827113015
0.115849189550689
0.252404170840966
0.1835214730941
0.143391823234029
0.173530429174884
0.0671546799222399
0.137764987205078
0.208783812970882
0.204871375253804
0.125042686738547
0.183454615915907
0.22368816696541
0.289779714926598
0.190364318251221
0.14968612149821
0.187191733861408
0.110335421955625
0.196270372912008
0.151477978078016
0.0953431993905289
0.102243019574136
0.257190473884104
0.177436004558172
0.157122977144663
0.0984176626358183
0.255310119862292
0.0914367395315322
0.07429112561866
0.11743944157714
0.178588152926029
0.299940668730934
0.135776023820952
0.1304386246773
0.165003304986308
0.191564099941714
0.104400645385079
0.0816132655784341
0.12992029175013
0.181756616593927
0.125822811142134
0.139801458167158
0.105076975936993
0.086650816030235
0.0835948906969183
0.106702127234958
0.0776246100775761
0.12526534277754
0.292368306612535
0.225283963920319
0.261823050443855
0.348955884207167
0.25166002617486
0.181282981969388
0.143122580038223
0.112145475140102
0.0705092166058558
0.086787968263969
0.154106012410165
0.117822645825613
0.134920754491791
0.0617258196803387
0.0944574926863131
0.136073520999776
0.16540070756817
0.259197761935624
0.1940085227711
0.185975918169252
0.156963175248717
0.278222215947974
0.157170338938715
0.164361986127112
0.0966874838907331
0.0963037060560398
0.0771054539402664
0.198203970293468
0.262354588851898
0.145094620487467
0.10032833312644
0.0683254972558293
0.0678356922724282
0.0634951618988938
0.0586715826329673
0.121360090603341
0.200506531554846
0.2458836384599
0.155550375375682
0.168386199643255
0.112117965993415
0.141163712807842
0.262945775886895
0.15724149467829
0.154721973183371
0.131667213573892
0.167283806994803
0.176256735137976
0.187292748529857
0.279013220876178
0.181721752026205
0.147400251064107
0.0771493291826294
0.0922066534576583
0.127633324925763
0.103023797190489
0.215060558593762
0.104379163402849
0.109146209874451
0.257032425610898
0.229140147440801
0.199512332353668
0.1837020381831
0.186147049438448
0.102256214535149
0.269554147580486
0.127587820861901
0.0885431095293892
0.128844147257324
0.15551468290986
0.291894187958835
0.239280022311062
0.125463144912112
0.105634301935224
0.323215660421888
0.166955260781163
0.150926450790746
0.10105117035717
0.0950360563887375
0.0804686403518142
0.0943501422455755
0.209057053220407
0.221573265229135
0.345316263923703
0.201103600336686
0.204342260894564
0.102267020692982
0.0725152215675179
0.25178854525167
0.132911593083045
0.236802314904749
0.127988617983358
0.163747387354482
0.200588840123319
0.183663083102502
0.221135616498811
0.0990210686391046
0.18285028377146
0.123040812450486
0.165517065147755
0.302720490027099
0.155046027556238
0.247074811942029
0.290300450323049
0.232329160329372
0.188569337771388
0.214395152135193
0.183887726290605
0.289787052794869
0.198615064575402
0.161743797640414
0.10070882644726
0.0949173454671076
0.0871480589620123
0.126054614437456
0.105772669776345
0.109840016500002
0.0693966614893451
0.12556845561228
0.125666986480589
0.110180877342646
0.0931022837559241
0.216826064530718
0.15648904724438
0.206559276359903
0.126809658414014
0.10833784035733
0.0817604785095662
0.0769516002439994
0.162980317480853
0.118192094891301
0.0993388695007902
0.17001170266848
0.194319939381222
0.264840586303414
0.178997717221189
0.225457035993647
0.224981001940206
0.119298771628269
0.244169310996103
0.207310409891808
0.190110589668358
0.155124332541782
0.208274264480783
0.148433615878383
0.0928067870261215
0.126913317550188
0.109559218691034
0.114205263732049
0.128068784682587
0.100422099000122
0.250032422734629
0.0992096607461401
0.112998291694347
0.151491146893547
0.128847439718622
0.161764344598027
0.0771957978220556
0.117885755027794
0.0874062797463516
0.11345025756409
0.134543741589413
0.124066907516798
0.218347145907522
0.167773568616635
0.144966607739363
0.0768501180770707
0.0759328610260182
0.0642171739389502
0.278247674685103
0.210611967781178
0.343964471142928
0.311452545481723
0.242904475158137
0.148950875984839
0.130111249873606
0.239090204887928
0.233238374656876
0.176428814792431
0.118696606073931
0.248379313584976
0.253284319301796
0.108998114175406
0.109292836362418
0.131682976207718
0.146656312429858
0.142991761057918
0.165899158751161
0.108019246361751
0.144632516415823
0.0957750296290701
0.171348456061435
0.0933665157446504
0.135720656328344
0.109996061687977
0.165807537160613
0.247114764717945
0.195579259893976
0.119666000783929
0.0927896284611513
0.0898256808057806
0.202004898373909
0.206993743171039
0.141510808407763
0.1270715453345
0.104363282475567
0.170923751884418
0.11075673724065
0.136120287776923
0.198160236240461
0.160060859098263
0.216851847826009
0.14487089535494
0.101948537302792
0.0716681974363702
0.0891315767658072
0.111862656815737
0.113119314785485
0.124871669788891
0.13244824899653
0.101483849984163
0.105958157855746
0.087319830278119
0.137806355940727
0.133067279552359
0.112802987378295
0.165522811537569
0.151150580842991
0.0741263678289797
0.0992564118404055
0.114257797054012
0.183925226087326
0.159061296504212
0.17319806880334
0.117662790897467
0.156753155787194
0.10292897321838
0.153238086586994
0.19371169818205
0.0878844177612555
0.187541525659721
0.129334088286818
0.126924137877058
0.11876988189848
0.190389643611924
0.225411385339702
0.221770696181148
0.126864470028739
0.145867705710314
0.143630497093814
0.0940915650216776
0.166699782466014
0.124407838545331
0.150500655017226
0.186845531270926
0.128382588044492
0.17089216883846
0.194776786280828
0.0784393524109394
0.143966165757073
0.126126723629501
0.210047440339978
0.107034528868411
0.112685991199069
0.189405749969206
0.158061155474147
0.117211440795441
0.148035560482315
0.109084933856629
0.150324324591854
0.273734780555062
0.223752253558031
0.104714483101954
0.072989207324202
0.102017271452715
0.169787274284177
0.156770095021978
0.172283733743793
0.116225515380293
0.235024736289076
0.187278654570023
0.109461199266207
0.0988677768741671
0.139728490112297
0.138100516753125
0.119921013126338
0.120680813851196
0.0915896020385884
0.080666750475773
0.0748617740592126
0.10842099355008
0.185565343167071
0.0883813801062383
0.0771940582627417
0.0882291158942297
0.142076361359929
0.173158128260413
0.329959846609112
0.142844824015588
0.0914302393915683
0.110954438477891
0.257241671173835
0.249882717203257
0.248176362788572
0.186422998325422
0.128259128408944
0.166705694923103
0.123548519944395
0.271730357363828
0.126618284928073
0.0788189638762899
0.0777471563817394
0.0798196341701375
0.098546964890421
0.143186979432919
0.132316477761666
0.162266816714683
0.163055776275663
0.0938093899422194
0.127524807651505
0.199594609062229
0.117039682155423
0.146251452857547
0.1763748880123
0.146025255611636
0.254170854326991
0.0638033007821802
0.0795127159249117
0.0753692019480274
0.123608606984958
0.110131776321666
0.127838603233474
0.165627605115039
0.0878754666639361
0.152184749442002
0.276756277770402
0.143407844205049
0.219704943118024
0.159935114932462
0.22493481822849
0.1052398605608
0.115603728245706
0.0899670673385361
0.165286272484625
0.144139668380491
0.153202154487366
0.0851770687248642
0.0755784885318389
0.0964198233520445
0.096081138276382
0.15869189547389
0.0990442054664907
0.167872647811891
0.162286963584858
0.102129872863728
0.0871194931471931
0.13411565145892
0.185923146218223
0.0998544020287293
0.0908813096008478
0.112684200345978
0.208377668519761
0.105523610912972
0.199013828965477
0.246460030603282
0.100322958669143
0.0840743540623843
0.0886418691539931
0.238349458091692
0.270795537308879
0.166583827712966
0.213410553224875
0.266473783636612
0.196715483345551
0.0979066967946661
0.210876773803301
0.148553469435403
0.153471996213743
0.111899603146431
0.160038465557155
0.120128517849422
0.128520683325455
0.0608790671361644
0.129786673497689
0.11420277589841
0.162907240822211
0.204911686684605
0.149519423571377
0.19280089728924
0.184961906669479
0.175746656430907
0.171492886598094
0.170155605946025
0.139605534484071
0.127227447497124
0.104456570753542
0.146103153414138
0.13279581442258
0.10362888485736
0.195038196386182
0.296609214709728
0.232609228993338
0.189773748292227
0.0974152696368547
0.102583109377981
0.0951386835150085
0.108869812191873
0.0718639019722488
0.0695977939520152
0.076178948886239
0.0746129851424845
0.11377726204793
0.160658042445242
0.207607465678851
0.144396212443632
0.154107052813493
0.1874076881013
0.185109956355478
0.150837131420583
0.108777999259751
0.0847119733847855
0.144366697546245
0.12214327945856
0.11672340218022
0.0813042227999877
0.126202475310922
0.138267871866491
0.12265700507456
0.0984702841540486
0.174793222697124
0.162664632789806
0.103827386792275
0.172178752401111
0.283687936282258
0.38398373923935
0.267433552847994
0.30400251950091
0.139228152142831
0.0846076042578596
0.100788218053366
0.179257858213179
0.100118391470117
0.149984057301699
0.118851114593988
0.106423351574955
0.117081431211826
0.0911035856598765
0.138332772868338
0.192536404793835
0.129612306545159
0.0759201252565873
0.112946304103043
0.10133857773515
0.149724999167764
0.116218373341754
0.166592029216185
0.0828419215384275
0.196020754174479
0.143836446296951
0.176998180114896
0.118315220700223
0.0680842023279166
0.109957781484142
0.0837712327120104
0.134019303858317
0.112385159746838
0.107615371981234
0.201707104732694
0.141194480652372
0.164291809552811
0.166909302573792
0.106844483495661
0.124249392543221
0.180436352855669
0.105239132498546
0.134302168256738
0.123628041527121
0.105850712825459
0.214386782460669
0.234377905404043
0.114790039122244
0.0809333690234198
0.145702768743109
0.146684951481484
0.0883441451965135
0.094015288340468
0.0974335308189356
0.0851650781912416
0.0603079364576602
0.0638469128854745
0.0680559810528705
0.07065464414845
0.0732611088682852
0.07346426220493
0.13672854901275
0.104486206739505
0.0789837088550409
0.148263540266946
0.0786822018070511
0.0827823177863591
0.0918954276857684
0.187406300394107
0.106650559428981
0.149013181109457
0.0959505523958285
0.0841480577619974
0.0809386972351847
0.0745258642849008
0.150403889963963
0.240262019938477
0.22953666032752
0.27587720623821
0.159862448718503
0.182084414516679
0.314268208724997
0.285563383091206
0.248552126694203
0.298214320957947
0.0871736604526769
0.153245602341699
0.1520518349588
0.135916591210395
0.210557833448385
0.23979313502732
0.21034016440287
0.196297644720251
0.164888162305086
0.156715000575213
0.190936052204526
0.101611326363026
0.159651498408463
0.160661392015369
0.230343134442943
0.119787301552748
0.0697446338588566
0.0891534611575361
0.216883063727559
0.159601448251955
0.107657425339834
0.200680271468586
0.160703331407105
0.155208560204849
0.089061580800766
0.0842619860347384
0.100564361214877
0.160649052285518
0.071919090002446
0.0603551245997745
0.056927589031702
0.07712627261194
0.0801724617631918
0.129439948587025
0.101595653925948
0.0940576491765945
0.157249498067434
0.29254215129125
0.157227985455461
0.174470697147852
0.222418670342537
0.0787483755458374
0.0617506341399003
0.0589936623795159
0.0767548761197548
0.126460151614793
0.148638751281842
0.115017985016716
0.104285788917199
0.0854366170410878
0.110856714919565
0.166084464105335
0.232925397996284
0.178019077092325
0.206210086994609
0.0735004114835746
0.118459234641918
0.126017214986438
0.215524235679618
0.166506675518184
0.202325939382901
0.247055125833072
0.212787130419358
0.105358235463486
0.148494989542998
0.13816326104496
0.188672942667202
0.186673964096677
0.133810165579012
0.228304254526567
0.142095777369141
0.120170768171521
0.23920545919188
0.216971762149902
0.168352812487998
0.183011924875387
0.168113500552486
0.166958423935431
0.118063981172712
0.0804536408982844
0.134639177048109
0.274567796869806
0.171160865412421
0.285124575372829
0.129452959564208
0.28171614971845
0.182256603683433
0.133357482284633
0.10087418657847
0.132462392938912
0.102978997255393
0.185952861185368
0.0942180390850166
0.0738782894277198
0.0782344413003671
0.162140418270898
0.166976283735213
0.268833062573214
0.115227729069506
0.141425511702746
0.128356745092907
0.169657445112249
0.144329864053261
0.129533922734856
0.169958754812479
0.0911948632342088
0.131544938353484
0.234700021150767
0.306122941652558
0.188215465310106
0.1106006996644
0.140955070218272
0.134180946578691
0.181984206457606
0.0953789309149708
0.0646313757260071
0.238468727544976
0.160041266328891
0.0694264754525014
0.165489431557136
0.168240288934894
0.284690385206222
0.144309753245384
0.115201984889337
0.0976217747673818
0.200298098233802
0.139200661080043
0.116179618812029
0.138443981711532
0.0582471786614154
0.0695532452451382
0.142600873122498
0.130439610307954
0.185922365027213
0.153351715690203
0.102964105929592
0.146592116176502
0.146982634376801
0.125657500752443
0.128861970751389
0.0904450348295718
0.173885282903463
0.116831758454774
0.13882933962991
0.107631304082477
0.128009512709766
0.108403512204094
0.117014559303669
0.244052492733307
0.143636081494022
0.163817562617563
0.143549046275568
0.139432416015724
0.0646457105502239
0.128394863174855
0.0916380259420661
0.143267269723281
0.0829016124417413
0.118466817224538
0.0888966372628905
0.0936484268448334
0.129250736690054
0.132910136416392
0.0860152760108163
0.0724980361913124
0.0931267091466442
0.130466124747347
0.209077602315071
0.0912175821842599
0.156789136722392
0.186367113443491
0.238997960400252
0.151614759352755
0.158638322643598
0.201874168740186
0.106530275553588
0.126611807806835
0.264194132839433
0.243263381817817
0.202153051282808
0.121321743044825
0.0991989877490937
0.122279355800428
0.23513278982619
0.262598741918652
0.12549985708169
0.217675196999398
0.14807389895154
0.249106994608316
0.329606638252207
0.178756471897532
0.107270185359976
0.149160484574919
0.0821828471678977
0.14469658139402
0.17531611786714
0.0665573850998686
0.0914572024023804
0.123951990472519
0.191350887959939
0.161026638831075
0.122832836372661
0.152419301722103
0.0915704359221681
0.0926306471736602
0.124538483637036
0.116661218278021
0.130003726606106
0.16585326531763
0.0758404183397695
0.127530554312338
0.174336164862903
0.129899799009094
0.168531297578596
0.096073504237627
0.0706231910356901
0.0798386838590957
0.100781720395103
0.106185103390269
0.235197620928044
0.238285218008282
0.145894560260777
0.188052790810153
0.137625004580543
0.208768999550732
0.15748623610289
0.197353484465412
0.145663332904741
0.10671840188936
0.210064984846694
0.117123356828223
0.105287171135797
0.0811500160031662
0.0961707305440367
0.0989939739749924
0.0664853204516376
0.0832747312786864
0.106014136051447
0.192705392896791
0.126992639385496
0.176698039801569
0.270460193158602
0.151980324988456
0.111787221836365
0.0831818901252863
0.114771326770951
0.104981947836272
0.0808193816720573
0.0811810673508529
0.0843406522154438
0.10328678118092
0.143424937527914
0.0952600866631479
0.122090366612668
0.120320471345732
0.161191264905809
0.195278823884272
0.126999782079422
0.163359011203876
0.142573260988073
0.130676467254837
0.0922681630988788
0.0777751185851247
0.129657293932318
0.0951489779147014
0.149615397787263
0.201271199081096
0.0931052099333586
0.123931331574853
0.169465241522292
0.266950842263651
0.229195416758033
0.129743043821999
0.241456119858133
0.303622201148758
0.236520234798586
0.128968046993411
0.0939334303755748
0.0741127254530576
0.0778491125442738
0.158543598130599
0.183601079358227
0.177679763844061
0.138431294999458
0.0795982918139621
0.0874904457345507
0.147777546297986
0.163605098906809
0.107648526758033
0.149950515934569
0.191150903851817
0.157042981627234
0.255013617269295
0.0905772096479267
0.11542901968291
0.182206299134753
0.186054212785776
0.273132309530655
0.316758134036629
0.175945425218516
0.216397157791625
0.197876336235589
0.0788892821187095
0.138021594197965
0.146390946490439
0.0827592403191587
0.130562178795514
0.17656335550283
0.10516190398185
0.188552083301019
0.333200136733888
0.16259883454936
0.0708553010314954
0.0866950545445896
0.0932722660202065
0.0721350707586472
0.07284246192574
0.103101970475845
0.125731036991704
0.1276494378515
0.0884744158484815
0.0887245992604343
0.100889425368786
0.0733685438400114
0.124307841877628
0.175524912248409
0.325089293639227
0.277244715452484
0.184872853140802
0.152045706441589
0.135033085575283
0.169440250927144
0.20537220978778
0.135200564421205
0.16503132824603
0.107579987231835
0.0644555559401223
0.075219110127818
0.0935757030836671
0.269176322963138
0.103645171804904
0.129433812220952
0.167570747797051
0.181471548377307
0.0956246781458189
0.199445410516582
0.243213660444915
0.168568153157018
0.130636280260281
0.199826025806375
0.124029683193892
0.188702923301033
0.245538933936658
0.196512819416022
0.154603863820298
0.158607911131334
0.125059713756306
0.115350324641349
0.116618475172366
0.104597496533943
0.0989295276466336
0.0901169364542463
0.134450410213748
0.161681459814974
0.167998830736662
0.171304494806662
0.199699488631945
0.0763272570945486
0.106701721491056
0.0930489482835382
0.0689496313240834
0.0811535660256489
0.182655482062661
0.174854383911165
0.158894398430132
0.163881092612306
0.120028808138843
0.0724930801774853
0.196380632371214
0.216658951434863
0.154397744315166
0.0967660943422891
0.194670067312029
0.22338915291968
0.190347534012004
0.12244334356706
0.216001030299835
0.10793135180102
0.0697237004382566
0.0676716455655831
0.126575302777408
0.184608828835038
0.136722627125053
0.13077118497929
0.207206879357278
0.20836253582007
0.135522181217536
0.198527642158719
0.161888154464364
0.224546675187739
0.146580081601957
0.224857977783277
0.131826450083027
0.0701399878588576
0.0812797762935582
0.22556900776234
0.122515596421887
0.142280992930293
0.187093499023233
0.252445058400422
0.334294093911888
0.295569703208219
0.189581196519963
0.10412581260455
0.253324706994951
0.131267831256538
0.18835275747818
0.183505873105704
0.179606534799988
0.199606538551063
0.190265557645618
0.115598270829474
0.225631546542036
0.287864734679251
0.198523389914583
0.188864985106707
0.234304677880789
0.150036536433375
0.198150150911771
0.254193856862874
0.272508142655987
0.120573987383581
0.197589851193521
0.125464165394957
0.0892761899890364
0.118750131369862
0.0889776475526965
0.12696665759353
0.120933060751393
0.0707581840734105
0.0924334416425059
0.0876414505139952
0.126908582794236
0.19175605471704
0.175966765401961
0.25488310659131
0.125690674119281
0.0853826275327649
0.0600764652547863
0.0959197035630882
0.0597302082365827
0.116394659392504
0.106814118041998
0.251865352776878
0.192124450896117
0.156901776107334
0.192791052814119
0.221980222089951
0.116266253377781
0.12724134274079
0.141523424605174
0.157076281368342
0.132072704445386
0.188127760305706
0.121669421051378
0.0981059534121087
0.0715268842843497
0.147624698272627
0.112139275542863
0.290175497875744
0.171287709897558
0.0714526857197863
0.0842530179174683
0.0665617854551619
0.0899962576706735
0.107213753621933
0.102359891867118
0.26550909453572
0.193642807035203
0.165637481487305
0.119274326468881
0.110397525259517
0.0862879570301108
0.112466361459793
0.109223668490174
0.202479164980303
0.212714917923581
0.117271714680171
0.192770570197388
0.234477344577049
0.287737494677585
0.263471336782643
0.361130068575078
0.180178796896665
0.087910485187657
0.212415382261797
0.164358502346054
0.134220621439547
0.179037584395108
0.212028177403616
0.144243297410369
0.209223814712192
0.298168299040619
0.367943307322262
0.173118233572439
0.221037340217492
0.166952320178144
0.149695674155288
0.0846904544464315
0.0790769651499718
0.101817979262276
0.0856716558720489
0.0717643032943354
0.0899939925681877
0.110988845300049
0.0732684481835452
0.11043065353484
0.0891331957037041
0.0706507392229877
0.104140903426546
0.141144754159328
0.117292091727698
0.0763278905505323
0.0795646930195609
0.0722961520759911
0.0808183901047886
0.085195901989625
0.0887752758721034
0.14345400493597
0.128366805471607
0.161978610230817
0.0812120660850748
0.0849067817323545
0.0739342923329949
0.0896558237880503
0.0629597603482943
0.0918561480759498
0.105885957095413
0.0851104677976526
0.069580434131922
0.0885003088303649
0.0790647837386551
0.0699629564557331
0.0555090803108788
0.0701801107359727
0.0814342807122409
0.0837390862227518
0.197115639012587
0.121046923631474
0.0771084324916993
0.178398262993489
0.106458129428215
0.0826525380860785
0.235153431276701
0.140509316527203
0.118316354424331
0.141306950306494
0.0992417332856459
0.127590849417204
0.160724462406045
0.137794262771306
0.279509333296995
0.145507816583495
0.222721139892441
0.243606698497731
0.213470974535649
0.157345503073881
0.137147675183596
0.149639622477502
0.0752839776993941
0.124232470106714
0.143999053919664
0.128961126729944
0.169855661549327
0.198633508374912
0.298717231868251
0.199454464465874
0.170286165364369
0.206831279065862
0.122753857546777
0.0953729233296849
0.151914629302118
0.102334179729586
0.13781438965097
0.159606763936145
0.181300810218575
0.108070024851245
0.101549421090178
0.180811364032598
0.118281522002213
0.216509895557646
0.0891589672709194
0.108573181640362
0.149737728568988
0.149127232468143
0.185255741589433
0.0971076088059882
0.140154274359388
0.132632570336677
0.168815367830239
0.129399771318731
0.157141323441208
0.148620587016649
0.133204013483071
0.132801130407409
0.178096544594592
0.185673899682422
0.250482973676205
0.242890845284562
0.174078904974031
0.111543220954663
0.130897769191209
0.107863600989285
0.189667261563574
0.177224938795469
0.211021253420244
0.291731804110225
0.287592507618566
0.164735262136915
0.14267895708495
0.138510183829674
0.127008256985457
0.0711124160076055
0.120147773129601
0.155594853903622
0.178122143678345
0.125771005465661
0.0744006250736288
0.165079638457789
0.0950346230886163
0.115822855483976
0.163041407480388
0.123048475299621
0.144645795445554
0.222420976974474
0.15794180926439
0.116870599501416
0.123258976641125
0.120792921498945
0.143845686638289
0.127539540896186
0.239742207185113
0.21865338398383
0.22555944799214
0.139290952660368
0.184672388969094
0.158324419448292
0.126770997309536
0.186253639486912
0.0905675977407595
0.101531287192443
0.158162632924761
0.18947733432092
0.192628063549045
0.27336614195724
0.174827759244604
0.17078032782088
0.152124411523618
0.187290725376837
0.2397115190427
0.248812172031014
0.186382562927006
0.134964859195718
0.128719483445002
0.126166331556141
0.142391496054119
0.128318637580419
0.207036116993701
0.174517566994482
0.240424063462788
0.166129139703935
0.290796896923218
0.275522716921117
0.133974678253951
0.236520316614587
0.164498977063969
0.0855838748394197
0.112162515011771
0.174189229526806
0.181597891364913
0.087975858026184
0.196636452423156
0.178819291421899
0.141446836338512
0.174713354893374
0.258723175910149
0.234442165914025
0.247500660724298
0.150276693374868
0.140748464899074
0.139613386700497
0.151563675913529
0.22243389371544
0.16836713802416
0.0886829729264585
0.0923196810135087
0.186040385882719
0.217334262709514
0.19298926137228
0.116741761334384
0.170523853312739
0.208207844851364
0.116902005808684
0.127140378752384
0.159737548578771
0.208464055644626
0.204392138217481
0.198844575826858
0.102801618285251
0.127796925921835
0.219836862390272
0.185740474927649
0.112199225757641
0.112469731049199
0.0853361664659159
0.0779671157521407
0.0645817261335878
0.110780297105035
0.104791857739944
0.190346344594172
0.162269212275735
0.113966770477889
0.122905348687465
0.110903700187457
0.0751374709876214
0.0765934716499376
0.0708618273894755
0.114140702185835
0.120068285464603
0.187153488629974
0.160407026660532
0.121803209954605
0.0706917639684063
0.116031306640627
0.123455949362347
0.16901753622571
0.105452051699382
0.0950244503744083
0.127026977559569
0.0982160740045978
0.0966940331367146
0.0841189802650937
0.0925332571384233
0.0726321540503696
0.0895202392020795
0.178560077555835
0.175018534744197
0.119382948584821
0.220281864031414
0.0616435288614667
0.0822466342634373
0.205636629934292
0.245171090792529
0.252649359230336
0.193558370641046
0.150845888845702
0.189609780877206
0.17517791891031
0.2870288000649
0.0924203705857589
0.0678540173746611
0.124073478447918
0.164486787171787
0.120883241936288
0.0649246899771281
0.117797537978865
0.166700650592876
0.126409260656967
0.130516512031603
0.230647665948396
0.167167193820834
0.171065493517595
0.160564052379324
0.134896758665662
0.099465516380965
0.0885888086892498
0.139263212964497
0.211864970132311
0.111328112147354
0.106136060005372
0.109193353607401
0.0787905561753194
0.133909629105771
0.142913349654156
0.0813488673412817
0.108313225318409
0.0891222473215423
0.177618196541518
0.184877211129549
0.149135037720475
0.187335687104264
0.171125666695453
0.0887222884018051
0.140040786875861
0.140144983244043
0.123365107841495
0.100285942291242
0.233804622628772
0.131724549797047
0.145530921815887
0.114803166914009
0.167082911495702
0.0771140643692609
0.0674453654705993
0.096211521094225
0.107212076422021
0.0714682721380301
0.12289457110549
0.0983865372354314
0.133291728693978
0.162933948810878
0.172245730365628
0.25559698060213
0.126882145257148
0.169788188582243
0.127228550968135
0.202125446191498
0.107237203135011
0.172751245945562
0.205586639803427
0.115080727056929
0.223252170905302
0.242124341279965
0.120284018909
0.0801460423533538
0.106288081668981
0.115783589273226
0.216386011702915
0.156852567632862
0.0929386494987899
0.118171104642472
0.124855321899686
0.15866634706047
0.0921393151170261
0.141848195783866
0.0791984203080407
0.123721935991503
0.167737319086072
0.115409784870685
0.103927214874511
0.148937041715435
0.111479509400363
0.113433365858889
0.218155754496284
0.150667273687547
0.197909203359164
0.133003789354753
0.129558242741833
0.102428501277959
0.127420017695071
0.185627946853122
0.17567113221576
0.182532966659127
0.118855655706242
0.0927805422484466
0.219744899243828
0.191793909059899
0.0958532111782635
0.119400727451302
0.0792313414346107
0.088706383717683
0.142526085335678
0.250244680510594
0.104335136298184
0.0692140507282873
0.0659993147343967
0.0931078933237239
0.0801566830170693
0.235835102062839
0.307200975431261
0.188796082382113
0.216933967810772
0.0901272311150868
0.141724600509371
0.308258903210352
0.252753716581107
0.150245436301176
0.0847209370269516
0.195579774173084
0.222056521824071
0.111723212140699
0.129376126262138
0.233804662283064
0.154413272454569
0.164690713206756
0.11243579344912
0.115709376410138
0.0800024444417543
0.14865390130794
0.19654665939928
0.104074526084663
0.120460917276482
0.066123027478081
0.099318160272133
0.255624822198926
0.187906000412907
0.137711989842026
0.276909764176324
0.211620449058925
0.12226014583217
0.210288775309323
0.299899448189902
0.349854319062598
0.184219398257867
0.247829651724268
0.154260465812383
0.0841866667317077
0.0650318470545542
0.10983282537085
0.0655242986147775
0.080190416490997
0.104553763499553
0.172341814858747
0.198957384486356
0.168374576347307
0.169564591915286
0.180758151722555
0.167841773481119
0.229767209835907
0.150869399003505
0.294183029259985
0.28525168861864
0.0756850173501486
0.0820490344097467
0.083466919352149
0.163706278193792
0.165689033738384
0.13089793839825
0.0928192513396314
0.13050766567435
0.127938101701027
0.0920547235334998
0.102372251987304
0.136293779155976
0.333097801096221
0.273241220022498
0.0829177875056332
0.110863368108813
0.17923175208719
0.0873267860238401
0.077205313585998
0.193317596427375
0.141856667573064
0.121465435454503
0.131695376755543
0.181941212580327
0.125947310278873
0.113741818208869
0.136504455473249
0.213565111389033
0.207106579028311
0.226440854410929
0.18795556623171
0.332670223190101
0.289977476668244
0.154567247422227
0.145112859807701
0.231931332860171
0.197477066079767
0.214996270259057
0.12412064906602
0.0893786102484124
0.237185996332263
0.201991562654374
0.164688108357302
0.132631280715281
0.253986159812613
0.0692416040533054
0.0952457453139384
0.139435720716964
0.105898467126039
0.12694596258065
0.36520122712016
0.251203433540727
0.120007877066418
0.157240824593921
0.226419094665239
0.0824275787857376
0.0785496459954441
0.131996859174348
0.180838665916379
0.203752877008898
0.190235969115716
0.169766020732383
0.115413678572446
0.149064268362052
0.140164557551956
0.220911873541274
0.182802539800109
0.131398728486523
0.367682286524706
0.186408748616445
0.160839723297029
0.159677623411796
0.156598083827509
0.226680112817333
0.120092840357487
0.136887216624626
0.11703625730132
0.193619840215751
0.155678572873699
0.0969881242414342
0.124747675028989
0.124144127894258
0.119182620993015
0.245804208663134
0.219807801797983
0.204762427504807
0.15524763909403
0.16265138650634
0.144987783574778
0.120413504952815
0.156575640048697
0.129991366659455
0.123649459308255
0.171642279758934
0.172600704789328
0.09093866979966
0.125332058712782
0.107444437974215
0.0917031693423258
0.117225494705446
0.0677586345129702
0.0645113287713786
0.172457131243358
0.0951200333128273
0.0804995255558522
0.101661397661193
0.123060554100181
0.0795987059688158
0.0623361587834288
0.100231985079095
0.135651148513934
0.285639686017357
0.15349698156807
0.0895903397169364
0.121262247048429
0.0990098412300707
0.161534883603696
0.127896438895574
0.0876330204198347
0.134965173637581
0.0950485276786017
0.125752613553339
0.122148168552739
0.121986854548798
0.0874519089290908
0.165118526327529
0.172820280535882
0.182263946994261
0.203401002319483
0.288842204985381
0.220126662812347
0.232430083996859
0.0967707552829575
0.162414853900905
0.163401734478289
0.172362578492853
0.237155711246408
0.139222739254234
0.110130858487444
0.128721698635921
0.115581886506873
0.149151747899925
0.251262463030807
0.240282310706591
0.189833400192155
0.248926387032342
0.1225861727684
0.280688772760629
0.124480790374587
0.151080471306682
0.0891405862078769
0.0918600854658504
0.062837601142812
0.0586182452834883
0.0670706050933694
0.263919786913398
0.278151791396305
0.16973293208271
0.248199437581853
0.169368650108315
0.10014582131705
0.0957336210955201
0.076016066615744
0.0974454256572132
0.102715703169294
0.160120341385062
0.195564113436376
0.143694532253159
0.134929000255814
0.174031523362916
0.125329703447383
0.119251125949908
0.0787045170989137
0.0784506697546125
0.0987046214352178
0.31531162282711
0.0965778902414056
0.179151510299325
0.075869595330214
0.0784571608276507
0.0756326931650674
0.0856538185106015
0.110205891239478
0.0809482279859726
0.0773904932249697
0.0757015690086606
0.136080577435856
0.156662258544385
0.125051584479057
0.117077550605978
0.0889043280101647
0.0765331882404342
0.135390387815824
0.223061055115961
0.143052619110787
0.216672128770865
0.102669459064487
0.102902692066658
0.166590258838102
0.119064468687683
0.126133009198349
0.139847223152871
0.181891203694158
0.16244719113447
0.101271884027774
0.0912623593667439
0.203684469758105
0.187468057144439
0.141169589600175
0.0856954060622056
0.0950917099688531
0.196301399523884
0.218012320412098
0.325034521487784
0.190217640706853
0.162575574016687
0.138576077446449
0.198771578153154
0.0930692869291449
0.296094816572156
0.218561635265062
0.0818755353375912
0.176984837646531
0.141801001158338
0.173143185445979
0.137305340767046
0.113227368486455
0.0945627964408652
0.0813269957417042
0.0774350530076954
0.105296866742896
0.141024473523533
0.209053233177397
0.207702947320432
0.131106550364875
0.109832834188577
0.124393868894568
0.116384060061038
0.134886490834023
0.140351199256933
0.26487477163828
0.192881608868787
0.164233413564508
0.135293186416668
0.105495724167967
0.106645451773622
0.0801330145838252
0.0670439381321831
0.127806192761732
0.123455624564404
0.133914064894267
0.305063333809755
0.364970705415466
0.341903455329548
0.175349732400407
0.132070812272746
0.140059567222125
0.132503218770035
0.113467524241187
0.117897298344961
0.188770914507402
0.262200012715089
0.231892685075975
0.19417719535459
0.118289583932394
0.123378865460476
0.0985297013332824
0.0835221043514639
0.141103223077739
0.099462464040294
0.162302411135483
0.133591352213848
0.160396995833149
0.0967547363828206
0.206792043705226
0.0591092717436393
0.0715547335205502
0.187324394744734
0.0970736602210707
0.107935698051117
0.151153584652268
0.129509041327048
0.0756705031148067
0.133133579293522
0.177253768792241
0.218360503668358
0.167110685238704
0.109254531660136
0.197303802113363
0.270479629724174
0.171050963721228
0.106281850525447
0.234594967762969
0.3079712384477
0.213124995398436
0.197014330830427
0.144208094083116
0.207894549181433
0.194665121457413
0.233143916322174
0.153130325196363
0.207589864358811
0.107394132938588
0.128475541500915
0.161270522098265
0.192181205842726
0.189047929877395
0.122807915267014
0.0580521183008704
0.0890825221351971
0.127518837247771
0.113604043670476
0.0571589160521494
0.144974959648742
0.132539273981484
0.126062059688051
0.157257473755556
0.156801300946593
0.123451081414871
0.169372447013276
0.196468935724042
0.137219074467967
0.157035767878458
0.0880136362758122
0.102236300429508
0.148301643295477
0.101677406870011
0.0690882883081232
0.0930788483450239
0.119764366133672
0.176512337177718
0.130600599689704
0.165210263059069
0.189717223353502
0.166646440450232
0.224480210415239
0.165675512071656
0.105430979608403
0.102389655577504
0.0986390395926361
0.072722780727019
0.0715316804247002
0.102037328618382
0.272643258453405
0.313406309244568
0.176409425565778
0.160325992915557
0.164469300805313
0.193168175875237
0.202344763593393
0.152142439559924
0.103712172247646
0.175395047224368
0.246809958533467
0.107792205235223
0.11404177428774
0.0675262647031943
0.174141998537885
0.136337791087141
0.102235831438018
0.11186986292097
0.119473162752558
0.0891950151193407
0.0828611582365583
0.16428686885204
0.189933421245949
0.0877935978558297
0.0901395505241008
0.124851196546721
0.149533613756762
0.0932571582068929
0.0748009386273352
0.122181167787649
0.169365741386011
0.165710978930615
0.0889699721360998
0.112393704716227
0.14559518804462
0.138849273840173
0.0981289254903329
0.160593805437866
0.118781595618207
0.0770116611117242
0.130464510535081
0.0919635869782046
0.119993023268521
0.148082815277625
0.186888269527224
0.105829379803403
0.171560664694884
0.181738779439714
0.177162488487236
0.100904246236258
0.207343927137259
0.233568629085584
0.102802796762766
0.085123747655213
0.0930171997811416
0.155437126288469
0.235119254010944
0.147533349924564
0.346145705736488
0.138406103639438
0.154650534974325
0.130110491257281
0.219248586520635
0.0904263787628458
0.0760581807636506
0.0655119466550778
0.0854576376172098
0.0910274062518851
0.18160557099287
0.116738528080948
0.121838677055703
0.117636208265403
0.142823993543969
0.108137107779218
0.131944414065889
0.147430649070925
0.139162615261148
0.296795564970302
0.208955606015493
0.164461205210481
0.236910286229098
0.172927446816059
0.186630962554477
0.199332218182787
0.123824836856712
0.153118041607217
0.0715372945570921
0.128709144064837
0.210634174016091
0.114119930884352
0.100987121693457
0.0979279480873158
0.149358977701845
0.165246925242752
0.164109942547121
0.185658019463269
0.238090678492437
0.115502724815385
0.0696001945863736
0.150673226108576
0.114659558793489
0.0806106353477802
0.13430072090562
0.16007252508146
0.119857875030899
0.143443056460322
0.156156942332346
0.157183177544764
0.13014231607064
0.169440063771296
0.187072476776698
0.154493982885642
0.118608508020885
0.189866918370485
0.201788440519542
0.190353882124894
0.133434920684115
0.190499966006744
0.0937977322928908
0.205428405124682
0.153084740238458
0.0762159480427832
0.123344431301
0.128471128670514
0.110423411258164
0.0737085351782578
0.105945300349549
0.126296928769007
0.0866896898483559
0.0624215840623371
0.117661045476885
0.20709868003088
0.169885114626365
0.113851558330691
0.083622091098749
0.159680419287743
0.157254240866021
0.317548561539491
0.11840805293417
0.121023055808337
0.0901959452430768
0.0771668450364109
0.0876185036029758
0.142276010159024
0.13537798490801
0.0982677340951679
0.154979763070981
0.21363933501135
0.189088538526212
0.119794696384617
0.152822495657622
0.0920760449468033
0.127801363966163
0.145344474385962
0.110965936916069
0.0985740375339809
0.129446558520428
0.1388468076772
0.201836331271523
0.246225253062942
0.185142241855938
0.12805224677838
0.128372191466201
0.19898442532947
0.278406990839093
0.192821536716993
0.168011318792128
0.131294504944066
0.101621763648778
0.208033288930979
0.0814031896668863
0.0884476814552627
0.119877891385202
0.0710498452169806
0.10600968533096
0.129087194408362
0.173439947975007
0.233779593923115
0.123124484644058
0.127881869789988
0.196229638760442
0.187273349450346
0.0727563744042433
0.057699883774179
0.0657170934720926
0.0580080851273737
0.0744015712032244
0.201182862004619
0.182449449470865
0.170424471920373
0.17020852689197
0.111420580428898
0.20326229438834
0.103774074758912
0.0956567327178304
0.107402144529322
0.231974980447718
0.157369888894433
0.162404565961252
0.134288592897627
0.174073577185011
0.169924681293845
0.134278721282492
0.0997541738683166
0.159730496440567
0.171528028315669
0.0992180345045732
0.135955240382149
0.135279992687275
0.209531575580043
0.299828886747925
0.0971952229187433
0.129662814201394
0.102394425271601
0.0745298465951607
0.181513415082909
0.109638277106745
0.0967984459542182
0.225714606966071
0.14879213255156
0.114000169321055
0.222318102799699
0.135688964861124
0.0915619921090071
0.122825715166795
0.158446131911294
0.0734097762057722
0.0836584982727556
0.0678242318998419
0.187318274980477
0.238622238202903
0.116749622930572
0.144833354932501
0.101240020885209
0.211257134056153
0.280126903884965
0.145809921753322
0.129299387841085
0.127608234543272
0.166256420164135
0.19457115966532
0.098297041724519
0.0881678125363911
0.179522262142732
0.109796629527914
0.0727657953405319
0.100333597148831
0.16355345251984
0.107845152773233
0.163720196625509
0.118571568681615
0.124010928285061
0.168267270500585
0.107420270155407
0.146925372460014
0.13385670410744
0.0933438814973161
0.0807327246979751
0.0753336940643028
0.0889409927721458
0.115580809417785
0.0954198749614427
0.186478185369215
0.198096063223247
0.106082674720249
0.1024175507987
0.224185017049724
0.183403318115829
0.157823560482697
0.130175077392718
0.105331676742507
0.152821278284882
0.143889944675093
0.207342877321844
0.186252702731698
0.166521369648343
0.0735200290161579
0.074133232858508
0.17280512858158
0.161274921064157
0.0862933658460443
0.0770876315479537
0.0723630157014498
0.122673224772536
0.0946627268339514
0.166599340215238
0.161419397335038
0.333455451302384
0.228762877094736
0.143683530195302
0.189605449703421
0.196111981924684
0.263790560113073
0.348645123656675
0.117661527795074
0.33079124682989
0.227348619377302
0.12939774614955
0.0948908754555664
0.151954454278929
0.0713995018385426
0.146513789330552
0.089892353402999
0.211777541452916
0.159776789591061
0.247836302917523
0.174717654744967
0.107389530095442
0.19864765981754
0.11994144778934
0.102378557081508
0.108697191321231
0.13182112606719
0.152152690555476
0.164638211705745
0.252018391756553
0.273923483084737
0.148347489517272
0.243096420287559
0.162745247012545
0.0999812294076302
0.0864073272831923
0.130828640689844
0.115132283431538
0.0995155185150863
0.124959171332148
0.198164218670156
0.124146180031828
0.205440702922961
0.122068794975589
0.0650967879620929
0.127711340485416
0.139452295023821
0.121693475837256
0.118476787485959
0.105984880521525
0.256908798837759
0.0922378343156228
0.0885396307594486
0.070511072828193
0.13577737456604
0.109403862980405
0.142963134862924
0.146907332185941
0.13631129090916
0.0672223185696601
0.175416357231562
0.0833714584045826
0.125238357555543
0.213131983605485
0.162302349063107
0.105496331155653
0.205579921899937
0.176350314407354
0.152200876203001
0.13375822204419
0.0976170221244472
0.11898154987212
0.239972236431279
0.137079777381088
0.168180610052006
0.226175578147604
0.261396440656077
0.220233260511099
0.266271382569336
0.248191758157608
0.111500063464228
0.293887146420873
0.345330283024827
0.170486611059401
0.194887349845429
0.129860320789075
0.218332788740849
0.171330887655259
0.0918976716750817
0.115773793114994
0.0808704955350747
0.0907520648982829
0.204183210654534
0.199270807090525
0.104747696849201
0.0978624595158763
0.0873335316657333
0.0676204335268279
0.209514400227001
0.179725205483055
0.147134061631575
0.159514303981848
0.0981772598114811
0.129945641985497
0.0826764289940471
0.106843242692881
0.0905042438130675
0.0844457399664034
0.106875799365092
0.178686223776222
0.199721583093404
0.192283063411437
0.0947335267222337
0.300438324702683
0.201173273730769
0.323013766627561
0.149285380544798
0.082021058335598
0.116199291790105
0.0899743083164098
0.112570016616338
0.0709979754536708
0.0911889405728104
0.141521578191471
0.239289171967836
0.0992979594245896
0.228484873760369
0.24461101729066
0.324455957709912
0.236047129029709
0.17754571752726
0.289547229409827
0.140301129806193
0.166212121093043
0.125962784265575
0.128565658895725
0.232703371318726
0.199234387056332
0.140121167418732
0.118650307320636
0.135935191287834
0.119414258485086
0.304318143626643
0.188903824867124
0.185485957111143
0.145156753023976
0.177266703653573
0.220785481604502
0.145615371520895
0.248446333858533
0.111635080783855
0.0672984145587456
0.111588294869776
0.0818421502323972
0.219461761981033
0.0717640170450422
0.0677417376054967
0.0757090009926097
0.107259876020634
0.0956938698374411
0.185290110350862
0.11689677560734
0.220787291423364
0.18297487525427
0.229593222543033
0.11472129021203
0.117815486543711
0.241172402504264
0.1228277746036
0.141588661769148
0.121017981614189
0.194016235658694
0.114525153922148
0.0977187057259555
0.129874033773205
0.213499004611518
0.222567246840319
0.176452307505979
0.203282190499309
0.170756730271806
0.114803027877761
0.121027123272678
0.212601870120403
0.153024683559427
0.150820807043733
0.108536214262462
0.199510296230986
0.197772565154226
0.199589202339695
0.229241069863001
0.160415450606868
0.218416902247446
0.149593282591934
0.0917734492944575
0.0860925970891732
0.0981020774111823
0.124663415080718
0.0977377284729669
0.118561889612753
0.0811617051860733
0.113248672203631
0.0983742754304675
0.161388024143371
0.281795237664603
0.165271767755815
0.127204057455816
0.126851575491547
0.173185160892949
0.222082852416417
0.291653524426879
0.138854428967881
0.160208740950148
0.0950433047312894
0.125197489642073
0.133439907493544
0.130081053558719
0.0871293666459231
0.0874291130731544
0.110956369433775
0.0724879385707862
0.103083584876007
0.167693917161111
0.20737677754479
0.139632471536634
0.111137300549645
0.10553016132666
0.108610058706598
0.114649713832532
0.145606285269925
0.123281748527419
0.0850835167119598
0.095985165718734
0.0933439863574626
0.131787941538908
0.165473427301268
0.139648151863099
0.0791354413271085
0.116440684924042
0.163181850047285
0.0921998241795353
0.167169315809602
0.176456767976192
0.169084838661118
0.0950335719683785
0.114686756229933
0.155632852973736
0.199532516419136
0.161294540168202
0.244181838492252
0.349510172049268
0.168749526247826
0.0972299771946294
0.105144940263035
0.132354315302481
0.219630551716261
0.112737818194649
0.140060108469705
0.281924256060248
0.203859469719006
0.0994055641450784
0.315904907158471
0.264088839836406
0.152753644401461
0.0778957342691652
0.0740401166844726
0.115714042986915
0.137691726908641
0.0623067344663886
0.0814063416303073
0.175747257031079
0.302021806703967
0.289558958683369
0.234662253829113
0.17971845334444
0.096884245492396
0.13955150021604
0.169589338101778
0.105095768176963
0.156340392887679
0.160642746592536
0.25374895337427
0.180676651305621
0.161894282987777
0.115269236133995
0.0711723462562883
0.117912590769296
0.284417900175786
0.125419842994561
0.136771647258925
0.0863883613971075
0.109902239007493
0.0942450639531239
0.0910892974265663
0.131671760470911
0.113353073803208
0.105601996170094
0.173504498177414
0.105703979574686
0.0861129677337816
0.209535682476465
0.130217409392861
0.151601629058383
0.166337630120322
0.158635830230284
0.160080063852948
0.138137766615727
0.157509685432474
0.164009795790944
0.0914605612842127
0.266588007301765
0.259016651527153
0.150330007938882
0.0958950514651675
0.164644911474771
0.120726143186139
0.182938588307959
0.0971611374025975
0.134117471784411
0.126844272925773
0.232427903864251
0.0900230479232522
0.129667839703235
0.137506964475478
0.248477342096408
0.266482960500108
0.199043346920782
0.182628818053361
0.146448511889638
0.178472051922807
0.164149868101579
0.294706472150693
0.199467040104913
0.182334614089289
0.268710569889138
0.250878306712333
0.19603310706479
0.246148489919581
0.290981307100752
0.247434407867444
0.205929842871225
0.120364921042945
0.15695960774272
0.0919885023706183
0.248134136591868
0.135402919798506
0.116036149010305
0.116913234614146
0.062421536406389
0.0699130048251992
0.101385821648021
0.125379574434846
0.0984807743893305
0.175492403353135
0.151537434269561
0.121012301672258
0.195501310069364
0.125864112542961
0.0990875443074261
0.193313937137065
0.106795586863037
0.11177085191993
0.106117332216069
0.0796398557110787
0.0872760752952962
0.0875407072592173
0.163130319882944
0.225846103571843
0.128524551520384
0.0813314056222548
0.13878785203158
0.0945142992329409
0.119163182358161
0.121320021423567
0.164889164517555
0.108609459545889
0.101714249021532
0.163645920271606
0.113744509939989
0.15206715679795
0.126077917660488
0.174984490034428
0.208902245475046
0.0991017715436277
0.0817579697136129
0.109198927896144
0.219820636476657
0.155724064464588
0.108651650909919
0.139161988564668
0.23610238145914
0.145404304555494
0.0933696392267847
0.0881283873590848
0.0892312486391066
0.0841495692373936
0.105378290584243
0.118040649821869
0.158576105281904
0.205536759710698
0.20333658617852
0.209869280495214
0.12409497492271
0.134058675648539
0.212193814524858
0.215597797072312
0.14796813027824
0.126237922311246
0.199906662221977
0.210926884767754
0.23908072368372
0.138121944082412
0.0585236217999938
0.0649198275200324
0.0611978166222176
0.125617054025237
0.0910424798990365
0.0769587699634482
0.0807607786027057
0.104612831488514
0.0946419883489171
0.129362534437039
0.169753612019948
0.107190486091832
0.239094609104821
0.233915506952708
0.099216561685988
0.124681504035247
0.128584815011598
0.108193465777363
0.148554626505544
0.0711246835946475
0.0870239911852292
0.217456000333596
0.287440593403756
0.252648483083101
0.159886119120261
0.139118572203597
0.106907166947948
0.136519943703396
0.114040711258409
0.0952571997157573
0.0997079816376346
0.109425471461786
0.0828937828272675
0.161673022865647
0.158683908061805
0.135536071172526
0.182882757010633
0.158246640716336
0.229843007073509
0.332450289635853
0.164147715438493
0.217111205963935
0.134798706498723
0.183172910136923
0.170551377993055
0.206882458554077
0.141823229397891
0.126817431529193
0.13707157424961
0.241165171152236
0.157854267266052
0.306086889769357
0.195047893719906
0.142139306654443
0.0803755263966538
0.0740320167964039
0.145523254458548
0.122739912008171
0.146460981177377
0.152382380430448
0.17194463651956
0.11350882849298
0.0993383858842739
0.119710432240634
0.156528082271583
0.324622518815059
0.344240768424752
0.310182889119257
0.198021805614531
0.174124209157699
0.0941107551738059
0.0887367161435062
0.126063363832746
0.109851125219155
0.248084197926839
0.14204127749585
0.131520233019424
0.134067113890305
0.119352687887213
0.216974886416377
0.148364610884537
0.250998791280355
0.146753620634143
0.117433315789016
0.205115790288576
0.277262477992017
0.166621051601618
0.190280247219338
0.213989130636775
0.220778897120917
0.230630381021432
0.202624558245708
0.220410719942188
0.0986165458410295
0.0918324900556937
0.212169878482472
0.249911261388283
0.310874305689574
0.239687884602442
0.197933497568162
0.306469607070535
0.147018576664405
0.200239709732464
0.151562474963547
0.0863580659544678
0.07502083207998
0.0715675952239066
0.0874029604902531
0.160786307363216
0.243411204608481
0.0957978635332744
0.119900514444495
0.13407267588098
0.153550679417073
0.191023351843585
0.0972027382766222
0.0940111781265051
0.133283474708089
0.0905621052656394
0.144974568906952
0.110872231598252
0.0767892561058952
0.118397105941983
0.124621309914499
0.223674154762842
0.166976536975527
0.19828220859622
0.121074857422356
0.0957856899397076
0.115468140265943
0.123741097622076
0.248395745427837
0.193227601315246
0.177900428074266
0.113968290399195
0.0675504776370955
0.108680318220032
0.114575168837097
0.148203271175685
0.116154730400031
0.156134592553048
0.17915528800076
0.101152380515602
0.133877497500958
0.231627288352598
0.137193197496763
0.0998104184958186
0.209652553514338
0.262604385164529
0.197334262916649
0.122895299899508
0.1866116292171
0.195157217928359
0.124359487564735
0.0801241687905359
0.111660829303017
0.117519389879059
0.0941381878844073
0.130188781702756
0.0720735417669425
0.127220703965228
0.132526759233033
0.191674704665699
0.17204398700823
0.111790908518467
0.0868535642499321
0.107005031233689
0.189122277042746
0.165952723690189
0.107339034700553
0.115879496002857
0.192635765675339
0.207299526138071
0.144174047048396
0.193168265266184
0.345895581628153
0.368003842843607
0.13614687920564
0.355159778538021
0.200823588137429
0.165328450096284
0.105750007946462
0.0913277991011537
0.13314702186878
0.148757777867835
0.176527046885723
0.113032526003353
0.202264522169215
0.125959770853281
0.122201299138855
0.0696212199865005
0.0799055055823211
0.15697791906498
0.225567484963458
0.290128698588916
0.195098641245965
0.185389810903849
0.158716991791557
0.10287958534185
0.100700198709163
0.15147418635488
0.168628016728771
0.12705299919611
0.117106491746233
0.118714092543085
0.311977090699559
0.331094009451372
0.219024374878912
0.0997053033366846
0.116438018498199
0.126414479402006
0.144961676572269
0.148923554550112
0.123144889511091
0.186401886668681
0.247407689949793
0.0984407055592427
0.103493589618075
0.156345065385223
0.0769052587054464
0.0795486864234575
0.0608210576466032
0.05907319037267
0.0713686780884727
0.0937980559986163
0.176060877077897
0.222223909193941
0.205123841275762
0.191966315520079
0.162826715890883
0.192452130951031
0.131187826971022
0.171593281925557
0.177533389147064
0.200842595205583
0.0929909888005019
0.176346548398163
0.0941038510723746
0.101737374382335
0.22715867883923
0.184007843107982
0.252432372591357
0.237129481816691
0.213797219352374
0.290426453139992
0.182787607475221
0.155256183109587
