1.2008
2.02412626957354
2.18204417210331
2.23323382272202
1.89747371295787
1.74194130420294
2.0491488384586
2.035163339022
2.02894833061298
2.17900200579477
1.43942888106445
1.15623230041544
1.58314970879714
1.52857032598459
1.64983059636652
1.64589546281158
1.0757078323334
1.58945934616398
2.38016038137516
1.88026444918082
2.28372691067239
1.44202637383487
1.47767399784031
2.30016009972462
1.51704129281837
1.52388657090228
1.25141931317484
1.11256626999792
1.17147023279381
1.99719484079109
1.3417585479996
1.12174583071143
1.98634065949436
1.90621457105159
1.80077580179082
2.14306905796306
1.5278447929912
1.38611498536449
1.53451319930267
1.39601054025698
1.77904485265823
2.05596690454299
1.95894883351574
2.3187390526892
2.19349449026884
1.91712603768561
2.31611951690465
2.35904267947909
2.11268634929042
1.13243954170771
2.40976301673729
2.41915687992035
2.46042549654823
2.32956239587344
1.94483983912231
2.12340969623478
1.04921183496919
1.0891566777354
1.62630491134111
1.64352888302665
2.45490171975228
2.14470854260398
1.94084841087178
1.9324735480498
2.21246618477474
2.46015755394178
2.30401822707032
1.5477294942055
2.05380162286556
1.48334651190909
1.54611769830829
2.24405184155577
1.87284292259947
1.82305435113385
1.58923471783556
1.78129614946622
1.46058228762896
2.10677263285034
1.56464923696912
2.0808282077266
1.99987834957443
2.28692667635152
1.82801239868995
1.69905131013521
2.16825648236421
1.99828954138639
2.34662735409223
2.30075502775401
2.08773344717071
1.8632490231821
1.34440393244405
1.09026292396563
1.80226996028626
2.19208306306712
2.09456752212466
1.88020802134092
1.94849693634628
1.43945402317237
1.57440077178483
1.37115713936603
1.4994812013448
1.37019012536576
1.14152234866846
1.47288337456804
2.29940885452563
1.73590178886651
1.27225734822851
1.3070043116972
1.78559510907853
1.35344038919714
1.74851733388022
1.92864335325897
1.53922480169792
1.79484270354437
1.95543865874094
2.33760220273455
1.13793698024483
1.23982362788535
1.30741527262837
1.08733458014571
1.83486684124467
2.21249253158385
2.38096063203683
1.90050358234027
2.10938591557436
1.66632748817366
1.77388280027302
2.1418541581948
1.49832858517214
2.21637363658217
2.12336357092179
2.39067630383457
2.45965478366473
2.36805032390278
1.83671875793421
2.47500105756108
2.44711176647717
1.82560154153436
1.58371870072878
1.83053527014727
2.28607356566519
1.81710698835037
1.91113350071
2.13564753479469
1.46636084837507
1.97206789221177
2.17336019313998
2.40128677716137
2.37290155403736
1.90545391903546
1.54088618485305
1.9883895742214
2.24873767870628
2.31536773980668
2.2946745712143
1.49469020197152
2.08803036918279
1.88664491498615
1.50395852762188
1.98820536908344
1.77009458612038
1.54951381481018
1.89085457783152
1.70525961195288
2.14134938795548
2.00804443689667
1.45286357663054
1.79773643021318
1.50229386619832
2.31132286424281
1.67829150337546
1.49057152673502
1.8285274312664
1.98868454222768
2.31153784106796
1.68565738764495
1.43599026505472
1.96083797320438
1.81559978002409
1.61551794318588
2.10706974806675
1.85735037880568
2.21140227967944
1.63679522084075
2.21306070963391
1.82998623944468
2.19261356960417
2.41818197495322
2.14196242516329
2.01461596476079
2.15458869424636
1.97413515877327
1.65948917753754
1.59028884135442
1.38374921946897
1.70171877349073
1.92884856206329
1.74794170548625
2.22041466830176
2.19091778250819
2.04034964797655
2.10846327793087
2.04061149780777
2.01222330866227
1.99333134235551
2.07142838409894
1.5316161210264
1.3404251922788
1.3391261904691
2.23591085326196
2.34349314958551
1.66909297277883
2.33723322891396
1.65441932068353
1.99926722784494
1.41484692004498
2.37918704361845
2.26017398586079
1.69241234438026
1.86019545344156
1.81504420812953
2.04547929030486
1.24485306805759
2.1846061999802
1.93886740695583
2.2092233489808
2.36180722760043
2.24346530425032
1.51785756571356
1.62883315490944
1.8983534140924
2.16101567421054
1.9419708796037
2.17280440163479
2.29301613889186
2.12957922934725
2.08352457200375
2.17590170022929
2.16179790220791
1.69556526610505
2.23183820247059
2.26380529913339
1.54384119673076
1.58677098705681
2.04055516313754
1.49662929280333
1.93399348961174
1.9333818087898
2.25716457351412
1.83326132188618
1.73762714943674
2.13867379187742
1.77626174645135
1.84896887485836
1.53988576360177
1.4376456979481
1.12545920521579
1.42237233442205
1.26847366815895
1.33796123955227
2.21159522672844
1.96606731916166
1.33049101859965
1.40656137103026
1.25132661014925
2.37020629954969
1.81370254692259
1.22773004548615
1.46553829018931
1.55144756870033
2.14486941263447
1.75890367203329
1.96721768850628
1.32407487701719
2.19563651228
2.22342468686091
1.87251135321373
1.97985145229928
2.27550687829447
2.15865487942487
2.21400909621067
2.2353366312375
1.35770772084746
1.84950798273894
1.79600814105851
1.97622402344039
2.06246674084809
2.04190794930038
1.69461857985286
1.54207564878995
2.23122933265696
1.95737883902959
1.503132774592
1.28341246221648
1.69803759250798
1.47786052754574
1.30811674607192
1.51799167967593
2.3245696361756
2.11145265830075
2.32959315902708
2.26357668375847
1.67870300303578
2.02204481326292
2.15630141926436
1.90670634328951
1.63610406426411
2.20012927612133
1.41899614109495
1.36894069272337
1.6992238027
1.89926402392263
1.81188499935285
1.92039090171359
1.39440118722786
1.8708719175828
1.75953740436948
1.33587815322989
1.75039828199234
1.82370200397987
1.42612014120536
1.71000142969045
2.06425877757639
1.81769879428997
1.93208372145627
2.32470447185373
1.8948751720647
1.75781621699091
2.21466551904523
2.47812219319539
1.81326384053549
2.08013853203358
1.74400818088064
2.12560985618857
1.78171668340196
1.26619887952927
1.66064982923194
1.53206617942756
1.73091575805571
1.40673130673992
2.127518198108
2.02264467476066
2.018523848227
2.39005373240183
1.72125418552501
1.23882790451112
1.33805021073312
1.83271467892735
1.72668842903965
1.94001174124153
2.24173977032531
2.46974088118329
2.0832037524784
2.25143361815035
2.28048510457682
1.62633264607458
1.77722402255007
2.28118599117192
1.18047805559678
1.27522832754852
1.96097806969832
2.03733632123144
1.98502533618963
1.66154908284297
1.92992280238377
1.76417912937297
1.89776032168366
2.06070522817741
2.12954273879151
2.36426510868396
2.46805138174588
2.34588153695861
2.2434647871383
1.601902190318
1.39233983336575
1.48356732784221
1.89512483054908
1.86356000817678
1.80610849803952
1.46810842359686
1.88905280849119
1.69238650095847
1.69367031372984
2.36896852228665
1.6328935398661
1.8643764820541
1.62021981005325
1.03019066245136
1.06163370444863
1.36683627613087
1.65914437328294
1.6052903799815
1.25608029777265
1.52333891107427
2.15144657972304
2.46307976402484
2.41496128684652
1.53012651915606
1.75025452482823
1.33064546004869
1.68209367173242
1.42305395009174
1.27751392569829
1.13404241336911
1.75489958522302
2.30084846052713
1.73679025748189
1.9218594407957
2.10019129830143
2.03216912578978
1.85070538888756
1.72983447570892
1.06788635065538
1.21752251326416
1.68335585087901
2.09039119940087
2.09932531713873
2.20687951116317
1.22696232146696
2.11558046881269
1.25951380128934
2.2095855769532
1.31468633049835
1.19966798268759
1.11304308215161
1.40351807405641
1.82197480543223
1.55997165805901
2.24420010519801
2.45297855477095
2.33265506951985
1.6933222998505
1.15084625367627
1.07990665395097
1.58438297617521
1.10660966753321
1.50896582785006
1.72123141487095
2.16567002451039
2.14147469501646
1.11143054517866
1.05558450277667
1.64420873187057
1.53807794923483
1.34969716861207
1.40426251772847
1.37555292265013
1.67859216962124
1.44649351418664
1.46696870134878
1.44361010977502
1.5921221732782
1.74063933720861
1.59459010168104
2.09738841292835
1.65674010287679
1.81611203702093
1.6668855136098
1.60288858006502
1.6741308578286
2.11440419833122
1.88587549455806
1.87039747445967
1.64187101040542
1.90971785353289
2.07817173926074
1.85518417927285
2.30311411460457
2.00460527791358
1.81346846802899
1.55997726293318
1.72681748014366
1.58545825894705
1.80496432640707
1.90787885638651
1.84413522686936
2.11379157530512
1.57738619246992
1.47400721847604
1.81542854100908
1.28727305101673
2.31357403330428
1.98456220067676
2.22300472790653
2.06426631758128
2.19587126326635
1.75242704864649
2.36779097513595
1.7628070787097
1.78477880288537
1.60398404696976
2.01929445537194
1.80475793127539
1.78981629329212
1.7437114165492
1.88384949346846
1.49151172503346
1.70824864846452
1.92811984395762
1.81854988383189
2.01768848023277
1.60353338029111
2.30108714658258
1.53580915287527
1.42714374535779
2.04891812920247
1.388128644321
1.58281958201453
2.28114982340562
1.64971121913661
1.70274706928625
1.66961003722314
1.50668532088036
2.04392387672819
2.1336210294086
1.94346780406333
2.01577656057109
1.70077641049102
2.22289543580432
1.24299234686338
1.6206888810541
1.80745883129583
2.02387970749658
1.88105661849851
2.38916339818081
2.30449471992645
1.81607314463279
1.29596526630157
1.1433620385418
1.25973813934333
2.01532100574473
1.5924591794202
1.2830431461951
1.12166023393335
1.44492461659591
1.54309005634707
1.42874693542203
1.26752790786976
1.32304139786645
1.42889665309486
1.72348539928774
2.26629151971894
1.75027373873288
2.02454371347156
2.24382026244727
2.08171812027452
2.06320592287512
1.70296674164744
1.56429495680152
2.10747843774179
2.00981263343929
1.44000228841942
1.5808820922548
1.79413671317229
2.30102087284801
1.96107546950164
1.84847968221048
1.45866258745472
1.81992515108421
2.10278360403305
2.07093688368055
1.85296753283227
1.80800168023598
2.04850989701163
1.11309234788894
2.35217040573727
1.79059286282282
1.46081166945769
1.6568470793787
2.01741659972286
1.7399000503071
1.72064620311626
1.47560629304349
2.06368168922027
1.60298371444612
2.03436951845498
1.25008388994909
1.13595311042627
1.21150947920447
1.17034597854583
1.8087286261377
1.79475145901913
1.04407171611611
1.52625194339592
1.13693400556206
1.10588818819964
1.40646363640202
2.10361129808258
1.36908284190843
1.95736364671117
2.23720337696018
1.61153375270064
2.11233905246962
1.27495377207776
2.20609398011916
2.14432981030684
1.969368456178
1.81862880648259
1.88349750740263
1.4118319994274
2.26873595767746
2.20166042638367
1.50513588032015
1.66052831089683
1.08707212750251
1.29291731649763
1.04857705381029
1.33686368662893
2.17814465634259
2.18955949719274
2.16283909135781
2.0024966114023
2.41458198810844
2.38856954317886
2.34778463554235
2.25591059797871
2.40271778920596
2.38996179844172
2.13541005935934
1.60018726373634
1.37809351117365
1.77201250958337
1.69534882999479
2.29044175428704
1.4710347063935
2.32339365617815
2.02414194162204
2.15500309761711
1.70776538914502
2.20417851284415
1.16286121206794
1.53277187714796
1.26540158472665
1.98424138845428
1.99481859634044
2.37368216375567
2.13145348356262
2.2504487860337
1.92655959476158
2.24195925930409
2.37327090420542
1.72138033264171
1.25870634839445
1.63643005946199
1.12728650241689
1.07694788919402
1.25599873109529
1.51375076860419
1.28771391985343
1.58610604130552
2.11723453257267
1.94307197852224
2.03605397574602
1.9685669664197
1.76455206889892
2.30078599624769
2.32053023568119
2.33905302750602
1.74943936956153
1.92251611282353
1.54809338942028
1.13034736907536
1.18157571595518
1.40778371516221
1.04327627144959
2.09499720710113
2.15703964269125
2.1204029744352
2.05291302900434
1.99841041577013
1.22353973584336
1.96813263697345
1.79960324099337
1.37575130249515
1.96977221698908
1.40981470868834
1.54407431590586
1.30095941871159
1.09320182463148
1.35471524633045
1.69400473753221
2.24465475817429
1.80248906748107
2.43098584731416
1.83408052747704
1.5994480545545
1.24896879943668
1.91389485256609
2.12116743965439
1.11297925446556
1.93426348781393
1.11115852127756
1.04794566694137
1.87439023474554
1.98895111874879
2.48395681600994
2.40492351993156
2.45031201365353
1.82003934127877
1.27796479092261
1.03443020915907
1.12722420400396
1.07542155507475
1.78776380600531
1.48788731383823
1.74803563290537
1.53147258105775
1.75519046504352
2.34482885592562
1.75528147749123
2.23021893121412
2.38226118368154
1.36389564179339
1.96924909955293
1.74221204872139
1.72547335876808
1.64391081458296
1.44069040193347
2.21375227457763
1.80113936939619
1.60851903942794
1.66468212271415
1.64041195091774
1.78379689155471
1.1913687913231
1.77898660291528
2.24437631288592
2.12310059265666
1.47007530656023
1.537000668339
1.39503537992183
2.23466744450319
1.89054819540506
2.13019441635923
2.06495071657671
1.801171089093
1.72328811776129
1.32544697613349
2.19938680082645
1.55955302802204
2.07952570661771
2.09040199613495
1.82937192063433
2.3393512451888
1.40842660109192
1.70129955260825
1.79710978020521
1.47199564002064
1.70530487513468
2.09868250521117
1.77530120119342
1.17585913049987
2.28261248266454
1.73341113863909
1.30338823381124
2.10246685251954
1.86167936083006
2.13696316301335
1.75462030934416
1.71767943011074
1.43904330919954
1.2738145325083
1.36137314129461
1.4969440002846
1.90045176481324
1.96468113162262
1.4668961777458
2.30393714364804
1.66712709112507
1.62304289664358
1.38558156895988
1.62310589697904
1.96955403823918
1.96508086699051
2.11998351260438
1.95246981919307
1.27205002063715
1.88425166362951
1.77841754056156
2.05985988401539
1.74962524564103
1.74553179963284
2.2711206081911
1.30122374671505
2.21339155078163
1.64142348710386
1.67886074340832
2.40502686001824
2.1595286962865
1.19879368541584
1.85232319135763
1.42471459879529
1.50234237095728
2.1784916408873
1.76681931351305
1.91978267639141
1.30715903308335
1.95680548384626
2.42705043306775
2.47229499400191
2.35817323429216
1.46592061484829
2.35179757161571
2.09064392776586
1.84845970130263
1.73359117648175
1.98318803951827
2.34293258567078
1.55415860132015
1.4551856556294
1.98441442250269
1.76651561752163
2.10727128269042
1.70780746451555
1.84235057867389
1.48629926999394
2.43305555707517
2.25466797362739
2.06965246381779
2.3238994313813
2.4280265893724
1.81038973570626
1.14357922380931
1.27314438197441
1.19354491083014
1.70312548140406
1.61690388635002
1.31498788495196
1.74866018710596
1.85838590877851
1.58180862722171
2.07835129012949
1.92788327246243
1.94650570803351
1.7835255955766
1.58666361221289
1.72599896226066
2.08801355251815
2.23674824045278
2.39454951091335
2.10776074748981
2.29043325771204
1.74516586448568
1.85899449271257
1.95720043914922
1.77624495954561
2.12077597149166
2.21176273398754
2.26102765421509
1.56166276697843
2.32279654371402
1.66288456498387
2.29439928782515
2.42972969818156
1.76251565186143
1.83951149799423
1.45169805084348
1.18918157111372
1.32842781328469
1.83429012103761
1.89334945028483
1.83836364943779
1.67407943504944
1.95149175766357
1.78772256210611
2.03591418436674
1.99588514126866
1.72920521318
1.53229446227939
1.490764020853
2.1327074260761
1.83230324922419
2.25715589610823
1.3575458463939
1.46845744728176
1.82696627472497
2.0122112363777
1.73869057768907
2.36946406570346
2.02758461870415
2.32459564208589
1.95300803171274
1.43149864802168
2.03846778844633
1.87380262649639
2.07817142029607
1.44062720177823
1.78065246863482
2.37350684346211
1.88646690616488
1.93086697299684
2.02118895534639
2.08842756107995
2.33777568920706
2.31635783964206
2.00006879129596
1.63541458501534
1.35460203465074
1.53498041026043
1.72573136363176
1.41702141788651
1.75589269714128
1.60809053912913
1.5565386306379
1.3801115977734
1.5892009141129
1.72645348950786
1.37800039972208
1.70938601884964
2.35577391382988
1.49322909984092
1.39574132647229
1.78655745097834
2.15002482375566
1.38531637257035
2.04905978501585
1.43751944220942
1.92478550639391
1.93549881736614
2.07950840822449
1.4114901610808
1.25961287334674
1.51289504324654
1.99951373739857
1.43425875233644
1.47614609561415
1.10204162501935
1.25946101240122
1.54830062453706
1.2618256143296
1.46398980912989
2.09650185630339
1.50561562352682
1.56863206057756
2.3941345325337
2.25182409995814
1.85018046946402
1.44317243522194
2.28526398062852
1.33817308158908
1.07788507917043
1.07078593641693
1.03291953457306
1.33303911993393
1.54936572526144
1.76991594882008
1.46265356735703
1.73250971888149
1.26833493412767
1.67445465647258
2.07135308493955
2.37147865429591
2.21567626488486
1.61903087316249
1.56585128849328
2.04580547379471
1.83661548713904
2.26639423422675
2.2708350795476
1.90943809042218
1.95871429325514
1.21358022668155
1.62158328651027
1.88910254896718
2.05492045462744
1.90559973323369
2.44073033649358
2.15790564418117
1.97952566434357
1.70091905424962
2.3179160289278
2.08519021258984
1.67188612267229
2.38764841167976
1.83232636305206
1.93897120298917
1.56329020319596
1.91339026916778
2.23338758859266
1.60502057772857
2.38619400767915
1.91131884735687
2.06999219674271
1.52821022827348
2.18570119036787
2.12431518088294
1.83804475232619
2.11040477532968
1.98847616987619
1.31520382813475
1.63083964746943
1.86055164370674
2.30804641844786
1.94774673589333
1.6993710587993
1.54615457521587
1.63864309229049
1.87438154310196
1.61288766691481
1.47865592039272
1.57236773456078
1.53813004135886
1.21626187705293
2.14957809616076
2.37177187300567
1.93033808480615
1.81112068250127
2.33082586605261
2.00661270105222
1.66915513234553
1.65723440270477
1.60547169716029
2.27786097796686
2.15022085620582
1.44045479166959
1.94149120243276
2.26572897871318
1.54992559431402
1.68221893895071
1.89887028478949
1.68086358504885
1.9172560635224
1.95661455024692
1.38456137367294
2.30625908409732
2.42681924588005
1.72193326496848
1.83739786493828
2.18743227414305
1.62332681018988
1.94274922849624
2.31856397910866
2.17501188697961
1.79311378231675
2.42277308657748
1.68950697369278
2.39006972355403
1.88071852849316
2.05889396006472
1.77374029830196
1.3113833426192
2.03485243997057
2.29975560308187
2.41325216621482
2.22713225379505
1.80249254716848
1.23886750358306
2.0864955208934
2.0096458970314
1.6292552896078
1.77635715747844
2.1906128850078
1.57940583763772
1.9682750913462
1.88067356027954
2.39255670505576
1.99449084001985
1.89305839586831
1.55820021641275
1.61856316150901
2.31711924988844
2.14082607673983
2.42260173637071
1.71535120962986
1.85706534479352
2.33663868396295
2.42918691091892
2.39411998001077
1.84985159043886
1.42354460701671
1.39432766084795
2.24480328715034
1.94239487322179
2.34941508311916
1.71367596475082
2.24949772820001
1.99971177331306
2.42854735806177
1.92885882054172
1.1106287039305
1.56581708759263
1.42294472433764
1.70976971803824
2.23848826615879
1.55193725877116
2.4581834189548
2.18453014165179
1.4945070954588
2.42612814976028
1.29207774468964
2.05197179682624
1.81685762444396
2.24902432425688
2.17941825165818
1.58743538241297
1.19123241064537
2.31129184276489
2.20359376694045
1.70850452244593
1.9721138564908
2.34011877796911
2.39985282612431
2.26697542731651
2.46443624690997
2.32449909631153
1.32807261339006
2.17010431852174
2.09160279472026
1.76152320958075
1.06930611468366
1.61638331498137
1.22515787633645
1.69767767636874
1.76488611742969
1.96305502925178
1.90251511466929
1.74192445601251
2.08336186277058
1.24432564245364
1.35932291251625
2.10790969269407
2.22165495032835
1.22660966183944
1.85625418497038
1.48556679801418
1.14151162403195
1.47691229004696
1.37482095200748
1.68278103331133
1.89960383065762
1.93561601192176
1.92336928104672
1.55268124156173
2.04254231147414
1.74739943233576
2.19742005908137
1.95721616642986
1.91984401980483
2.01187000147324
1.7115167282549
1.2926161765852
1.99679971538845
2.25365399484239
2.22081658086737
2.23419971688982
2.08816977595416
1.94141817748779
2.34736101591655
1.80516605985591
2.08832552759242
2.11137838105138
1.59730842099924
1.54984038008906
1.29129177900615
2.1633206470409
2.23818057175848
1.79684582943639
2.28188223779132
1.78000728407607
1.88997288390036
1.50609613764015
2.05300488497128
1.78216307036822
2.14022330145822
1.84541028454329
1.84357389966245
2.0642086620148
2.22058121583317
2.11184184479717
2.01055208825096
1.87389445665844
2.14420808171874
1.98491171549829
1.85033806391074
1.16510977084961
1.50551623272332
1.72385565035782
1.34549870472656
1.96449633649354
1.58253478686637
1.44833292281241
1.86420791904058
1.66541595199426
1.74350140517333
1.23325785157831
2.00815745746718
2.06874824570166
2.16967913678293
1.82698659273149
1.64481619983309
2.34727622899416
2.03310240457141
2.23977365231738
2.42475294978304
1.14901788561646
1.04383965084858
2.27571084977028
1.32305832368984
1.91756000252216
1.07889090997342
1.18360918329779
2.19699148589456
1.63649683660611
2.02065254647991
1.94961520345722
1.97848841029863
1.3744677246259
1.87953564287996
1.86341377186966
1.78237980717845
1.9235610698981
2.26259631259839
1.11497637534318
1.10002552484669
1.43366584741782
2.05925271366452
1.59462406595313
1.78231531612367
1.799581225728
1.26477429513958
1.54961075566734
2.28435961106948
1.2973444135514
1.15286539450193
1.61576135379711
1.73931177533517
1.71288541457866
1.61911430125773
2.42101609724816
2.00548476064008
1.28757140507278
1.68505119422309
1.05719034125649
1.19025085592833
2.21760599154124
1.37347974543475
1.64368843086002
1.20452528830438
1.58616281211978
2.37911890402426
2.4553256647999
2.49059860506098
2.39401267297687
2.49007451987068
1.6717370134707
1.04635008435434
1.01670029793178
1.23142671758929
1.64694496166556
1.12790877348305
1.53855808283675
2.21677665564033
1.3613907034876
2.0461651732204
1.50118494471988
1.75353936568627
1.22269246170262
2.00181923833919
1.17758710915661
2.00194760038338
2.05456283246631
2.18991987185434
2.34556977099992
2.29539696156173
2.10300538516358
1.96439197022565
2.12417817071158
1.71622333598404
2.28461113494413
2.01326458056173
1.79683618624482
1.705720047333
2.4708829279091
2.42374909436473
1.80541054660195
1.19208784374261
1.4374672255807
1.4007787621379
1.6491837211328
2.01461629488446
1.31686395087212
1.58753331143704
2.07536160738996
2.09937757800655
2.05733387219963
2.15373553597266
1.46050902962034
1.3187185891307
1.08145991274746
1.57001086798012
2.30454231496061
1.90622901321346
1.89796627293906
1.73873283277695
1.21831480672728
1.48908685549426
1.26165035359995
1.3844911661754
1.82689187430543
1.6637830098791
2.03150535725764
2.22530380219229
2.25450798760708
2.13064260207681
1.5353652755649
2.33335859372477
1.69868874318219
1.81802536040393
2.08039935290698
1.66940411764099
1.53457020894205
1.93615826507803
1.95409394312357
2.12673719291232
1.91826861615146
1.54020601937905
2.14641020784618
1.8048712800862
2.14130976546826
2.14995025217613
1.92047117476969
2.0305883121531
1.81138498342111
1.32466936724734
2.08103970398952
1.3217854085334
1.89043356986044
1.33983932134665
1.87656776507162
2.38586460311306
2.04134224476102
1.79509510479411
2.35209121443255
2.4819426789625
2.05843222203221
2.47808950722085
2.35209266618907
1.96300220564828
2.37034407330027
1.78230638793864
1.45819841714191
1.67324209136892
2.26361788453731
2.26781506118743
2.44364270121853
1.69953053501502
2.02146134754933
2.08765998008481
2.02294608323566
2.21150120424617
1.84500809256854
1.7666228825726
1.31170332932238
1.82986217080377
2.0201275853954
2.10136939200533
2.12674161737447
2.30386396873731
1.59198807495288
1.29048857402256
1.62909295357216
1.5665719271045
2.08465268956045
1.97436448814332
1.63109103827197
1.48131537057306
1.78069035273699
1.47455025898606
1.34287669913067
1.22404273384866
1.95385109951632
2.03828201407073
2.23618340499838
1.08682512886562
1.31188996554355
1.85342654238657
1.51494660143999
1.81874077873313
2.09743427663465
2.11105959689241
1.65742094149659
2.11857905575441
2.14992599977756
2.06272458994147
2.28839697236335
2.39348984421487
2.41801164632239
1.51401992406842
1.60405207070361
2.02780207449412
1.57885241835039
2.42193922920931
2.11156545780918
1.43992003014556
1.73281203446564
2.20868489721553
2.05432597284136
1.61548949642779
1.55073194476545
2.02076977486458
2.25035651730543
1.70712310966991
1.639395927045
1.74500352705112
2.12355712166113
1.74862988742442
1.79097849829405
1.57983503120391
1.49961897645552
1.65091956341744
1.51846760960175
1.28907264771605
2.32520347787375
2.02718605264199
2.22970249418624
1.80766323705502
1.64461749403472
2.20489529674333
1.38333073878919
2.10548352239735
2.04416374432799
2.20462105864287
2.40353017344844
2.28281069029815
2.16822570772823
1.45108736008398
1.85909600076023
2.00894383055967
2.24865882028717
1.86915432014982
1.86521914322364
1.49369627622028
1.5145573387823
1.97985899955768
1.92438936799953
2.16331542907719
2.1385706728793
1.73491181911852
1.93965528498304
2.16591530049189
1.70854917541357
1.66801471867455
2.26455399982035
1.74125761264212
2.31204995068277
1.43223088733204
1.69049865851775
1.61069064379681
1.68973483897289
1.82207592625659
1.8681583040204
2.1501475138581
2.23780084927516
2.24321473617998
2.20435222751998
1.99082888914016
2.08396074746158
2.28787206399074
2.12747002950968
1.96234248144284
2.30049583672195
1.88221371708103
2.04323031345966
1.91291369352365
2.25415861407166
2.21307056184025
1.76038316634152
1.62935779847798
2.06146568668877
2.07720242661896
2.0075794973818
2.22520312976371
1.75095223930539
1.97952874512704
2.17334455495169
1.35624994453463
1.97157886544515
1.91088465006666
2.26485253499261
1.46975000106396
1.63186128437902
1.51641997181996
1.19000801955091
1.47062756351607
1.74194429512475
1.94659627254216
1.91572567539903
1.57229361862001
1.92975679076935
1.9820515027831
2.16214528441427
1.77385539258487
1.31241130798994
1.70112183735768
1.95395979966122
2.11318744536218
2.00408131831611
1.84444315011331
1.75423515654343
1.97750468442993
1.61949336683981
1.70697294485401
1.86279958464032
1.83785826873358
1.98917621090961
2.02298465067465
1.56649226384996
1.67631589740218
1.84398973089636
1.98666755480675
2.00877695266238
1.71863684009279
2.30284686376515
2.20849098854195
2.22507201100501
1.73068311626583
1.95092100573383
1.67892595591021
1.84473145168865
1.33796468680332
1.88088142911228
2.28311153402196
1.5879767285529
2.33198327176312
1.90999766969363
1.53256122055047
1.5017557760405
1.82687236086153
2.41093321857897
2.39123991956105
1.99560533356841
1.99593231484348
2.0646799805151
1.81608980177731
1.51825272864913
1.31953526210274
1.5007126930548
1.43345465773273
2.04556496845486
1.94089832327735
1.7532766218579
1.47586901577936
1.95384106662085
1.4357319970495
1.49342881309561
1.63143516165436
1.72482991996544
1.71887876772711
1.5907301120059
1.79615973304992
1.12312079569307
2.01178863051324
1.83535995256445
1.37756177102125
1.7161063886326
2.30200328941405
2.09911000477137
1.62965585819204
2.29238717253311
2.27592686921712
2.15494322286762
1.97833890302152
1.78626405877965
1.36064668152478
2.3493504272767
2.07750011358814
1.43965572159982
1.32990052917949
1.60729453261113
1.94564793093223
1.71376633537669
2.2231501031154
1.6175804615276
2.22098077059265
1.97928373636136
2.27053263015523
1.65244817088025
1.60053439102737
1.8834924872437
1.85844658725412
1.39462952076572
1.38953566254733
1.86468616894925
1.76465544414836
1.94202670135958
2.18959385970994
2.32419166573508
1.78314196812631
1.85168420657998
1.65216243316035
1.98838906404062
1.54333921354853
1.73085515966075
1.86391624527707
1.99585189402142
1.49693036146698
1.10450871481603
2.29902706892794
1.76951973617949
1.23312081564491
1.18253986270169
1.49807347676379
2.4549193318528
1.30729557275649
1.57206055092519
1.57013841479488
1.84958052001769
1.41225965773543
1.9926343326706
1.29537926516346
2.12452752929472
2.15973727868129
2.21538312095573
1.82809625620031
1.36780627341743
1.20807341457544
1.50728091639402
1.89937017102974
1.45567766243362
1.28731517651974
1.49093568247145
1.25081449029404
1.78934485687542
2.19149961683443
2.04717518872634
1.46224381586202
2.32180686078021
2.47727100040369
1.96770038208415
2.42574144869346
2.16143753835396
2.39528755887058
2.32570730994982
2.16993307987991
2.24023954999725
2.32087751819266
2.03876993803504
1.3704460581075
1.26253057087801
1.82696264238991
1.20904465992717
1.27162475207047
2.18800067058576
2.41484988541044
2.24619054481453
1.15000940457393
1.25159051979522
1.21326113141192
1.51834215906562
1.16948128657205
1.42878158938062
2.40493658061659
1.20135222719865
1.10220972955258
1.79614566177587
1.92834613843408
1.70500107665586
2.25173051200582
2.25436301708183
2.42547548188145
2.48307159543006
2.39276867677456
2.48402547921393
1.77169409210037
1.60930113854742
1.10735226278901
2.24594389039704
2.44257024196104
2.26986185957196
1.62230479932654
2.37082695770776
2.04775425880671
2.23249077000086
1.97562215014459
2.01669156382343
1.26874516182854
1.52838186244076
2.00774931825689
1.36183052950894
1.38282151273193
1.24541451850916
2.14909524460987
2.48653397802701
2.06786263612088
1.70947228307807
1.93942447369483
2.25188332836566
2.41831579499662
2.34189674031358
1.63400961117412
1.96271962020848
2.27586639484675
2.32469337601032
2.08416446640152
2.0125007922881
2.0732358498628
2.13202874303124
1.16584538192513
2.4391546999927
1.70177579956035
2.45465071792195
2.39567441942762
2.09187456546002
1.51697672285645
1.01251091766217
1.2670804922529
1.16784416195486
2.09150400763959
1.1406222638584
1.2804011371539
2.35496791545509
1.35475424797391
2.17266513907515
1.70744012996697
2.11588050309224
1.28185574371674
1.707146901195
1.42988883181389
1.34730420124612
1.28225785495585
1.02972663547515
1.37098474009305
1.15218500274306
1.77070968057047
1.13864374791577
2.06748301996015
2.03661230796359
2.44805071035194
2.35153515348088
2.19197404820926
1.39410470004169
1.96398515942225
1.19144006162502
1.25095697292369
1.11561821130543
1.51436861413379
1.61491639434194
1.84326634916998
1.99153472711879
1.40734439419254
1.48720710937655
1.36699621708877
1.24694098909437
2.18471420708808
2.49879789426645
2.49567591188508
2.45777441352901
2.2857742743449
2.20560518817709
1.62120236623071
1.99632089752838
2.0238024553629
2.12938216117853
2.41832473287688
2.2283446918561
2.16494738069047
1.77852088798786
1.02872185229055
1.56981044188131
1.46469537905672
2.40771016926006
2.36366797478869
1.9238348936661
2.00999750165571
2.415100978237
1.76455058530819
1.653466819219
1.7677071456801
1.66263410195943
2.2379052659837
1.14328937585091
1.13110890803579
2.10130949624289
1.0263890281454
1.02499117215604
1.12743325754551
1.10535306945438
2.10204697211403
1.98490255839679
2.18166854719772
2.21680124964212
2.46739342216367
2.16522413712357
1.78167488465363
1.71299029603736
1.13744254669875
2.33972022592353
1.88364710679013
1.73836056265253
1.34075327751765
1.5020428016859
1.19405219258314
1.03206926041566
1.37280479916933
1.23124588515225
1.84562227938431
1.56841084435886
2.07182619525317
1.91154586252721
1.8780530875722
2.17707666841634
1.62963709119336
1.27217955919131
1.66900896249349
1.86595006394206
1.20323705643769
1.49015082893119
1.72545228076784
1.0991626251256
1.83705225526036
2.30158106528482
1.99491714981593
1.58555971380181
1.44804822254969
1.95284712656431
1.40200624004875
2.2666946433167
1.68638868793616
2.22556756928316
2.32671242357384
1.13991185631386
1.14316805779748
1.2778096519668
1.39949274564726
2.0318315037535
2.46425827647249
2.4021339892286
1.5454663983973
1.36245487414628
1.32375333312541
2.02053088430828
2.23049640353172
1.32324036805977
1.24850969704722
1.44416149595884
1.43052604142893
1.56817526004763
1.63109692993925
2.31857013672951
2.44183364570041
2.0217082632448
1.87121987366619
1.21142943028028
1.77448643910627
1.624990258554
1.65309869484399
1.33466256867401
1.73649521143371
1.7753567885549
1.9123354764624
1.48267525288754
1.721584386991
1.8783742676369
1.74699986330689
1.84628524697077
1.97626775203386
2.0899560252565
1.73405971831848
1.65721332077957
2.18623014362491
1.9022405548019
2.06125003641289
1.96015701388034
1.77448848833993
1.96034342589847
2.0321598177493
1.65667717734498
2.10459627107905
1.74210768037829
2.12645802755972
1.7872002127855
1.83429046862969
1.9104591258706
1.95034237455171
1.745569449563
1.67497434479491
1.54739551710835
2.05386620559441
1.46943550314759
1.66604640822566
1.62706265683426
1.56800462982709
2.2098152051826
1.65880757122574
2.30005634232712
1.98562989019023
1.67517451538548
1.59780518891531
1.46485541694829
2.26324795208416
1.17447520571255
1.80677705779575
1.26162004451842
2.23632764130143
1.13976183924262
2.32960673468291
1.84078540029486
1.69629305214212
1.71445073026354
2.34089246978037
1.77875022938276
1.9627136853658
1.1779581276327
1.77332071820827
1.39832566661641
1.19927474611342
1.86186048483623
1.46381065947723
2.0288190093417
1.83242149190511
2.05930981289012
1.69775370522997
2.03073643241343
1.95112989816768
1.65016400377123
1.46774593931605
1.54874750000411
2.32291171755456
1.84907179430551
2.2788848484637
2.30658763907436
2.15713770109948
2.29366381336585
1.62462009138912
1.69256927579256
1.71935437055906
1.81992090619873
2.18422271959654
1.67106640177971
1.66971626157906
1.74387960519298
1.69660220224497
1.69590671917589
2.17600386153029
2.2229957393841
2.14424470497538
2.16729859008351
2.12177285060753
1.81986487298927
2.23199162656975
1.94427440832671
2.10020590022636
2.13759324205348
1.38442177893766
1.48753610859563
1.49770588145663
2.24888769169184
2.32348646528495
2.16228517889973
2.08465345825355
1.97957599854632
1.94015109120045
1.44223891908933
1.94414997593971
2.11956499435253
2.06477727084308
2.19092234631756
1.74401850585661
2.08549885024975
2.21309472921406
1.84559550166881
1.90032564721453
2.18797233624912
2.06959847489446
1.72728216230037
2.03665747590493
1.70498793905001
2.03831621337663
1.68187209118898
1.81137816304496
1.85032494882263
1.74459351562352
2.38688423311362
2.04710664176164
1.73381948472132
1.84566752674939
2.11512381987998
1.92356020388919
1.82494097386069
2.18739598558635
1.8907454692292
2.10185537427388
1.80179058871288
2.16543790527249
1.92489225708284
1.43697406924871
1.41916184667588
2.40825704272863
2.09019828375844
1.55248270072963
1.47961568947598
1.74562136322539
1.69067122578919
1.94468538910383
1.875172293015
1.85477195377237
2.16647936776834
1.76942351287914
1.47125824432922
1.98604482994336
1.94674894567323
2.07363823225698
2.0490514018018
1.21552576227588
1.37007078443817
2.40630342718032
2.30383820592083
2.30283447592223
1.97481842998952
2.05662407696702
2.00294556214136
1.93197227393287
2.19468111590281
2.19297198019875
2.08406309397812
2.11392335687108
2.05369918541149
1.6343896409011
1.40210049190212
1.53638704819197
1.40067292484029
1.85002296670474
2.30089722287887
2.25280903653273
2.12863699061443
1.84702132450576
1.33763624541181
1.09918955394091
1.60027105397451
2.15080480317127
1.56085195817635
1.68353737461442
1.15528210160587
1.8979847643565
2.29937778374583
2.13539543539536
2.24466824971584
1.94376512089311
1.28800506474328
1.15481189936727
2.16505675128273
1.61822492543156
1.18736534832146
1.58472675828185
1.67484006182587
1.46563560454777
2.43602613356229
1.76341507461962
1.38479088977872
1.43638515256489
1.89336388311202
2.0891302274294
2.08222177412823
1.92011691719707
1.80625831402229
2.26244132151636
2.17759727188869
2.08413147227016
2.05468066566647
2.40149505046792
2.17520243136464
2.28241252547327
1.81113778711735
1.92939423635588
2.06212098161526
2.18910862992836
2.02275275530245
2.16080412549163
2.38103967082472
2.16150013132972
2.27459385402063
1.71277710089774
1.80940445045497
2.10798463422789
2.05844326909794
2.45271376960887
1.7460823277839
1.74144862218174
1.49878194210335
1.67459734062523
2.01840630186029
1.96156464909471
1.47204914546425
1.52418926493192
2.0987156659283
1.50389636804619
1.94051094117753
1.64388429633907
2.27898484583954
2.04097289028614
1.98439805927968
2.28279638589227
1.86961720949836
2.24412637540763
1.20175666812737
1.30710262163978
1.98707254629222
1.14862641225192
1.22240156580004
1.88269720173547
2.09395512475601
1.12411611676953
2.01585251559522
2.42025254934521
2.4493486123316
2.26047376993175
1.64419272392972
2.4785792024314
1.54128427135899
2.44990238032229
2.45893238364711
2.42165570653671
2.13022642245552
1.67789187795829
2.49547466639753
2.44707125350447
1.64438530738452
1.41997467657409
1.84812081964635
1.6015279873525
2.09638628984649
1.84670510284458
1.73343162668856
1.40014909156697
1.78631443887959
1.39979375195654
1.66067892363734
1.79738382479881
2.00880036075835
1.18817671553065
1.42360776415147
1.37119722372909
1.42401445624747
2.04033700231127
1.81643547920204
2.13018731408738
2.28620114925996
2.21128431851893
1.71289562300443
2.26532210330017
2.22725412867657
2.14394150418907
1.15393089745303
1.4458134849627
1.19133712215087
2.0141993325789
1.24626030413134
1.68641176637739
1.91713471951663
2.13311046388279
2.14947961047895
2.34524502802096
1.71066543235507
1.65506924853081
1.90423054338492
1.73649889935085
1.40155905773787
1.36615774353617
1.5019381227678
1.84213425889584
1.78267876721625
1.22403633085574
1.85052635810243
1.15225208406854
1.11817492117661
1.37156631044726
2.22729828964417
2.32562778347784
1.21475181930921
1.2069066179729
1.16621590991091
1.27804948816903
1.12661133031668
1.7429914710301
1.6734646481605
1.53834502530218
1.78457738469201
2.2169308688239
1.40969242996309
1.59864855947623
1.99195904240255
2.1233972018344
1.26682349423302
1.06362615190719
1.31565229999366
1.9826518306718
2.12382673416684
1.9306703785576
1.3477477913175
1.90709654920337
2.17018579699495
1.59092918065713
1.61281834850768
2.17220246945523
1.75877243701922
2.32901123116373
2.32839173677005
2.29457450848714
2.37926946700528
1.70831745615201
1.48063811511128
1.48077798456409
1.76749756868351
1.87676959428498
2.08984158215987
1.59211817753547
2.402921832624
1.69399257345885
1.94263332389815
2.21458843419323
2.14524365524486
2.00209645721556
1.77313184157646
1.79607931350884
2.36823069160922
1.72824516494345
1.65543649679456
2.10512927427963
1.8843199631835
2.20265055724261
1.640644001206
1.94045793388699
1.86244088839981
1.81761611505315
1.49283237097695
2.01478515001505
2.37112918690405
2.23198076851962
1.6208217561349
1.53468187850088
2.04113187321546
1.8314844266896
1.93246228681271
1.10885210810262
2.22499145159652
2.04611273206139
1.63341052969356
1.42022824500481
1.7750907595452
1.74261787650345
2.13186675847065
1.69127564775017
1.28169844134801
1.24469814144622
1.33722201917782
1.23315607724412
2.32517013110715
2.07304540124931
2.24511119181301
1.9797955404223
1.90570026007651
2.08298462026266
2.39410717851836
1.25692410496674
1.64710564141505
1.78457846311251
1.74485200656729
1.14143604530289
1.92127507656741
1.46673383963063
2.27251549512257
1.94960335886444
2.46882203390225
2.385791450356
2.31136231823372
2.12911715336958
1.87808252047435
1.89876025111866
1.86316434737083
1.19182402794057
1.76858565275191
1.87413006815047
2.29669363741541
2.16924901484439
2.3247567435301
2.39869152792547
1.91364924662955
1.74515127580781
2.03722809517037
1.51717615838493
1.86957985952619
1.52157187849617
1.63396424028311
2.14630728182848
1.89889575333424
1.67874037899271
1.61104093052257
1.33496828620662
1.78976502050062
1.37154014309183
2.18672175022898
1.97295976113044
1.84262785508384
1.64702117606063
1.36198774831908
2.04885226452225
2.2596322331578
1.81056894417106
2.02791153774863
2.37342808173519
1.94685743668357
2.16994553789862
1.43743248256673
1.37182932516982
2.10250636674466
1.25306813871647
1.90231253691967
1.88150965736188
1.22345427468148
1.59739029528152
1.33948491771582
2.13879465023668
2.2235112031393
1.04730032817227
1.75116949821959
2.02677457723322
1.56050143186719
1.39272716584438
2.33214783429033
2.16212667356267
1.89918962695376
1.90130149943297
1.46477536922001
2.22332696228047
1.15470832417889
2.27499705841779
1.44214213419427
2.12247930307442
1.95488775440247
1.3063856937527
2.28698996853683
1.83813966388314
1.99397821334722
2.48565610640788
2.46471737953727
2.24214095510513
1.92277411815193
2.46113861132316
2.49109094904377
2.442500756562
2.45801055306644
2.40942000239226
2.45039253552877
1.39698598798711
1.92670702591472
1.82889274715424
1.57292896276909
2.19492547844585
2.40207790724086
2.34484157101424
1.20915088969418
1.57237174059769
1.57106007129245
1.62471925963448
1.42015916809437
1.99874300904419
2.04438995011222
2.21635365794239
1.36727252324306
1.37736002299906
1.14496866688225
1.42988805468209
1.08398172703844
1.80577860950995
1.2251040631075
1.13527518296247
2.02378348117219
1.99295379022719
2.16510478564932
2.00773352737755
2.15068140417507
2.22780224037069
2.10909313027217
1.37584026513158
1.88885135125688
1.72755060370433
1.99212718005297
1.54850181580924
1.78790804540007
1.67442790142405
1.99955266890707
1.93538590017306
2.38867621044477
1.74865779673376
1.35682826730557
1.14571505060757
1.64346713036996
1.88155104267079
1.83817814494257
1.52765837327745
1.96965016285392
2.14946581298643
1.47182875914634
1.46402994774726
2.34046537087961
1.93805246656249
2.04543985286384
1.77561122671678
1.57922166435493
1.92778791136251
2.08715975134491
1.89200636310016
1.35718440706874
2.06262437373752
2.09121488090981
1.77717991050519
2.19529877728635
1.81626547337562
1.31766373508568
1.81110066832879
1.24466912602109
1.97687453381363
1.51664402722813
1.54738700936801
1.99760150395219
2.279763672451
1.82060674776859
1.67399816766408
1.64128545157652
2.18517659688396
1.6282330875856
2.1842769537598
1.79488967688766
1.30192470114085
1.38050683039631
1.48962537752395
2.20238701051046
2.0593799933338
2.07573473129448
2.12953476501347
2.15102833585694
1.88776197761555
2.17654710075729
2.03489548981698
1.94923216581757
1.73301433510338
2.00089186791102
2.18528441044686
1.31483932115031
1.81188615984671
1.80395589478014
2.29890753269575
1.75759185041126
1.5003044498842
2.22822234321366
2.3100240783127
1.66056642053442
1.99989685514995
1.59339704349271
1.24966499982985
1.68401448596985
1.70090824853601
1.99553137443333
2.09701517751111
2.24681490443573
2.13173534541582
2.38885219677222
2.23974761486954
1.38322134083839
2.0347854927555
2.11599381232925
1.67517121958503
1.48639135730884
1.76099071871302
1.66340790857767
1.24239856911539
1.47743473380994
1.16741661897233
1.14050704330938
2.36862579840291
1.65119183782814
1.56972740392283
1.4323668852859
1.82799240935094
1.45659461937688
2.1873650612427
2.04828061406388
1.59787168784832
1.55489414024756
2.18526148455501
2.02462336066227
1.7766200333145
1.70782208785135
2.06071118562367
1.84074106171746
2.12396219505327
1.81756792649447
1.45855478391781
2.01462683503283
1.76313003582041
2.01674443091272
2.00832983521528
1.88469205846731
1.73300124066023
2.12914419153362
2.02496694096386
1.66314775206135
1.97122109309812
1.30561179278739
2.225511179184
1.84155642763363
2.05907398638895
2.20991216067407
1.4832874747385
1.58778777230068
1.46849922245303
2.25303326322081
2.21055185565519
1.39594016226212
2.05387430145593
2.19466180708623
2.13161872315598
1.32356562497676
1.6726529119319
1.97616978621981
1.86393846710142
1.89471984498578
2.08341163809407
2.02404171400324
2.08155990437176
1.49327028620494
2.26366656978985
2.13145464869923
1.95915179036077
1.31195311764736
1.55283925319076
1.08510857165664
1.53298241536571
1.06249565405059
1.27060586063222
2.13810604173967
1.2464021250425
1.7272430289075
2.24884104025075
1.15958993504124
1.38100756905354
2.46473397337995
1.67816887328929
2.17400300446321
2.19347198928713
1.55473633948258
1.23182053645152
1.40005051519767
1.6158394691424
1.24740000434307
1.65394752794532
2.20939888775655
1.44639106497535
1.58676232006776
1.18122775731646
1.82183311133661
2.30998786212167
1.19185185429826
1.74830780551897
1.62701091284225
2.35594126714967
2.47336123702823
1.70829967665661
1.7469263009067
1.48299462999182
1.49237806144019
1.48079725432688
1.86369487540664
1.81591910295709
2.01039929146151
1.78970284805803
2.15990341780171
1.3719192616176
1.45806690560415
1.76794274621918
1.87365013423189
1.77610436649409
2.21093238538284
2.33971961425696
1.5813954597705
1.19824930390039
1.91730484319798
2.20994109677437
1.31550094421756
1.59121117201404
1.90057448924159
1.88440145025996
1.39827432827211
1.80919747919652
2.14779509921168
2.1718500090801
1.60806158248927
1.71519178569802
1.83292466479772
2.1058756504445
2.10784000619609
1.67305037966634
1.7169259160411
2.14941821907082
1.60124382899444
1.59807536360049
1.62838998541002
2.22246467468219
2.20732134835151
1.95862340421301
1.53856182393847
1.13497753928945
2.21944485572961
2.12366219550877
2.24868050223866
2.33620509258504
2.3624098526637
2.21491009344982
1.80623592381047
1.96218973513035
2.24521413727431
2.24013492013839
2.14331105853941
1.60412740720879
1.78498581631367
2.09568327185148
2.15875420090781
2.0886281168724
2.25053565282648
1.83295441060328
1.62810128467525
2.20305489699943
1.8063879418056
1.78264356443016
1.99398799886577
1.85820277391864
2.29810103164686
1.63742234299942
2.22932952770526
2.03563930744353
2.23009787626142
2.1453032141857
2.1089423399894
1.97824514431267
1.87384316999389
2.20099220751125
2.08541989412435
2.18582290433883
2.22115346463625
2.26198204627365
2.14187688336531
1.4635198716042
1.2769618749889
1.83162223816825
1.81963467394715
2.2174833959662
2.31487334709661
2.26323861888416
1.93372934994402
1.66646860979612
1.73796944874416
1.19209314315596
1.81215049597063
1.45638510359628
1.34845781379156
1.42477501614809
1.84628371391542
1.50488242891997
1.52465303912884
1.92439837639961
2.40521527935885
2.08194842273085
1.32486279511955
1.52550928157687
2.09549795454647
2.11996252319565
1.90362860311931
2.03237818488093
2.21408444843115
2.01746754162503
1.49563117945912
1.19217896844167
2.03494487728549
1.35142765699896
1.4373688955005
2.1263528787961
1.42231831501068
2.11621131815254
1.6726025190671
1.85105617120145
2.35043497182956
2.24376562580802
1.79225859548482
2.28723805679885
2.08196441654666
2.01551993548648
1.52498705273853
1.70790444700548
1.73103986285419
1.65278970889086
2.29845530742377
1.73505806110587
2.29638411526599
2.35744267472231
2.26951967560004
2.12348425107446
1.85033840397192
2.2107327865693
2.35513304173326
2.13928016306518
2.01796684943009
2.39639455674211
2.20312686304167
1.45003095399487
1.66011104812623
1.99194050131258
1.71091404369795
1.58558669783496
1.28229336991191
1.15148914370264
1.49463628043921
1.5978334421979
1.70736016090697
1.42187427441638
2.09349361536422
1.5550859606178
1.96153318198631
1.6851992204771
2.24280131143616
1.77442527682947
2.44390844220493
1.95520918737143
1.89243598188161
1.70520162884467
1.59562192456276
1.95371125464632
1.66936655613865
2.15016862411368
1.69888730448996
1.51215951387056
1.80483358598326
1.45922677167861
1.49904660524591
1.70454658690962
1.84670636845426
1.91367259376579
1.96072246541494
1.64683023102202
2.11253984033473
1.85473589615776
1.6003463327294
2.39428843373286
1.87807623163974
2.10843607661679
1.75134140989253
2.12646224061624
2.30330180530467
2.13143912950434
1.8452245746101
1.42006211267149
1.99699274536052
1.81902095373533
2.15317995553605
2.16566211644031
1.7720632831112
2.30084665328284
1.80419782477786
2.14196157200618
2.18768917619592
1.55842093259238
2.22076537206111
2.1074592718687
1.52445443772877
1.60141422348581
1.88010124482865
1.80193969234073
1.87631772179846
1.86044280064807
2.07754130393497
1.84283715564426
1.96704174378192
1.97671775324708
1.68900119160668
2.15729571051708
1.73785546800959
2.00443551137178
1.75275902032843
2.39926171875475
2.22221036720425
1.90612990519573
2.28747057080699
1.36959183704247
1.76709083379537
1.27541095934137
2.03452681337698
1.85889469219289
1.15801068632266
1.11615410406808
1.97509021048757
2.26095990876453
2.42383596315286
1.64599943530715
1.12396666326455
1.83544347708613
1.79383812722634
2.08635003441943
1.6412103963056
1.63401207196136
2.11528231481736
2.35029964084777
2.22475826617826
2.34591842165173
2.10519312187087
1.74999934920622
1.53457232630945
2.32752740457313
1.89567690905423
2.02122899994382
2.36724371235471
1.70823205743829
1.55162246864124
2.29061919400744
1.54250700216442
2.34498586504194
1.81593372876986
1.9620193808278
1.8472508300514
1.87679676087267
1.85576555309762
1.72662462951303
1.78696544412402
2.03553285669115
2.06585374264526
2.34394467346788
1.3589979300919
1.40729452135145
1.71507542784077
1.34995105270348
1.65409650975227
2.04251756517189
2.17752600453849
1.83861094291388
1.27725128096705
1.26071503441146
1.82485502682552
1.88052008781168
2.31459399976286
1.96028324306216
1.28269625093062
1.52299898361317
1.27434004783115
2.34636234380494
1.8566484137028
1.1245142309764
2.01150560765106
1.84320917098437
1.9663036550238
1.72757366713015
2.17502216733857
1.66779901271208
1.99248354146297
2.18372465323804
1.92902854455404
2.2926746246451
2.12080592852005
1.86870097552404
1.72020465311783
1.97996180827534
1.52855578439664
2.05767257333629
1.13599734770955
1.04258577998758
1.5868571087987
1.75573661164368
1.50467505696121
1.31610847828281
2.12362477603674
1.95053536568787
1.50306654720621
1.26985326979187
1.73136300054218
2.32211866249562
2.17992061937234
1.94705347734793
1.23961821532135
1.66789793068475
1.86930342381594
2.28936050848803
2.07624767847725
1.83080306794854
2.25777255779858
2.46576668032994
2.34827803651733
1.3471263236136
1.90606435429212
1.83314011382364
1.87729075344321
1.529879337819
1.38500549624505
1.2299735511796
1.41295029864101
2.1137061258694
2.12972605386764
2.03755266853174
2.20712778707347
1.36462220946184
1.96814817897433
1.0327345844849
1.35460953295046
1.4676690444177
1.24850128625142
1.23805497427658
2.24079088652625
1.94191706078525
1.2334008103906
1.46735224369925
1.69250137090816
1.77793765906652
1.48154134040988
1.25946129203958
1.52267584689303
2.03288377974029
1.95340191706084
1.59591935426231
1.31326789756512
1.14716625276203
1.07129924313483
1.8523687619235
2.18140462204521
2.25098960010613
2.08871426144427
1.37386300837805
2.33103301706041
1.25518739443752
1.08221181882372
2.02884701458294
1.53644289547679
2.31757822931451
1.42385580355219
1.77139762176101
2.08047584229838
2.07570490056424
1.52592374683243
1.40441647613394
1.68436694307865
1.26694509291941
2.12487807195742
1.93184969052378
2.28223055688289
1.75326618613985
1.88022244401454
2.2316529451464
1.30851821552894
1.65888054887718
2.05067423141313
1.51318207752551
2.05214941963672
2.01089532782328
2.32976055710095
1.96366477212862
1.82063911004746
2.13377217458537
2.29008954081662
1.11970948591294
1.71706739278763
1.69021437260043
1.53532526985212
1.34332385048894
2.17365747650812
2.37782409273752
1.78757541115693
2.02300335071504
1.67473669215224
1.92632595170261
1.67085856609855
2.044102619805
2.33176227481731
1.95321570331105
1.91063554907643
1.67941140572593
1.80924118428531
1.86065209158066
2.02188869292498
1.65205725936756
1.20037788006005
1.9900189316561
1.19057412325807
1.68421810967625
1.78254800338548
1.64262206606225
1.04962325670091
1.14999460425272
1.21982651869085
1.08904777891687
1.39675152460881
1.59511004175598
1.28558239377781
1.48056068420106
1.55557020950913
2.09925683588755
1.80791334139759
1.9932977069105
1.65955603028813
1.26777293187802
1.12564121829964
1.6088121252409
1.51421941661392
1.58961023263903
1.72965690217724
1.54187181566097
1.81777894275948
2.26756772399597
1.270021355825
1.7878433691099
2.30945146152687
1.82666953923024
1.96750703867426
1.59640132058669
2.24974769635368
1.4449004035839
1.6785000648774
1.63166311208115
1.94215758643681
2.20810456211803
2.39447421664177
1.45904886681018
2.37688601371573
2.41594216065025
2.37174584251827
2.234043510882
2.03325834494854
1.41944736316809
1.85341887438834
2.20304181962104
2.3807844440809
2.30144166245922
2.08143223180552
1.40063647274873
1.72274372114027
1.85344930250245
1.3197190976914
1.65095467573626
2.10982899144183
1.84721167297091
1.49553817689556
1.23292892404195
1.71337655480798
1.30203742621845
2.07661796022689
2.33090486652798
1.70125833781111
1.85163320664204
2.08177933466478
1.63163518315903
1.6496029739834
1.36910352851661
1.08711917868305
1.67862049039151
1.90039519565619
2.28329890931536
1.95040449223684
1.84892119290359
2.18063714373845
1.96750032263275
1.12741279134522
1.57720974305955
1.71512332666693
2.31228614571387
2.3989115115555
1.63198785118587
2.0330923661756
1.74026656605367
1.98872142279606
1.14731755049821
2.3964891196847
1.64671498506865
1.78532812488366
1.85759398756581
1.95104194593385
1.78172765941593
1.63387484232979
1.76309213561118
1.84959536286162
2.14672109906016
1.95277271219941
2.10722543677088
2.36606429358386
2.42367451755654
2.37008799706698
2.36277059878821
2.05070645873763
1.42944009948503
1.62911971440797
2.09197779171742
2.2487932093941
2.02262739193746
1.50745411328731
2.09990770321237
2.08777037708937
1.3705245537271
1.99057537389595
1.67544965888866
1.67130008124219
1.89757470213348
2.0519590877863
1.84497153201627
2.10563753128085
2.04930527184943
1.9992377366879
2.26394438691962
2.20194949709083
1.83248084845536
1.56364710164756
2.14072638441372
2.0355467597478
1.71817021682634
2.46861234738663
1.56725332084684
1.2987203908683
1.15663821001024
1.22298505691755
1.62379556978278
1.71733687914264
1.34044303750423
1.57600553135269
1.50181616861667
1.60256116736895
1.74855989215765
1.69485298268059
2.04004053773273
1.49446883195652
1.8627469731049
1.96879647460829
2.04579773439498
1.79459627974879
1.56211082827878
2.06654094707334
2.05781012147148
2.27039956567341
2.04417034587247
1.86057178714216
1.33159338200905
1.15193379254317
1.3104684231253
1.47128106357357
2.13212542922093
1.67236573291025
1.26979183275337
1.98755086197045
1.96108231076339
1.4218741911134
1.91009269988611
2.05645654092375
1.81735727985482
1.41147131127568
1.58909533202792
1.91135521484891
1.44520598849962
1.8824477427888
2.20462707109064
1.86386241499732
1.58687194895737
2.11017327704382
2.14496715832991
1.94028126085063
1.95491943480722
1.98405978396745
2.1468332337591
1.7917588786486
2.32538002561864
1.88214981806566
1.85055503595913
1.95652356871919
1.80546510003609
1.86947402813963
1.58678307642212
1.78840702095005
2.40300985498374
2.24941363653348
2.02062660523561
2.19188131450621
2.39240159713106
2.47915745128289
2.49228832687044
2.42371314382881
2.47228302073255
2.45814801494437
2.09952442447312
2.23664385686446
2.25882670717841
2.40824052854326
2.07054627018439
2.29303717288891
2.20741999822641
2.34193714827187
1.893808619031
1.40698997266222
1.94195035209159
2.11587700158114
1.53063591377893
1.90477270485052
1.53689716624324
1.45570163897791
1.94428219838791
1.30399691115616
1.12002011053712
1.87308369599236
2.03948202768173
1.71669773402705
1.83600439435763
1.45767791062634
1.44699379758733
1.08555360322377
1.26173873875218
1.7835858720372
1.37078682582142
1.130937001342
1.87241132659263
1.14767957670916
1.19561392705449
1.48012277349922
1.20658843109129
1.45201699111925
1.50678952081524
2.21934534675008
2.1568895731194
1.33414624639696
2.07530790782412
2.19297776797597
1.62852471913942
2.02633417906823
1.65924122334176
1.92399831278616
2.0809719920739
1.33379737273697
1.76001843761172
1.39352205413168
1.86386910094825
2.1147443894541
1.76625801476998
2.04239902267498
2.28647033728102
2.04924966848531
1.63694785049163
2.25219647294895
1.71090635894108
1.73355017457294
1.65072855651256
2.19797879916554
1.96194201754842
2.29246666595604
2.39953762319401
1.98813842986529
1.71273877112931
2.44935174473639
2.17204991541099
2.43340604549366
2.34792462141645
1.2064955490697
1.861951035932
1.99756175385746
2.22284792483268
2.0571135000148
1.80563980311447
1.17923112463171
1.40697464406791
1.39855297703336
1.82320814559202
1.71443263277443
1.79820061521993
2.15546876552435
2.27500109061399
2.41679840333555
1.90005148262296
2.33700405841132
1.47823632611344
2.30439225307108
2.48266714349324
1.80435323916219
1.9277498700293
2.22765346700332
2.36432997127229
1.72930530928796
2.2525409907525
1.36339704968301
1.40080067135593
1.38217182292053
1.31817873472311
1.78286932645874
1.34128838296657
1.67445282335713
2.04922443621995
1.92281025364872
1.34396732822684
2.22996445458842
2.22493203933689
2.10383539152007
2.07941913079027
2.13526343856633
1.23047458552505
1.70519845394944
1.87438374197954
1.27478841395706
1.628178118847
1.70656443516069
1.45321267461923
1.91924467324523
2.20125280448997
2.10107930254922
1.75006742317187
1.32842974337899
1.29190341665423
1.42915065474695
1.51769177548215
1.64338212196745
2.16743897799174
2.06613446002159
2.26080259770693
2.40021099314716
1.79965111235076
2.14110171968542
1.7771775479451
1.69406987307463
1.80860652682539
2.07255659106227
1.78353893387861
1.72641912690773
1.97598861124904
1.48252403445457
1.33827302987502
1.54433633925039
1.94892382999109
2.30650177384196
1.88808280473724
2.07611932646854
2.25586415180029
1.46295501240878
2.21598556810459
1.94401331070534
1.87174099602898
1.88457945140505
2.23696396254838
2.20325462017662
1.07970679363712
1.25902268729477
1.93795620415816
1.35714807354466
2.00125061696193
1.63975602866914
1.97312651546784
1.70750742413486
2.38006664890428
2.01418231222476
2.08879172753776
1.67865111654532
2.03747456704276
1.33620603289358
1.52958221370988
1.79333026675367
2.0381651506134
1.91867075317521
1.98316150010267
1.61691370963796
1.67814826989248
2.44454399103248
2.27185135945082
1.84659045339307
1.49220600621012
2.39354429854679
2.31072908827813
2.21627844265127
2.16621362419308
1.73893910472634
1.90068339110085
2.31181504915119
1.88667199039824
2.33567682293821
1.75624943573322
1.35612746916756
1.56187586412569
1.50422167202046
1.90024637299485
2.37144986576391
1.78029055362771
1.63192285395766
1.5461670978943
1.43984600375956
1.56184256876034
1.77150735897708
1.72952124893084
1.50088360590897
1.9319177104773
1.61700119204642
1.53978336910843
1.44136185726492
2.2399056938244
2.06939981588512
1.58354233835749
2.21701164742795
1.34731893333313
1.35473538013895
2.32557663855761
2.22624002146899
2.10702071129173
1.93720168534108
1.99139448427944
2.09710352543533
2.17174568439187
1.35717781815573
1.81700236393698
1.77930232959428
1.91784263456351
1.96919418463119
1.60027521729364
1.77497669804205
2.12691100924379
1.58998521898191
1.619092980052
2.12424830776611
2.02110494855455
1.91708531890646
1.31304945031812
1.83476677907093
1.69478954615898
2.0683654053877
2.37849021785349
2.41500103487371
1.54365033411514
1.97715578082501
1.27684658707856
2.01768698541276
2.13668919931786
1.82287816186296
1.65835995233482
1.2241563247065
1.28944241280519
1.54603097633791
1.91063125003842
1.77619490034394
1.9332581718227
2.15062969931391
1.91641714883939
1.76290871348084
2.08152769395817
2.28297404106035
2.20991298953877
1.40794154917024
2.24935391905919
1.89903846395997
1.28801345112205
1.25389928963942
1.5843334733149
1.63995286286828
1.48210288501047
2.03947877359521
1.71213978410666
2.45337690532207
2.43514393449393
1.25996317279382
1.76807898845731
1.19139005153269
1.90941371237968
1.24329345711146
1.39979003134942
1.52944133967928
1.48091126500133
1.73740800040764
2.02903850039344
1.59258336669912
2.06595978699022
1.78420905361786
1.95642647730753
1.65009188422122
1.73892021243865
1.99342226108575
1.41985164868009
2.0041169712197
1.81742517185247
1.84834631630565
2.18328299252856
2.20978274031415
2.09069977153506
2.12718015139892
2.05591489084541
1.52248520653374
2.25917526789196
1.48009384927752
1.61901399723529
1.80569685402888
1.98464365702299
2.32521257988833
1.86086701915621
1.92632246542427
2.2174719444574
2.13303619971825
2.32973906228997
2.02049402617859
1.74363811981386
2.08407186000539
1.73220543547492
1.82080245479767
1.39657588358301
1.74947612505218
1.87475316239696
2.2159865277637
1.9573667975143
2.21219388675273
1.77427559066021
2.06029165996793
1.93637716448315
2.2129104080052
2.10174811203518
1.89662753476304
2.24564071607623
2.16585727350213
2.22941999574827
2.01449824373207
2.22387389415035
2.45534807315238
2.05087599008097
2.2482730543528
2.2766397291817
2.26987396961387
1.42517447664692
2.42359896079924
1.75522677839237
1.98698492054409
2.36753944674955
1.71087894614803
1.84016372029577
2.09517938670785
1.64740813920519
2.166207485874
1.83476337511559
1.99734778681656
2.4615563235112
2.42966656826887
2.43125530351567
2.38155697227468
1.85186948832548
1.03219128298504
1.17335345546253
1.17185290234202
2.44809623018634
2.48619387896648
2.02982573761856
1.89237503283239
1.92159680953646
2.39507450829252
2.3790567767311
1.89353368077305
2.41386905038202
2.26601006341642
1.20158639841387
1.84060595362821
1.41448757208499
2.01610076162106
1.89373919928627
2.27665769554134
2.35115414014212
1.91548255807598
2.31749686263051
1.70121268613392
1.7405814474726
2.29969667244721
2.4252682196018
2.26504315004503
2.04837600115078
1.47825726780527
1.31979439375003
1.91610975137535
1.46284335685217
1.28923128748844
1.61360312250575
1.84237889078748
2.21257799935004
1.43497799251332
1.78395565111652
2.21699679530177
1.47089968379409
1.90590516039139
1.72160215210212
1.90406074290306
1.59853204634987
1.78166515523063
2.04972318602734
1.91326870195876
1.46377268849169
1.58920129391312
2.06630594624645
1.76196636802371
2.08106712157011
1.33095495729568
1.56468262815876
2.12282707648567
1.15262975089244
2.26178605011386
1.79936960654064
1.25175807542662
1.71759026660206
1.62782583473444
1.10136875882469
1.90725254491527
2.33798175370461
2.44162073203484
2.49599476443074
2.48733327698223
2.26425903580152
1.96362255084876
1.76718611923472
2.16416389276911
1.26319056270629
1.55765136297571
2.2225342287694
1.5997513201202
1.29580504908917
1.11426688845149
1.41297127452164
2.44785695652594
1.83555629101545
2.32989766235411
2.19297415147501
2.05012553128362
1.8466261165979
1.52670060164454
1.83993101332276
2.24770075870729
1.90743272214607
2.32627579219024
2.24407073880809
1.23730072040089
1.51102088939578
1.13939997821417
1.48095798254126
1.4782642467687
1.37575644332237
1.22060387618321
2.31844750633628
1.76848508037101
1.2044815670813
1.4406611454683
1.38022021175595
1.63762050277758
1.39449698266243
2.2252008951558
1.79438980779907
2.37222993015072
2.43640038357154
1.13968607623673
1.30640078707684
1.98426274004465
1.34045331344973
2.48643576012426
2.41830885792418
1.41320487877899
1.40520285475572
1.1536444536646
1.71743059950443
1.038780575647
1.21834813369312
1.12629952299082
1.58879539516866
1.26372134699247
1.64737735328846
2.20470605944474
1.37225355249844
1.45987483826815
1.44484268436672
1.08612039502572
2.14086233272582
1.70254019651655
1.70367452792451
2.03775212048452
1.60142630712427
1.93406542314306
1.36847104038438
1.97880310990985
2.32641230430787
1.7880959914732
1.28725176854345
1.6257513700037
1.1865831638914
1.97316149544466
1.94929166826227
1.31018464574686
1.23576974810519
1.45784482359504
2.38982033573718
2.27076330460877
2.19349271799238
2.02997965656127
2.08782905201187
1.54391448947408
1.6154100399255
1.99974385057451
1.96521226259267
2.19026710206559
1.91140681049969
1.26185856616415
1.23254039613014
1.85704783460756
1.79998337507633
1.41983326769887
2.10707057458102
1.32407982068033
1.45146232426635
1.08568175261676
1.16342256692027
2.014867623911
1.75418634213047
1.03594773602449
1.12990814715475
1.35012600096012
1.17741338753509
2.11591736355293
2.04952668921069
1.66665252245305
1.46551154297105
1.38362841568251
2.04523116257412
1.50945119064144
1.48568069912128
1.87893190032769
1.99583281298548
1.68792716867583
2.43485194950607
2.08811155965842
1.45001028832962
1.17165819813141
1.55726914548265
1.91150448719242
1.73508841569445
2.04245257128565
1.90249987903956
2.12768936550986
2.23943097854721
1.91405102701777
1.59633859321977
1.26975523200631
1.76407770862436
1.7849519028977
1.28879263768371
1.82709882835333
2.02448503847618
1.78942771918886
1.6688309969069
1.98196657452965
1.74561925567284
1.96691829103003
1.63453864709774
1.66097976302386
1.79258121701033
2.06224047336138
2.21475447737357
2.27462296823193
1.53678266855652
1.57526126941533
1.80885717045787
2.40840099231519
1.96089426746952
1.5142557077719
2.1212224542184
1.49129469460593
1.21531566402149
2.32034397189747
1.39229414817054
1.81380850157284
2.28112662989783
2.19306610303979
1.10221603692319
1.57237683233471
2.33987986042517
2.26863785547953
2.32421235715935
1.96006110860628
2.32969262027768
2.21506114156041
2.38350633331044
2.40992011190538
2.40141816861838
2.33062202064513
1.59425451685362
1.83202576544979
1.87265977943477
1.73737368821085
1.24859417793841
1.26391743210367
1.83245090680698
2.1852448853847
1.30459235990898
1.97629560507243
1.14655336175417
1.90256294607337
2.36346359816894
2.45530405063429
2.45489899907772
2.18099065900157
1.38019360418711
1.14373530813932
1.56539468268291
1.93049858902005
1.66200051189704
1.094152527435
1.01710174497391
1.39205118805177
2.46982809973659
2.44594108622096
2.40596970451985
2.42300515194118
2.2273497890991
1.91970474728329
1.41021837816474
1.15796779343164
1.78443958590821
1.4825928606187
1.19736493900832
1.03657798263003
1.53395412993623
2.19847085339888
1.62012399473218
1.81566754369123
1.82493680689359
1.56845458434372
2.18567974461348
1.59548154190854
1.77175946904443
1.19346670719723
1.27388311279961
2.41138251866351
1.97602442078845
1.60232360421114
1.81541244880794
1.27284515254134
1.31324423654187
2.14342843271673
1.38307743101656
1.17625285717121
1.62616255723374
1.99598700977255
2.1639625950464
1.86497074675835
2.24864431898074
2.05596771644752
1.87528568587279
2.16717223494876
1.83637969033753
1.76913866352874
1.70822622852638
1.56874021397434
2.14685870693722
1.77671498320909
2.07237365028107
1.82121954167531
1.5555929263301
1.87504838846142
1.41281567838888
2.07986575503708
1.84052472872669
1.70675817594823
1.47380102504708
2.32165478587492
2.20799050777456
2.19079963166137
2.17916236384958
2.30405903370859
1.46335997822328
1.63021630489632
1.20029041298691
1.47415613788428
2.15700682185033
2.09057103951879
1.89055433051172
1.2124205472191
1.76200286671302
1.48887791955055
1.80792385113079
1.44695447120121
1.97784592504849
2.22572144146525
2.0584897188676
2.17054189354494
2.25505923959595
1.40301659591899
1.76922055327729
1.69281583572361
2.4012246824851
1.90905213974169
1.60340328944477
1.46237626350287
2.3435005875117
1.88825961271549
1.89038100175391
2.1787404196892
1.83392147693328
1.74680318824031
1.89659667794759
1.5127604274586
2.00481902105239
2.08561840663979
1.51796702260207
2.10869729931324
2.14084416811125
1.8248825954896
2.00141409857579
1.33603536598644
1.14140967579842
2.0980522686517
2.35504271561678
2.05827494979324
2.16183717986162
1.90971671504432
1.60469245667596
1.70242721852202
1.48707803589049
2.24390962776761
2.02449975988124
1.95548902156598
1.91422137250546
2.05091517824068
1.23641815324339
1.09282944314247
1.14160156279747
1.91836950641776
1.27162541460443
1.57276712538399
2.36326053730726
2.11140290611845
1.39998755047385
2.27660019103976
1.77240467473187
2.25347195830833
1.42236803349032
2.29322904055118
1.70358844610915
2.0547488375058
1.96069896846288
1.97549763852592
1.84502925033448
1.9414904274058
1.65529460375329
2.01036150302382
1.81455056979016
1.88992716517271
1.99245722282375
2.05061828649939
1.4011241329975
1.29671347661914
1.23380009193055
1.95161952243736
1.61783800745896
2.08721288663072
2.0902912917821
2.20111097524144
1.30192146590643
1.80732468306888
1.60231505571121
1.74576923093083
1.54452069681551
1.56979684608811
1.17853920769177
1.91201076049174
1.78101382542623
1.65006690384269
1.77948486502471
2.02057093666435
1.86212653025124
1.9976397307535
1.84040140494661
1.79071214494596
2.12326595566603
1.71880962040088
2.29043247788845
1.58076085493193
1.18043483175361
2.35488102593577
1.80870638225962
2.25281379733084
2.36509969676635
1.40774839719492
1.81484243277139
2.21614100451797
1.93296616683984
2.02772848373179
2.40225915196183
1.6512103430028
2.07748979485951
2.06586667740884
1.75723085054802
1.82544411335926
1.46227004851205
1.39793727365041
1.332156495701
1.31994185658821
1.94440825734369
1.6001254803848
1.61607484688327
2.36566076887618
2.23091498951779
2.21362527932673
1.8203249614267
1.48786773395815
1.83717599820589
2.01560747067976
1.63887830027171
1.77704102963832
1.93062226171472
1.7330381046759
1.68032017256068
1.22573032369795
1.44359823004407
1.50733027275112
