1.2378
1.89887119838078
1.43545531778649
1.94375899001096
1.13628643534783
1.26796392535119
1.59629355531675
1.35458660229228
1.1256697057531
1.89641285296062
1.39305300415415
1.33532116751138
1.43362515838123
2.12345910455679
1.94264897698568
1.92914919805895
1.53707927227281
2.09663166791575
1.41467914629517
1.22021688424588
1.73456483867417
2.37066982026825
2.0296477762411
1.08598640079107
2.29479649138488
2.13952116193657
2.32955816767995
2.05885022098966
1.06715923514129
1.09403253173106
1.02780178984023
1.00318643056741
1.01188051392192
1.50833986763293
1.12698539705011
1.51338673574847
2.29024666163991
1.25199055639672
2.26998764140959
1.28379220048896
2.38570020932294
1.91799247965679
1.66389853169393
2.09121712719457
2.17645168891971
2.43570713981636
2.107718961369
2.18394473817985
1.98147420289247
2.17075686447134
2.42544522150376
2.3960047147961
1.92219606437558
1.9978104042828
1.74876007604337
2.10587310384326
1.50851343044744
2.09773468854603
2.22955262789653
1.70958884742253
1.50510459526249
1.17082129255466
1.38681979913795
2.37741691182785
1.55293205013314
1.54842596402736
1.81220840521753
2.12639979691023
2.32241428254767
2.40611854332192
2.30217033656929
1.60328850014316
1.57191266684749
2.07403184678736
1.98790113956526
2.31327529283718
2.2067466543555
2.321712375057
2.43170091405731
2.10180934402494
2.0061693963664
1.82404876329701
1.94314445104279
1.69301470158353
2.06974534219466
1.98075224838025
2.3009871029099
2.32470270533278
1.72647001005468
2.19606604083523
1.82778464803232
1.63035363312975
1.6018444065038
2.00070823554479
1.53825097161026
1.28688957944487
1.0374031684784
1.23874807518052
1.20451547134532
1.57487001003485
2.30737619326673
1.70840562302398
1.97758806613985
1.79512385102623
1.53747653726599
1.87941212548032
1.62970683304269
2.33460301741614
2.45226564395152
2.37798993429765
1.79594653152478
1.81927505014953
2.17492368496448
1.99190765414201
1.62369038978761
1.65710414428267
1.73968055905448
1.51557482061358
1.69060607458628
1.24969645481264
1.52489727718388
1.3083176632957
1.60809905558894
2.19545606494124
1.71917248990822
2.17065266350524
2.44553945986946
2.43069691617103
2.36097706879077
2.08559422464991
2.40056717297429
2.28450051947903
2.3891137472509
2.07284012264908
2.18037949548726
2.27928484597921
1.82988118450722
1.88487067606932
1.97831763701295
1.61433149659492
2.33442528849458
1.17315543053361
1.89468221995958
1.9474304950868
1.35258823928506
2.31726847762946
1.87991436543197
2.09263090152076
2.39259314372234
2.14170077906214
1.41419548759974
1.8235940253261
1.70595777946557
1.99870470362306
2.2857113333324
1.92196320443209
2.01368907435624
1.94015897208663
1.85896749839624
2.03686895130358
2.42694275700629
2.34065855771991
2.0984419587977
1.96693375751969
2.41401296260413
1.71269579015468
1.52239495974447
1.50901582777299
1.85023162847417
1.6982672351777
1.79568217460925
2.07148514625928
1.92109309567736
2.0179681253649
2.21687925685422
2.35194894956057
1.94629124548941
1.74275275138291
1.82134025283002
1.54100680437675
2.0399059262387
2.07343257303622
2.19387387566849
1.8390845866985
2.21929480996898
2.04258439710105
2.37466100936297
2.23202921239911
1.38719437531095
2.01161690541237
1.91763751000487
2.11237699043673
1.87634447348191
1.83018389800196
1.434431165415
1.92764501231549
2.10880860551497
1.90016850663049
1.93972748458562
2.13128191846314
2.22620614664094
1.92606310209813
1.76366363799244
1.83028378821676
1.87410563657019
1.78241780785697
2.21724953946302
2.33621780496637
1.93499043964705
2.29482950399363
1.81203635492073
2.03000046219582
2.01124644108026
2.10317978245566
1.27610283291777
1.52729977946451
1.6156569324398
1.75242594445235
1.90182222645212
2.01088921061776
1.97461639964112
1.81309832148731
1.60251428989686
2.28110752285798
2.07553493682934
1.76059585370346
2.0019958716278
1.50335712475078
2.14758961942677
1.9025137757294
2.29460841322669
2.15233142028123
1.72614506994958
2.26239632671028
2.40319694559916
2.45868381189577
2.2717382368684
2.10465184564381
1.96044834479708
2.23952402434276
1.82591635374093
1.88879282264828
1.07883160383882
1.75475740602807
1.69542365737946
1.89031111710148
1.6763786055846
2.05339855892132
2.02047721200887
1.49063430569552
2.15535840846386
2.38398447281399
2.36576114582834
1.69454129136172
1.90690562637735
1.93901655695767
1.80421236745268
1.83730157216031
2.14210613105433
1.9184440683149
2.12342972931915
1.99847184564059
1.82114772101798
1.45825685960327
1.71920773646831
1.61102426425773
1.34232558915408
1.48471293593612
2.14468629315006
2.37087889800092
1.82383348302309
2.14447728261945
2.3331181746431
2.46219782215353
2.44996623611392
2.29511371326429
1.63353393909429
1.3978555480919
1.36902204416522
1.86094104212907
2.18493593746329
1.72544978120592
1.30433854807474
1.98134631278237
1.95458088552076
1.78258902298834
1.28880431004663
2.03936251661704
1.5070267746747
1.81882736604679
1.97399559123381
1.09668508712934
1.27118683451782
1.92246439000904
2.04191573558555
1.67641558700857
1.89711166393564
2.15385235931673
1.59525602265487
1.92083788466648
2.02915258133999
2.28701244283984
1.85638411976055
1.69557994798016
1.54324592535042
1.88842956950017
1.51223629980004
1.12726198671975
1.08147940836186
1.23906153459023
1.19751127126486
1.46839090647588
1.4562344849905
1.32126458602445
2.09518009948508
2.01711841355887
2.07729500015664
2.06097725575286
1.94268780777984
2.21266919674649
2.19305000281587
2.18829316534203
1.79742698368742
1.84842395751867
2.13883699842079
1.07142606160636
1.24604884709401
1.28397812123121
2.02234526224215
1.80598366949291
2.04147779105284
2.14447608259364
2.15228751098176
1.62065356047014
2.29890477565797
2.08891539102059
1.98035899625405
1.47609979384272
1.19553996993298
1.26677379888974
1.96009414085655
2.1390477598003
1.21507766717498
2.05942435257403
2.08582300412434
1.49864111476635
1.60824232011172
2.1847620706786
1.76914526006409
1.86883375756794
2.05655224071926
1.53338119213224
2.25045922884995
1.60116417368088
2.41541030035804
2.16871409635952
1.580977911099
1.29709154052239
1.34470638258292
1.86458081720897
2.27465151014771
1.63301920049363
1.8995165744995
1.98939436037991
1.99734572254977
1.98512206051432
2.05206957991008
1.99315588880653
2.35671526943264
2.21087011234737
2.05101364656507
2.11040128796844
2.0785251388161
1.74576847833307
2.23111031662593
1.67729759871309
1.92027004987871
1.55972941245542
1.79411442934805
1.26784764443351
1.54165542019698
1.57039382184284
1.96932063902233
1.63695411542536
2.06459469299143
1.61207449196867
1.73766519698165
1.35199623787459
1.37607419212125
1.17476716437488
1.56968702865751
2.08842751543946
1.39598433746479
1.50621200256099
1.55818928352
1.84146979413644
1.83290848736554
2.21853842479327
1.71464591958775
1.3163316948008
1.26554930811459
1.43435231397118
1.77174891379819
1.04167594003461
1.6214169540376
1.64338164914605
1.82569156228769
1.07047698135136
2.0389250510331
1.14014567635749
2.16111279979457
1.62809766541859
1.36262406152187
1.3748307220949
2.45320219601338
2.0076188928977
1.96951143710804
2.43935133397026
1.58173699604706
1.89561313053369
1.33507410834667
1.20743754782068
1.55006874953353
1.23707791759381
1.5658474822073
1.7521623692513
1.34630560531283
1.61809547939693
1.4209619099732
1.57336790836458
2.07517397905747
1.63294686317694
1.55608359074573
1.93819422669188
1.38861527745013
1.66131794935849
1.35866618704248
1.34229063976591
1.73941228638257
2.36687882363277
2.0637466225544
1.57622608246344
1.89859042911746
1.15446560970839
2.0045365858419
1.8487910962417
2.4332656003636
2.28597619910383
1.3394838958523
1.45961403447023
1.05921996584492
1.59233181272055
1.63202601009777
1.20267109167969
1.42151255634366
2.13548791067043
2.29567945314348
1.60607421644863
1.94099935752956
2.08091111133701
2.32974218277675
1.88402847797286
1.92837946158589
1.94680286367866
1.78909791748822
1.73266058019182
2.42173107494691
1.50832147370599
1.97888371142681
1.73078590746518
1.63745987578762
1.53400256008081
2.15832467830563
1.85667258674372
2.09983287019818
2.06897744862765
1.51954811983204
2.04911955342739
2.09892886911019
1.9212569250322
2.32304505437578
1.92090486730444
1.89923290563067
2.14349279724824
1.69518087061631
2.26026451990019
1.94399009245068
2.23988844536793
2.30660985410413
2.10213985432577
1.72610366888228
1.49092613434542
2.25975123116777
1.71496564789548
2.21373114902298
1.64466004968149
1.36880672194584
1.62643232379175
1.78673413868938
1.45359528319221
1.53812079430048
1.12890233466953
1.36700441211649
1.63385381031233
1.10182579544982
1.51292568938703
1.62224811424944
2.16870027591145
1.43719254371786
1.35848843132217
1.93914112124766
1.75622163924167
1.30234249803389
1.75411408256837
1.28674789401951
1.6817792192828
1.88993741863844
2.4395599629201
2.24194151203384
1.65888476769561
2.22788675763837
2.19605901862525
1.71883019954497
1.93491110308481
2.32430181192462
1.74955898048634
2.3664048263522
2.20635001097607
1.18317261168813
2.16553377893351
2.10296999016311
1.74174230352321
1.57014174920993
1.19279316069416
2.15627830553043
1.6286996533333
1.7748745093599
1.80655647803516
2.14515638872658
1.62120813737822
1.81053172976233
1.72800133257289
2.18462125442129
1.96765336791482
1.49140172139746
1.90470584036686
1.98790898942412
1.65852613169063
1.71570676417407
2.20326732527605
1.48163332621759
1.74480210359464
1.27512588740852
1.53248860615176
1.66595029375862
1.26415399832846
2.10485856106857
1.46305763219844
1.60484096134702
2.12825972085446
2.00049652783927
1.77786257771895
1.57400260964877
2.11079633671453
1.45324399281881
1.95221682622323
1.72786984906401
2.03156106373114
2.08726930749111
2.2932184486955
1.8410568609877
2.18259872860897
1.47917851257409
1.52805288142374
2.0459060336707
1.22566751252112
1.60806306708889
2.11403594056065
2.40858600815585
2.0121018492321
1.34686219342345
1.09303738691086
1.05849702244966
1.39507728573235
1.25802205477814
1.20059604447396
1.5177292229249
1.9798707193747
2.16299209738467
2.14480563134608
2.15595330432509
1.66334188947412
1.36353737453875
1.79224300041221
1.18331591369487
1.938809955246
2.45959388347337
2.37479303652765
2.22572823074544
2.4531997095173
2.39884290736253
1.63338663492051
2.09550077826363
2.08067357680893
1.48537130295355
2.31340302151863
1.72222536265363
1.55476215927825
1.6917361794745
1.2525021510885
1.70868242900329
1.36489368217495
1.54529783567385
1.91369018934818
1.78426637864556
1.16859821379792
2.02937473358426
1.30523892315406
2.38975892066931
2.39637938764107
2.14745122065106
1.60134154220428
1.08450188353055
1.96803123724724
2.40236937259432
2.46815588539576
2.48531280477006
2.26463302188336
2.2770435137668
1.89949622550108
2.27073069665065
2.38072254177622
1.9418641175202
1.2153809617914
1.04194660121828
2.20210142208412
2.26269008872938
2.41367554691785
1.98903656222423
2.29127026845755
1.4505191273238
1.37257423909464
1.53314837825271
1.48364817534524
1.77409629945343
1.55563698866252
1.75576481860711
1.60187249815327
1.10872295212439
1.99333024207254
1.87297334503375
1.43604532528599
1.14471244825884
1.94556540808676
1.28131442481858
1.08033226221173
1.72312194495667
1.37643300660113
2.00887743282244
2.25894591743211
2.44302691704026
2.1945827039028
1.95989306482583
1.54258577968287
2.14124445871206
2.20729136171994
1.53664903184377
1.44271589802504
1.61303093901637
2.09542308934163
1.73276249173011
2.41601636288365
2.17198670481385
1.42822499230662
1.6341947666544
1.23383792810861
1.61255110231296
1.2201822278452
1.29298388690016
1.95054445103049
2.08996909762533
1.95311789299693
1.70159936844874
1.06007260491253
2.16887675800629
1.78472655191709
1.47716461243692
1.81587680332639
2.08561999680754
1.35470360582606
1.62170293631252
1.1315964175931
1.72852417531606
1.62098609081112
1.43968526534957
1.43282232508162
1.76897730721721
2.16513701130945
2.34076681475618
2.49324144953324
2.34631426636841
1.8914441865139
1.24176860454422
1.9862765143736
1.7307840973555
2.28472280004144
2.40120031404423
2.4735333702506
1.86413436329806
1.12578252454013
1.05346844721765
1.07485849149162
1.00865235420815
1.2779235100225
1.59233999399555
2.31965159841291
2.07560794206718
2.18904775413157
2.15915419626758
2.24311667010865
2.25817056413927
2.08307927904272
1.87702277159016
2.38034285743907
1.93310077434912
1.5774699479683
1.70019574436591
1.40868958321795
2.31224374871567
1.24236109566279
1.13314557411614
1.70025343963255
2.2523987179735
1.37310210333629
1.19736091117074
1.69284518945116
1.23364888325647
1.32794327058445
2.03639592456834
1.78785139698431
1.71251797446423
2.02977422723306
1.78867361102434
2.0177402054327
1.85759340616153
1.31029104654763
1.58183436681808
1.92603497595787
1.90945577960027
1.49409416076574
2.23948472131708
1.9159167329803
1.84510866997748
1.82573745289475
1.32429104675194
1.57257238902861
1.76510083273488
2.1390944724485
1.55641753453573
1.76811148142094
1.28643033889788
1.93807920182821
1.77259223953997
1.44815955278944
2.00786478859238
1.31018924504081
1.33551227582341
1.65473058786005
1.48198502327817
1.91276150468786
1.80909759249884
1.6357413843425
1.82844382301288
2.17190076463559
2.29785024744015
1.96489213099363
1.4056270856093
1.86986770390622
1.41251489579672
2.22875408911494
2.29200815154294
1.26631645349683
1.17084771989416
1.91728113189411
1.28917715070689
1.71166645100052
1.80142003305183
1.67137321054654
1.34436829420635
2.00421010963065
2.03130623902393
1.75343095710867
1.5121062471725
1.70380512214434
1.69993227626107
1.48255522602385
1.5592064214759
1.17555786346678
2.01336861751886
1.95955234043884
1.5523908706112
1.08734471849532
1.12560199571825
1.71000812904753
1.27981341749142
1.39637233852238
1.83162142639392
1.66564853639332
2.00909521346638
1.3800331938353
2.26588378719396
1.82993392557143
1.79634083089017
1.99669978322323
1.69642682667321
1.8403133197177
1.99861003248368
1.9012153494639
2.0295557721167
1.58745418333855
1.55433941007082
1.49621408498326
1.69602356447429
1.65506888738263
1.88370290100756
1.10605537845389
1.43177870188818
1.54800032385409
1.75244830958952
1.75057248988344
1.73407097124074
1.85936721460947
1.48561278180606
2.16668175655489
2.08310891252087
2.2270327619132
1.62824702317063
1.36035458160516
1.94464525679172
1.88372152605984
1.59461877366464
2.17432167108767
1.8585104315173
1.87047376953163
1.64845999788986
1.80590003585337
2.12674616089201
1.31751089257971
1.98274827355526
1.79473828541979
2.00643436851146
2.00520539694748
2.05593059576582
1.78175118392698
1.9017363380766
1.72012779657255
1.58124607928509
1.45312699513135
1.92784199905143
1.63759696798374
2.32958797225901
1.49655824647675
1.62387354297048
2.23233555629481
1.82112055003456
1.41955680714404
1.87510587604273
1.74343503697593
2.34624401722172
2.08509397450081
1.47409799267266
1.73887392270922
1.54948133767985
1.97640326565185
1.8246551453669
1.99351910805512
2.07669184346584
1.85751542969111
1.8567269706775
2.03419456736153
1.95853539315811
1.60893162872045
1.92449455792328
1.69979518891937
1.86624170943127
1.95433820544053
2.1470994447635
1.47696179494387
1.61117535575263
1.25331321189526
1.84700298512271
1.76279638704322
1.37760471431349
2.37681556108481
1.36389077038111
1.25185930795128
1.25275753321127
1.94030461978794
1.8010099013295
2.14633684574423
2.00702405524347
2.24286153752687
1.85304893947647
1.7522923280951
1.44439275506228
2.03922914317763
2.45912268179217
1.22884106144754
1.17187850911831
1.10976951182575
1.59641092740032
1.2053914476152
1.04327859038055
1.00678099141208
1.75044191392118
2.02533467971586
1.84956013777711
2.28897138817888
1.39806538990483
2.2889946754863
1.92290368370244
1.8327709760367
1.16577382902814
1.36147922977269
1.06210879743984
1.16739639363112
2.13588156565984
1.04592310953782
1.29829921989813
1.47692080244267
2.04981070743764
1.25607983539304
1.33357415221316
1.34904527024788
1.39804577854044
1.10277714714743
1.02714069050065
1.0538320300462
1.3056494305477
1.86371741690279
1.23306105883695
1.14195391418812
1.1623212776303
1.17977550330218
1.36547164903957
1.12977309092676
1.1021364741375
1.09153002007236
1.14924875295203
1.4494495235237
2.10961703765314
1.51879559909485
1.74894038735828
1.32189519192575
1.81319119698067
1.75836638354074
1.8453178223689
1.55630856007852
1.68566759478009
2.19044484758766
1.38814816088031
2.02587409885613
1.49604437248882
2.10826704039668
2.27162274063051
1.70801738695076
1.6653635678585
1.585968387913
2.02933676632529
1.32056751076488
1.71433451453875
1.22794096866731
1.97876122840663
1.23193513086961
1.93774479291475
1.50632925189324
2.30721536347998
2.10270206668632
1.25840121377166
1.30081116929214
2.08765972793529
1.5801780806573
1.57967370215232
1.61631699481893
1.55958732819936
1.7237954517464
1.94489482996371
2.29809828111208
1.77522784442512
1.21340410033671
1.620718645644
1.87399511444545
2.06199712450445
2.18177420406064
1.72426743229833
1.63427539740111
2.4380541841458
2.02095135239835
1.45801091634141
1.71113380523953
1.6845125617625
1.85977438283146
1.64086587880917
1.62148129280144
1.7980856871168
2.35181724978055
2.28200210281698
2.06062997448467
2.35815640480915
2.24209213161758
1.53053453919615
2.15740421888433
2.3165268998973
1.81323855535002
1.19262522926282
1.11665430294626
2.05509095494501
1.33493763915306
1.34549114038961
1.17997587059852
1.66536564654013
1.42890920762058
2.08723253396669
1.86265338770727
2.19317845120082
2.31548799551029
1.40842436001936
2.03579466737143
1.76257635464226
2.13918429105348
1.79210228636404
1.76634348828172
2.0927346346328
1.44120515045949
1.87578512200691
2.19872231208424
2.42586737945432
2.16032751454655
2.48447088444745
1.67431920552932
2.4549757124052
2.40051786587984
2.43258437161271
2.25994889767081
1.60260102687923
2.3588857812841
2.14102715218854
2.15493357271219
1.69738289354693
2.2123812381442
2.09804718916888
1.48182052950653
1.30159383359447
1.28685641949443
1.60323128682299
2.00803966531588
1.40241490394907
2.40311461374844
2.13757531705586
2.06332676240426
2.30921933188441
2.2943728032836
1.83128046339686
1.47261780795237
1.66050985305986
2.11979122083131
1.95850728176206
1.7892072005305
2.290591000003
2.31243697187748
1.6481780075487
1.63709040886918
2.21532623238616
1.82761593456746
2.28306332365974
2.26149072829435
1.52786838728428
1.87064098843875
1.72730078308382
2.4195355926111
2.18386531800487
2.26643164018415
2.43983029126892
2.38365718853889
2.1306155144764
2.3569294357393
2.34424898409068
1.63453258132455
2.12524535022168
2.02011340145113
1.72573580170166
2.08012584265532
1.62242676743228
2.27469114813926
1.97397653965058
1.94497074930281
2.33292377633085
1.45388009289913
1.1995841673875
1.54216002334467
1.22666479170187
1.35589272666581
1.25504950742655
1.03023715029983
1.68487866397664
1.42084548494473
1.68724081802798
1.07654592944971
1.1699279305463
1.01799093047829
1.16250569856385
1.35441951099141
1.1527497510888
1.72981333812607
2.2406556362946
2.10524804533836
1.51644590806661
1.66833758028706
1.91363439523236
1.99110319087831
1.28546201357272
1.37011124951453
1.9394120514596
1.69402130783061
1.44978660473765
1.34550474915183
1.56697711019676
1.77947739192065
2.14883325970594
2.2481869560988
1.73793454132774
1.9795207181851
1.51032808533151
1.82750115907464
2.15085977830888
1.68464649181789
2.05521568049221
1.94336397691312
2.16551682700255
2.30220433336581
2.1771423668998
2.02959392394942
1.71452165574109
1.72451951815597
2.12129170987757
2.34216197834521
2.1482772008558
1.8563417927039
1.97785465149121
2.21805870712815
1.88465416569251
2.20811039402317
2.12505723810102
2.21096161663983
1.70848122738708
1.9166878299958
2.30557246940478
1.95698242805222
1.71172114883225
1.87718656781477
1.91530857896907
1.92447462206235
1.83383460915017
2.11286254796326
1.12259831841897
1.92721703837395
1.59366314985433
2.06492584321663
1.5456233264108
2.3000059909981
1.76005769581077
2.26448961405407
1.65954554461994
2.26875431945604
2.23328234878381
1.2779111931898
1.27927314649862
1.44280453209605
1.56952465417114
2.24384510102582
1.68576797614979
1.65361821988522
2.39494426447933
2.10138562889254
2.34061159744856
2.03132110865758
2.25106947112041
1.549622552927
1.61805459083714
1.5919515659253
1.86958442799309
1.92442537830799
1.73667838155028
1.86303185296489
2.32998720111838
1.59268087926179
1.65396921170242
2.42349163246625
2.39456228793032
2.29742821905031
1.42410451741875
1.46033294914432
1.70264307804892
1.41304623910919
1.93963535498847
1.80050283935806
1.49908755315117
1.84464635445244
1.44922772611205
2.00464751442978
2.36091839627954
2.2770946973619
2.14530341411524
1.97303152618909
1.24618456535322
2.13658685673187
1.76602625012001
1.3614143109981
1.29767786618278
1.61584557657224
1.48759070044938
2.00431761111804
2.2048819853923
2.13951478049031
2.43078868752963
1.99100787638662
1.53945963564398
1.53441761636894
1.2917261481319
1.07434686461383
1.07120004603567
1.26978743783495
1.49128392002504
1.18038184505146
1.70317357704893
1.49261968449021
2.24851261541041
1.72303871894683
1.15585770613118
1.61640486255208
2.17918941062697
1.71909033592885
2.28169861229293
1.10841978357921
2.3636948819818
2.38237467301261
2.46349643516866
2.43903801779471
2.08707465651682
1.14521700476495
1.39719035300082
1.29875591108834
1.15375912620049
2.35560545852748
2.42282343584335
2.32100339154848
1.77051766944505
2.05797141480321
2.19902579757362
1.32946608966207
1.60585728520069
1.88731045274942
1.91575059452531
2.28737806259459
1.56671096622158
2.38945240042413
2.02115946339462
1.51671400238926
2.03682729671857
1.94617898783073
1.44851142084564
1.489735578775
2.10333408726438
1.717091309785
2.08538192129474
2.18599355545193
2.11738610390364
2.21220033398744
1.76138528319993
1.31596471308158
2.14328664449653
2.45463040900723
2.07618595560934
2.29641841479191
2.41521467463932
1.35949220179135
1.58912851873028
2.07996197649555
1.78346196404964
2.17854856116989
2.09177078083657
1.54213283631934
1.08327738223985
2.03574980227396
1.15116587187005
1.63011960183908
1.83670297748368
1.94278254512074
2.11892963215583
2.47456263719017
2.03843859891029
1.72789271002364
1.94765539860268
1.85434887005388
2.09320364961679
2.08382036835932
1.40231214723049
2.10362956379916
1.93743335256257
1.56691283935219
1.7099434193692
1.87346907376765
1.90978389780273
2.31220763029964
1.78321603590538
2.41698099048444
1.87405386824086
1.9579431142825
1.82689538516264
1.82537763067313
1.80588503241465
2.32295018474531
1.85086097671903
2.19182102200368
2.24071702462966
1.97065976941032
1.68671486373511
1.10501584775023
1.516207690149
2.41522292534122
2.28399653476758
2.41407336286376
2.44456395238084
2.27190564868213
2.33542750543131
2.45717404823377
2.32411792331
1.92269929594437
2.10433377000169
2.14136087467776
1.77498479425411
1.36476065034912
2.34347285312831
2.43201427602233
2.28585959173648
2.22315731501182
1.63427584186096
1.89598634179935
1.54967794017022
1.18455850571045
1.42548378153985
1.65320191450826
2.0709507933003
1.80841402698536
1.29535114537787
2.02658637469679
2.01333087437659
2.37528678727159
2.21824351475397
1.12275186264182
1.09923386752578
1.79302629051507
1.57053490646746
1.16777372513168
1.37450469430293
1.58574305318948
2.22560035842128
1.99604194491068
1.98456195435531
1.95905454845223
1.39462033140609
2.18351823175838
1.27883532843881
2.16027069291549
1.54629917760918
1.55374264222341
2.18753100101711
1.96795703184936
1.92461662786221
1.49596904469626
2.28032883541248
1.47916591445781
2.03148728001601
1.87181882056136
2.07492105865339
1.78296077230858
1.99271736657043
1.29613488869362
1.8457958057851
1.78760177796083
1.69463888828424
1.1304569275769
1.3258745763999
1.96086274823236
1.90629020110899
1.9591717066119
1.68201006559368
1.59752555557741
2.37074041441008
2.07451017537113
1.38385676838088
2.1023692270174
1.8104714136619
1.1376478302732
1.09012983083071
1.27987140465732
1.43058475570942
1.768955161743
1.32025399525777
1.86026358891941
1.31243054219033
1.71049383087002
1.40401345376617
1.518161876125
1.36886930332096
1.15889864903541
1.27047851478726
1.21403391291663
1.98505651980239
1.57644218039335
2.21594529639235
2.46518929339596
2.41893556107593
1.97878125087067
2.37666545895494
2.44853525072682
2.06358284997363
2.01252391298846
2.47967646668582
2.43140791069779
2.32922201621103
2.41750507855683
1.89556559816312
1.32682781675787
1.39483409681224
1.50800868260572
1.96322852928082
2.0003204172545
1.44783429646183
1.08844135340343
1.47680147400814
1.49539669602471
1.57140944514238
1.54942259181511
1.93748990256853
1.09504494898071
2.38291282781502
1.94603580127814
1.77064731371866
2.07670992515999
1.55381595675451
1.95486773884194
2.35039922252424
1.89298244080825
1.84962581060373
2.28079012920153
1.72836175584841
1.83146560350882
2.07129530304496
1.80593363613652
1.57319624417068
2.09975695072669
1.91926047983137
1.51089527644233
2.29508462399266
1.73324982992087
1.81096064181815
2.08335302259553
2.09212378128774
1.34854231317388
1.59120245204122
1.60004938067452
1.7554237796115
2.37405581880415
1.72577209455243
1.76853348778326
1.9606836231949
1.9238182791015
1.67913880600065
1.83365792797022
2.04190643847122
1.85003815660254
1.83860165542611
2.13341533213404
2.00646722636765
1.9521884306044
2.31472618147835
2.12873355921315
1.86275820368945
1.86433888176652
1.978190996985
1.50272924432425
1.63616851510447
1.68310355809945
1.27595883668275
1.44707543536856
2.02905496339819
2.02159200598163
2.22945390956629
1.95255114720531
1.88656603541673
1.72193647540665
1.85966022409319
1.85081089104835
2.30259384333478
2.1732478327137
1.96640216410732
2.10171884251062
2.08297623172259
1.83843169718794
1.55882431194467
1.77193950053977
1.75588952992181
2.15114575493152
1.81377775340852
2.00352588238982
1.65437211310818
2.34441994336892
2.20032737875327
1.52626744177457
1.67338590196455
1.96838416439031
1.35282550971006
2.09374821952397
2.2610848357229
1.74389582517636
2.12631525187401
1.1756795362659
1.51376676136618
1.41405856237735
1.6973235574596
1.93116808346342
2.28842727451265
1.46943107931615
1.50254983132626
1.65760828589914
2.11924659520782
1.50337981576261
1.52536905200516
1.55855279794035
1.30983262798068
1.56394164137585
1.50074229878817
1.50213652621498
1.88450057720472
1.89746823851681
2.01163902760351
2.25804426494796
1.65970504377185
1.42024992452501
2.21841025674383
1.65450679015224
2.33106694520732
2.24892158753068
2.38011867638408
2.39610044337107
2.43642879521939
2.04888066840574
2.35144760129338
1.73312652332596
1.55043332695681
1.36604110761557
1.287903013409
1.54570164567971
1.54480814290398
1.81750922469104
1.96459049849054
2.14996078884194
2.16557446285604
1.8535074889993
2.27433274614099
1.79667803853785
1.69351045356755
1.47978324693045
1.96705122844825
2.18454530251479
1.68691940591344
1.65205111974188
2.13549114196576
1.91842699245986
2.20935229573943
1.73818128615317
2.28139038816415
2.28088031729842
2.18332192480208
2.29810306007367
2.0350034555628
2.20007182581114
2.18620235204463
2.08453915208203
1.87479314835433
1.84739223618166
1.93363435910682
2.10493765007517
1.86631898170773
1.80379127759675
1.51579066638628
1.68641204920217
1.48856858542276
2.0082197936618
1.78481286842528
1.59360644770224
1.23440478868894
2.23069360174713
2.25842025494171
1.70669665358882
1.67454174625683
1.96098846995826
2.01132793853969
2.13887557199728
2.35484448489208
2.27347768014751
1.62214186798693
1.23183942386319
1.41766579677217
1.77387219156734
1.7050281357709
1.41787289231938
1.49519119699106
1.36105362712387
1.53853122383525
2.03499235113351
2.24619716334221
2.31063028980306
2.12554152986902
1.71466709577779
2.12815807561228
1.82638744399672
1.9959017976535
2.08038644605759
1.74803636133861
1.42643201486663
1.7336178876425
1.96020936219475
1.65852061793828
1.57543032258134
1.59253171319545
2.21550442412332
2.36787965007182
2.14809790132177
1.53668384028072
1.80345009651958
2.0231355294324
2.06803124950327
2.27778367990732
1.74420220575211
1.1637595139455
1.92764586628617
2.14042691330117
1.91786323772928
1.60278792444196
1.70037682532414
2.15945652708281
2.1800364206731
1.15772343937803
1.58335410260194
1.7390569558066
1.49904712143127
1.6572317262516
2.19163852947517
2.45993407738575
2.46027527190691
1.86916500951892
1.22352778532642
1.36748793536505
1.62074408470949
2.05063843157266
1.17279940492829
1.07323670787344
1.2336308765257
1.66903422840384
1.49385188935312
1.69766098140857
1.37198523055642
1.31770600974995
1.24296812184308
1.63610553561347
1.90439855482167
1.42820600693843
1.48104523385462
1.8360119225414
1.94085062042836
1.57413180719198
1.70707211629016
1.52654881953437
2.06548574225338
1.96283318786997
1.45815406508945
1.77833404733124
1.92127504943777
2.39706789965456
2.1673497918783
1.93454413101526
2.19644522803623
2.43640678458236
1.89915261002912
1.09143101857431
2.01844894207768
2.3512593388189
2.08999706377759
1.63040131378798
1.29602191784179
1.25706621101746
2.0359273699261
1.40100317612494
1.34070183933593
1.87070261559461
1.97212830449658
2.12163466754559
2.35038547799222
2.43608706370486
1.54480672366868
2.40760674600028
2.4594680683137
2.4839925750334
2.21340319227876
1.49850493411469
1.36799309319231
1.93463258935267
1.44472083092867
1.94769951048002
2.17560806993011
2.25903158698787
2.33649024852897
1.23536600295711
1.08856668691424
1.2612060924134
1.90569007102045
2.43635946570871
1.68372609584272
1.17127502512717
1.65643183984265
1.13844821058056
1.0152203644754
2.08250589834857
1.15897581727727
1.02710363365942
1.72031834277377
1.73522858896067
2.46685211533297
1.78307808868604
1.39522055502676
1.00633200932994
1.09671894347705
1.03097948614759
1.55210952777761
2.23554583242199
2.43585983929572
2.08431831536893
1.37390549241504
1.32187159697545
1.59557461743354
2.35350577957953
2.29840513855632
2.01353425671058
2.39980680080896
2.33497406921781
1.18593230358653
1.55698633348259
1.04046682602565
1.0052545514431
1.0251540956334
1.00549426279192
1.00032061510754
1.00226683974622
1.03585677037659
1.03923422689068
1.12625025510172
1.10142323151918
1.06398329137827
1.79752142290012
1.86811586831585
1.60234148019833
2.15515953808671
1.69545604931932
1.58790794322501
1.34616547513634
1.11402563887338
1.00756550800296
1.01365916600757
1.10907174798925
1.2574893460127
1.62155368757318
1.07018885354051
1.52105264064629
2.18718416324896
1.51813281439545
1.28671132583861
1.04071919475302
1.02912846219472
1.02848380653838
1.04637889250686
1.49635772043889
1.18635882359053
1.47727002466773
1.04645288112539
1.55945901152881
2.15929091342125
1.24544190732663
1.46013891217811
1.81183356304759
2.25327901355061
1.85643571796242
1.88462849403486
1.23707833799278
1.52829268898391
1.81349543164006
1.50725173717384
1.23183083411651
1.05148081783503
1.47499820282786
2.16972944460825
1.82081020327284
1.13711190145833
1.19981534225096
1.25344533871413
1.46224303477498
1.37970332607051
1.45194717639645
1.5006970633323
1.4340808098491
1.69086705728858
1.17986133049696
1.0852151441468
1.46296251642427
1.65851133913578
1.47807520674482
1.52600140097206
2.04910518799189
1.54489960076055
1.2302006849352
1.24421804061471
1.70995194817748
1.21771303602078
1.12084681590378
1.429880195839
1.41840777458319
2.17476157947627
1.33962986109807
1.12189045935061
1.27122218279304
2.22503831738339
1.68493227479196
2.0902955174204
1.61885487928531
1.74881901180622
2.23497846256564
2.15498640163778
1.54412674244432
1.69541055262891
1.51430091786103
1.56154810286583
1.71984695872701
1.81901682194264
1.94198951815306
1.54073518872991
2.0549709222086
1.52927130411857
1.32960149935886
1.7016126299282
1.63809678801582
2.01255869309667
1.40983030495175
1.70960094684521
2.10509535303402
1.38958840916133
2.22144916745004
2.01046696445202
1.59292408217206
2.29907025111238
2.28433566224029
2.04789575744058
1.65177596250462
2.15045101663904
1.47696888105243
2.18804540839132
1.35596325627287
1.95551892392982
1.39469728060522
1.59603403537179
2.05539574383618
2.30988211554404
2.11914324721579
2.02276692089125
1.54191963223598
2.05526636900908
2.34399617692226
1.89200195764661
2.04111131133403
1.48345543982878
1.62887319400556
1.86893510724278
2.22854870157668
1.89900298940777
1.50961788656477
2.2360770377207
1.60655372031735
2.09002879288472
1.6098275762601
2.37067385169085
1.90014227944677
1.78113107057265
2.27802853659648
1.51525191777598
1.5476360606207
1.54248380902891
2.3029391856498
2.1003230366393
1.34945300181667
1.60905004470933
2.03679579290224
2.05703487423527
1.61229066020777
1.82428293170847
1.77421827647464
2.28370113444067
2.1357664423808
2.3896907228859
1.90936922326077
2.07702762097745
1.98151891346469
1.46007661082305
2.04308685147101
1.68032928897623
1.78071316355914
1.92929341956594
1.80407598996104
1.75182460404879
2.23935810474039
2.03954974657192
1.89956488336544
2.29386888126304
2.36142349334734
2.00194961953958
1.605802818959
1.75474477681954
1.40315659464368
1.34643557756547
1.57112575073803
2.2528258435026
1.84987331762683
1.41048150969737
1.48557918400919
1.78995985966576
1.30460605966071
2.00674253624574
2.33480578986696
1.98745781251368
1.88744617622327
2.03101407064612
2.00749345958713
1.7587561160529
1.96369252629311
1.46039300409476
1.63844299975541
1.74654003728832
1.79559966631597
1.50006293009101
2.00744711031171
2.17641800741895
1.96221999664269
1.88899338306997
1.8555050323888
1.89456099659946
2.13239641105884
1.93555783173602
1.81807685217292
1.82379240753071
1.52245120711712
1.93022090623661
1.83483493655321
1.9019659856968
2.05134911115527
1.73305365513812
2.25114642125676
1.67293672247119
1.9947236784206
1.67231600943062
1.42465198820504
1.53073270726426
1.8120021282387
1.73895105346031
1.58005797825903
1.85853810937352
2.04913264453188
2.19802444211642
2.41303567009087
1.95136035966798
2.23048778570183
2.22208048431336
2.31363617459319
2.08885158630944
2.25323092634174
1.71897744552598
1.69209765157937
1.7367853960477
1.48872507548414
2.05863845569972
1.85014683751826
1.81725331064574
1.87562608698955
2.06046170966746
1.81021989387332
1.08468584885518
1.17874029723499
2.14705223974695
1.2349882867202
2.11099697346855
1.83556262943508
1.57796297461039
1.07283096630695
1.49369036399579
1.51814989504688
1.87926526004174
1.99167179565011
1.65899421875046
2.17045690853797
2.07111870523018
1.94180702223884
1.88774240258647
1.46561462160481
1.47254782092489
1.84939390738403
1.98672610365484
1.86652028303794
2.17461150609989
1.61140187390742
1.24428934455337
1.81982863291478
1.91572195656595
2.01798592016526
1.85106901308944
1.89579576877913
2.3630535249784
2.22824843474689
2.30151351658524
1.78596718737138
2.32619812777243
1.96188050112227
1.91020394530472
1.59323107316091
2.26582904182425
1.16384076560115
2.34339453452355
1.89694663676603
2.24525299023998
1.63703295977455
2.28325713778738
1.41179587121442
1.82930956858368
2.16937902049894
2.08396427862708
1.68925118292935
1.81260244893135
2.15543093573692
1.87156980552722
2.28260613435766
2.44958292382131
2.08493645504508
1.98941718420191
2.06214318772408
2.05897788555884
2.3575028423303
1.71910007108646
2.01028862904081
2.39125295108964
2.04481894498261
1.80406494550425
1.77017241621915
2.22880926964397
2.3349971571548
2.27906758092603
1.88949396373516
1.7901643939835
2.29080081776481
2.19002555252045
1.51508293648232
1.69144425094829
1.56434898720378
1.81559302156625
2.27480749444073
2.17428406500544
1.41768916475677
2.28670320403576
2.16617102275008
1.84820643495709
1.93683500591442
2.41619873805226
2.21885154971817
1.75861272887467
2.1309588292199
1.54966133010544
1.93819414582704
1.88738482152013
1.75958206343499
2.30967539174048
2.42656621217242
1.70653469408555
1.53882478194688
1.60592294167329
1.33829864837133
2.44115694748584
2.06826764414756
1.75103413551291
2.29240201188535
2.29118717441154
1.96733881229829
1.37924361086343
1.81795097065215
2.32112582925219
2.44872707057204
2.13187536944296
1.82358155800159
1.9546808974005
1.4005869843788
2.01023009235254
2.105369550362
1.9608445273085
2.34203520487578
1.57407769525991
1.683256179284
1.16491482344395
1.88206302477168
1.47873439273869
1.37225316019005
1.49064214549495
1.36017437507606
1.82708015248629
1.27315378532153
1.44941665411256
2.34489941789774
1.33099349719326
1.70505103670874
2.13517048995485
1.49211854735572
1.25937329000004
1.34664014535902
1.86296476333428
1.06782713805782
1.82284601809778
2.12219973237994
2.29536444315362
2.07802919291713
1.77425128453735
2.02509713508503
1.95745821124721
1.92351483841592
2.06446348474633
2.45644397746321
2.15983940666481
1.1267166812311
1.57946118625146
2.18625227518986
1.75497549506267
1.43465904664837
1.04128948140097
1.0684844902316
1.21963553312617
1.40337365550766
2.37404394703642
1.95230506115983
2.39308448442105
1.42723249119537
1.98167551057551
2.09510096710428
1.632313054401
1.94774833547974
1.42391501568907
2.01600657266867
2.24472814759492
2.45442089316658
2.45281320465246
2.38972330064777
2.414172413964
2.46614888469969
2.42401773300237
2.28186037629319
2.13175086796618
1.54764497991319
1.94149456992892
1.99062230674954
2.10485641646296
1.46401848212071
2.09076056966736
1.66434816033147
1.83782259904896
1.97149374851753
1.95541746840567
1.25743447284224
1.07808743126983
1.52874756113951
1.14179022254953
1.31425600452952
2.04610965597967
2.07708300101189
1.05096688955427
1.42889204938553
1.91672804570965
1.77417472764944
1.25616323813103
1.05715993718546
1.31378235223038
1.67367906452808
1.53417609819889
1.71118468469729
1.64167760447743
1.86804508276148
1.9588836230019
1.99451790008665
1.68441219365228
2.01471777078046
2.16329657518261
1.64511140295798
1.99083290922695
2.07103102770164
1.56505616697352
2.01398653300891
1.53813952143831
2.09743201907671
2.09516247255959
1.60266901672722
2.1074215235969
1.86587293995109
2.1705046215078
1.64794819276858
2.30398142588231
1.86005031499292
1.9038780033911
1.96842265142917
2.1876276917286
1.96596243952198
1.27871846965637
1.68267267197378
2.09580366569898
2.08476880432796
1.87677963279312
1.7043991499833
1.97978446600145
1.28353287561418
1.78291688302467
1.7843891110454
1.89044524289969
1.81662159953997
2.01237899237521
2.18338890808583
2.41869709458214
2.24152342756564
1.48698527127521
1.97284829510408
2.27848594401959
1.56864017815318
1.89406748207937
1.85054125348303
1.96192145997788
1.76964945713873
2.38804312097288
2.22142978346286
1.81815357157542
1.70094070872582
1.23702412238182
1.78108893410205
1.30569596029925
1.30455207256366
1.35142997677962
2.22241637782611
2.44012022301731
1.57050677747489
1.67406746915544
1.86894623916366
1.30980704799551
1.24785486925975
1.25390365867487
2.25080441697203
2.44195588537511
2.18333223094407
2.36151999012654
2.31567163281437
2.39118752955075
2.29144330352827
1.74494330882696
1.79587846097501
1.89552889243464
2.10242144792902
1.47714209744989
1.69509917349157
1.60269094491279
2.04654054941834
1.91904681600038
2.27388602572609
2.00666437772896
1.82747639825077
1.87030584631083
2.02119606662632
1.82940974315739
2.24711790685655
2.02522762974276
1.90658367703651
1.99526778099568
2.01466855527385
1.88471047868573
1.19572736345131
1.98925093589388
1.93383499554864
1.69353757858398
1.50688860709366
1.77887649607067
1.89690497872506
1.29589447278919
1.67889691120083
1.4617683893346
2.13513565478042
1.85876062317767
2.46482826598144
2.34454616656977
1.38507249214748
1.44536368201982
1.87490356721795
1.8107624326595
2.2579422403085
1.3264349981787
1.43531191236007
1.84113005074007
1.52521086927734
2.34449531442059
2.48242400090498
2.23530674748205
1.55528653645749
1.02260494036514
1.07503056833893
1.5540626497857
2.4086705196167
2.49648223560471
2.14293259464527
1.99905442000456
2.30195974628222
2.24861207299593
1.58638278866494
1.26911285996202
1.14314467077851
1.74872087964574
1.84865298801743
2.47369208848322
2.41125635874412
1.72907105425783
2.31344883288556
2.31442417590127
2.35516726170643
2.33184084321716
1.95867575457749
1.26252768412107
1.36659047628034
1.20298380565084
1.515568559952
1.65509659230494
2.12784073636659
1.66110427581356
2.1134453642366
1.30226030154617
1.96634907812007
1.94610386063928
1.28097974996215
1.46158954011481
1.55898877957129
1.2724430749723
1.15414800253152
2.29743848695263
1.75614166236933
1.9541491262582
2.3661922869388
2.08789735055734
1.57018559357844
1.68166295421422
2.30826060872063
2.33148222591839
1.6043498141121
2.29320566928139
1.5575566315991
1.34576729038976
1.15802321126175
1.73272438315644
1.5302074668757
1.68960418497479
1.75747404075318
2.26062045197265
2.2753923126145
1.29798854135304
1.73497042647179
2.33783291896108
2.13416317054888
1.80906359935404
1.71230994001531
1.94218129177622
1.96497629484308
1.99076510957229
1.34960138824325
1.5929413466968
1.83826207523051
1.91979415186014
1.89856048642984
1.93921918754857
1.89565305991428
1.96589665162564
1.81424402180297
2.1587733761859
1.93111005365305
2.2762617053987
1.86196996142587
2.09755340676419
2.02903701347732
1.86897791854795
1.88400440019978
1.60957476186469
1.37225746773193
2.04459209434277
1.74773814588839
2.25696758130413
1.87224320369725
1.75105761594858
1.86670437840979
1.66613269256492
2.13399556061801
2.29978538285058
1.89330613786826
2.43870738703102
2.38508953843323
2.04583049591594
1.89641414583718
2.27644844366352
2.12118689060398
2.28860440962395
1.71891185496384
2.30474505925339
1.88374617583943
2.09573468157452
2.20396922724512
2.00410349139639
1.68174965927299
1.93662503639095
1.42813852321109
1.9127314486359
2.01588824664917
2.13217575007813
2.19230544692545
1.7944791336891
1.9334463653347
2.21470199501387
2.05596034907582
1.97687508827099
2.26053945455438
1.41233787127687
1.80910902059402
1.65395966246828
2.11721066522068
1.30852221798203
1.70907985610094
1.5303899882643
1.85596187812849
1.90770450172005
2.21706244171648
2.34999640827177
1.27777067206567
1.54638627037981
1.78123741615512
1.87121021178607
1.61192694307391
1.65793438462724
1.63416945042205
1.51256992061596
1.60256266677919
1.97089572575518
1.77560487256384
2.16272276608047
1.45070352217357
1.61128611041106
2.24806210558911
1.8160004570498
1.50756228612476
2.19118568864414
1.41551497319625
1.41675228145615
1.96653501498246
1.62472452901761
1.9722495150985
1.66347073979812
1.8997967336581
2.20428268514653
2.1842354998572
2.1753944656372
2.13592970461755
1.5926206392322
1.69359978336293
2.08148221003481
1.89726806671724
2.26219510693369
1.80930081952174
1.98490768324636
2.07682130156911
2.11789515160753
1.86244173775929
1.50291293053213
1.52148502700817
2.0237854275134
1.90381152035967
1.80664539716867
2.20580811499716
2.10987953280011
1.55049299230158
1.45279303634867
1.94736508048145
2.20004058583602
2.09305878177016
2.08821814213396
1.81550013277141
1.96499953707577
1.72263092594993
2.07383157386719
2.10857135418732
1.52652870328189
1.55658412078314
1.79962774719266
1.64662145414333
1.45856860931295
1.99025151419582
1.88997470722962
1.08936554499094
1.75337470749269
2.16816111571471
1.71055817934502
1.58854985389098
1.66535935963089
1.84609360573736
1.28773522375053
1.85396200853878
2.45307584191189
2.03629028779724
2.34818234777992
2.01015346316979
2.39799564262017
2.13297420152181
2.08851026245843
1.6132481327816
1.22888095241513
2.41446414637611
2.30563379205248
1.84312555977491
1.33109727032649
1.90796311973759
2.05294142722509
1.8747580682146
1.76553586218175
1.43218858733693
1.94235038542246
1.6012520658227
2.23483781981918
2.28818274581862
1.3528952131517
2.11829870203235
2.09512035995086
2.22400683241648
2.28849024856099
2.2811012225014
1.8444026118805
2.24829360038383
2.05624263363931
1.85820206500399
1.96662942967797
1.55799457565901
2.00532770518901
2.48157522986117
1.69311415221929
1.78036641378255
1.88665506775128
1.87379427942425
1.84897786453922
1.7419891523777
1.55230728578173
1.91143673870244
1.97478604709758
2.35412271546539
2.33637513709319
1.91330555340583
1.89796645622148
2.39075750231327
1.78826163319932
1.53479568233035
1.74197325757155
2.30523305489222
1.40372650076276
1.77544572157901
1.86008004519747
1.68464396958476
2.05006011429329
1.91783218457483
2.17193282822902
1.83776658932987
1.65092447357686
1.81502878411057
1.61208418860812
1.94109716064953
1.93354936525419
2.14819017786306
1.96889898931963
1.71465647437644
1.41392168537941
1.36270583383611
1.5693031625673
1.68737926649876
1.71172440616646
1.83300695393294
1.28384673240771
1.39784171577135
1.87487339576745
2.3667249067997
2.44914970010376
2.37623975067075
2.04490846486586
1.85246268596247
2.15694998458324
2.09283573623145
1.83522779136848
2.32850349771192
1.97797492593028
1.48721641717078
2.02731921154721
1.77509410008193
1.88808748293422
1.7514978801633
2.1143500892057
1.80388489968262
1.64589251389237
1.70853366500973
2.00646986988762
1.68231416281315
2.3952782631841
1.58135380137503
1.57623967796759
1.87684723862327
1.84198339392299
2.29184815651782
2.19684308176551
1.50057825173309
2.14489353588581
1.96764314645903
1.96102495654301
1.98758241834452
2.26074913150194
1.98951436992919
1.54693971106968
1.80425675967863
1.10618692215784
1.48418126567527
2.06361064995907
1.57346079118818
2.1440893790517
1.22234359711077
1.42370652114391
1.26580574814511
1.65841039111413
1.88029641092445
1.7076289962987
2.25467488508732
2.08374587338138
1.47231650530018
2.21529825443018
1.95841174346492
1.30648902613731
1.83132503260409
1.39139307761963
1.67038159947439
1.3951710702431
1.62409655876017
2.08935403730505
2.13825068830368
1.7493032497045
1.58165960513204
2.05838047418108
1.32875842999737
2.26582458549204
1.99995215429875
1.66998754694439
2.07225060746011
2.42420961813012
2.20014752522778
1.21112344572056
1.37309934612716
1.36871797618368
1.68628450937243
1.20073459977615
1.53051573779908
1.30751596441073
1.08004082374512
1.27663174391513
1.63072415554685
1.34289712601293
1.85308413520288
2.23514499840376
2.08025269616158
1.85535886100122
1.99408409204852
2.33534305541877
1.96826655721747
1.5117245799276
1.76092332305806
2.12634928299215
1.94060584953629
2.24400122359307
2.33605925401443
1.89987723174533
2.42599181373216
2.14359680537641
1.40803926910242
2.0666257831177
2.22998032758131
2.04480643886406
1.56028532053242
1.52730354705499
1.17390431019675
1.86155432921928
2.02635549704324
2.17944230938004
2.22660434577094
2.4241587483141
2.34119457969767
2.1210904875147
2.04927247768262
1.82169867120256
1.73663996583654
1.45503288556376
1.76820335967035
1.81928839743775
1.77867065343142
2.00687685290731
2.08987271060261
1.28682563366597
1.58353854338774
1.94157267927637
2.24281428105038
1.4320502440245
1.32720341217608
2.28427742744432
2.19080587501582
2.09154229179073
1.68055893171188
1.92027211923156
1.51784515424948
2.05817245446009
1.5346976004816
1.86452861395681
2.25358839743451
1.58319674526717
1.74583151639557
2.00575386614893
1.59196527513372
2.03719762090123
1.44845446876471
1.56298643356974
1.88711974777052
2.31376061060546
2.17562642748425
1.74830885945434
1.97309925324602
1.74851052797437
1.8914910266268
1.41761632005313
1.55697786295473
1.38236602930482
1.87383591914552
2.29130208395783
1.97052048966012
1.46422941554503
2.08056616897982
1.99209690060752
1.99157027340992
2.34636602086155
1.41806626387043
1.59127501328849
1.17890110612984
1.30604521104201
2.14357517508326
2.05056695791754
1.65154539828968
1.73989090298565
1.88263033472529
2.30704344707017
1.83403701656093
1.47794199729165
1.36979108075895
1.52937807963969
1.81298003199533
1.71905850054634
1.15937410909852
1.10924763061288
1.12940077116066
1.06406579477717
1.51350125361919
1.54970032344103
2.16269312416938
1.27846156446813
2.11840440472386
1.80483220736381
1.72864286568195
1.8224554657568
2.38483155792829
2.18170905389225
2.34006028901817
2.21996888344431
2.07115770431701
1.31690490858568
2.25286498085798
2.15653283784706
1.83888029437795
2.25009360197053
1.59865425087303
1.84514135155489
1.96936477944817
2.37400490798413
1.87701596197027
1.94289905616532
1.19158370203186
1.26678469537973
1.96280158488378
2.05931038792054
1.90779265713385
2.20295453909965
1.76821915276317
1.39006390014357
1.23735621458029
1.47904050684694
1.37547200627905
1.74457416423527
1.43641927188758
2.36454702060609
1.44944589354958
1.39566637855781
1.44788579083721
1.1710439256419
1.63954706468152
2.30973377290886
1.65474701383798
1.93785376215344
1.58518147408522
1.64004130611866
1.41468268274866
2.42431584585306
2.0033987284152
1.34770457699656
1.46888895147598
2.40314787321996
1.46663648484488
1.59924509251486
1.39946352021051
1.61723496775529
1.3003172827621
2.09645015309809
1.75638009436347
1.80441880676111
1.2865192362656
1.58096440003841
1.84922690787631
1.70228741561747
1.52861784151666
1.64650606023745
1.11306785310325
1.64646436534746
1.98508351230246
1.69411615308236
1.51451099219821
2.11967319494908
2.05697361247534
2.37210907120691
2.0989440001548
1.48979152417084
1.33810736417159
2.28452002887333
2.16969795726863
2.04686412480783
1.81659418538573
1.41119336702162
2.09927948545791
2.36008110649965
2.1195252728801
1.43641115419537
2.16185793925456
1.73696938567726
2.12316830725409
1.79010032249001
1.89242265057714
1.70612365712219
1.82275880060206
1.78453216847401
1.85037267316954
1.3971285471398
2.15571899896732
1.90022378548632
1.91887059923744
1.18266244437572
1.70986826218299
1.98572517989865
1.64477927131451
1.66659676258554
2.10271731099551
1.91881390656001
1.49525914567194
1.84413811678142
2.07928303771724
1.90315152156363
2.03809298114021
1.67693337627473
1.49333046243817
1.3756203152578
1.80407226601816
1.20924991450067
1.85845492119762
1.78013874409241
1.49870755337685
1.30991632154589
1.27559521451748
1.18295834917931
1.31448085326016
1.29109857267786
2.07622005772181
1.84888007749524
1.33551116088105
1.3171252086613
1.17302578291501
1.70926660633464
1.75475456953877
2.01867286669242
2.28125092998088
1.29973268924685
2.18668374734974
2.06966443832201
1.34312747452453
2.2211539974646
2.00423345502374
1.90089109496161
1.74351112246576
2.17653363851987
1.51705191436569
1.16348848156075
1.74025575840988
1.75148410526677
1.72805322407332
2.16104635816237
1.16683028620727
1.16851974972628
2.23224370884487
1.95101875426334
1.2041615788405
1.30965106160497
1.27934233558236
1.75545024010341
2.11918262384061
1.73461376039726
1.96520093552391
1.5308384643947
2.26342369795833
2.1920891610991
2.23760160973795
2.19386914070351
2.45233182628461
2.38693918949545
2.37609262360929
1.35530594839242
2.41546211985484
2.44445731104488
1.09401426726195
1.84002466220275
1.75313850262937
2.18582175663667
2.27293090850198
1.47796670047065
1.59331918862846
1.55424585097555
1.31900406491292
1.40750735123661
1.37290313031462
1.11726888002286
1.67392270935844
2.1543948914917
1.73453881644065
1.3547591138382
1.19696542356792
1.66032564362909
1.66586257180431
2.34414810264518
2.40212121656026
1.49785470260373
1.65087857020352
2.16273638669584
2.2075206889576
1.98020329474447
2.009393223473
2.48953953703689
2.15980337851855
2.42620126245132
2.48831610909634
1.84247857953116
1.97123790352359
1.52499548473859
2.15802306143264
2.31534224929339
1.82259353979647
2.25584972817756
1.91636929831347
2.32536503589307
1.25140437643612
2.45295395622073
1.8992712859801
1.47071791817043
2.36580417921207
2.38660300206707
1.42554903203458
2.4221137379829
1.83904231666724
1.54255560264104
1.66679700196784
1.36041427604478
1.56575582901971
1.98549637350592
1.89947322246331
1.52050135926694
2.02274154295827
2.45077425087737
2.06978243229521
1.63770614374684
2.0299330036708
1.33576750281547
1.88694491847979
1.58959702626353
2.44578143393199
1.49600990932313
2.42849852784514
2.35258454885927
2.38247633938677
2.14027356807847
2.45674897367566
2.2027762432636
2.25961848395642
2.38861667014082
2.16097107310711
1.25383134658142
1.08051581128813
1.30666009112091
1.5752493545329
2.33804841008897
2.10778244485792
1.38219661178908
1.4946708416463
1.98079614523094
1.92795397603527
1.41307671298635
1.21539894832534
1.42448861207136
1.97078712463198
1.07497806594577
2.18731925375963
1.5878476877854
1.4549442385826
2.31984944709614
1.81392484091362
2.16852904304707
2.26930940761073
1.84140399761665
1.74608614300245
1.98998622658082
1.57359458401949
2.10787464005438
2.13755362128688
2.21128307967121
1.82012000009858
1.65609081755967
1.70615253301618
1.73479773117735
2.03620563087397
2.00218944225275
1.86454789671825
2.24985412283676
1.91241875588822
2.2754479520743
1.68091243736706
1.930455296925
2.35308603722556
2.12304284605797
1.59157373389917
1.46937869355292
2.29990947369435
2.14853286860715
1.55013061113882
1.87502999636634
2.02301784187942
2.07582778782259
1.89162304626867
1.84570824430756
1.81374719640757
2.32425015131975
1.79281768889264
2.31044206917491
2.29501119237706
2.19061213666477
2.21780351325315
1.55009021628325
1.43535778281685
2.14548413640096
1.83503080173108
1.56702133108138
1.70135369581811
1.62743402308368
2.13532691463475
2.03699266353326
2.37900872985131
2.32755043865917
2.10813417099709
2.03801801459464
1.91290300957491
2.02981122383925
1.75694592552285
1.80484753603078
1.70032789986719
2.065764931841
1.72880369001715
1.86891241916586
1.75253370792252
2.2250177120072
1.89288113099296
2.12046275985098
2.13501448619511
2.12816818522574
2.07669563036974
1.73868400866568
1.67831045076073
1.12025343403611
2.38707521733796
1.76847617408649
1.74221942563771
2.1622004141976
2.03807819554459
1.42754142589337
1.61454893429708
1.63298121140443
1.91228632228199
1.61055610265994
1.55035013510085
1.80654003930903
2.21956777021947
1.98898807138321
1.2856190029222
1.55858498985616
1.96505864254586
1.6979401327685
1.92397357952963
1.83199968769222
2.25640641302898
1.96246394440651
2.18609798382802
2.28259827769026
2.30334211998149
1.34998332726703
2.14856610484594
1.37042323215792
1.93673332916241
1.2601759108908
1.30764423450092
1.42056471065147
2.26399271160317
1.82540324004662
1.90154800515623
2.05222825082141
1.93124028849547
1.30497957973213
1.93305655041817
2.10576845978708
1.66633689545755
1.51384253873389
2.12936363536125
1.77291197036728
2.31540359623471
2.05444158387123
1.86037304672647
1.66012630696381
1.90720428348174
1.37517556821817
2.22618453611978
1.98474182273387
2.15018600107429
2.2816484401667
1.19287715130496
1.98285044754723
1.88383948842669
2.16892992092923
1.65288137961516
1.86045330625177
2.10553795295875
1.93918043098871
1.85651874204079
1.82219907889738
1.28174772368907
1.11989526676248
1.04225557343715
1.01273500139142
1.04281665118735
1.54165510536231
1.50978500806034
1.23931487621178
1.23867252369999
1.08890847634391
2.08387525681175
1.08402526135247
1.2942812555679
1.53137735897946
1.19384128769865
1.91719357975438
1.40040305655763
1.4265924886149
1.45663040090575
1.77621515255572
1.8738028304048
1.73941680346929
1.57493827478737
1.47429931840689
1.91489241134914
2.35610225487957
1.56125884034591
1.72205460195289
2.19758149146066
1.98347808718025
1.95313349530142
1.86137918887801
1.80839283154959
1.74073018064622
1.70239351420331
2.42565958120556
2.17556634111206
1.62347832256316
2.09381425245038
1.49570923444757
1.51259033131898
1.39295419027811
1.63771061310065
1.98304445609586
1.78692672058334
1.67567164279361
2.02228718747853
2.01046816156966
1.95184849453875
2.40767962166938
1.92082195535747
2.42742864929881
1.73212246415812
2.46703776323177
2.38509739588395
2.17980792977377
2.13000620866236
2.4708671849585
2.03373834005788
1.92034723013601
1.42672369588757
2.44143668568996
1.60593786659612
1.7741327850267
1.47457347913574
2.30686510587808
2.32519832075851
1.68068620186292
2.23347672588471
1.32500767712228
2.00829970212122
2.40138145200489
1.64138126814602
1.39760901647176
1.74554094759405
1.29007127132246
1.78702438725887
1.95198507837136
2.03044523340846
1.94434600736112
1.63534729303907
2.38136422038153
1.95052948668264
1.77287846398412
1.96262793621401
2.28879127948257
2.3758734801054
2.12166925263216
1.9553050889814
1.50122493017667
2.10782794153254
2.26149030185667
1.90444635492193
1.88870491618984
2.19618059933616
2.08489666799999
1.63341761672772
1.76430090776203
1.76369423096161
1.74299093025959
1.48650299114405
2.28427284518043
1.4918749471006
1.34252631856494
2.36733047528796
2.38581470874823
2.01543323679358
1.72488419281609
1.92341642123728
1.62116377048119
1.70432284668142
2.12799546588488
2.19275341200792
2.37719469965585
2.30041021817524
1.54884486360032
1.18785821787274
1.54945948594585
1.69609164481047
2.09488827801843
1.78915824750392
1.93156371905047
1.56912159603415
1.59070091642029
1.58991634308533
1.752376026402
1.59356454580217
2.17461648021436
2.07030323308848
1.70807242725913
1.95890013536494
2.03697850691617
1.91712626805881
1.64833986720598
2.3390163030307
2.21122566698804
2.12813046403002
2.27080939917552
1.63077155980455
1.98026950461801
1.87698110321735
1.89448854785474
1.55802850999129
1.76093852108047
1.96534056463963
1.95486271298867
2.01879992919792
1.75802997326864
1.22123773053983
2.06323470598794
1.38959616969162
1.78275502678793
2.15916459945132
2.1386788845642
1.99841828391168
2.24621137959301
2.04336809640375
1.93145256910629
1.99261152596576
1.64135856108826
1.34033109951429
1.714472293821
1.43954578748964
2.04484160564311
2.20345598963322
1.50868542572811
2.05855536239847
2.19260989641966
2.00128110092083
1.27812557538273
1.89451350998305
1.53607222589867
1.54434144821641
1.4433670215045
1.77491953259608
1.68940204095369
1.89742274026662
1.9142391097834
1.79320402398887
1.4606479929979
1.65566596602616
1.92475143050663
1.54867140505843
1.37956725969758
1.96892863926913
1.7916235545257
2.04313586265005
2.01018236525669
1.90058809665115
1.7026212571676
2.0559246103803
1.94785086635674
1.57726233373476
1.8069426240469
2.31846876463849
2.26771844524338
2.18132654352592
1.96428672691937
1.69659160809061
1.55380723142249
1.46301821193355
1.49305935925311
1.48061307581104
1.9300799914291
1.90623073804741
2.3448457005792
1.80220658474078
2.11637172580592
1.92248466246774
2.4294947861146
2.07901857876447
2.34479275696989
1.96966221897442
2.06219608925876
2.3870784016995
1.97565842023137
1.96313633207757
1.87208585575029
1.68831350045203
1.54423865192304
1.91291879107298
2.15903304793156
1.4597810737976
2.11082517716355
1.55079109452445
1.39611612336131
1.79631588678476
1.81511374225667
1.65434284493471
2.19280862954664
1.91604978269236
2.33705485850675
2.08289903747181
1.41160673735785
1.43362630446803
1.62559813262885
2.12437817846695
2.11854366729341
1.97761402514514
1.82068472495998
1.48684306159135
1.58858946430118
2.09216526864516
1.93253068109565
1.56800543983409
1.51610083764323
1.7119887516519
2.37821768592989
2.41059610492621
2.14125446023037
2.29179020142233
1.53596099827402
1.40891579179629
1.11525100433342
1.73584522547832
2.04228469048086
1.89272949431901
1.65448189231207
1.99916729671183
1.44111936602409
1.44353026135558
1.59841665860087
1.77454409318856
2.30810012223153
2.07780776716744
1.80998882686751
1.94910945790288
1.54257532907982
1.7840850247072
2.00675430665858
2.33961378736268
1.79196637829218
1.55554815143335
2.13287539229067
1.78164751290467
1.94086584899709
2.272912780338
2.16991400276983
2.23033633100604
2.16706597601627
2.27473970903305
2.0790434428824
1.91221699616446
1.53264168373507
1.30248367444204
2.0020294557767
2.29880211406975
2.16736941991498
1.3244080364215
1.58298313908786
1.59139269207867
1.91797501825108
2.01239075401767
1.27871847883835
1.48353560272243
1.3242464026732
2.02158426258213
1.21229728336994
1.20955393060306
1.39828023781562
1.94310235333697
1.51096660817678
1.79514944720914
1.77030377393749
1.61084172396345
1.76661023865813
2.31435006072678
1.24304081693581
1.29827510891348
2.08792473813879
2.29760999858083
1.81460608549483
1.33847754514633
1.58258544849539
2.12362632146695
1.72322424731423
2.05987501763246
1.74359691009762
1.95999773967156
1.21389576228831
1.48935635141356
1.47088642741741
1.66345003882201
1.82459586290683
1.46601982652861
2.04410342143534
1.85232496562092
1.16609306061407
1.8538911613715
2.2914336032353
1.72265597890492
2.14652049999314
2.26322307096044
1.83603238814726
1.98142299244608
1.85822318677419
1.2233115803592
1.57110230077777
1.32199925413929
1.39347017662356
1.99496505191683
2.2263284224097
1.39429479476344
1.70996929651238
1.73637638252992
2.06755522821834
2.31772229403601
2.05727390434586
2.2519630811177
2.32844768129527
1.7668721488047
1.60362882558589
1.80046314004399
1.61839619662433
2.06230547677688
1.82278553834558
1.56109210173849
2.06272629411097
1.7069887108008
1.96769790745223
1.67717055088973
2.14075675788297
1.89486441465815
1.75744478452911
1.80947529799379
2.1502934540581
1.44782344986001
1.32674880145945
1.55816102180704
2.02744403379715
2.27306016551615
1.93136564584473
1.8959880440894
1.67235375483035
1.26689633862339
1.54423615103496
1.48677747631962
1.77914871974887
2.4111972123888
1.90246856200049
2.05656891074052
1.59152851018447
1.85405982191722
1.64744733365851
1.94427908083319
1.15713447640829
2.26361223354518
2.07970084772712
1.7164654568861
1.69719078848743
1.76650839249788
1.89184936724721
1.83066614117397
2.03755818551177
2.36142880966731
1.93232957451728
2.02215994944335
2.30913483284591
2.28398638576978
2.40369944749574
2.26081056903035
2.22130456222238
2.25990864544623
1.59246936313678
2.26735360653877
2.41719981718718
1.38184348363758
1.39924802734495
1.21549604100513
1.16079015158029
1.26789664508178
1.30516749377978
1.39439041339864
1.35268404006287
1.34613336959335
1.99694856842331
2.01084087142692
2.04069044463609
1.01227843429775
1.15865327159352
1.39513688408944
1.4404856156099
1.02940829561962
1.42339917859775
1.2993292080991
1.56315585262691
1.71423418796467
1.27468149596603
1.96676344962447
1.06416113397142
1.44575621389478
1.9948144959134
2.32795048496012
1.86314492844738
2.21983178232442
2.45028021961808
2.46993529916144
2.36611120583243
1.18784003498194
2.15736540047489
1.82163327605429
2.03990690632689
2.40363992350686
2.27645202322063
2.33669884444871
2.33322286006385
2.08988376040856
1.74771196921319
1.34183475340294
2.47374722418963
2.48230226915995
2.28918812809227
1.74671537072656
1.64075391831701
1.06937521231136
2.16521997666233
2.12415007919541
2.00612876625097
1.68496554759775
1.27109410401976
2.05022809449629
1.27126653494175
1.35880222729015
1.09243546647296
1.09333731655885
1.89321070863749
1.6474903978041
1.84270533425203
2.41308268733526
2.32968320133913
1.81918438659147
2.19242406266916
1.72098810850657
1.60626638744497
1.21902723286221
1.28133423326742
1.81084737768554
1.44541257276115
1.67766421965476
2.18227303018784
1.7384566741211
2.14060448865402
1.98413938705441
2.33741676632908
2.0327760087728
1.35233286148226
1.96617579958314
1.34258070365518
1.48570431877942
1.90209436836114
2.01944499742091
1.64622108756106
1.27990720044368
1.11548828073087
1.25314826792186
2.17158228982019
2.18406658943523
1.83838359111855
2.14337372533962
2.25683426255021
1.99030145777848
1.12421439503813
1.48491583013755
2.11310187277045
1.48732706655433
1.49886699819518
1.33998995897982
1.47691606121518
1.46705341066126
1.16839696999649
1.35993738634924
1.84498351907418
2.13532999619351
2.27280555420285
2.07138036902866
2.04542081486352
1.43379388462217
1.55341436642557
1.51746762752999
1.98403804763976
2.42183365811465
1.78973106631271
1.36349827084839
1.37216427676154
1.79865237699977
2.20669954121124
2.21457509288899
1.9174228416804
1.49341289413272
1.70138017633147
1.41553467041579
1.97919373151806
1.84648105985025
1.64686932850942
2.06334739612016
1.58331141014116
2.12103449206494
1.44774057854341
1.6192028273197
1.78994861180821
2.05343668318852
1.75436070002654
1.97707798431475
1.83927448079089
2.04084055159869
1.81837189396803
1.5195015087367
1.70800380048355
1.95206581269915
1.69644812554957
1.52904268171459
1.25484141498134
2.32462403455706
2.2651514244074
1.6304466408566
2.16294995837313
2.31225004104918
2.15004758222329
2.02038666682806
1.47411444258033
1.67556972608576
1.40074630880758
1.5686464394105
2.15212111470832
1.49634086428541
1.91136137542506
2.07163429042743
2.39344957283194
1.97372881637288
1.87799525950708
1.97964864764428
1.43944181703336
1.45613374788549
1.15758895169058
1.62419445397302
1.08028686918834
1.46198456697898
1.54991111999132
1.73088005726433
1.36884005017685
2.10718910840093
1.36669148452891
1.04263645254298
1.56426165085689
1.43488710855513
2.06144412327524
2.38058363646178
1.8089122914389
1.60338509042724
1.23357855902276
1.9396334166395
1.97892044064597
1.64888492723524
1.10165405614857
1.72625280545986
1.06454283858808
2.05846924150829
1.75708238263595
2.36176915668461
2.49856559809537
2.4931577007791
2.41205431864446
2.35299124591919
2.34533594073375
2.35640226790369
1.47794913981421
2.40859590651341
1.58470192982302
2.0206185301755
2.35609867430923
1.40401991039142
1.07647722156482
1.09117148085742
1.05955327107109
1.35900308492514
1.81297460211683
2.25470091360577
1.046449099752
1.56894885236166
1.18282242686836
1.40588026540381
1.6855320296275
1.67650991918263
1.67512668072128
1.86968552531262
2.14029595692377
2.37725958259292
2.34514501479013
2.11308321768374
1.65236558243606
1.44312369372474
2.41122888222113
1.59295591774191
1.74186583943616
1.30029631701402
1.96956792906327
2.23303584976212
1.84335358387153
1.840677199292
2.17801582634365
2.33365079821874
2.01719529523221
1.70308677025785
2.02271233095372
2.27587872912563
2.04592081076328
2.04101662741814
2.12602556722143
1.57956994918658
1.60218228174651
1.61552625406513
2.08882682897346
1.30776843345142
1.60722882823599
1.49043721392406
1.1786637160266
1.71509719092567
2.04678860931647
2.05309535358456
2.2118810892322
1.4307656689967
1.66403723498426
2.13775606678007
2.17452911768549
1.28349003908215
1.77341775860767
1.16859917037355
1.27781594971118
1.46753840936741
1.98676513860667
2.01137178732358
2.1139041831773
1.91288868039711
2.31037166775933
2.12795158980732
1.91349634424971
1.78492716979471
2.18122449948
1.81898914033541
1.26010315485241
2.08529646697529
2.13663015528342
1.52429563543015
1.79038207598008
1.73323963397913
2.06042618077014
1.60234710291631
2.0616598370319
2.10955878837386
2.03387460777001
1.65984879084339
1.74937352254014
2.33725771726007
1.99925373095358
1.8447298618246
1.65725809013115
1.54192898494078
1.39243826712916
1.20208054416622
2.2108834311781
1.98251853304597
1.66033252699279
1.8156061984003
2.04400331778889
2.40843220703495
1.94467024339765
2.12770132366055
2.47331626430489
1.75744089665279
1.40455664795145
1.82409010084403
1.57290724562128
1.75138192959616
1.79322746805381
2.36048235875913
2.46738112687293
2.40151576798431
2.39803080296696
2.10078809529963
1.68158395557523
1.62318666110243
1.17151924450008
1.96551976612432
2.25482627643394
1.74374531800109
1.03947954810689
1.08269558625096
1.50428921891615
2.33744087832593
1.93234918030158
2.19338198124246
1.63042193846929
1.60459297533313
1.74634389246174
1.69498613683322
1.82552121443575
1.86941676955665
2.2104473728377
2.06213466379643
1.7480341386072
1.47915451420114
1.71224303398691
2.24087125563501
1.43204193833003
1.50807958417172
1.84744548805641
2.18266242154577
1.99955600610024
1.62731149639959
1.877450371808
1.33821178382393
1.51098047342217
1.47532626469003
2.03773558300334
2.11741155899596
1.54118348325716
1.98094420675984
2.13160717946965
1.95746870601122
1.50824671380657
2.14894802887033
1.9907235074289
1.88842378492573
2.12718648103973
1.80734644813228
1.58387674733478
1.82172946870899
1.9199285846078
1.84432562641576
2.01346547750713
1.99527307413044
1.86505622626081
1.94525475916648
2.26103297800269
1.89687223744055
1.74801077905345
1.78228995746629
1.76967879203432
2.18633407299613
2.24138581734497
2.15713830246118
1.81521538484158
1.71165195257031
1.72860678862914
1.63858566222685
1.95917378180798
2.0187370201398
1.64710740115505
2.06512849382966
1.98800620349879
2.40838165300619
1.67333596514367
1.25003402125016
1.24081245288354
1.58024313835477
1.26857422162875
2.14540141772951
1.84727619883517
1.58985442843233
1.46940847068862
1.38142842564172
1.51737331541759
1.95758910909307
1.86383636924689
1.51184432365483
