1.465
1.94849285703877
2.27627679695433
2.43113096639173
2.47735480274211
2.46530323995641
2.416719043799
1.91729605778388
2.15115581993458
1.58609798127727
2.00003939185667
1.64004629499893
1.9547978746012
1.30120820498816
1.92749659571301
1.19489044143071
2.14265321724216
1.93751848320352
1.25649804229184
2.43439572530103
2.147439804455
1.020683518044
1.03121993011474
1.00331826011785
1.60891458274044
1.06792376203181
1.74113567597068
1.33521436306974
1.78707879758256
2.36608051199602
2.32473658914452
1.50783302594714
1.08185313290425
1.07573067839391
2.25769166810826
2.15969082876427
2.25949735694278
2.26055228832672
2.45182008177808
2.39008207784676
2.12284022720768
2.27128888146662
1.69717342015438
1.51303042939311
1.93503458049722
1.43989228163278
1.09058376577544
1.83705509884042
1.25466416493078
2.04539596840115
1.6317352397591
2.20500914264743
2.40408322949884
2.42642019432248
2.40308635507782
2.48181434823857
2.46158634543539
2.20609901565691
2.36613816764259
2.26552105681207
2.26232416359393
2.40997005832042
1.95102761446508
1.71099877965203
1.22811103453204
1.35958381817865
2.2312342098957
1.9770162829896
1.8091954509261
1.81161307124308
2.03626114238484
1.50315449285328
1.62096867278872
2.13407160350185
2.1164636887944
2.0709037922325
1.99280061419442
1.93566358964824
1.75926286471613
2.07188610818747
1.92137761287744
2.2935449535022
2.28054843485863
2.06164530310678
2.28609753149354
1.83233523669756
2.04395855175967
2.443861005494
2.18310534538307
2.20023986154571
2.27778199078579
2.35584470054463
1.69118854738394
2.35294040927681
2.13436384885378
2.04288813030186
2.24989997108686
2.45911628214168
2.49410818827588
2.49258813592145
2.43823838623756
1.68659053919888
2.07086876709925
1.35440424236939
1.98145562406038
2.224071410744
2.21538438179813
1.49705698414878
2.19696121966672
2.08825118348094
2.09540135491301
1.87166201678471
1.92457610719704
2.18356774080457
2.2139928521439
1.87884092332118
2.43394576736899
2.24128175961916
2.33168458633919
2.28584536609108
2.00706284309065
2.37934126523024
2.10603874631757
2.00026743635941
2.22737527194074
1.93498970770428
2.22489315442381
1.59836598226856
1.98258554780072
1.94993983473239
1.95202275151417
2.34060193679115
2.22097587940123
2.35354700387784
1.72372638926487
2.05949571616329
2.19121046099464
2.21799277861885
2.3678156973497
1.94214910563035
1.13883872080119
2.05260158066743
2.30938208534624
2.43749653861819
1.51689038579183
2.25162445996299
2.28034374793496
2.21145841130895
2.45456223751213
2.39093886615092
1.93339633322431
2.1975180629706
1.99899487600321
1.69585609089486
2.37567463789382
2.07913264379965
2.31549621314263
1.66617534442788
2.0821953652169
1.78589297128421
1.85909972589154
1.65136163457262
1.40530947600455
1.93475482304285
2.09766183315201
1.46861122596745
1.90281515786486
1.87966456240356
1.69926275255537
1.51518490747696
2.06335076514693
1.96270609163094
1.51482241486664
1.59082395056375
2.20027462463699
1.51700266568042
2.14513643916665
1.87127121690669
2.19860075484166
2.17694955160766
2.04479590275245
1.9460482550998
1.70614425559644
2.25831502190947
2.05523306760829
2.12728919382736
2.08164544613078
2.19610821741341
1.78470915375116
2.29705712837737
2.13006234314264
2.00539822077704
2.30697182035077
1.78544960081959
2.27371348828339
2.07903426780871
2.04969707556913
1.99553601780215
2.19435460321986
1.79960285516107
1.79227575972532
2.28341194757093
1.93787513264165
1.55358149625908
1.88225791367483
2.16711384340167
2.02520434188312
2.01097174347404
1.96957820922012
1.5650553583389
2.27598899603145
1.81685018496982
1.95547743895516
2.18985728871253
2.17599546209806
2.12749507016845
2.33641042864947
2.19536973783348
1.93102916882802
2.26788252094996
1.8949426189146
2.37253503109275
1.74069847495559
2.31953440650715
2.11726011204063
1.63472463128813
2.18371067806187
2.38301747611351
2.25163127155364
2.34761279699442
1.86804785538365
1.80629237445302
1.99424975902532
2.3301497756155
1.86474268142673
2.29233323019481
1.90975532501033
2.30948013985779
2.01866397506738
1.49492669141303
2.04334168007477
1.55208592890265
2.17121330248502
1.7078605600069
1.74469165886368
2.30208952488453
2.25954882816994
2.10037740536034
1.4235815178918
2.10863601089611
2.01488608685914
2.14239617199888
1.89855383219697
2.45309251235811
2.11774168486435
1.36909713761261
2.18089712922421
1.78334220436569
2.36966515293741
2.04442625736726
2.02996297182102
2.05698708190663
1.57523316980095
1.85788836434479
2.27314847383523
2.38553905929704
2.42325693846629
2.28334088228507
2.13754605730238
1.50093237816345
1.32281681816429
1.43050062012056
2.23735228397088
1.72815821673839
1.53026963481274
2.33850142671033
1.98214802691871
2.12999494869598
1.94625246069703
2.36738079106106
1.9787097893381
2.29316894622617
2.36744029665017
1.86749379563892
1.91755368646896
1.97155028212313
1.82796356262903
2.30897725945389
2.30834565064136
2.09089391789973
2.16416184316963
2.1566361510347
2.35734086763463
2.1775961436878
1.97543729589353
2.35457916670526
2.16327638349257
1.94666375537594
2.10837564170417
2.06150979665236
1.84115259171086
1.33612878856161
1.74222907708644
1.62363118927429
2.12497636868956
2.35980618325412
1.69285143362266
1.20047294405219
1.22360252183175
2.26241452127974
2.16387662478035
1.30250421584744
1.18990724996675
1.52010118415637
1.08205055760945
1.23711082509392
1.86874779909079
1.75295736397287
1.89173758127865
1.90043985677779
1.799270526142
1.79441387611014
2.21086664785784
2.30885897729614
1.71467934476226
1.60577724130313
1.51372794402938
2.45990526764869
2.18714359725064
1.52074300343702
2.2993461109576
1.69046075635315
2.24152830767365
2.33670567293502
2.10187743442994
2.44083751400225
2.22794552695306
2.3948583664445
1.41092856086066
1.57468282368067
1.98349543611629
1.73573981160393
2.33210197669832
2.20354520667385
2.21363912345888
2.10127957743837
1.84372218020631
2.36178095119975
2.48075103398242
2.47320635528629
2.26960690934826
2.03245517225973
2.01691839179917
2.06595233413554
1.35979411835013
1.67015842179472
2.05918554918904
1.1632185768204
2.18377287766388
2.14503557356274
2.13892595468069
2.40544503738035
1.77223716060894
1.29509270677345
2.18875424454906
2.09911321120332
2.10254380516923
1.54211921052183
1.95832679594019
1.92675201834505
2.09633800191322
2.34283536253104
2.35633150619862
1.63153865522618
1.85658889227682
2.00401968706442
1.65091987674002
2.03870033794278
2.03221860442036
2.31003483635029
2.32104183930099
2.43657091173052
2.17069276301844
1.80925579363573
1.54312478226552
2.24201517853258
1.85031937852057
1.92904467328717
1.2629840233601
1.47003873544749
2.25959632367429
1.8840239534966
2.13971361443881
1.80300403170248
2.34434098919742
1.94303363192437
2.42252647053713
2.17414940373469
1.50092324154706
2.20012773106862
1.78377671718108
2.24645671120845
2.2999128320131
1.59008227112555
2.10871720406441
2.41963039292579
2.19361681694479
1.30940308134025
1.87308964623541
1.48688324355572
2.0044919693766
1.3703673726455
1.90123573787739
1.95011363282577
1.34012148915529
2.07512088404003
2.01585785340562
2.41987265739442
2.46281909568971
2.37658750319587
2.46489069316299
2.15240309578469
2.2779334669302
1.93499210398628
1.79322420035734
2.41967054219401
2.48720160302328
2.10190428050149
2.25113442992962
2.06703191367226
2.25526613197064
2.09236938714536
1.46336668941125
2.23823331052704
2.15971932301501
2.30768363328383
1.2543792802842
1.87644364799035
1.97267544290368
1.72348178708385
1.61788329825339
2.35643976011974
2.41501465348009
2.10629840927036
2.45456568067468
1.92582716132584
1.42455460683656
2.14979869925467
1.18628881750179
1.62653215636271
2.09039452281972
1.2553659639531
1.33002993478895
1.69150226671488
1.49303734009959
1.45312235001739
1.74360465181899
2.21460657711728
2.0743991508607
1.85549032463276
2.04387551266548
1.50909284336895
2.2763700734761
2.3258426618569
2.1002425860761
1.88162929857011
2.07896763012261
2.18865729093448
2.04040771723278
2.09802867376453
1.87134668424474
1.92892294636183
1.83170676236767
2.14446660649983
1.93748073235074
2.35441714485016
2.07554263480293
1.80958966846901
2.0515644545495
1.88272877400301
2.09268153551036
2.01701454856836
1.84766981879583
2.17942502999605
1.94867639554691
2.22533387505742
2.08581387311045
1.93040956214455
2.15220600024745
1.95226087470566
2.24290729739106
2.19212868285651
2.00116401996684
1.8268356120889
1.92385851587368
2.08700972001252
1.83525240549032
1.92452080983077
1.91553367859935
2.07086237946838
2.24589440314155
1.97157446267228
2.38489862653511
1.75664233525907
1.92289976993346
2.2944621631541
2.43181309617546
2.05177505855291
1.92686964392893
1.50401116009472
1.95522824855225
1.9049571035268
1.23203609965059
2.03781721835096
2.39100540819486
1.69608215465923
2.00654539216917
1.97701085941853
2.24504343623062
1.88089313325304
1.9544145062795
2.36028690648891
2.10513502761658
2.25351686041903
1.5348713796098
1.9411264050603
1.58650567524469
2.17184792380366
2.0431347808916
2.022840996359
2.14890336136645
2.2439793647254
1.56775252500417
1.8840150930553
1.53064664063923
1.97134005711742
1.65464908001059
2.05122852252797
2.17185697019379
1.81055563002919
1.43225659979473
1.60727217399031
1.97850979619837
2.38106645195345
1.66387455602102
2.04166920026424
1.89378201351874
2.04820486335721
1.50521330685689
2.14469863068734
1.65896142877862
1.8039598090425
1.37717500242803
2.33629384507327
1.64319635523236
1.52196394959741
1.87358745907815
2.15942000659708
2.10418578704998
2.26626933557694
2.1298315572476
1.93258951791536
2.17701495367775
1.95854591191599
2.14975944628251
2.10355313203869
2.41955684222998
2.20232806564982
1.99270568694023
1.70246887028178
2.22796057508433
1.61847105032292
2.39406773880912
1.85329081019919
2.21625595221823
2.24589501718572
2.01891067573456
2.21376392953233
1.39484060341198
2.14499293406945
1.79235145425672
2.32034358643567
2.2137472204706
2.26411699840812
2.08261887727821
2.36657967200455
2.17738348689409
1.57000624596567
2.10669683984201
2.26553674974978
2.26827168389265
1.83493416379209
1.90401009407498
2.27450966170001
1.79504104800854
2.4623402110963
2.16001621097014
2.34808239026012
2.25793558177138
2.40604917025804
1.49498425930346
1.34307774648206
1.75372386334112
1.9419612214726
1.54258196817089
1.75479201091494
2.15175500598531
1.89827473341443
2.39499267910317
2.34099948729764
2.29009902866748
2.46318082137509
2.35027664493157
2.36180724618107
2.34894344621565
1.33654906839094
1.51768710751786
1.988245598923
1.78030555955514
1.43505147726092
1.81061364730262
2.37362100459563
2.05640148220751
2.35491565329813
2.39779141510337
2.22798208712504
1.87093210506894
2.06044483756312
2.46189227975814
1.48663394622085
1.68724471410734
1.58885077631947
1.48458346050916
1.21294930966386
1.22142686990087
1.06494714384733
1.11779726606966
2.38908153194536
1.91665212634346
1.828763892044
1.88404759081358
2.42984290972057
1.94839746649898
2.37213920522309
2.06080154699724
2.39846036562074
2.36896836799239
2.28132744878506
1.92930128877969
1.82751174038201
1.93943991358782
2.35329285390415
2.18800054782633
2.17246209438541
1.74428763792049
2.35871957548351
2.40258163266297
2.18371883985272
2.24793753515749
1.96501283375737
2.10469627327189
1.56441523336815
1.31423357323833
1.08552802587893
2.10642129230433
2.23218571355651
2.4340052985955
2.32870492087832
2.29517396277815
2.3134226191885
2.40940977823737
2.34746066488287
2.49599477516183
2.41512126919953
2.36108278688796
2.18925586368414
2.01946699872741
2.30436217978168
2.12124266093899
2.20573101570032
2.08451468158215
2.04741696987363
2.11941150649244
2.41671952841257
1.74181769094678
1.51332061532982
1.84729869478956
2.00220162911337
2.2735330332225
2.30474601201556
2.21162125633388
2.36909957648528
2.42908694284509
2.03591809500697
2.35357925771142
2.46654029534578
2.48570062821183
2.42091749274696
2.47948281028955
2.45280695085656
2.01296500643574
2.39031112198348
2.46632938015321
2.23241529459686
2.38229837150021
2.4546818964872
2.49493909822949
2.40255571177997
2.47806786562668
2.37037267656758
2.39385389837155
2.46847469683714
2.0405363974225
1.90799710692718
2.04580728931889
2.25607922757214
1.95714148086921
2.01103007242214
1.15171609525148
2.49062001665207
2.20455358830739
2.31705882740584
2.36881437507386
2.26639915311862
2.40808840555684
2.33297204601745
1.536663446723
2.03833795711079
1.68245096521562
2.32882958416224
2.41042902282837
1.75227602063823
2.04018730935204
1.94360197519204
1.63257485208009
1.9892024929728
1.54260292866915
1.89301660614043
2.31052872405723
2.43635132981749
1.99207127467223
2.27096222070106
1.88351679603431
1.69510842599414
1.68422238767133
2.31716476289842
1.58171951158435
1.98148102896166
1.95765107084368
2.17785475746924
2.14418691983025
1.88567941888389
1.75615793447432
2.09804432339111
1.7285152499764
2.09927080002703
2.03094834541803
2.21378815827958
1.44372322558749
2.03236414845367
2.2505415149705
2.27727559999322
2.30765470396228
1.74697570647522
2.060517952272
1.46181106798962
1.84232228913614
1.2557008931705
1.4880961359041
1.27465319451978
1.91510391595727
2.05040923805171
1.84440169949773
2.08289631589111
1.8824199385655
2.09237390168581
2.26698100671558
2.30078698165651
1.83828390453172
1.52641924642061
1.97336357953255
1.5083971882896
1.71378955437483
2.03791523807518
1.07597110398604
1.26616077019372
2.09084706207219
2.186756923234
1.92137420619028
1.33378527299044
2.28847447718235
2.27034420829547
2.32093054477378
2.03775044381572
2.40245670949033
2.25845083394138
2.15542353761449
1.96348148931431
1.99300012066796
2.26840568257096
1.59763564063096
1.9886843407639
1.97854113955691
1.77375394684454
2.39706027983208
2.20732928800109
1.67720263141229
1.95336804276893
1.90171220234784
2.31630521730148
2.11044795993361
1.76470382200687
2.09715509200084
2.19560658916213
1.63885752643412
2.23275759483519
2.29774779152457
2.25722475902767
2.31156459071024
2.3781104314706
1.70959622270054
1.33829490087511
1.22079694862952
1.24812614959377
1.90294573822699
2.05510504640433
2.00648078644987
1.28718454437852
1.13610452174804
1.95920391054224
1.61868871047314
1.47736347793171
1.86558233021517
2.210320031576
1.8025586537403
1.90999182128056
1.84212132627997
2.18874774250859
2.20963292607141
2.0137018813551
2.24074929190928
2.16720141745878
2.23575298063431
2.31580313475581
2.02020526604718
1.90118393229416
2.12153345530651
1.93060467473003
1.99175981140034
1.76544696221072
1.97262167786549
1.53852139436076
1.92047974938832
2.23341880684017
2.18204993206915
1.69365427148936
2.31331540293847
2.06386169545324
2.41860458369473
1.90564880305601
2.21967109199084
2.05538041018286
1.54523145707546
1.8651244113266
2.24392676311377
2.22329640621232
1.77635765269079
2.2208658189579
1.87490322681827
2.21979891624338
1.64514166295358
1.97844328545383
1.88119532934332
2.23017446528195
2.13155391741803
2.10229361867489
2.32534075357703
2.03883307852833
1.94519026053177
1.93380746038021
2.27966187008363
2.28654854691162
2.46772468993229
1.95517678514921
1.86126693442464
2.35239954768298
1.89072670522051
2.18674029221603
2.15306709571971
2.05727716958526
2.26010767470343
2.45461205608977
1.95657308361166
1.60340976433636
1.32816212547582
2.12852622882362
1.82816976266265
1.45440640229231
1.21874941997489
1.50879678958893
1.25546928039674
2.26011932539861
2.12710958300011
1.75215023969879
2.03322844356263
2.34274863935107
1.33164534594816
2.24449070164508
1.54165193257574
1.56181197437543
2.24863543148915
2.16049460744758
2.22767425735574
2.1314089215433
2.39211105934192
2.27685810858331
1.73060580466613
2.10042238498715
2.40258861007991
2.00613037398703
2.00582917507969
1.62048211154256
2.11286088966947
1.68234487400272
1.75264744458573
2.1460421496237
1.91534083066779
2.00906512833338
2.14112473219372
2.06804955705218
2.03645640791568
1.52789288920121
2.0390877824504
2.43108761163509
2.3674951270995
2.02383887041733
1.29025321681676
2.16401916122413
1.23158050573024
1.1576279974213
1.70453264779971
1.34459806263414
2.14093750363845
1.39769272505615
1.84577217810405
1.29238202370569
1.03570882818533
2.15423979096593
1.56756967895588
2.10633031328031
1.47318604084538
2.01272342332037
2.07675673041038
1.54478633719341
1.29381698417869
2.16407335925008
1.84634056783944
1.91429869198111
1.55476540099385
1.60126486918116
1.93797933458102
2.17161716472685
2.32422436012542
1.84536339511891
1.66714454155879
1.32231497126463
1.71633106121853
1.92615327103991
1.99697334368421
2.2765749107868
2.01503518198571
1.67809670132923
1.87622224366798
1.81968601882978
2.02214821757407
1.7009885757931
2.23966391371599
1.90506051701048
2.33327584813271
1.77566417572863
2.36160076018558
1.67121586927694
1.35801843989289
2.11480922790116
2.05773750326872
2.35325001084846
1.84233760371501
2.29514475829979
2.01022098878404
1.93422755227759
1.39280351348241
1.67406329642797
2.37649309951983
1.84572156202734
2.21959642143542
1.37611701685404
1.75282710087874
1.62935082977621
2.04072887629729
2.18416758792816
1.55817473421729
1.79204114513006
1.60000909157271
2.02788382690704
1.72465822550676
1.6585139703064
1.15129476408057
1.94250600545992
1.72105320521573
1.63061046277682
2.1786523584003
1.66665975832451
2.43285782439995
1.92916631118524
1.60596190779004
2.20409034851069
2.20230799850081
2.20167366520341
2.15853757774981
2.04488849692383
1.66364275241286
2.08707111879337
1.94053578710019
2.21671210724936
1.83963954806914
1.95414963679765
2.33328985250854
2.41093455345603
2.38530396650838
2.02173478448367
1.94839316631949
2.41011057619925
2.42535577638022
1.79447808988117
2.23544060852045
1.8139102869322
1.51899322623516
1.67833520422485
2.40882725750427
1.41148098490269
1.72268447093044
1.84288449242979
2.32024893438653
2.41672547271616
1.66975698235513
2.3315463562085
2.18920574596647
2.28491254267579
1.776285548148
1.70165171808436
2.31360339389123
2.19321617297106
2.46933521643619
2.13325574408205
2.37482203010199
1.96082550479102
2.39982239630036
2.12585866552933
2.25471713707812
2.04787925377634
2.18632117764728
2.48559965714915
2.46036954431235
2.10070643535952
2.2603362157687
2.24176623202604
2.3513892147229
2.34324179216788
1.98671021623247
2.09165264667227
2.18500481100681
2.15198274569732
1.96206958566103
2.17869977768339
2.17979911559045
1.52388831966454
1.91703212138215
2.3919200103433
2.45453747104046
2.17044298794097
1.44428594751254
2.07564427230416
1.42537870716425
2.31296450900105
1.32914223124662
2.25133509000342
1.94900981766109
2.29284591835654
2.21811617742693
2.30422798638044
2.32575486822016
1.25426942468245
1.79880229478055
1.92898532198314
2.45950215529758
1.42325758871388
1.93326778258093
2.05321086191059
2.13438581869592
2.45993308778976
2.2514405297155
2.43199934365072
2.19155308662878
2.22091699446424
2.4671670335765
2.346891431003
2.35270770984248
2.05272215651485
2.24982348293643
2.06282992482927
2.19558854968894
2.05315863678954
1.66455700757176
2.30419150282013
1.73054761299231
2.2453229971816
2.3913443053102
1.8776024340303
2.2329081843685
2.12077073171896
1.67399800815569
1.43622747402337
1.75091042000307
1.48105582932119
2.32628247360261
2.40087960004994
2.29438088981495
1.54432044736038
2.07420001672753
2.16158484531555
2.09819395706789
1.87515852424373
1.42862753800193
1.91291426840419
1.79424442607631
1.78338982891691
1.84675233435349
2.2295149370525
1.9368732296193
1.98556285568036
2.15853854526528
1.7732969680607
1.78332406358965
1.68932040998811
1.83658091388911
2.28358024768632
2.1863187368834
2.12097160895974
2.17686111620497
1.83204184408555
2.03487161061382
2.22883464414609
1.78145816742203
2.02342276373305
1.65773248787997
1.71757041562729
2.27349418653386
2.44724814733797
2.3071558855309
1.5001545495376
2.0629128294445
1.72067928891421
2.07900667401439
2.18224385851666
2.16472602768666
1.86647114685225
2.22242557358692
2.06579220993574
1.13698732280018
2.46034670071407
2.28987400856669
1.83354384191673
1.62638003407077
2.08262245397063
1.23142212864006
1.45705714032207
1.075717228135
1.30689014249707
1.90748266336014
2.12723066526514
2.15693145404738
1.22300403717242
1.82227850807636
1.61924766584964
2.21034580011461
2.38008606104044
1.98753638066715
2.15444074571116
2.17478527466971
1.86971062073923
1.60546867572849
2.06729453139622
1.90453193448578
1.80262511999075
1.68858323026845
1.43999233067748
1.04013020201802
1.47913134789973
2.33912293917227
2.33503413468422
2.0774278211532
1.7438910752066
1.29958524102614
2.29678531558131
2.30049339567655
2.41814806139818
2.39174956624342
2.31658487716135
2.21228021619539
2.32219278454659
2.06510786696115
2.37957471304533
2.29919005076512
2.02258320819358
1.79795054761451
2.18689060467252
2.23835798693934
2.3107532793962
2.23431271105207
2.33588095887271
2.42459044416726
1.55092672763578
1.31470865626845
1.25793503523375
2.43580388325344
2.31606219167801
1.74466435062358
2.31696713428939
1.80476232662455
1.64946048809138
2.15407782537352
2.25415572880975
1.72862478017078
2.29044562363781
2.45440513686836
2.44940495190466
2.44249532018198
2.49196392751215
2.3372459435221
2.43352492607686
2.46018546820027
2.49143268299759
2.32661807163019
2.40959618468017
2.45720838779244
2.48972571131289
2.46062637579194
2.11560705441838
1.85111189771811
2.41736350174244
2.42401298970859
2.48558951796049
2.39852264275197
2.35984813384679
1.66558671333654
2.34466110108323
2.21359016564069
2.35395284949533
2.44463610429363
2.46044955995681
2.13683723089138
2.44605619643366
2.05230406419557
1.40265595678689
1.46537095938786
2.2649707201535
1.83896145607413
1.80201839009615
1.55736291401929
1.65677577323291
1.89694782909612
1.9222876403379
2.02749844122224
1.98172233855041
1.41531342363887
2.45213677038723
2.12541252014123
2.15969680825501
2.44359123833458
2.45469363863733
1.99002326840599
2.42955560381502
2.40272824206897
2.39568581653251
2.1082667466982
2.22544834996295
1.82465800585632
2.46364635246295
2.3120332370387
2.34030451660659
2.14024852654162
2.39234786189282
2.15209067552236
2.19309395769364
2.08787926420832
2.03957267477253
2.26912608881403
1.16364584220025
1.80340143067217
1.38739237565361
2.00857216994103
2.1696979815104
2.19876534133829
2.25717465390315
2.41041828947396
1.92148850230879
1.97982394597318
2.17810403044579
1.87260267445096
1.82323645070851
2.03995528545557
2.25143382440897
2.06987671804485
2.34453745529371
2.15027245346048
2.45204612094593
2.00452321149911
2.08594795751812
1.95882514935966
2.0357858147002
2.37374545579281
2.07683469397452
1.84476158075135
2.17170126109979
2.04059643503428
2.39662673685209
2.48214508363379
2.47574625095893
2.12535686160478
2.27147187970509
2.15364483680267
1.72924142782412
2.23643765545552
2.28469253297287
1.8669489642264
2.25975841138201
2.24122636517669
1.8977668667535
2.30062666786861
1.57075850133562
2.39072899156776
2.1757148658352
1.72183132832793
1.8424248094483
1.93606450760373
2.03808333612464
2.17166556693643
1.72173157882226
1.39040070939857
1.67239368624447
1.91912047120886
2.25227246772516
2.26327213787789
1.5584303007045
1.17461974807016
2.34733884180875
2.29365329577399
2.40337902121919
1.9854856063359
2.36804178590574
2.41578728727093
2.25785305311942
2.2933697341374
2.42619274334302
2.44594315195151
2.43001212109449
2.30737367122574
2.32149592109886
2.39757589425778
2.02450876233972
1.83894851965082
2.31188085650431
2.30742259487528
1.84153063371223
1.85678658255107
1.51484309054734
1.8600023825619
2.02446818650803
1.79054135191585
1.47001921980918
1.56122164564201
2.02108706695436
1.98545513983208
2.00218465107442
2.02545513930604
1.81009798004514
2.09534500010149
1.59772329293186
2.47339466067005
2.40348525728973
2.24706121601621
2.27096913305839
2.43429010401439
2.28297209698443
1.7697868948098
2.30084144329508
2.43411679746282
2.19452396140162
2.03120378756821
1.71557462231673
1.07950333484328
1.97052564371668
1.40803749891443
1.8616453041803
2.317370285474
2.25220073372284
2.0924157893832
1.8297361616567
2.29937489726355
2.37540793592836
1.80767397081372
2.3330292393747
1.79399758685428
2.20748268528772
1.73028969493598
1.55083100684343
2.29521924374084
1.93441826607553
1.97802032811632
2.22590900306392
2.07962628505178
1.47971598158607
2.22050643075683
1.73444926317133
1.61701728461985
2.26780720066182
2.3546052905939
2.31604851655936
1.6719317580317
2.33135469148949
2.29042363353469
2.48100873991926
2.02104465963029
1.6340244630966
2.17947251414223
1.86664961549687
2.39601848553066
1.62936075496994
1.37696269384648
1.5486770128974
2.1711860087831
2.24519685821398
1.72528773674387
2.45730929835388
2.48386588611583
2.12954624551413
2.28927487619921
1.85788834393815
2.24175296108622
2.37413797731653
2.24691084502322
2.20206193828323
2.10545565328193
2.35914332199351
1.82171218316073
1.73013774435069
2.03611990810981
2.15925744122986
2.0046472450147
2.28677571627695
2.30762437749413
1.8316038942356
2.29800819012752
1.98993219517776
2.28014044793024
2.33664382958979
2.35319272155329
2.02132555871302
1.97271673502852
1.14543510152753
1.50763931740297
2.27444936990238
2.15947360740551
1.91185317496833
1.66573725880283
1.80384398905475
2.35335742604656
1.58567815289044
1.94240610095962
1.75791536604925
2.32029798990059
2.36123186224216
2.17278415252222
2.22836200707011
2.42068683698759
2.12826578584344
2.15707004418358
2.21786906171793
1.93283642147747
1.98496424370786
2.24445799695627
2.32519323090338
2.38921506697928
2.40501509526295
1.70111190622664
1.72639918303964
2.09904950253152
2.11474315517035
1.92995372633226
1.62166094673807
1.85981069099457
1.75505914262729
1.8540304168828
2.08795953589614
1.50016244751861
2.0864882021122
1.66356868215635
1.91936668555251
1.5236802954224
2.01426725729525
2.04714701439492
1.99098566191483
2.035468095731
2.14315315934434
2.03383274198161
2.23833011210789
2.20667139362785
2.21318074479314
2.28071603624322
2.11629118604178
1.90526450449108
1.69562421401424
1.80492418012585
2.15221770315756
2.01460049978475
2.30601838484517
2.18478675649132
2.07217594858711
2.27263792608723
2.46681797123382
2.47350674005742
2.43740984147188
1.95850269713656
2.21062555990757
2.146967280424
2.34708885337844
2.28064281465364
2.25779758838202
1.73914735418116
1.79815305779436
2.36561098242684
1.86888043023832
2.11589616846418
1.64015584343936
2.3208772038942
2.17461985481528
1.76838308076204
2.18103899830811
1.68068579399337
2.25593547987233
2.3114915339624
1.92639265935478
2.19510508896695
2.4586397621224
2.49133947199874
2.44942125021149
1.82641977623629
2.36176924080204
2.20181686371283
2.15816932185897
1.61910759878874
1.8609739532371
2.36925292959493
1.57199318577526
2.21504318362755
2.31567767062048
1.39362675256785
2.45391381173751
2.19912851512527
2.12627234775258
1.96385156187154
1.92148997587857
1.90460880093547
1.65933353873308
2.18767605901657
2.3000389783206
2.20728742604228
2.40023385807104
2.03833304538663
1.90265054969786
1.72883459377457
1.65051056720009
2.28493454650784
2.41998496416434
2.10948498149984
2.16206695672771
2.2251078306575
1.99003094234805
1.91653867526329
2.19811712061395
1.80675450491689
2.25018561929985
2.05800826125048
2.16799532800745
1.69607926088892
2.47100485284972
2.05729632148401
2.03200328989914
2.25373556542157
2.12968321876528
1.99285124144982
1.88528654187228
2.1279231989496
1.15221348328275
1.92080417490961
1.49510513549259
1.45517735273407
1.95379729403236
1.87872486476927
1.67198811610551
2.24723705700589
1.94899143536024
1.55051017875811
2.03812370260641
1.63652460938482
2.19381443436791
1.87092518377033
1.9594805026893
2.30381967609289
1.73643594040178
1.87691626064482
2.33297368366032
1.55505787085562
2.07760937479955
2.14564460527516
2.27650356335749
2.38251361276059
2.36106926426806
2.20875778867339
2.03004109571552
2.10700381718107
1.74629767285755
2.0085174222465
1.50630646918616
2.37244043873243
2.348113667006
2.45723506771475
2.37559165362126
2.04508163665299
1.69598721504843
1.6763240891302
1.30968965434061
2.11458035523755
1.1440854998085
1.96865107187881
1.07014779204747
2.35073466189154
2.44061594210432
1.35939324304779
1.30414388148695
2.41994227080747
2.15001855807909
1.26050702268503
1.62715980772127
2.16668388889558
2.20674065075174
1.76824477746927
2.35237184270588
1.93819182900197
2.47920205133485
1.97525364676389
1.31694797287513
1.57383628468456
1.54612036248287
1.90003673471296
1.64392174819256
2.16171825359237
2.02959482647419
2.27242041146567
2.21842403180571
2.26220113922016
2.01944782904742
2.36663617074432
2.40564333717636
2.41873613129224
2.43182366291841
2.33202023904263
2.33716705395961
1.44712641168511
1.81700822745515
2.05505453445516
2.36824836879348
2.18197897785509
2.43050342270594
2.30437055011899
2.4211570633233
2.36976405615013
2.03048709602294
2.0949470106706
2.24742774928701
1.79114784321976
2.31606991951814
2.11665222599603
2.23499938529124
2.01666648987484
1.34988494104623
1.7133905908421
1.74361930017602
1.93516719590197
2.4067028113696
2.37496496690605
2.28735085740191
2.13277890122909
1.64980214773191
1.67297394164097
2.22550478274615
1.65136488315064
2.42311688885038
2.24342198662531
1.7510169045802
1.6867453067552
1.08679572163415
2.2320842602043
1.67705155052839
1.25670842367774
1.27680184951506
1.17584238309885
1.21514941604979
1.13705878615896
1.15196777263237
1.03899941191785
2.25277598686884
2.44992991460274
1.78579047934642
2.14598685809502
2.31516344833187
2.34295899838193
2.11148826560653
1.95400653584182
1.1924677509859
2.26445263172694
1.37891563671895
2.31544899326225
2.00414762199548
2.08678510441861
1.81956610093414
2.20262490750216
2.40819814042664
2.49205605499751
2.42185200870376
2.44660139968364
2.21974032631207
2.31420778568787
1.20297273280838
1.00445217646361
1.2313238536918
1.52099825773541
1.12751953799635
1.29237895457067
1.83915686105222
1.28821529310907
1.03617560663837
1.10970462350012
1.3892841924598
1.4501929047533
1.23460501944103
1.01029337198744
1.00261053990723
1.00036811988033
1.00040838823162
1.00054817569994
1.0024233200899
1.09129431549833
1.03112615284784
1.01397876509883
1.00119428367872
1.00392900256411
2.17811854331595
2.48275070364437
2.4989636889866
2.49743953465601
2.49936033283164
2.47360585049584
2.49697812603183
2.4989817340316
2.49658727695713
2.49458992454283
2.37315364021034
2.34391302286037
1.96141665172518
1.36750745487155
1.14879172075735
1.4192026242154
1.18362207217572
1.12439525645016
1.05644166819003
1.77404836840529
1.12651126979525
1.59001171777167
2.22543098750138
2.47441244305976
2.47127120803714
2.46304953091253
2.23019655868955
1.81186891848321
2.30017059603814
1.80364146345233
1.25829191587606
2.45739013895949
1.65625752953558
1.83343306077803
1.41065127143176
2.38051725035864
1.34837896925287
2.35693842002615
1.58577667810261
2.32061320196957
1.99600596514846
1.75157747009372
2.22878215484589
1.82238518079809
2.04432275480923
1.75901784742969
1.98317652257101
1.62128865056227
1.65263356800665
1.17708309576268
1.56887318608416
1.86800383400447
2.23713101836809
2.22905471485905
2.33048257996174
2.31332862096802
1.93971380010066
2.05333631299243
2.10094551592379
1.31381644812011
1.38581649624342
2.00539230265241
1.44549388612604
1.51196931339993
1.85400438231946
1.66176312994473
1.3680916765242
1.12010866973795
1.2368717981052
1.30841231409293
1.85385894870975
2.22004119890832
2.36278926461994
1.99933811139287
2.09454027661146
2.03226713821598
2.26156778267327
1.67192874295071
1.35054117061796
1.73050656168431
1.40653822626015
2.12806452906775
2.3784811820629
1.67467732579423
1.85866393163725
1.45036440949382
1.90680857750328
2.18705612112609
1.67724032855143
1.75746915051769
1.92534475120682
1.58722034010843
1.6605830810983
1.43262945999315
1.86503819083442
1.77620260843976
1.93040667690264
2.13277255732464
2.07918344359323
2.32332960117344
2.11264471667862
1.99517185217567
2.08408638814915
2.0318122433742
2.27551283824567
1.66149493682822
1.80605925679134
1.45867399171314
2.23208386407215
1.92887435475153
1.90276167615486
1.42180211803645
1.68195992985952
1.74561300500394
2.03149863540739
1.43440936055304
2.00744671240661
2.39229173671579
1.44819695532799
1.5530569460605
2.20711667283857
1.86504437865087
2.20396131522995
2.16658380741777
2.1704301973325
2.15538064253445
1.84530109823107
1.94828854452844
2.28277950745276
1.25987389858784
1.70935750859062
2.02531207318259
2.06738542087884
2.29454313508767
2.24562205839084
2.4026934432118
1.45155353208625
2.0635215884475
1.29109759922334
1.92899712387819
1.88565712770267
2.2163683068869
1.79652370824094
2.03661926590898
2.44515968844276
2.46703990949734
2.12471783170408
2.36086162676409
2.44918827574251
2.12547432851518
2.21525713757663
2.44400626601724
1.60989420447674
1.43178179092776
2.35044062377443
2.31367326915483
2.40417084693952
1.85771387304082
1.64367247565361
2.30833526144827
2.03044582657854
2.01701714933815
1.79429260447032
1.35945504637191
2.33249556672543
1.7018177333501
1.88934493946427
2.36921728139738
2.04421440915168
2.31288893362861
1.80253531059311
1.92918136834839
2.15547636699866
2.32163128787248
2.30506575386949
1.69681739114469
2.39970719359868
1.65534153585537
2.37043345088591
2.15681762334701
2.04188629367328
1.98528587763295
2.03096054190487
2.23936459869582
1.92490531811013
1.95751669672152
1.56212167306148
1.36852255085905
1.99691632755111
2.05078024217305
2.31811352262565
2.19905227012406
2.32965015760165
2.0569774303868
1.85945616297053
2.15587524223226
1.64504761131053
2.08660327601649
2.0960176290759
1.92676135347341
2.22339046630737
2.17774716743051
1.99788732809438
1.64018349679085
1.7594795391637
2.28287977667687
1.70180860959639
2.0931820469965
1.76164968169096
2.13660206887831
2.36202287728127
1.44955319250457
2.07184548534869
1.95353173957121
2.05970594435148
1.81660022164651
2.20430847091492
2.02602783022496
1.97801962529271
2.42128954739303
2.44308091797497
2.1645295266974
2.25464637776793
1.9729853306663
2.13552972158801
1.84395034393878
1.24917526077014
2.1473594897934
2.18734979981642
2.14330747664777
1.68124645615793
1.96087337288498
1.63674625812734
1.78197929064926
1.87356943369807
1.77980969999956
1.80294497183836
1.86528524451536
2.14284003588674
1.82382902536528
2.27692570794214
1.74931772632291
1.48083648956114
2.23720944696814
1.68488397218831
1.61330709841045
1.88716700764909
2.12148029329505
1.55812388650426
2.40468328975154
2.09614531074398
2.30983781629331
2.00676374567945
1.63964367079417
2.03052301136486
1.26065186822004
1.74341002487273
1.24877871546454
1.97684295719279
1.83151719514581
2.03246697575918
2.28562947618094
2.26375441146702
2.39674668787932
2.30270980875825
2.31583719034154
2.34056201526316
2.41849099961395
1.39502988625488
2.10752673144965
2.1762109453908
2.37124548040263
1.90788849056492
1.59585642646114
2.0496126779014
1.25837373207733
1.50455333454013
2.25554760625107
1.92737452628058
2.35081475380311
1.54272798414301
1.95789565027616
2.02244262789416
1.91902442958087
1.76485310587833
2.22526602847361
2.35466802683558
2.36384682450356
1.80693871509136
1.44678598721558
2.08579404469513
2.24701045356763
1.97971163019592
2.09932240937362
2.13286799731574
2.18087694865247
2.07745807323162
1.94081728899671
2.31549149952193
2.24916737140649
2.35445636645668
1.66325837160002
1.84017344418085
2.02752641725389
1.78638213061963
1.82381606634988
1.95399926813473
2.01564106245842
1.68742066629069
2.16585499774558
1.86550763126076
1.57335479272518
2.19137738721549
2.11537827148111
2.14516053864893
2.20689906705319
2.19191198984268
2.11689648070416
1.6913798710061
2.09573845876505
2.02852204256442
2.3325601944849
2.47244654033343
2.22781623480658
1.96072271353148
2.33777773922458
2.23484062721203
1.90437124865109
1.99184433970591
2.23243868351499
2.33237791516443
2.17339963349091
2.41484843899028
2.40024552160441
2.42135714564328
2.005033435125
1.67968500637711
2.4579021313799
2.27600116960039
2.44177522993353
2.44570705915854
2.35301994259569
2.03034958711843
1.67520055234888
2.3593720929177
1.22680997964325
2.44233249068598
2.07309033659709
2.27177484584319
2.32202699956413
1.81661129254345
1.75797874032088
1.97092987663052
1.84027138772886
2.40648215593326
2.36168891624726
1.95966738801159
1.37078554346812
1.19493812894883
1.81518122695384
1.70765670779195
1.79723800757576
1.6612020962891
1.92198218213767
1.46225196962577
1.95781363995221
1.48557127999287
2.29125102306559
2.22821207129641
1.38831167026623
2.39097243617512
1.89344143384459
2.41073729371349
1.52532820011451
2.3361076239221
2.00906957646605
1.79161606321912
2.27447691625623
1.75457489761432
2.05272207061609
2.12531075260693
1.86700029483019
2.01348406510189
2.30158190876879
1.27460641333758
1.66695487399479
2.36918499574205
2.42197225603125
2.30782562488217
1.15918244140373
1.60022391288336
1.10474826644872
2.24369322742556
2.14452893455028
2.46821053461607
2.46372984781788
2.43986288875279
1.33077018666419
1.67728395572206
1.84343477207361
1.71228653835392
2.06553431061947
2.43187458814992
1.64422705428711
1.53334776086599
1.42965017258445
2.19835053322595
2.21913337748397
2.4404056059426
1.88116695983826
2.44643017612809
2.34831661997839
2.47565622215352
1.83046867615158
1.98968865586646
2.34563498306876
1.34758374405035
1.94252823731068
2.02886128853784
1.85030517120351
1.99801072333973
1.96622799137913
2.1925432325041
1.49383867336354
2.0949818891441
1.39469194761317
2.13993984005666
2.11497617736421
2.35700590985376
2.18840394725039
2.04839499572319
2.32244307062935
2.06260563580717
2.36115470331276
2.42091656059563
1.80441299963432
1.58913681908518
1.64500637816014
1.64583084071889
1.99613759202302
2.00591275444232
1.57900329387468
2.23647218799068
1.78477082576992
1.68268019007637
1.93187979595694
2.33776942655852
2.05606165984631
2.04241421111918
1.9019585417961
1.78455151154957
2.05900001157109
1.71289001140111
1.78790872765392
2.0239848854649
2.21827986947464
2.27958246860338
2.31890696272857
2.03620475830133
2.4292042256865
2.42964417544006
2.10378751940721
1.73358232550311
1.77532477896664
1.92389652511577
1.6181558587421
1.76456431016824
1.88419176356463
1.71753275359284
1.61735165454606
2.23943463410733
1.8718283557328
1.67843115327123
1.71956710914552
2.08408776481169
1.71787428797334
2.10751996629885
1.55762277330927
1.13498783537965
1.39860087619552
2.37962583626755
2.07054660149951
2.16498686054135
2.09794581115745
1.42777598396851
1.37010897740061
1.92341066204692
1.66641792961781
1.72536824579713
1.68373503020675
2.05509490796759
2.42383496706478
1.54552757454124
1.62943255243895
2.17171417354795
2.43581273570441
2.42361241825176
1.9937750702432
2.29052237443387
2.22583945952347
2.32133075712008
2.3907042994748
2.44296862264206
2.35936861333186
2.47094487097829
2.10773392946043
1.55603190490366
2.20025336156675
2.38829637062806
2.08830783388583
2.35592494546381
2.01489806109618
2.00120587225594
1.76955376855559
2.07850044114779
1.83962333300463
2.07777812329397
1.90042443019825
1.62232853127706
2.30190483664235
1.64211934343533
2.00100131514127
1.84522155545624
1.78895960657411
1.80649639631429
2.16264872724432
1.8866597171477
1.85754783634685
2.10508590316394
1.93459520121944
1.79451325846992
2.38698969707216
2.24937196894819
2.18823951675082
1.79228460341458
1.58835130749551
1.54713104600012
2.347926394124
2.07376284392715
2.41228044543777
1.73690126229264
2.04333966635387
2.15107993177067
2.21161971351839
2.28920728909202
1.34000866634665
1.39738697432941
1.33486604695299
1.86695857589867
1.61915789831305
1.36206985357318
2.33403922285618
1.44324153094578
1.1136013416222
1.38514258793021
1.72609692216797
2.43663894504011
2.01773294902683
2.13487360631018
2.15810002468889
2.15083912528105
2.39562739353912
1.46169858604031
1.27030716928974
1.96817925004013
2.32169878123926
1.16431144527255
1.09724447148321
1.28904569533862
2.41451141194767
2.32038231986875
2.00053898916934
2.22937877773936
2.48397821787724
2.48778063384003
2.35480134920591
2.1240245153151
2.3870288929257
2.49423747772102
2.48248140800949
2.42299679834651
2.04139328324705
1.89692108170856
1.71841519798316
1.03154990527881
1.08742144554949
1.0205308710408
1.28137276660124
1.11779429972368
1.05336932678755
1.04061306865345
1.73021450766376
1.65905348275723
1.43847197516047
1.84399329654782
1.78187791472722
1.8733921617379
2.14189768505574
2.44592752322576
1.69273543238304
1.62066804454349
1.68074237382167
2.478592940301
2.38667021668892
2.1819490053447
2.07723258943198
2.18753438640825
2.01903845235053
1.85917195248755
2.06876501206554
2.18936941073583
2.17517396260536
2.39231695925998
1.78919233619156
1.94656843497815
1.42065454446965
2.13885821127342
2.2518125156325
1.99000881517794
1.89382806804457
1.72694696590592
1.6170610001729
1.77209320191479
1.1724107088942
1.77885937133618
2.31833305713073
2.01889488202077
1.93478835358227
1.94890359592526
1.96623263049692
2.19732370917524
2.04295951934594
1.7889566704467
2.10062631211478
2.02964359498637
2.35187354652296
2.06814307148944
1.50722902374459
1.91132968318476
1.93172071154562
1.95097706753114
2.30334842079182
2.16263103790716
2.04772957974158
1.74482085701205
1.98807021360373
2.03467022641734
2.21195306913911
2.18833708689205
2.04483457975285
1.70867080894624
2.17459147073559
1.92134956656147
2.05055207196988
1.99994142007829
1.52913992797433
2.36722489573034
2.12161451298463
2.07178329904631
2.23944995028786
2.1374060707568
1.43779173890819
2.16579720185326
1.73244621042929
1.74958967201667
1.74892275200401
2.2535073864688
2.17775996259118
1.62631788001876
1.81140335684957
1.99777989069196
2.20750247923607
2.21669368637052
2.10429831248584
2.27890464505133
2.02922446552846
2.14416628689087
2.33545982378255
1.73246010670349
2.04374644989344
1.96538985791288
2.33961882523483
2.06178093120368
1.98594151253099
2.05158351036425
1.88536628062839
2.06842038773259
1.19693615159185
1.40226462274205
2.13640300872381
1.92760680110947
2.06548690486695
2.09838777507083
2.05615148789059
1.88268244731145
2.26141314650928
1.89071629025954
2.38599845735565
1.2713478342639
2.3074626013036
2.44799051190735
2.43362873085181
2.20099203013717
1.80877669729973
2.36764005671478
2.17853967301259
2.18733230843254
2.39432426588677
2.28148578777571
1.93805468885723
2.24615085423205
2.11714323290233
1.864463748019
1.81632917574667
1.97716987590581
2.12921110554419
2.03951239519142
2.00297381026553
1.56193379214901
2.05536758009503
2.0431926671312
1.9625180618472
2.06299815428434
1.50161340638767
1.80533940242519
1.84205218614073
1.57107244082627
1.95763205510418
1.79880801116198
2.35623812232079
2.11656211050165
2.29126516237511
2.12002974126484
1.58775419500907
1.49516409084839
1.50468918986507
1.47553205471678
1.96144884807167
1.59794380648094
2.48356491793382
1.98611025612188
1.84024322218859
1.88665279194694
2.21764747643269
2.31186636435534
2.10089048681901
2.08526502863188
1.79622998718324
1.73561689873066
2.34300170061113
1.79670853815315
2.2413334837882
2.32942159669795
2.03336447484282
1.86491665218657
1.56722094512565
1.47783404902619
1.7450185354491
2.21194048535367
2.22480175527489
2.01059834085745
1.37331444559527
1.47576326360975
1.31378987956817
1.73851470380493
1.45212597748061
2.27797210438728
2.47273975769192
2.43297412928701
1.8022967587718
1.74405571915924
1.49203543136123
2.12327620187446
2.41863213047772
2.44609949647916
2.4013533958794
2.25967334438297
1.96994315724361
2.28375483246963
2.04478307879986
1.746747198263
1.60184214874094
2.23959005353947
2.3299928703346
2.12489559527903
2.17693477994609
2.04471615327343
1.96197808998056
2.06884610834026
1.84106700628635
1.89877867249257
2.31095430011889
2.10128668993222
2.09230236846693
1.98839682702209
2.25338170736272
1.93397042733242
1.81122225802672
1.86136296284198
1.68674249963628
2.16771126197049
1.93643512922356
2.43302253214934
2.09646724598789
2.00302587753985
1.94220006562173
1.38936969397501
1.87812379022442
2.2435936093678
2.37275877042741
1.26499627739056
1.41382978087979
1.82127780571502
2.29972264398399
2.03987442710581
2.33768394023744
2.35462756491025
2.48352557828763
2.45813160756404
2.09350728691003
1.67082056597726
2.0904041394033
2.10734615131257
1.66649426219983
1.88385027415291
2.12346182867033
2.01272547222373
1.43564745118829
1.53401341497574
2.26092616554995
1.88372564686452
2.03031480770138
1.55728162313021
2.06895301295339
1.38661855424976
1.74468208652827
1.76295262753417
2.17376560896928
2.26680874055845
1.99446581471733
1.94789830059684
2.20900666162033
1.96038739802032
1.80430244548821
2.04720663884912
1.50338672998105
1.79605748296503
2.01544949303896
2.17001982575571
2.06510621464742
1.94347016829935
1.66261111844636
1.76712306425184
1.80907523821217
1.58660467075133
2.10554188298819
2.26354042615716
2.0269564575823
1.91588934850055
2.13748049432132
1.93856117702365
2.14036137527492
1.8556641849975
1.99884345481604
2.14378661470842
2.21884881491164
2.38627261913759
2.0504158308788
2.2895013339267
1.80030300592159
2.03517965563771
2.16253590149225
2.38567205033491
2.14104065517295
2.16887495859796
2.05026109094303
2.21169909058549
2.08467305278495
2.21272048720641
1.52375729045639
2.35138028131992
1.59106051080034
1.84670418882057
2.32586973169223
2.32615765612406
1.99240214336062
2.28074544304285
2.08821317191755
1.47154905971999
1.55777256920514
1.80819714560645
1.46400836764215
2.49206279596256
2.47982345843047
2.18025779646733
2.06925915557931
2.42482226881781
1.83981436374527
2.34788085109586
1.66798467629004
1.9602760947525
1.35005492664447
2.31379455629291
1.97469867456756
2.05724310137822
2.439052131321
1.95454070338176
1.88828114772386
2.14582232212586
1.40371890053112
2.22638903261394
2.07291914123248
2.12428967181186
2.09665075902831
2.06667952722955
1.57115651557215
2.07774230675908
2.06718929479056
1.73248203406765
1.96202966701539
1.87120813984344
1.93966507915307
1.34520558345489
1.81154520840526
1.90797660213214
2.20841058435841
2.38544342755178
2.04546462788864
1.86785843391381
1.72279250709407
1.864440807626
2.43041189370379
2.32930282876058
2.08740042131227
1.89078221767154
2.26147522205538
1.98751573056692
1.91945490880326
2.0284849994995
1.14856806929159
2.0204102879436
2.13137487720178
1.63163780405414
1.31283158274075
1.70484793370015
1.37335402212916
1.6467533030297
2.04213021211979
1.20497085247715
1.53667618141711
1.61083357496718
1.51273066777075
1.80866674650946
2.16723547101028
1.97167195241887
1.88258385893428
1.86043953051278
2.25402213340478
1.72248633213784
1.8636178527499
1.62337204227311
2.24294989296559
2.04164214385246
2.00814452175362
1.93490596346886
1.86993398163652
2.33310790524682
1.8911425292184
1.75418591578824
1.79043517458991
1.78727483071079
2.0943807478856
2.04284987146209
2.35624576110419
2.06790099900244
2.13230887837619
2.40193697276595
2.13616222312362
2.11340475175456
1.90770383754931
1.83083566203494
2.05194883263958
2.20040154987387
1.7996037565982
1.2465113050997
1.6875088471982
1.87296425284189
2.19523095458241
1.89567499352834
2.40272333982275
2.04308312865067
1.76460061478707
2.09057424494226
1.75947227850968
2.08680576721341
1.69413102168117
1.836139870096
1.72300688040009
2.17530697095101
1.9760725568534
2.08780530774618
1.8020694047843
2.18934319928163
1.97325858964467
2.15180728543869
2.09769783054037
1.96580160419372
1.68836446873801
2.32313050364716
1.63628819197698
2.43882284214161
2.44510701827267
2.48625326053239
2.49244922804791
2.46420737883291
2.17706578914201
2.35730232584464
2.48956080299446
2.2874441714335
2.46650963885885
2.41710249514425
2.46720539856885
2.45772894347698
2.26712681703278
1.85750268140747
1.55826766196489
2.17495903951261
2.38451894061248
1.91155834417234
2.42249963274191
2.14311702796866
2.3591695283712
2.01971173103022
2.3248615726044
2.39593780915454
2.37464456854232
2.46126791937952
2.46078094468041
2.45797515153295
2.06326952597888
1.97502481668359
2.47414867754335
2.2089180119005
1.41888996482202
1.97412710185609
2.12469203498076
1.75011005952121
2.38274501370892
2.28393962022952
2.05452318962218
2.10139922103363
2.18347309949199
2.25222423614947
2.37061226682649
1.5409347421346
1.56890399480246
1.71995074573696
2.31845108138419
2.26316714820422
2.05647583859838
2.10165999522794
1.90994113458435
1.43159355612092
2.16226391978892
2.11555163928984
2.2595231647672
2.41373271068746
2.35891484920526
1.74133856855069
2.28218115051318
2.02466212912772
2.35573706120879
2.30887468115158
1.36319193119164
2.4115267410911
2.40701550168984
2.19674029715209
2.1078086984883
2.41582333516597
2.08829318520675
1.82720638667977
1.90433403131237
2.15399925580005
1.85911397456592
2.17973024387914
2.18003410558443
1.55032955197756
2.02903023267767
2.27005104259201
2.47128579337916
2.3970393185008
1.99917953150365
1.78632291683402
1.51853825330186
1.66624106152696
2.30726841422613
1.64700526009662
2.04693096256644
2.4447982667222
2.49731673121047
2.41684969165235
2.4766430744742
2.17128165465549
2.32526281626393
2.11402544703997
2.15904855511816
1.68661052999824
1.74532318276855
2.267762092337
2.06841396160464
1.79085422277941
1.41409654258964
1.35592555961459
1.87007947511653
1.64408542057535
2.19023794269445
2.20863188110684
1.68685635987343
1.61789642230229
2.23878635190592
1.5895053918566
1.64017356731202
2.17971440755024
2.05030964417467
1.71012255261237
1.7678299410362
2.38562434976051
1.6887004133696
2.12494603954197
2.28411556713404
1.47392997495842
1.56379916675815
1.90975224497899
1.9674534387711
2.03005761684278
1.97779067092231
2.21049832518142
1.60912043098099
2.16482294078539
2.11312857494756
2.31378081518858
2.48242232590045
1.32074407920763
1.91685376801188
1.99728189896907
1.82080662609877
1.88720498555516
2.15272825816721
1.97249020773358
2.12612582535729
2.04875671363201
1.35651612501922
1.465087923942
2.14921965318357
2.35086073073349
2.46202260496824
2.41698404740659
2.15897763019814
1.81114859303636
2.07489207504514
2.18327274428147
2.12467238380007
2.29037247289828
2.47018102874437
2.03037698585747
2.28891587315875
2.24491047883921
2.36995370411104
2.28530244230865
1.95225368454541
2.29309454574493
1.9273494306356
2.1409413036817
1.30405306820755
2.23850681850481
1.7752440052568
1.22490259791869
1.03232972348421
1.02543141876608
1.52404810689456
2.15192603507654
1.31811079823689
2.31791323286426
1.76049555738241
2.22033891404261
1.971344984951
2.22351761906642
1.90943363821312
1.80165883651398
1.89449722175882
2.09394282270362
2.23507512827558
1.43258846341961
1.82363500821253
1.79838696650326
2.34843646056772
2.38627333213414
2.20359477756336
2.46539109726955
2.45530796486087
2.39393225153947
2.15413613453076
2.3429494074632
1.79692229018491
2.11168486498912
1.87827966815492
2.26245260968189
2.13570518137939
2.00932074879968
2.02152009123502
1.88582998687995
1.80071321184402
1.27588855149397
1.53072089327761
2.32994853033453
2.03723095560346
1.75084403737171
2.28496366034504
2.12992826345364
2.20196426488568
2.09925591834697
1.5938164444828
2.43807812369616
2.49315507479578
2.42232477396914
2.41827678365425
1.30425645705414
1.64735758574963
2.41801743925177
2.43634514205255
2.10182823558354
2.25331476662613
2.23290340155115
2.36438416725983
2.39987992678734
1.26359949875306
1.64827790644852
2.1377925087551
2.03347554796142
2.3132045085895
1.83162348646876
1.92132289784054
2.46757089613535
2.31789152876165
2.28604956152376
1.97768550285364
1.57961522375195
1.94669539327417
2.1266066297133
1.80817846236701
2.0086612431356
1.89521201590692
2.41372443329461
1.48728756246274
2.30313897596773
2.42077176959443
1.99057488016305
1.95668013941958
2.12065903412828
2.29766379892249
2.43075419379841
2.28408589153324
1.15506891912584
2.32461839147141
1.93847969376807
1.35485368334515
2.36192944459003
2.41667581711093
2.22422057471274
2.04366198911123
1.3508168797877
1.96723766397574
1.65181129316563
2.37390024650752
1.73792829861983
1.26913304007197
1.93555972548613
1.91072998545445
2.3638036199511
2.24644949071985
2.46529252219111
2.42776309904888
1.93991503332147
1.46540381598457
1.97401450813301
1.89391361538145
2.06782104317645
2.03546575503155
2.0410883297687
1.34237706410267
1.90425517076649
2.12772206479289
2.16758800624726
2.17305238568242
1.44513159138091
1.62198538965939
2.36638544535082
2.41102809325427
1.86120082596668
2.13920922024908
1.83924495139421
2.2559361086328
2.11138897265037
2.30153307938412
2.01265601142167
1.91166485762883
2.20312764525383
2.12062330361415
2.18192885787839
2.09369667354572
2.17104149668456
1.97572760821743
1.54097263754475
2.2028858297991
1.86672661245266
2.05034637148973
2.23067747889599
2.11498774256441
2.04799496052553
1.92389723359127
1.98012245254445
2.33841909396861
2.14212443629379
2.07597456699003
2.05898648708671
2.090383950713
1.97923973727074
1.87197030798876
1.55954859042563
2.29547279439264
2.24679738783066
2.31365819881472
2.04420277501654
1.56233821868443
1.68558037885805
1.57372262652467
2.38815351582302
2.37136235955997
2.46510013534751
2.18891744129068
1.92562136412694
1.43650055696296
1.88646100332662
1.23804452738119
1.97563827935948
1.920110006447
2.44140792310207
2.41280246289527
1.79628910514364
1.94939855836583
2.06849374262842
2.12263547216691
2.02390316908237
2.03820168138421
2.37044801490047
2.1107698393103
2.18124066279711
2.24559099883252
2.05470032768788
2.34682145792266
2.14271645193829
1.65393377700197
2.3418953171934
1.77837969043865
2.32742204314918
2.10574502147903
2.30530103319833
2.25598564855067
1.82507723157371
1.8695672672107
1.93720797984219
2.25637945935777
1.4314686794423
1.80760016601941
2.26914295353359
1.60055860546754
2.07881837131768
2.13869943287127
2.36923559399214
2.36224803446832
2.28770960943786
1.82464643622494
2.20972764776889
2.29294425871338
1.74413055725221
2.16524288622717
2.10224215344708
2.09028824807104
2.03886947125746
2.31627466417498
1.74724504643315
1.82335362550619
1.30602129494902
1.18041580876695
2.08222787464701
2.06514521762227
1.86976563444021
2.26135163174575
2.33704479285908
2.14203951481849
1.9997454974157
1.64562712373083
1.63983376217656
1.25259695154117
1.61016541893119
2.26511572607152
1.80297327863356
2.36962049150137
2.41601925784221
2.45052923882261
2.44467556623279
1.33889853603481
1.65706573718243
1.71413232029578
2.3014383790731
2.24159070363138
2.16236877229727
1.97421039176859
2.20797398311598
2.04711235389823
2.30651662548587
2.11470647529148
2.33721479612043
2.31998025039532
1.85304845669636
1.88171260716031
2.33218502821941
2.24733257558296
1.95549783704472
2.40412362341421
2.32590294895751
2.06299582513472
2.38602817273758
2.4657454100998
2.02362620634072
1.93733201186579
2.44509926681842
2.13983518786869
1.72672965983343
2.2369349574476
1.27597496302094
2.07693354661824
1.93684533699823
1.43120892086483
1.65994614812723
2.42070350013706
1.75348793085783
1.87255379465289
1.29025255574055
2.17936781568283
2.29583871786436
2.26750130346918
2.11966657078881
2.15853754805049
2.19923114839202
2.09650485277112
2.18998339382404
2.26498985096433
1.64029818253034
1.82464017467572
2.2317032266669
1.94426544515436
2.09151873651853
2.28997165512279
2.02735474351216
2.2293644465055
2.02027022008562
2.31662706560757
2.4569842864777
2.15373709066335
2.25336424252146
2.29245196476539
1.77372921619982
2.17281669926228
2.00794147569092
2.0559233497344
1.68641009346799
2.44194186176088
2.05671804918316
1.52986318802829
2.34014674737949
2.34096796295425
2.31198589058973
1.79430829380656
1.33869048382653
1.33106549604716
1.30417788493169
1.5338552743406
1.26367604539099
1.79513822513552
2.4742842092453
2.39857943775242
2.3199388262994
1.73446385088027
1.40964206951315
2.24029263356664
1.773716568972
1.89600529243126
2.22333203636067
2.13764701561021
2.37338281579332
1.37718872525131
1.15811837489495
2.07389760773288
2.15474848780492
2.03089443127668
2.39890668708092
2.35881885436685
2.43461596718379
2.36910467659261
1.99264447805167
2.16317936607682
2.14844136327892
2.16770142120072
2.17210386362495
2.32418437392265
2.3711355255398
2.35013114078819
2.14862926337144
2.23709818525809
2.39207351537359
2.2529469145849
1.78954083094222
2.27442079021994
2.35284947040018
2.27578503689036
2.13569400946345
1.94851986941964
1.9792932837393
2.07477062381959
1.92002703099918
1.9980456349826
2.34100910429559
2.20841961997288
2.32866186235834
2.28753952522865
2.42884883256437
1.80041681720179
1.51461936536737
1.78076535027161
1.91332759504767
2.30377358556613
2.10242918552629
2.41667238952695
1.79838052450296
1.65824445415944
1.50364608247456
1.56969910337814
2.0167027282664
2.04681105670126
1.31059865195663
1.14374074930346
1.67251714232561
2.23090771460411
1.34669969685499
1.61449466503377
1.52589261373499
1.89500329484673
2.26444297535941
2.24115067627709
1.54832039632499
1.39137042715589
2.11330050789799
2.2893606413058
2.16500651011781
2.13655292386127
2.06945532051849
1.4446423201356
1.30956886637849
1.25054773355307
1.74509734379863
1.40282363282499
1.41099368623926
1.31692640220096
1.30216976655265
1.47079792217232
2.13192755652307
1.91678522113759
1.37101269325648
1.62767089448478
1.79818671072056
1.44560901684107
1.88715780902451
1.48752354585972
2.31667762458047
2.38764913673224
2.38166303368124
1.5028006187008
2.28261960607598
2.37680569153389
1.44476742880054
2.16911747567753
1.86713919602654
2.37093815952232
2.30307731850545
2.17686449337485
2.3001202656792
1.82503750016381
1.64099513036566
1.63771885286585
1.51597868585209
1.37500901123918
2.10977177297258
1.72210370527733
1.72633753283395
1.95023316847
2.01852655237017
1.53725399841723
1.51061315027422
2.07252859486659
1.59393167958841
2.0220837188789
1.99510226121159
1.87092740918536
2.05745679680743
2.12079921205539
1.88962976586239
1.88598519522042
1.84840670127194
1.72321849194635
1.65448763427775
2.2954175627123
2.2995339524163
2.05015579653052
2.34091466114546
1.98301616617871
2.36987173357852
2.08678068477538
2.15423210407962
2.09284859365155
1.56991570946082
1.99126422642311
1.90308490463805
2.28260580814093
2.31788631686132
2.40584222854894
2.31199616250934
2.05816255933144
2.12420718013448
2.29405059687646
2.16711169579288
1.96570847790758
2.01877371630203
2.47955577922598
2.32837731874377
1.50630907330067
1.51812594318458
1.84424511770727
1.49727111684492
1.92800567525618
2.1672167135528
1.67841222916803
1.88630145234365
1.88633046742426
1.69199683289514
2.31999253399814
1.48949128830067
2.38606373839355
1.801011572689
1.25230777441339
1.79679191169217
1.59282855854022
1.35491658344453
2.19714104519177
1.58224348643547
2.19652909481386
1.94957785586228
1.99436765827753
2.42882872653754
2.08634314894701
1.60037916672406
1.51007974456544
1.54930935873228
1.5029950991265
1.61395805413724
2.3314371767442
1.70535036534474
2.05040218787242
1.98255029258397
1.12679872531278
1.68034095631046
1.1099298606601
1.39329733857296
2.24762263841908
1.8585657180265
1.51472036543468
2.21461942518152
1.56166368326124
1.75702535257659
1.94006485446509
2.16266076178006
2.25027449753312
1.89108604106429
2.08526891636948
2.20656316085576
2.22244032293882
2.26786721771606
2.21663940811494
1.83577694957142
1.56806304255939
2.28932618007669
1.99303013446196
2.16022782361775
2.35228118355716
2.33389478360847
1.95072069785029
2.16846820763892
2.40594831806486
2.21002455001874
2.2686521046679
1.8807055396608
2.19319672169323
1.8301293118402
1.74964586914036
1.71475647481791
2.3358970309049
2.36468951296049
2.44476582087413
2.11819297675301
1.24672239420695
2.27763868533724
2.10068495574565
1.99841198967885
2.1048792044234
2.0757511778104
2.14067765893293
1.89642508050356
1.51415032216097
1.25258944114224
1.55347267627439
1.99523874354515
2.00864043292426
2.39556442761881
2.34702416930543
2.24067402667929
2.32944224690199
1.26089491755988
2.03793673018561
2.00687549775348
2.26441997407247
1.52213481694375
2.24818580864765
2.11283089067013
2.0680026035465
1.77209565257429
1.46336703751905
2.30156742026538
1.700229941751
2.32431796982195
1.99272799727711
2.41014836486248
2.20823420927385
2.39415255414404
2.42309720828426
2.38107653463718
2.29485759139563
2.15859322109535
2.44759172443767
2.37410982222197
2.11293515356464
2.475078910619
2.41013713399035
1.61764553159147
1.04247586654147
1.42430671430155
1.33271031048648
1.73444641831737
2.27977642562505
2.09966755659198
2.15948309116754
2.05501906546784
2.32733522177815
2.11730069752063
2.20184415736995
1.65905776270889
1.97097067185472
2.0483066596268
2.08682460266628
1.91907898211098
2.15311910267926
2.00306006927133
1.945431843444
2.18246448386539
2.02996289364872
2.18724007925599
2.38631843417774
1.47724242371254
2.08996053505133
1.55651972153994
1.9071415835603
2.00888623114635
2.17973347529844
1.96018131218345
2.36065816960141
2.24955039887243
2.03556224264004
1.81341268857162
1.79858557861649
2.22414018530128
2.22944769475873
2.35054079689471
1.89489262120145
1.80991841743842
1.99924319750411
2.15713379421219
2.23029253338822
2.38249312497293
2.09581919065623
1.84975065894224
1.94275604672406
2.18991908832782
1.42632126727927
2.09152967603468
2.12961262733708
1.70036214684265
1.24066754202449
1.73129252351755
1.66929778525614
2.13480892044373
1.83305528229475
1.967357770758
2.30779950468151
1.33101681586517
1.67750226534344
1.8542117819785
1.8826256745243
2.28211890389683
2.47316199906967
2.46579708893027
1.73343042728863
2.29902659771933
1.72760696677125
2.25556382486016
2.01465900949097
2.16169393929817
1.19648111222179
1.74089983075781
1.31165456659179
2.32527593640947
2.08015945843348
1.61187911555234
1.35933075815807
1.40923832394452
2.41263664382206
2.42151953739435
2.15594139889696
2.31956744396008
2.24800784467152
2.31206668663828
2.32021667422197
2.34631300042996
2.40300146589803
2.44094916821966
2.49098122036666
2.47123740117728
2.38692311657906
1.61498178837052
1.9990434754164
1.69488405943396
2.39639356806414
1.23814371134192
2.10824082345596
2.33268102897949
1.38033786717716
1.2405466943409
2.01651096966672
2.38186948347994
2.3622525860069
2.42992153164737
1.47333677052508
1.65211790040107
2.43209331886674
1.99011175314721
2.4349747813908
2.42183629341698
2.4962930590883
2.49386380741437
2.48319852399417
2.48320433300018
2.48017116052101
2.16743314207027
1.65985246632286
2.48371947823013
1.93218735775215
2.40873799382026
2.39442430596823
1.65546442896344
2.11658839260602
1.16071723053932
1.19822901280944
2.19544466794236
1.93871850784617
1.62722153508297
2.12604238993426
2.19932016959628
2.01354255286814
2.06208007322389
2.33147242901715
2.11001463504344
2.31866623116098
2.4306040941178
1.68446318332526
2.39749435550333
2.34152596922629
2.37945341848297
1.93917868903239
2.40240430632324
1.8455603060055
2.16647843410691
2.2403631549012
2.17628061839152
2.3105468732808
2.35454814890941
2.40057891820385
2.31009161370639
2.25915598073126
2.09994125240421
2.16443943535353
1.88838985060294
1.78449598060422
2.17898906958973
1.88776998313794
2.22597545671653
1.52409526482108
1.54940053118883
2.02191645035512
2.34490223588053
1.56680020717928
1.93217236294203
2.32513574227695
1.97900586830275
1.57713311897607
1.09589187334506
2.32052985228872
2.01175809952232
2.03348830404834
2.38060512056187
2.22533178300464
2.45765486432366
2.39978161687585
1.64133976555477
2.37692366773162
2.16387300928158
1.81221388741408
2.37669647103247
1.92093177071282
2.28838545597011
2.17488694962333
2.32899650208345
2.03549207341817
2.02479489112109
1.70824573989518
2.20769887438952
1.78083404870768
1.73438902180691
1.32103907182356
1.66033701516323
1.78784012594815
2.32758974909808
1.6278489230416
1.66580120153327
1.87871522635341
1.75286300303254
1.85505849517875
1.99387385975555
1.64829900124995
2.25946523559486
1.75597752711158
1.86930577262018
1.91516275682925
1.8287500303976
1.72342120460155
1.57115934828926
2.07986549593623
2.16493573289237
2.24864031029851
2.20546633924912
1.66654463389122
2.07738226278413
2.00405920333839
1.30707991278983
1.80937435981568
2.2151632450722
2.18922951803935
2.02445646727265
1.82215145564054
1.49874235888197
1.68035718083845
1.29510223876014
1.07357929868123
1.62744895733566
1.30967440110571
2.18435203133607
1.45559857388652
1.85082566884791
2.0132729964144
1.92272622137354
2.22717610580099
1.711352150103
1.69383405313441
2.11381686905166
2.22405426319959
2.4080832182593
2.05753687651371
2.225271837706
1.53902329204128
1.9803493542823
2.3639341651641
1.97810024856238
2.07506665001509
2.29177237867788
1.81621714964129
1.4209531293637
2.17831568870949
1.60637125832258
2.26077232664849
1.61671164384101
2.38221460787871
1.96866097389637
1.3746814284625
1.96259599781357
2.45655557490927
2.16782275331316
1.64283783884596
1.86900010789976
2.06051160289863
1.1870488889416
2.01562125069278
1.39959456549093
1.38058364033582
1.81502278131079
1.75590219314802
1.88593115147035
2.45261016959552
2.04661127350087
2.20759579885527
2.46009914889652
2.40673269953423
2.43501967485107
2.0069377093125
2.27837455424298
2.24441293134015
2.03872117828882
1.51465204562193
2.47302281163531
2.4899054263376
2.45821939351179
1.80449330856765
1.39891334192056
2.10814101753662
2.10640820991155
2.41603176404352
1.72289650161094
1.81809189928418
1.13045762269557
1.48573608450193
2.36852213935385
2.38051345599196
2.30366776448612
2.28031425973638
1.91679733931453
2.38954009190374
1.5392661041107
1.10541552093476
1.94389187364573
2.11813483419985
2.43747301435956
2.01760913486791
2.02494772136771
2.33896698696641
2.00543826292106
1.82638674460948
2.30920179182086
2.0590129367977
1.80478307750046
1.77993640000512
1.52127523137177
1.83741133519848
1.75074113416738
2.28467806234368
2.05657867859237
1.84712992263183
1.70991282255167
1.64208034644654
1.95176202162492
2.17335888356304
1.93437090953676
2.06866033636226
1.85387075954931
2.20080665736087
1.719198897938
1.08331735687967
2.03282907754146
2.06060228210682
2.22697699750943
2.21812997547417
1.17196450239108
2.29507785260665
2.13429592457325
1.97035491618713
2.39888196541538
2.2198663066978
1.80015460606822
2.07802607811532
1.83495561258678
2.26203559149809
2.24683540622934
1.8631115415635
1.58796610119576
1.83098217323744
2.29703058248885
1.97378284970907
2.38265985529199
1.70049273840147
1.93831102979609
2.15742476124373
1.81359388429457
1.93899021737329
2.20802537180766
2.21824157181945
1.81044406872846
1.64752953687156
1.41683387995461
2.06600478342195
2.11133558782843
2.40513462928157
2.23298763931226
2.2822333817016
2.16001020608998
2.37030073638026
1.93536402706478
1.96785585894841
1.64418800133061
2.30044749545837
2.48066691809837
1.95267194358491
2.39463757243021
2.38807267454657
2.21689897275067
1.89489808608584
2.01380284049728
1.97565816034002
1.55486139887269
2.18588676327054
2.21228230208486
2.05395718048436
2.0822533831273
1.94325004142097
2.30872916812779
2.1591455711976
2.05642942275542
1.34284238509236
1.38571104207812
2.36920757577008
2.20737881621835
1.45092450778373
1.66093588931097
1.72801265937045
1.64032155319542
1.98261101957958
1.49054639094543
1.80623932965101
1.57891143495518
1.98576670188296
2.13141797380261
2.35210038558598
2.48095559505832
2.45379553501614
2.30947804416866
2.04055366714484
1.80234485340808
1.08843205928212
1.58347951264397
2.10486860348563
2.04389230764351
2.17195407901313
2.23736351671366
2.05819403516534
1.48937553709196
2.38372072098043
1.98603059571653
1.90249644544941
2.30582352993373
2.28700247622521
1.87389603956268
2.13166061603263
1.60714392155341
2.41999945319206
2.30390199559813
1.96340656363472
2.38853223622489
2.37411449769511
1.85303869401998
2.39022055563501
2.31641432935783
2.36878263641812
2.0829041462207
1.95862116120618
1.74346588417379
1.63011349307122
1.69611903486168
1.92921980722853
2.24269863476117
2.07588147262638
2.23477175443478
1.74060208053429
2.168167567471
2.19698454209953
2.21516485299024
1.96400816521622
2.28507905590613
1.46754836173595
1.36774491543178
1.85949577018243
1.65360608160044
2.32203670032367
1.49440848999818
2.05083447425896
2.07760885840509
2.25972612900621
2.0847780789874
1.69737612195869
2.14914317368282
2.45129995553722
1.76919755108321
2.0716145631171
1.6890129122876
2.25223425876279
1.87106882462138
2.01289694649953
2.36014721493177
2.27735324499514
2.18941712465763
2.20548560049952
