5.76868379698135
6.33961096478285
7.75469355109375
7.79620556579478
8.51281631620344
6.83929301129149
8.48268520038349
8.28405501543216
5.91086840239079
8.22816767718413
8.78363123361456
5.99156338509389
8.54147349344816
5.97333641080447
5.51677735487263
8.55529544202782
6.8167026823915
6.15833741039331
5.95096670261529
7.53977175094081
8.78133762686165
6.25328780838533
7.15831958733845
6.23036697349122
7.95690049181697
5.978632543566
8.07298123604324
5.7939212572223
5.94568099694512
7.64166413060499
5.96843005427995
5.89121743870467
7.48097212564514
7.5705132701972
8.11784293299829
6.27873403899203
8.2126221359802
6.20316182408911
7.79491502739255
7.74512277252875
6.63514154278741
7.22470556002126
7.28859152499168
7.5579113954463
5.80874716557887
6.56496030598004
5.61353588743806
6.46459042194252
6.75018005429218
5.90332321093607
5.55886177755901
7.8920639570046
6.20895236329285
7.59483103960785
6.21927120192229
8.55986319569812
7.90642946231322
6.09412831018113
7.98515685063533
7.88128204180657
7.54893248499492
8.31237799129689
8.24651066612118
6.7001686524645
6.08096589735434
6.9924280510163
5.61070130478507
6.77175174808275
7.04378197569715
6.67083137239675
6.08309900270056
7.31245978853113
6.91745967740657
6.32110968207362
5.83096679808318
7.85741092404244
6.82136230957165
7.4821127008577
7.3415141045324
6.4660146990053
7.44706440117307
5.95215159784927
8.10339871245778
5.63432025972768
7.78002490829738
8.54437340210109
5.82134412125828
8.64898836592599
7.74149091089091
5.52683078251129
5.68060181439675
6.04178139067205
5.89474641160094
6.83636910302799
7.68299309199158
6.84108975218602
5.99178571284768
6.54726693938588
5.50345545014444
6.0196634705092
8.11260459510532
6.04978279886138
5.89183480031283
8.02801998968338
8.04736742400694
6.07418941352874
5.79752236838452
6.19276091269978
6.53956791777447
7.87876666804026
6.98949288626468
6.36564215625008
8.60489956964203
7.36938874179881
7.52233485049503
6.0278912337161
6.86598261276456
7.35821125631845
7.84708007227816
8.41637984467563
7.01596383713367
8.17452276682832
8.52080658289165
8.35420758377731
6.53417138758095
6.66813146116982
7.5659595043119
7.55908213937256
7.15755072407969
5.63407126211433
6.0585788688475
7.52039209343891
8.58177832235353
6.91910235643854
7.42650696601233
6.66216868331944
8.22519674859185
7.21052542558461
5.86172717801015
6.34996292622907
7.10435834086405
7.73090773872935
8.13566891928155
6.75792471441994
7.61582983836291
8.20942810797544
6.32890276975224
7.1904058553372
6.68486286057749
5.90969067602116
6.97144757750245
6.70893929075974
7.46345843194567
5.76080351135004
6.78544371390837
8.17517348814147
7.46815944713709
5.82878817823847
6.11023416265947
5.72196117627563
6.45975190733805
8.53197256452274
7.7655492339898
6.81489645558997
6.39156865546686
6.82424576609555
5.72081165995335
6.87449748665197
6.47009939607494
6.64964375425891
7.77561499721947
8.36138346436122
7.01315759482128
8.60685808057628
7.94636543705388
5.96689908886478
6.29597280161933
8.44256085984368
6.87894813092389
7.43284536111936
7.37267820873581
7.7172670829865
6.68281585155883
8.5879980975941
6.86349053452086
8.54307778234098
5.98133845379145
6.90881273043064
5.58450013589639
6.64598665858302
5.89548063320642
8.44380183060097
6.21451979742499
8.1606865914448
7.98650620841483
5.74413594098054
8.31461073065838
7.22034044111811
6.16744418681794
5.87055632740268
7.77674374653907
6.54380286397531
7.71540573180464
8.66242451115582
6.11709309545552
7.50706225971051
6.68677877063517
7.13552757273521
8.33972291624947
6.43997192884225
6.24815876382316
5.91868981463582
6.05525879277505
5.60563145004523
7.09725915235079
7.4361908886106
7.32262618325335
6.44620289009494
7.18455898939199
6.91399467217609
7.75328140683355
6.06968151705554
6.80296463065956
5.56321074949138
6.25245545640648
6.19419164092849
7.44351887690345
7.9680766609578
5.67877040787172
6.57771360983268
7.16259193464802
6.633209144957
5.92917535647475
6.69929696841408
7.00576439173868
6.37449977530096
7.47843663968855
5.55631234594378
6.79733021074306
8.67320491884637
5.59515491426818
8.40728692234879
8.16615221559969
6.51540517873938
6.9885088018956
7.36481857985709
7.88350959926983
7.63468204250828
5.8821568904079
6.28733925997085
7.40870674247299
7.44349480898247
8.21159593726175
6.06052504415504
6.82780786681068
6.16477362444164
7.99239700541693
8.00046276533723
8.0669076172776
8.09912572812928
7.54657122348482
6.30376877763056
8.22018653339477
7.56026179539914
6.22194807418077
8.46032227826514
6.09979838534146
5.5633411469891
8.35387141749554
5.76749694131325
8.54685723681883
7.07759120579637
5.5625220790628
8.11300927505654
8.09167633658656
7.56148442267118
6.32707600149018
7.26148794018573
8.34641119645407
8.13157386162352
5.52876763726304
8.10997747786811
6.16094830229366
7.57124420722036
7.29901211978132
6.85443918470372
8.06764473192414
7.79100448968312
7.48710133013868
8.34142465515648
8.15191818757775
6.99613717354404
6.13787883705157
6.02294222827915
6.11816428068216
5.53932167948459
6.64553115160089
5.54533038704769
5.73450900722325
6.2305159744758
6.65458926247716
5.58454633201681
7.39908316687674
7.47183542553929
7.21591398671534
7.7638007461776
5.85952264086615
7.12219328909449
8.29039335244012
6.17707714853884
8.35000693261867
7.67489061166801
7.09426502300269
8.75567799928925
7.73691220085431
6.68156159159391
7.05328750319276
8.1314514729035
6.57469970382755
5.74658358672144
6.1292288022838
5.51477291028546
8.13432673174064
8.77697410874455
8.65846540257824
8.64041947473429
7.55244402817085
8.40942034905066
8.45825805873483
6.20223565067785
7.33214063417758
5.82176262335711
6.51357018955207
6.93859645977412
8.03807826995257
5.83434279762626
5.59601397749071
6.47923783442531
7.37290114683805
7.38431736930611
6.12669617553181
6.56368376189862
5.64086053902675
7.13225337107921
7.33769185629649
8.41384930895614
7.37583942350631
5.75402238936271
7.53830649600098
7.10300261115042
5.55117304972139
8.49323822582667
8.3499542042557
6.77077447979551
7.24994366237495
5.63433765130774
5.72618318626082
7.10560789657357
8.12209970711642
5.60070710157649
6.79442812827216
7.87117130913517
8.23049162883168
6.49558652107533
6.18889598457222
6.05533834034492
8.73662131686466
8.11645474103916
6.6800551653771
5.73170443280094
5.82772708712737
8.42306039354587
5.85251074254878
6.50807416757122
5.64614316537498
6.44888216076426
5.70126971778665
5.84427004933388
7.30603188259977
6.94808842109856
7.0574496248785
7.01590493113364
6.41060171403674
8.54261818180761
5.76580719164132
6.33482916829618
8.02983429091536
6.86891104974972
5.50227469523489
7.26737474916838
6.79878937023329
6.59504371468628
6.99708973675137
6.12618988823663
7.21276278666052
5.53041669838701
8.46364728767153
7.02233019401253
8.6276122232208
7.05471894589905
6.06016569826939
8.40697802239924
7.77597316507678
8.00701662414479
6.90267786421751
6.23759912519448
5.93062861263002
7.53358201430677
6.42285487097776
5.8681130426751
8.63575376109302
6.66036556160094
6.23244885332108
7.04487082697182
8.58075664951568
8.47905450453935
7.01599026420662
5.67799914202125
5.91302440710219
7.49492551486804
7.28329689538254
5.64849856566521
6.37968145635683
7.26888339060789
8.62001842073488
8.54122704164404
6.0105023550922
5.54654987847176
6.50477211500894
6.76843050993665
8.69565196804142
6.22551071659317
7.70156357173859
5.5390603374983
6.48714624576345
6.28297224371164
7.30569701502891
6.55626383396256
7.7496694399103
8.17141066538901
7.07180910155285
5.53279408925429
5.77384033290581
5.97615090006433
5.59610207562514
8.29805216896221
6.45811500297241
7.70308437644409
8.79753961005527
6.09111569560741
5.92499347352665
5.74683315858685
8.3739665235699
6.43541273548601
6.25422178748316
6.90707370367848
7.64220078105198
8.370975965012
7.50592448846869
6.64688350447765
5.56034956441692
7.46556073337574
7.58772290828915
7.67031518183819
6.70485550692097
5.61527398943268
7.21683088413593
6.29750377249501
6.00926819590843
7.96504802849133
8.13380935906723
7.44403314716008
7.84259203310399
7.87711540264425
8.19695859439622
7.6873798844832
5.64403411726214
8.37563377284762
6.92514647596801
7.8388200736956
7.54312184816147
5.62904262317393
6.63840157862142
8.57119134903812
5.83797638719552
6.00599101431359
7.44484562429051
7.4276980634964
7.53854103851489
6.33979427209183
7.01930914707202
8.64692631608425
8.74353583901393
7.71080967636244
6.6152677311809
7.46821122665519
7.20798834790019
7.2491742958216
7.70626187907255
8.6047822942679
8.08360066278599
6.00981363761403
5.53591102849236
8.04582069752267
6.23128845292232
8.12228810194688
6.00531249806625
8.57066737597999
6.35259279575435
7.15510673141769
8.21429214521029
8.78712439200693
6.74822232570674
8.48946828963907
8.42039421382619
7.85208055498949
7.93435728768711
5.63270770254678
6.78589588715795
6.24644749221697
7.01551495634192
7.95612682984624
7.50373255640219
6.89727211851429
6.30316263609618
7.95840890953308
5.7756824800011
6.54891227908853
6.38692143520249
8.41629389543852
5.95172206005089
6.08783789314157
7.80076292315788
8.73551449733928
6.28731440750956
7.24981803549608
7.81502987260353
8.46815794868259
7.99796134366881
7.90017077453436
8.08524307800368
8.2327932284245
5.50916111955162
8.40617716284618
8.15214799939665
7.19643277501275
7.01440948912179
6.2216140271428
6.6645210188919
6.49985738309449
7.38159931367245
8.69224463077397
8.31784500252967
7.19297413126959
8.06048836345023
5.86615574595445
5.97657019848486
6.70470599063374
6.10842941712939
7.43709812204688
6.15602362986175
6.70717283853278
5.50960263326547
8.04300647004055
6.60504562023541
7.31482992193451
7.13886315924583
7.72358724111911
7.15683731543551
5.72915091194971
5.83252093243516
8.25203622637349
6.51807325289679
7.49476587784343
6.81321277208638
6.42939738976843
7.82236672414495
7.23818830355896
8.79764392529287
6.43622595335485
7.25121081787259
6.88577980400194
5.87113110089394
6.45532878253941
6.10265208957031
5.73833602503498
5.56239122946193
7.31109247486648
8.47686020920046
6.99681734564272
6.76993666069341
8.42044026733019
6.63063512681332
5.91275165889159
7.06854153354665
7.49409669985519
7.37306866940569
6.15010398496327
6.71849346339977
8.25059207966376
8.13699114190275
8.57401587771721
5.67527023961529
8.14721776084
8.41646751289378
6.48435931847521
7.34292281569144
5.7373254427646
7.60286771359623
7.54676091335234
5.84131323734924
6.22638073626217
7.88527903042117
8.71207910886635
7.2319838637449
8.7691206838391
7.14236138618179
7.3801379597122
7.82459030320345
7.95012635323526
6.38994515580013
8.49946556727813
6.00218616219902
8.47868839556436
5.77352205237709
5.5654388484636
5.78252512724663
7.93292454285037
7.96158713496286
7.07133959949559
8.3797065661955
6.27901610455998
7.40353196314579
8.19510729198146
6.31886186176351
6.42322306449183
8.074272637
7.35132116971332
8.76501127487332
8.73004599207992
5.54105203446209
6.49390668454456
7.5591544578535
6.96298489480763
8.69557280146156
6.15551714113929
8.79341878258992
7.62728627413963
7.4608637699665
6.99326715056461
6.68370764764025
6.46959962859959
6.65597244662422
7.88194497977051
8.11167372816193
7.7224889041312
5.63518039505406
5.73422112807339
8.35558520285341
6.73343329636732
6.77485438788498
7.72905548322719
6.68828926559515
6.4525734317541
6.84855427478299
8.08300213729036
8.51056523256464
5.59312721638439
8.13696528426681
8.63705098357518
7.22787326848998
5.50606946170895
7.4206121075195
7.20632090645647
8.3229608334143
8.08889191577107
6.87229672046335
8.49907232391679
8.0527945259808
7.71839579009895
5.92519124569202
7.49176886018166
6.96513750048649
6.20525404340505
6.61502465100971
7.11664910753885
7.05518061161082
7.37310314712314
8.74486683678837
7.15140695594833
6.58771442220935
7.65791789718359
8.45357137899037
7.36647719429868
7.63064586109824
7.10270962912843
8.61372755470109
6.60895833851284
7.68711994136422
8.06384561036663
7.40611916348066
7.02152946221909
7.82796442698016
8.26685452646555
6.11705889078637
6.53190704853852
6.19307230900103
8.24513657438015
6.8316876521271
5.58707232671516
6.3046882952403
5.76874957274244
6.12366992146507
6.61383610694608
8.63337938253459
8.29493721575695
7.254171274898
5.92205976567081
6.05515618311894
7.64794971884704
8.10730622007356
7.22695409073041
5.68543629423593
8.7747511652073
6.14909318924817
7.39680410320822
6.86046149871426
8.02268510878662
7.0559112502906
8.52968874053434
7.09465512317189
8.04181540965243
6.93345164100153
8.44278105152045
8.40680485657992
6.65661227663989
7.65398040836021
7.66042191776234
8.2669281441766
6.30003735222747
5.54675626492643
7.36864178705345
7.10975931211095
6.58400799222074
7.79598940737494
6.65065177121571
6.9703976967692
8.36446448194606
5.53372503487104
7.81640329831937
5.54992845450797
6.55030517052871
6.09052359342675
8.78779122417768
8.18436364815137
8.40003889524876
7.09793394562105
6.2979344759381
8.29705246390861
5.58319135177578
7.43238693396923
6.40393302798273
8.44448807270895
8.61045487703103
7.34007557922988
7.28284188573517
6.92285656956745
6.36260078454176
7.6307166278799
7.50999754930694
8.02675315475408
8.19871978158114
6.39285779641303
6.05316557227901
7.45157780040456
8.00557756186847
6.53814726330899
6.45802801077363
6.38458797868846
8.60795463073414
6.10026931694018
6.15679922684746
8.59923102171998
6.84084786777965
8.45220096774133
6.16079180027757
6.32978000299341
8.19197087588506
7.66239094899144
5.66535692217501
8.28589802646912
7.88304195185508
7.32691101770095
8.65753961251245
7.30587486222597
8.57174542665419
6.43941007675514
6.06790153717876
5.5739250162498
6.42492905853852
8.00317664790936
6.81631265860545
6.27982762380425
8.5963501286703
8.46313741534867
6.90895361759547
5.64845553064191
8.16324540637628
7.22455041519239
6.25874029184664
8.75658435903365
5.51287159611414
6.02431694392147
6.46913223546091
6.778444001737
7.59324166177157
5.91780954176691
6.5526908925246
6.41357327259931
7.77175846281734
6.51766988376449
7.34292225286102
8.76212860312904
5.89799798121309
6.17357793899425
7.68126940785395
7.11096841895668
5.87387313678141
7.56074560346259
8.44438663989388
7.26562482601231
5.50876569235736
5.87692391165184
5.68995410950821
5.53593725347183
6.80217321585913
5.64748023388866
6.18023223386269
8.64279070913785
7.55183729141564
5.89010113719007
7.22967455910449
7.03913241070472
8.37813611937687
7.88650953862948
5.92276709488353
6.8445657338792
8.67341120849036
8.40630160247653
7.06145719956925
7.89979467119749
5.89855080500966
7.56755941964428
6.41199916709371
7.34502365517023
6.96505901095468
8.39577256626222
7.11355054828876
6.02908379890461
8.59591756066899
6.6055574185617
7.51510776932001
8.5809525084518
7.49319624131679
8.12038688982661
7.80653609810048
7.92759635305829
6.34786046296255
8.50029153158356
7.660102413025
7.06026173958113
6.41807078368086
5.70499367304679
6.25669609227297
5.76743486528211
6.11932862072465
8.02358519602305
7.81119868230603
6.3813211756696
6.92334248912698
6.45631249930427
8.20128128794893
7.52110829956245
7.81800473260998
8.55224295050813
8.15605705362425
8.51982256976322
8.33248736112704
8.06932136091461
7.11591371633833
6.73448069472589
7.46064108749515
5.97809830150807
6.12587811396618
6.64861801337835
7.21890749593682
8.23676122863702
6.91270395180994
7.84643428311135
6.38964210870557
6.11689373645884
6.80086743889001
8.06805659509905
6.53922832608307
5.74053086806888
8.65613958025807
5.74656374218118
5.97538217228387
5.71214292140335
7.19723323171933
5.96567291066328
8.4334562075534
8.75951035190018
6.75630445178576
8.00560197511497
7.27515735647686
7.80417788871925
7.34403752526802
6.61252026897616
7.38084029073767
8.78677495195352
7.89725588649046
6.32969818238734
6.64781829024933
7.69627260165938
6.24987281712805
5.61850412651973
8.32156849734141
8.75078900724919
8.48964641032361
7.1750279013654
6.12574542588878
5.55483837368557
8.69617061190923
8.23127597401757
7.30310747410246
5.97143304875215
8.07005346559342
7.12031175719889
8.07841652655338
7.32024660995297
8.39057695225271
6.59835241861952
6.54280980167536
6.45130137290954
6.74593623181718
8.0197016168039
8.55553814430859
7.85338194254537
6.79220747762339
5.76981214441061
7.92637933890422
8.29139297673751
7.88395911971308
8.5854515610855
7.33468231525441
6.88078806842936
6.84833790456217
6.90179830751398
6.21198496612233
5.84095782128113
7.72321745279665
5.97416838164383
7.36719080469172
6.71777599590287
6.57469434699892
6.49268968864434
6.29210727782487
7.53189300193995
5.6308935236332
8.50240018607092
7.4324569871758
7.86861805275673
5.98245920504799
7.46755182920995
7.153070095683
5.68521309372268
6.33481080722531
6.23036655261257
7.84829873875968
6.28647270219753
7.92559403743448
6.98880445573811
6.18365443835643
5.64860191387011
5.78638296210278
6.01201311893021
6.17627870746864
6.19424445188224
6.48080548684558
7.76419945967257
6.18117181258866
5.68264677521679
6.56106981167126
8.24066283137499
6.09755821509084
7.11406590036742
6.24510984604726
7.66544273232174
8.36921446027485
5.64653582910028
6.04224127262187
6.82146789436445
7.52106246081227
6.99974262150331
8.17586925344173
6.30830818857967
7.85598728132911
6.1970053196557
7.46674635050071
8.28000825664439
6.94519116101713
7.15834320073407
6.37081450751119
8.00121084102644
6.76135008722064
7.67670455236362
8.34050066799875
8.58311997628178
7.1241811016731
7.79697395055978
7.20118202074747
7.04733103110041
6.79963358911685
6.57423028200293
8.3012440885415
6.52743253579768
7.47869846386303
6.77305767892093
8.07647167886117
5.74977871238558
6.26263998830326
6.87425269334514
8.5411912658744
7.22060550101685
8.15386924864578
5.98737636420307
5.86746514665031
6.50057315073541
8.07389903986537
7.12257591045951
5.53264694554046
5.7720121361797
7.60274265890573
7.01529524149018
6.85104985740386
6.89495613570701
8.58689825327354
5.82651749807349
6.01430134215156
7.15056444249578
7.56607123882453
6.74538466555171
6.13441743951751
8.1184540264891
7.09653787464321
5.80140779255547
8.74030291143106
6.75434476340427
5.70532151412173
6.304919004366
5.50090601768268
7.13730735457617
8.76851551492564
6.00326819535229
8.73865076147845
8.16681165018805
6.44155344727128
6.70118964436129
8.53435374341134
7.87449241735407
8.6533293841274
7.46294924346642
6.91444765675429
7.67057293288684
6.87956523103257
7.34164723363487
8.58243946620499
7.45229134489946
6.82794310208343
6.94912980690605
6.2136222831267
6.36590410011268
6.61091327984857
6.29986963888025
6.94158238748562
6.14073601957128
7.4875981245666
7.85679537254572
8.4385333770148
8.68089920778634
6.97144924385356
8.68132044302259
8.14230505062231
8.76821023559303
6.73657900949461
8.0241616772723
6.24236093094892
6.91315449695576
6.77606605733944
6.25165879811976
6.40164971244754
5.94807016900901
7.19144274310399
8.64360019318385
8.02053524693068
8.57420303505396
7.86758654842641
8.51023703445086
5.51684527414576
6.65253731774711
6.91891193321758
8.21590867009698
7.00377270069045
8.52328392462565
7.89748327944191
6.10497310718718
8.64757412567072
6.97531060940936
5.9024463507041
8.41915297567912
8.29963623530414
7.90384851748931
5.50237530922432
8.15985362737243
6.12791546841548
6.09124576987435
6.4979842518708
5.95794795229104
6.87717712516379
7.34360827728269
6.84144564424
6.01972427958775
5.79621198374071
6.7282366204674
6.81137991584553
5.98639086790538
6.37424161526018
7.37793345165669
8.25542143053494
8.24854320744863
6.82212725292627
8.22392216592266
7.7302699223146
6.9960818847362
8.26317569001519
7.20943832227336
5.91438792229948
7.27201378290314
7.37294377866795
7.89083489553014
6.6160955941036
6.26021182448202
5.92269434996801
7.88371893311022
7.83424734770452
8.0586044918372
7.61890806816679
8.0117414257519
7.34674089527055
8.18499451488922
8.28318149291749
7.04165734303792
7.95814246902357
6.35682517078183
7.76172473808768
5.56437496975259
7.50706935441841
5.88914609930759
6.35086715575129
6.97265352329287
7.93197348778769
5.58857627221987
7.03243454580297
5.56136099053858
6.44513974272656
8.40337578845201
7.92232481546522
7.08332123299383
7.53606439746483
8.07196035121385
7.27805152270835
7.56897614240384
5.96427460744667
8.51847958101563
6.00500082015422
6.85716553105387
7.96307979219267
5.6994697858816
5.72230018975835
6.97394882784522
6.7784806602001
6.14709287931516
7.05096278051824
6.98244497882085
6.22055926484989
6.18823818480415
8.19601251524013
5.81308100502879
7.15056681196924
7.75959881188678
8.41710656181432
7.43541177853743
5.83910506247862
8.34460518147082
5.75241138512145
8.53386254584723
7.6164216711483
6.13039577099931
6.62879246444172
7.09425767077557
7.86207616159823
8.00212371481613
6.93058471841499
6.28501305518035
8.004028865554
7.25342328596761
7.41042417663149
8.22736451945806
7.73117806449245
6.53297213988245
7.92140217088216
6.82973400912453
5.64156684585367
7.08268574796605
7.77373412405113
7.59870073648284
7.47777424587477
8.2401930283982
7.35134544099589
5.50674985734505
7.95997838286194
6.38893187732645
7.62063613786434
6.52267763798774
7.25847802592809
6.5438763291778
6.34631348872202
7.90228113776796
8.40463128038121
8.60549157040362
6.51155389761403
8.00035326428675
8.43784352857345
7.90877016697604
7.39181921909048
5.6811711825257
6.17536669383151
5.96461985542981
5.53871440969621
5.68331951114244
5.76576160196741
6.2614173988317
7.05529479935054
8.57238245425257
5.8726838468653
7.04989646805333
8.01925675282057
6.31289722516242
7.62573503991252
6.67119904491249
5.56074280739526
5.90489861963902
6.72779908436031
5.69194611479086
7.63825566079815
7.27302864155463
8.03248568886867
8.65691750070196
8.22969105291915
7.11467805686108
8.29359595484416
7.55173757324941
7.79136163858329
7.18849152074969
7.30632067750044
8.19437478198663
8.28541312902662
5.93667585041316
8.06934004695097
8.14669060871664
6.3801109873249
8.74564877435711
5.54617287526659
8.69378406036449
8.51496993664876
6.21255818471999
7.15580292513508
7.87757730694026
8.11033938222621
8.42765715843486
6.57582532666571
6.37284737310753
7.17701336609132
6.00708111388275
6.65271167491733
8.42951102647403
6.67562938276167
8.14167276302052
6.53067407116919
8.63309820367022
8.22048051436541
7.52213504675095
5.91407806788853
5.65958711592974
7.8009094280672
8.20150996855357
8.58685147851818
6.66167725237795
7.30039317211404
7.69005887580735
7.06104178944218
7.67223513704037
7.52648966506941
7.11170616444197
7.04269548116729
8.27946154205889
6.530948822438
6.1150950875404
6.42903858865475
6.46659119673851
5.55797817293031
6.44099252197068
5.66738791408946
7.67894311267613
6.71460250392816
7.62172999737112
6.42301791443595
8.31790020917337
7.84085763335272
5.8657121738715
7.25857695921359
7.48048770007339
8.25372582926314
6.54339438218504
6.63238698796067
6.9543781730837
5.76968234536337
7.03401892033486
8.45674115178584
5.55565691668308
7.84564683468627
7.22581676526536
6.13441535201211
7.63328942280375
8.50456465583855
7.73790399323965
5.96438791019431
8.75196147837482
7.09091337759459
8.42764743629548
7.74794512410837
7.89891569487844
7.88332052353894
5.96110141982862
7.98650408581078
6.8416735486599
7.97174720045458
6.34763218199736
5.63577888360028
8.55279575723051
6.66637691059334
8.67507801457326
7.41154728433967
8.57404040789785
6.52825536162963
6.99673286566995
7.22179153987375
6.0716724297112
5.52472043630084
5.51934009725879
5.79504186783075
8.60004782200592
8.32824902859989
5.76085720805969
7.13066125858696
8.22325626866031
7.12477223448595
6.53751569578887
7.40658039408384
7.02749588433471
6.26216606309329
6.25386203307404
8.34056418486198
7.37675559420206
7.92544193473969
6.95386785238372
7.20093949626928
6.8509414748421
8.59424195380742
7.89859343729756
7.16813755623494
5.5026357323132
6.93189370918422
7.76188024718355
8.41679210377465
7.95479987141312
6.55259289978103
6.93414307348169
6.11841957197361
7.3504545367306
6.83848619026781
8.68162518741355
6.47977517830663
6.37363499778941
6.7747519255865
8.39915630283145
7.21940915449603
7.58634405633134
6.67620218437827
6.02230913114585
6.35787494201456
7.41139960511376
8.43243047100099
8.42070242892272
8.5549715936861
5.7126757376508
6.59552836109915
7.4354146349521
8.11881097660968
6.01240474251027
7.09703327594869
5.93301462912159
7.02131065409789
7.9755015027975
7.21158872715039
5.92019019228703
6.03911034840932
6.85864690062054
7.00443393401323
8.02428902122505
6.46721324105809
5.61965613040411
8.02662671077165
7.29743214505233
5.78956633660876
6.84099720795875
6.66889276452591
6.01290328210502
6.56184166457538
6.02065534190781
6.80196403913011
7.13808433748428
6.05942400317215
8.48036230810793
8.27983024299432
7.72758367697442
6.60384673612776
8.17956493268849
6.03895016014875
6.12884507743146
7.68213272631258
5.93729518342222
5.74458216663351
6.82576881960181
6.68707866965879
7.22491450507328
8.75158025447606
5.76329432673512
5.60627206471293
6.25630866752264
6.23751566706936
5.61670693225241
8.47186542747529
7.88505042628795
6.51437995256095
7.58408832926827
5.75963201021963
7.34291383160315
7.26495415594069
8.05277569538058
6.67935417859176
5.72679275585075
7.63742318956031
8.13246908419057
8.5740702599747
8.01063825995229
8.19052045149167
7.49951899841293
7.87143564059456
5.87612746274126
8.55434286344865
6.10045860665699
7.51914278643393
6.10580805019508
7.23085641783301
7.01618603796233
5.555128463798
7.82796592521063
8.52715054159689
8.56115076551176
8.62698040118511
8.6138923919098
5.93692824282827
8.67265421072812
8.23394661242629
6.85340353096745
6.05349380447269
5.64343251286076
6.49700831002896
7.72108359116648
8.36479980837973
7.92667428455587
8.30061120094121
7.1131931623258
7.9998828186532
6.1251070034287
6.93205127913303
7.18121457555039
5.59870254858537
5.94368708860562
7.02956562957184
8.22857274872731
6.03234543583264
6.2013867632434
6.14529646599944
6.56071779503036
5.64087207732168
8.52935806384597
8.58060195897519
7.33786485699672
8.22502697809617
7.20052903916351
5.66811098851387
7.79833882379322
8.79261474849492
6.58389336939775
6.96652068762897
7.9058954515527
6.18299280435737
8.07441227933131
6.1187841394409
7.96247602501933
6.36242024238794
7.56622047259208
8.00356648613443
8.4479006817013
7.48113303278236
8.52496531269589
6.98271558947629
7.66383916603724
7.94567104314092
6.81563116914646
6.63689312959317
6.24510813646228
6.67816598489729
6.46593883009831
6.78672634370775
7.62743368885405
7.19598475722534
8.23432730665148
6.1753242920905
7.44830807801542
7.58517708305658
5.62619749798549
7.83956708224195
8.24569151254478
6.85996787121426
8.36040179494425
8.07824367288861
6.23684751714968
7.50455620649602
6.43286079810104
6.6348417678222
7.73353685460656
6.32764674681554
7.67009802145607
6.35369017191916
6.82676721745341
7.35607625747929
5.51760982921625
6.33221528639702
7.01398953006753
6.69985638262612
8.15898561272139
6.21810517504554
8.24191065355266
5.79697139106401
5.68601954603186
5.59645266011307
5.57593176291439
6.37756198728458
8.30545264540491
8.04908279869035
7.36420348728464
7.79181568720327
8.34421185219654
5.83523203839622
8.08298151529081
8.78692890154757
8.14934467062828
7.00068016291277
6.81833866853751
5.50445144296556
7.62056817489377
8.22713905657394
7.72910061543363
6.69533902489819
8.61749523496664
8.72541518609629
7.88709720707185
8.29489432574868
6.40260998241511
6.41244436059534
7.58703244634964
6.03794240745394
7.03810934474273
7.6985158774797
5.96785603779465
6.16737468053876
6.19771603444994
6.54659526426972
6.22792100888047
7.88023681248231
6.4881560529098
6.22813028777247
6.84908735946689
8.22191021425099
6.95309294915231
6.51507599748228
6.73860603882229
8.66914292421998
8.15648227104796
8.4971455978088
8.54375282537973
5.6060812958154
8.36804991981822
7.49509996873865
8.09941174097263
7.94203058656402
8.28389336626372
6.16920190555864
7.60525258654105
5.56027567859688
8.33165960797781
5.73795804271605
7.14978209295821
8.02271600124633
7.92815931327012
7.24782290309535
6.85707856167037
7.45519191507824
7.99428588415776
8.4511138480836
8.30097361269205
7.17188518981943
5.99809070277994
6.95115269222003
6.83000805295443
8.70218799760282
5.75957851006792
5.61097173984783
6.13592846431755
7.30768527747897
5.60848156424596
7.93706326327599
5.99928801301669
6.44426024281777
6.65987022211705
7.68749111659237
7.23156179145838
5.7833548691243
7.30560787211167
7.8614218904945
6.626728212996
7.47734597683598
7.01980218601115
7.39339642854764
8.39816241081883
8.22339944763656
5.52987211698221
8.06237688663998
6.29314997608377
7.80113291044257
7.28331209422526
6.8303821457652
6.88776329201508
8.63837991298974
7.78021437678411
8.06940701034323
5.71952300648775
8.42201550598337
7.55065488678449
7.47861677197739
8.58881445438749
7.83658957057724
8.0446456026503
6.90091395451515
6.92555141407486
8.18272713259273
6.90863301422922
6.39609596630956
7.50533254256223
6.37320763925257
5.72546236248058
7.60581295733519
7.99852630449261
8.61936977446028
8.52223702394542
8.30151049154753
8.48611716866882
6.8885516664562
8.15999478958876
7.02988623840788
6.44582596075021
6.90943419620719
7.13514940245948
8.04690753469509
6.78356363195903
7.60699362538636
8.39797345000012
5.96306150463454
6.46223076783697
7.91157720112245
7.09315535364532
8.23469403726571
8.75138619208467
6.14467615167062
8.48947721164405
6.75261130926697
5.81133373186539
6.26040145738927
8.57781032714119
7.46918737442596
5.84820121957225
8.39500174899193
6.56532556357082
7.0115584098504
7.33717714656829
6.91524995532803
8.0995003454429
6.26380216199434
6.1726317712679
8.11409185739914
7.26296360307225
6.88861571379681
6.25933469065777
6.43726226838593
6.44939104186527
7.96584618188221
7.04804617397639
8.41773994540975
5.55098983061781
6.58098199811191
8.67268793274566
7.25902195842581
6.52127533126421
6.57141956196092
8.19890784232475
7.8788446967967
7.29132761887775
6.81458039336535
7.45625311008852
8.68543543158908
6.982623694816
8.27913738008005
6.60952586267775
7.17561546587048
8.303137165491
7.64358390347378
7.45672065341302
6.88918967005887
7.39220185274521
8.2154756238857
7.78737983041219
7.59436283924618
7.92933795888156
7.48641332222961
7.68454193848896
6.93195459794139
7.0776249256229
6.94898912425731
7.53440280545406
6.96951950058072
7.01371723400448
8.7012779081451
8.60390802495177
6.91458332551767
7.75168513168046
6.05422956956249
7.94970343315759
6.10229595336745
8.12752132192522
7.91325881111834
5.67214062016645
6.64471552582931
8.16498548342594
6.38157600752696
6.13544815293851
7.45518317522741
8.16260877117159
8.2716607439043
7.31812162058702
6.4582112968011
6.71502975852251
7.5510527190282
6.56097737264954
6.17824276187205
8.59218593024246
8.51888091403836
7.0762481670939
6.73771706692175
7.4145008032511
6.5954986947925
6.37131428090671
7.47150843555598
6.54344730495977
8.51281909718019
7.20294688488912
6.26253447617571
6.7384727313376
5.73550508865683
7.08663796043725
6.97352631456496
6.93637425544544
8.13862003897989
5.82345766087119
7.95952929415862
5.91781901986671
6.92668134219912
8.52547106762386
7.27091001238907
8.79686417547491
6.30050720090562
6.80334654287777
5.77353233228269
6.54702479524022
8.21434430245308
6.69282543978261
5.75406416920534
6.26947691492077
8.24879862982117
8.42556532992683
8.13203802674518
7.67210558205145
5.86989594452989
6.7059613651555
8.1290844069008
7.19952156775026
7.81821635437578
6.97871571706263
5.78336242171346
8.64403699074826
6.96624172101546
5.79069812197513
6.19333205799531
8.49572519891385
7.20290358412929
6.02266923037891
6.89521469348207
7.76558842748674
7.57782059093004
8.56217084057206
7.07122863938129
5.57771556831326
8.26243329673811
6.09196372829208
6.32819886604926
5.70303839610264
7.92318494872939
7.74463803468291
8.6009124321662
6.78159218818086
8.01463626832491
6.52455984699585
7.74758540457537
8.7218477072823
8.68976177013067
7.38740590698245
6.18506433393902
6.04757655399277
8.42269549433399
7.64797586063583
6.01739650828395
8.750575998027
6.21901223734966
5.89061144066903
6.7937464558535
5.71591107457973
5.86850939237902
5.69487538867456
8.37867934661956
8.52043775840139
6.72298356484428
7.98118296521977
6.17871484420376
7.39808631060831
5.69928619962346
5.89923450839691
8.47729494828368
5.59231873199772
7.38802312138065
7.24755883306588
7.93362295560757
7.97916093842416
8.45141930725727
5.66108483602551
5.95649632538543
5.83397497972404
7.70123015696852
7.89645840294323
7.12609131960815
7.72136735860248
7.98093412448546
6.79361419418868
6.6198350339773
7.9859684402944
6.17892753187252
5.52778574242292
7.48059465720127
7.74103046589192
7.01261073203185
6.73301395412771
6.81750245081103
8.47082841455401
8.17547993958212
6.47015668721303
7.67477970326316
7.83540509549702
6.98668843341991
7.27339398499865
7.23496887973385
7.94181285130582
8.31230999161417
8.79397807302667
8.67199928103251
5.73115483298945
6.41961151714718
7.33668279178333
8.47844713230395
5.80578393850193
8.66685855822118
7.99492419231249
7.8501500695146
7.25385721852951
5.79228565528062
6.75297050731177
5.55218020726376
5.59368423819774
8.75032176487755
8.60270465635071
7.86233181172246
6.7547290187031
5.59867487365427
6.68296000423735
5.80402255280382
8.77796821038123
7.43511463547932
6.08815679335636
8.71782868324774
7.41710301484493
6.71429934623564
7.36992489528719
7.5099155081286
5.80957691063384
5.77764267932644
5.55576441620192
7.26057181271761
7.00773617227332
7.15441895142968
5.70905780891406
8.48133989130294
6.30217843405356
6.88508633860038
6.71822413449223
6.33039799628887
5.60309847894224
8.59126529705259
7.86297029098327
6.5815647225359
8.58095641037194
8.00109753900581
7.70922430381858
6.74758636976599
6.24502155965974
6.13315334722331
6.17090322287883
5.61088511322152
6.59857205417541
7.04545699686109
6.32160240940605
7.37811082892699
8.3106675171329
5.96376492857731
7.05464908499963
8.11976726193062
6.17526335154692
7.25446913522085
6.62152671871435
8.30303355323964
7.24412706162017
8.16355367906598
8.19017310171368
5.77757462706231
7.68479314197889
5.76560990238092
7.83648094234988
7.70213810197631
6.69055779671369
7.20519769029127
8.25658305314253
6.01991395951585
7.38099120459648
7.07077361489754
7.81038906790552
7.47939395627498
7.31674542615794
8.22905976275226
6.44790633211032
7.34852904516205
6.06381014901352
7.51871149883458
5.96951057152284
7.66701227338299
6.53392723481741
8.0369895030023
7.47367233462186
5.79486166321356
7.26816197337308
7.50859526907068
5.99219852504993
7.08527358803206
8.42251637448293
7.78304225092013
6.52443514509824
7.31280678727071
8.26142198448932
8.29268176577236
8.16238438314571
8.00175458325675
7.90159335516547
8.13446533097815
6.90482120159424
6.4411879979805
7.8572625837447
7.59120666491347
5.60214696172368
6.00302997502636
8.44675061074066
7.55403052225804
5.53377978157826
8.28649637411847
6.56450976805176
7.96740804608756
8.0752365914939
6.14492374866655
7.01935812318046
7.96126286724184
6.82133944435999
7.33416615544325
6.03003877650889
6.83363234455669
5.54466823667721
6.59805006606562
5.86211398743631
7.53951036882112
7.0192356791307
8.55746767626801
6.73447234216629
7.08462467265995
7.44833497679837
6.70973355901584
5.8020752652432
6.4092845997496
8.78790336231598
5.84013351687942
5.83566202202975
7.44705678065582
8.24302257120566
6.569274160424
6.4897342410346
6.77869322164549
6.78965198512303
5.6130749470084
8.23113774710528
8.0714383555927
7.32583302753656
7.34542512911207
5.77447633088884
6.1121085053206
6.66047910574196
7.49134874068389
8.15277255198148
6.05474147176502
7.75498632314787
8.1102603650791
8.56868384550321
7.58825674063983
7.04808841867971
5.87082281882902
8.00572280080688
7.21960930536233
5.79710727315138
8.2924816278767
6.3937140812171
7.60027774662052
6.06737064999108
8.28148812659894
5.93513350398957
8.55798337016738
7.43523165182881
6.15757263151623
7.9447213637222
5.83838720437811
5.9561333824423
8.3233674920795
8.59197359842288
6.95627281191859
8.00034388995636
8.30482734056916
7.72645453348732
6.36572203420628
6.48900811949552
5.88932440212447
7.33681725515588
6.64485378378079
5.51428177101563
5.64614903365646
7.83014245774527
8.66117612462202
6.85165565564258
5.79512898555763
6.56428199770697
7.31587189511282
6.5012887016542
5.83013636743098
6.65481007541379
5.58990863226683
6.98023144781546
7.44653386904887
7.9352328982666
7.04717171222481
7.5444570172511
7.56464591246712
6.481996590681
7.43491152893258
6.93099655834569
7.08737588925005
7.41430550888809
7.12000751143926
7.7854261326832
8.09919791385694
6.57547690810229
8.63764847514447
6.15053051050408
5.709240147377
5.90274209660087
8.56572409935644
5.63170587205585
6.20217672435085
8.6762031238778
8.10467364874321
7.15766113978989
8.578470528271
5.50116498047186
6.55455726763773
5.89274078369096
8.76385241778631
8.31403837575509
6.88013865368093
5.87115898605006
5.85135316833573
8.51556754937118
6.60913953706037
8.03826510436327
5.91197646595641
6.20586058310887
8.50023533823927
7.16449251763878
7.76585697348533
7.9515832479773
5.69991573059161
7.11185777610138
7.97648766415534
5.99837713479213
5.55621952512851
6.96694171436573
6.89768579009466
7.59550587680981
7.10148930332238
7.13402354495837
7.95753631081992
7.41480474753179
7.20636997672535
6.98487277468046
6.40570566337539
7.97932641162607
7.16997297763997
5.9986592566932
7.95978752776143
5.64113372789963
6.99909240577666
8.61313721762313
6.77858933143515
8.33865771375713
7.64027853923348
7.97093708415444
5.71250459856702
7.07629831127815
8.40812124685425
6.46996320274962
6.66033432646088
6.94684584601968
7.20487333941732
8.38413800874734
6.88555631284582
8.57904883383725
8.62544077675638
7.01649225513514
6.44878565064788
7.4384996388343
6.33863733258995
6.40782229494944
8.5893039210804
6.38485865413069
8.12695809864542
7.62143837326688
6.94709598344817
7.44685115677632
8.72065067545856
8.54209571908225
5.91644459078801
6.62163364944427
5.99448261809105
8.68258767359376
7.99159339933722
6.44669432008516
7.64066493094876
7.97294599519682
7.52927010412137
7.50974817870721
8.62313007873742
6.04243117388699
6.47675019530269
6.44364429422427
6.31867167576764
8.25707844475559
6.6743471960549
6.83392227238491
6.96707592962734
8.32934659779667
6.59148998664097
8.72849627165768
5.93776748136547
7.31925068637561
6.23405009748639
6.76545171988717
5.76026865688706
6.99269337875553
6.89667367820188
8.65161295206027
5.75105437456008
5.56329869479608
7.40033939235045
5.92686427163786
7.92053321132361
8.04953663646805
6.91624157430519
6.38234214251664
8.23442574896623
6.57027630343418
8.0644535201249
7.26272320142892
7.12365345356676
6.27125055149116
6.15738363872729
8.05203225439546
7.50689090751503
7.61569406538422
8.30054826632213
5.95511598034775
5.7926506994856
7.86902301486916
8.54164592686661
7.23696454806062
8.04886982001183
8.39091478336379
8.63161497148618
5.96338125807161
7.55789943028936
7.57819482997616
8.28376922740166
6.15945987880274
5.98490521359521
6.37619316507719
5.69191691814377
6.05503799870234
6.40767249686276
8.46946193978261
5.72358831158653
6.42564193600458
7.17702374468105
8.46445264015841
5.95383899564816
6.72604817012246
6.16169565853846
7.52165576117269
8.15758844401472
8.17545937715874
6.95194495128721
6.21819937902339
5.63006146328901
8.13106538261391
6.82806822107896
6.87011217904246
7.0770031838698
6.81175985016072
7.23329113165548
6.26149655964555
6.64217318817914
8.63683056469962
8.63822462883584
7.43221063656585
6.82445743179619
7.34217137270825
8.14217754424345
6.63826505879357
8.45901928711288
6.05777469061407
7.19587414473036
7.71791926426014
8.29128813260883
8.41542832851573
8.42789581572963
8.5906190450192
8.56566361665619
6.53612440426518
7.00482030662369
7.81117826049875
8.79459639254912
7.10086685249275
8.42615360260742
7.83050437526051
8.26514681815566
8.09792562168277
8.57526225251403
8.6426559176738
7.25221370422641
8.28480447481388
5.9081690459258
6.82756962187075
7.93701195029541
7.07121777653751
7.88049005378825
7.36621858558029
6.20881087222309
8.45742986335716
6.36069627422153
5.88451141366865
6.08144153583449
5.67993963882376
5.95555285737535
8.56094504999396
6.46423747338616
6.13259835128437
5.71541069648213
8.55030192837248
5.58579329485006
8.62913246916935
6.22122278499537
8.15688095212273
5.99916389749654
7.18582761982961
8.50747439872366
8.2156144802963
8.70856956578347
7.80190271290654
6.43023302944467
8.51982836384301
8.09837443111628
6.50969890565908
5.86584944655175
6.22927381567865
7.64171909699827
5.99671989109058
6.51378404609578
8.01634662862577
7.71221997449243
8.17036627805849
5.8116217606203
7.10535876101706
7.12376535645511
6.8217990404121
6.11402552149004
6.11941074880037
8.29368477077987
7.74993136007877
6.6339708849631
6.80172516255499
6.25804700334431
8.6273294593449
5.8199146727288
6.16019831741305
7.88892989984709
7.16637920905923
6.99295084335031
7.10680154643674
7.60111614036321
7.38539107937479
5.80919821462648
8.78236360530923
6.46560297428677
8.40757206141024
7.71925470624061
7.70831821628241
8.59922635431984
7.73739261158531
5.56227156106413
7.48074903065077
8.08555781140382
8.39267152677643
8.60716740009762
8.37244721225742
7.3944677699565
8.00383137499284
6.22997981640376
8.51861918314882
8.42123697738978
8.21380590207148
6.05383905509916
7.54238702574292
6.74284145883332
5.8217462580141
7.4742581773118
7.29564053992641
5.94007674213195
8.50708718949225
7.55841185468897
7.43311465852493
5.66212635509457
6.30488522306717
8.54786563722676
5.71578169590774
6.77787090320705
7.37969348239778
5.60938882429892
7.29261892766403
6.5415537762619
7.84965558555294
7.54908874210553
7.46568861210946
8.65074444133488
6.84713214565303
7.0535013576947
6.94558047473168
7.57840804691048
8.69791947571546
7.04892123465655
5.94834977376555
5.72128289639275
5.81870408120154
6.55225823147605
6.80550614848105
6.58919340759122
6.78869564304783
7.77360526104267
5.79478700230509
7.11330133746376
6.14526037170914
7.37477825317979
8.55331999556592
7.78182211999519
6.79463510654909
6.18911879415139
7.38530519247488
7.05226389130894
8.18219380221971
6.59536001876345
8.47216304337355
6.38640871454831
7.38374432240587
8.2181793242138
6.73009223752362
8.18563206826463
6.53725530088017
7.24417231548559
6.66897170041463
6.23768964284109
6.82621309377632
5.65687189248943
7.49312348074927
6.07512643977465
5.7771864717835
8.67750435773353
6.14862362093024
8.55660020265107
7.9220368430919
5.50956438398798
6.1821126186159
8.69841149589558
6.6648625291572
5.67426444050557
8.72411609260352
6.04005779988084
6.87067383190384
7.99378150462274
8.34732404347466
7.99506879303917
8.1053239616569
7.23593932158831
7.39403957610985
7.67471709549854
6.74289258666263
6.83404927332308
6.01988526423273
8.72432915067414
6.27416020940594
7.33980923546608
8.26703245026263
5.9793095503785
5.82694607340011
8.43074142929933
5.90875778059905
5.5541607728475
6.91523189653799
7.66636391583154
8.35730826945917
6.87424320837952
5.98076359816894
5.93785993017152
8.74018858954353
8.32728522629299
8.57294444184257
7.31123762965022
6.71946741923251
8.46964841050996
8.34382710383522
8.21932371181507
8.1582097336191
8.12787556916334
8.3451459272183
5.80673318947291
8.26848440259394
6.02833290972363
6.39424591407626
6.82403540293748
7.55347615743847
8.11823910624907
6.28785722811943
7.45871405666667
5.84238178130456
7.80562992031854
7.82148768448071
7.7080205276371
6.14838463694867
6.98396489107453
7.49149416585322
8.63377239351038
7.99320613298715
8.4909288575112
6.10211406627195
7.75103592411981
6.62903135270331
6.07249303543254
6.96022643670655
7.11424309089194
7.87557124466899
7.84004062394677
6.5492858012734
6.17690510841839
6.77108521499248
5.96278938439131
5.72990081799553
6.33368536030484
6.01616555003347
8.54558225802601
8.05412291156857
6.96235167128638
8.42925039008624
7.78058596727454
6.84104301868312
6.99723267276831
8.06547742172278
7.76700412288914
7.03908925882379
7.01294130861429
6.2055182888795
7.53901111827316
6.57633664287192
6.94716938469814
8.54235924843031
6.88421337251921
6.43983598878449
6.24367539553181
8.64353385722966
7.36782054266769
8.27075010213542
6.41562664395965
6.6238749953591
7.06380482651179
7.30019676180157
6.42950491495986
5.88819432890226
5.64080263522971
8.75776678225417
6.30296921913958
8.06993655949968
7.80573061606546
7.62126001592187
8.2975226022896
8.33668782625092
7.16997490489146
7.02482302146284
7.09164873401624
5.86037946502799
8.10578713294935
7.80732182271753
5.54321100609033
8.7595154835842
5.50392285116663
7.46386307577821
7.75288505473713
7.96433949895006
7.47136124025782
8.39572175003548
5.86064353072717
7.5407358790861
6.6214536701285
6.03524383221137
5.66100882780213
6.39303408462685
5.69472391671979
6.59414339709254
7.33263094825012
6.60317987840729
8.60443734652951
5.89674970401856
7.6368761918021
5.59982874145772
7.25597982693705
7.77615899671301
6.66540582391657
7.4730664504203
7.94351436427862
7.64524817912852
6.20048079794735
6.68085597295856
7.72706070255908
6.8831459173148
6.26952821254621
8.11932712267753
6.55615031253704
6.40765859749665
8.22264652091899
8.18447481106737
7.73571225705889
6.56256525911115
5.5812458129028
8.64274251881644
5.53603921017038
7.24341704215135
6.93110737066801
8.31183960795644
8.38761862610296
6.93043161638945
6.20637533344987
7.32660771457546
6.29787454211167
5.80866375304831
7.07260136196937
6.36239124067887
7.51188155883229
6.27121763819713
6.36224057820672
5.95450892602882
6.54953648158027
8.1453924575728
6.59624492166343
8.30794263886104
5.57380640808853
5.5074611188725
7.88429116497368
8.03273770939194
6.4491585747215
7.68508093315497
6.24785148109525
7.15304361879939
8.35602258858444
6.46183677794617
8.43441996530737
7.74355838396086
8.389718650913
8.11267863774341
8.26661643221372
6.21964416217022
6.03198064555644
6.6892315187999
7.47202165088244
8.28019046545155
6.3540961767334
7.42841360253017
6.09941826033297
5.53182010644733
5.99242788777098
6.86347955642673
6.78198029153878
6.79007898909843
5.79433709071938
6.09171400678734
5.86397274660856
8.36349684401049
5.63832922942021
7.11987532124443
6.67300381119049
7.48436017928339
6.24284945416227
5.65216443927592
8.47743248420477
5.67296875400463
5.7203652129859
7.32193776243694
7.5871851140728
8.6916000299436
8.7697865409447
7.97029553906765
5.76235761295965
6.539628823889
6.83885223089064
7.18168573891235
6.8172631434326
7.0312976733205
5.86652718524568
7.18769265467521
5.54659023656452
8.11298607091781
8.26496522995906
5.73247756349027
8.18485720104425
7.4285761351623
7.61740355856069
5.50867395939315
7.24564027216623
5.8103884078094
5.65989442921324
7.10040830894893
5.91236218378976
7.75082192482351
6.40831402224688
5.94701510635548
6.34545293873047
7.01284470569709
6.71385661908077
7.22060536812095
6.94847250318686
6.67554645424246
7.18788992600087
6.32202631971291
8.26525052220498
8.49980390750387
6.90750234710373
5.68115399133188
7.24033475581155
6.00906569886475
8.30846067867981
5.82211389916146
8.60110918862492
7.97995374678399
5.71734426826381
7.35248229189579
6.40501280325532
8.27108104179922
7.02976067660867
7.51374410366169
6.80027252739319
7.69806452187932
7.24320988110629
6.27593602871681
7.60480973433961
6.9830734195926
7.86440146618418
7.98286143818397
7.10145434635862
7.44914186159376
8.51796254293808
8.38870912112606
7.90493098683582
8.5879809456337
6.21514134938556
8.59384036100849
8.41724643629127
5.62753399747956
8.47433000195374
5.78743370427096
8.63393772086516
8.73226574069898
7.15506778565183
7.0883692808559
7.9810892115279
5.81468741254441
6.87703581710484
7.27679992140635
8.44836930126068
7.13563504011138
7.96230702715728
6.87679171790316
6.31359197993436
8.43238252004934
6.74509099351768
5.6268881560773
5.83667833761272
7.22463125563314
7.67159115635609
8.17515614841019
7.1404834987807
5.59845971357993
6.94449362364456
7.79438214116113
7.53720988206376
6.63530654508958
8.18351261322645
6.07225031309212
7.67665471959897
8.4733644678371
7.19787795200025
8.39065527150499
7.63265638396978
8.21727896957775
8.15801556208845
6.3358646238374
6.10829864062993
6.35241200134415
7.64507168866671
5.59465964202582
8.53223971265238
8.37466383222358
6.62257611138786
6.74908171500688
7.26502095401103
7.71951571337984
7.90258077229418
5.74345777631353
6.75326530001718
7.79608617625036
7.72154072437556
8.63324799524234
8.18202224683792
7.73972440635323
6.75071721070108
7.80989311319673
7.73177930678245
6.40827619021286
6.7687539953456
6.62531113642408
8.06708301687636
6.46718526863852
7.98619934012382
7.91575800036003
5.83066036997755
5.7481442756726
6.25110193383156
7.17351218801053
8.48868036993546
7.20532447583346
7.02631331049428
7.50900845505275
8.17989298513325
5.51973150993725
5.61039820032333
7.78294607395865
5.97654804229328
8.73198933237755
7.52244367865493
8.20348718456283
7.16419996055145
7.83365465017526
8.43256981228252
8.22873455848506
7.86259590520539
7.88670521538811
7.6938040868482
8.67517688093195
6.72392263785439
7.36427545985763
7.3495583470951
8.69033278224045
6.85612564866084
6.85109832000886
6.47581643344272
5.51906650353736
6.1287157653957
6.11848627721333
7.01474046249675
6.30810167319464
8.7912709212662
7.61248990469315
6.99322016059721
6.24131917495352
6.06180936488808
5.81830792806264
5.68743008275138
7.3429833167879
7.51906930037486
8.77794293939512
8.56926666074368
7.65157507268994
8.74697801628055
5.96471867299351
7.02070307597133
7.14095939725039
7.05143515814461
7.35686584112298
6.73725546329968
6.32729651715436
5.96930432088462
7.40762209479379
6.04917071695223
7.53681543138127
6.49809845593888
6.33853914804006
7.37618233567146
6.49004224756591
8.5259084296894
6.60127253057951
5.53605649876677
6.13692067125589
8.73126858310322
6.68797487313197
5.98675632909738
6.0116147111424
5.84599835741143
6.4437243632743
6.01224800006671
6.60698103805091
7.42951825065417
8.33796691894614
7.35987429979217
8.58492422941649
7.6303975624573
5.71756727970334
6.04053790079763
7.06331639046758
8.6738625239773
6.71678373051597
7.43261214666651
7.92780889063448
6.73313372725151
8.64157017107763
6.837411072865
7.94156797002779
6.24589489271412
6.7432498436627
7.73794759153406
8.37554126400803
7.67120947773713
8.0914008844556
6.44243252359706
6.89310710971508
6.3965126953146
5.79601585149756
6.8145896872665
7.36681539782555
7.21069986649778
7.416999255081
7.35131533658905
8.18437609080175
6.79549783943391
5.64657390525488
6.94233483410092
8.51448196909361
6.21815729929132
5.77290399798552
6.67031381328006
7.87970965977034
7.21330847216466
6.39934172667567
8.4790721039438
7.42971790993647
7.73040535299846
7.43168165881487
7.9470782820332
8.64667140410079
7.85874422443604
7.02188796108448
6.32331653137577
8.06919200932338
7.1798462584234
7.53778396681104
7.95107432119619
6.55930024113165
6.0146571235339
6.47475531760645
6.67355204971951
6.84908432687634
8.29249005178748
6.82588091307928
8.43489217803007
8.41792716538111
6.41876819332206
5.59902488317609
7.66440019379339
7.972821530768
8.70304049368594
7.56906546083687
7.15374656751226
5.6487777753729
8.4778995230969
8.36359842028624
7.55591746603438
8.6094349031803
6.68681696379522
7.06181493411791
6.04044688965521
8.23732472707924
8.48529891751417
7.07123684989037
8.4680008023569
8.24261396579247
7.41432610874714
6.81129171402751
8.11524118412544
8.21505459076919
7.70939158273918
6.92543739543709
7.34801775318503
6.45150882287128
6.01651477977537
7.1328043889377
5.83200594303299
7.19124225361292
7.78934337462195
8.13209429733306
5.72324116955576
8.29787518233274
6.94557561230411
7.13639407947656
6.54286454899035
6.15584130317231
5.86461746168349
7.40797867686276
5.77886815728662
5.93961033337094
6.03585014205275
8.51514987342521
7.61716080853248
7.44869236817564
5.89836399091339
7.13660507450572
8.46403652731721
7.0264965698711
8.48574704802731
6.2625118599886
8.0507054091684
6.88888574598925
6.96045496951121
6.43713363383776
8.79959022664557
6.26423717368493
8.32165735646326
8.08362942869566
5.96018861045178
8.63430818931064
5.80306349088985
6.59898465844478
6.12775715820178
7.828269141539
7.86283775398109
5.95470660143307
6.56351730965673
6.46560424129832
8.03857688372882
5.53370551455191
8.33158142623852
6.8018669133605
7.75582373980462
7.17953613017335
6.7743042188246
8.79015026935821
7.27735344259101
5.84512376185537
5.66797048953879
8.65493467368049
5.89281295047012
7.74948581645807
6.68973441646333
6.91431297073833
6.01597180882515
6.70900802869342
6.61787013147401
8.38623710824922
6.71019504448438
8.34668550747622
5.94815221303585
7.3954958210066
6.69679863946014
7.79421206860836
7.7582746486397
8.206851062682
6.20201799860816
7.78634704056654
7.15562911027834
6.30324579150884
6.86051783805855
7.94455985907008
8.18250769085338
6.62929812245512
7.3283914935147
6.41861998077916
6.32255703063438
6.28643793830985
8.18848282933933
7.77671816242619
5.97588311376869
8.18160786098611
6.48443391784899
8.23594957705216
8.78589712762524
6.10863063816228
7.45891030175956
7.78603322903052
6.03051112121897
7.33800805573978
5.83770384578093
8.62215665704638
7.74745647065777
5.56374629510286
8.38383929811725
5.76155216361023
5.83759088255681
7.07537549592719
7.24088709596816
6.78484798643853
6.2899571099563
8.2272904376498
6.88333054803242
5.89019051562507
7.76019830142554
7.82893649298687
6.67039216981292
5.79329583745731
5.9196223987486
6.01706121079945
8.72636661028745
6.99193334948177
8.569234167687
8.79430772027817
8.03484457459296
8.71729288966523
8.53696600681051
5.66047038566603
7.08048235446097
6.91408500351391
5.58985095335108
5.65983494874611
8.3159040108777
8.18526703678102
6.24530206845259
6.83661314528446
7.9896011461587
6.35506720130191
6.8897231711523
7.51590487891522
8.77791080914306
5.85421675666619
6.67890761224219
7.18684680165369
5.93295939670003
6.93656213473745
8.27739493631742
7.40563509751105
6.27401550805936
7.39175048797318
7.19592286235436
6.25107751710247
7.12234299699404
8.44777475027588
6.86706931197348
5.84314552388238
6.22810678759812
8.56671715490151
5.55906799595956
8.51811666081757
7.9445909652214
6.08761017499537
7.64587372850023
7.5607859949367
7.88616089874451
6.74795464936528
7.02343393169712
5.76681038055481
6.73579672111178
5.55432050045672
8.63624107165263
5.72093677617604
7.28304511535199
7.5653768183571
6.0017866102772
8.18868258776221
7.3932166729381
5.74514616679694
5.75887298980777
6.23041358682476
5.8557135492989
8.01866036441442
7.73879577783728
6.94077729846611
5.89072102717433
8.44544483502764
8.69411809206123
8.44461222297397
7.17068045655724
7.80957769714667
6.00222874654815
6.67242994146485
7.77618078285141
8.72727091525662
8.79296886453436
6.70819829073825
5.8146293301244
7.46553463413272
8.51372901293404
6.16785901535634
5.68423352315248
6.64219629481775
7.78249352223443
6.83506127183572
5.70038171196826
8.24819921799613
7.70008492242971
7.04243102490269
8.05446434670949
7.32903944906785
7.81877196008552
8.03720970149928
7.83136808665275
5.88875754477723
7.25306344950469
8.77743947396333
6.70047684799097
6.90457508813088
8.2062168966803
8.11207296533074
5.6439771663856
7.15217226281194
5.87105833480238
6.29539565854916
7.49963338065967
5.91873474886023
8.2684757202207
7.95094956633306
7.33161290293037
6.945743611239
6.16759523062015
7.5040682230744
5.85948230187038
6.45213444959085
6.08824390012335
6.46364652093307
8.26083035752159
6.99090866748622
6.40259502166096
6.38621759263907
7.91276523647973
7.69575132901744
8.14637604287174
6.25787329279521
5.91747959542451
8.76652070731602
6.66020586276028
5.68564172220394
6.27867945695849
8.74783383948439
6.70311887340074
6.75763882758515
7.48110619647017
6.07746888373239
7.21792850701016
5.94321304833244
8.26355027099713
5.87079355086065
6.44027192033296
6.09329365058397
6.55483652532224
7.21853233066278
7.53991744091866
7.42448232777956
8.38418968472348
5.62407848876131
7.03861669725916
6.49820927865618
5.70630122354776
5.90713378706665
8.46591672531539
7.90494476316589
6.02193364448706
5.7461556103384
6.27019062704227
6.66002107066485
6.21647585677379
8.62647007259984
7.51392931537868
6.8615567176294
7.77076955994013
7.85803785900258
6.59436933603985
7.46060603216416
7.71572452987965
7.77761297535055
8.36985201907331
5.77735999780146
5.90100369641849
8.60497263862522
5.75163958670088
7.25705926567853
5.89134469909414
6.34068832366908
6.34950198507965
5.51555300518257
8.02799373038957
7.42391327535878
6.65390308968684
7.61970178377882
5.53765676355034
7.02011790379256
5.74655677581066
8.67015703387525
8.09852452990163
7.68688268836196
8.20421327419215
7.37607229383857
8.12709986482978
6.10675714217611
6.97685508561226
8.47805778113037
6.46378156773028
6.61320328707043
5.69597200394498
8.42675011734912
6.95702154491483
6.45541160378648
6.28340528056656
6.7053234741474
6.90098256684016
8.47657022019678
7.75923443350112
7.08177160225433
5.73199581609081
6.8595087197147
7.082035865743
8.6828128842237
6.8289501453247
6.06708976266909
5.8292432408907
5.82887722002695
6.818861264855
6.4880148585385
6.61263683525609
7.50824379430168
5.82020112317233
8.42867145673237
6.4302561574951
8.65489684810142
6.745482075329
7.41521820600209
7.59786260303063
7.71100622187824
5.7840672610509
7.10398659601996
6.9302170665272
7.70541689273888
6.57989036289421
7.06220791100225
6.01781389636319
5.86255431118263
6.53149727311016
6.22962338444481
7.73998423965798
7.02344125642168
8.10904206670582
8.79295184392846
6.63022196416958
7.79717087787748
6.0516274940487
6.84331745944855
6.23367678560192
8.45944660060953
6.63792957834823
7.41980187940987
7.0054521220484
8.62956350848876
7.40055605719578
7.40189760219257
6.21860883458766
7.73542894061855
6.88102750843331
7.25421381302601
5.5867588334629
7.40999292217672
5.53567284084177
6.84198436161951
7.84302225159465
8.27883537375342
7.4036365979052
8.65719533952712
6.99250974224984
6.68940863673471
8.43137073902796
6.95220793640379
7.90763236300591
7.37068870725268
5.54627060130826
7.45606262418891
5.66167186770416
7.98980798601242
7.93123907465914
6.58473017254329
8.51538608228733
8.57295925918015
7.1241431808487
6.76026728721755
7.62061987925345
7.91738460572711
8.00115650211617
8.47451392483774
7.40844754069888
7.82178267144635
7.78275998246913
7.13807235602158
8.01122805811108
6.79919241589501
6.91690887003299
6.66815763627635
5.76985767335722
6.50041364050661
8.19205558332137
8.35660029195897
8.32238014744679
6.80530519914768
8.15076955376895
6.17897060848926
7.0774485110749
6.98444651148637
8.22494516650476
7.95393840036366
8.43667965435566
8.27314099148191
5.70426880219027
6.82923949582514
7.98988925209456
7.06366152623746
8.35843388100575
6.11685122860237
7.78411325118375
5.58889400860653
7.85950883218089
6.26242456194073
8.5276745176467
6.66265589275419
6.45196771026954
5.98511270564092
7.69384024674301
8.51141944298809
8.53036601789836
8.5649864189776
6.08714591677197
6.72173096322094
6.58127025774191
6.85727520870756
7.27689809843599
7.60013863531249
6.18912785138596
8.73477626467512
8.5421034815212
6.21779740812137
7.40983782817544
7.86188700914703
6.03563745649521
8.19450155140432
6.37409513010063
8.01951349301215
5.82328160397696
5.91804222519787
8.64754766719261
6.18949125308
7.77620023571697
5.64944254125127
7.86156047424247
5.52174773876041
7.08336020200133
6.68000892361391
7.96605728268034
8.42059061179825
6.43375811175081
6.59517433180238
5.50522806834396
8.69320422685839
8.61940156050194
6.81479746084524
7.77268209097356
5.63703278081039
7.60390273674974
7.17876736918758
6.02197792372987
8.55912727264789
6.33205915085552
8.56307763310606
7.959053645285
7.08668045289612
7.31493319729088
5.51413385739875
7.79887007980704
8.0951290327052
5.76339800957983
5.54077005115073
8.19308919221002
6.8376855242222
6.33910551692312
6.32207903901281
6.61905606475714
6.8809036764477
5.55776878089797
7.23040447459924
6.33571411495318
6.02036908850662
7.04897315996303
6.6554820217151
7.6059053210531
7.60512439026063
7.41823173285061
8.77022529109823
8.17003040959708
8.12904932273075
6.15090281939684
6.01099436743452
7.65595497415932
7.25924519018242
6.38450065210067
7.05354030998501
7.39893694584567
6.39003002619447
8.57632499924398
5.77626732106537
6.03541499580555
6.47877688510733
7.61563822532916
7.17825668496144
7.92816808693224
8.4207699543259
7.28250691429025
8.01702022098848
7.64344755256343
5.77163395396499
6.54081213334568
6.94959566621336
6.46277374811056
8.69528324579397
8.68154666629428
7.68998290514778
8.72513555775608
7.51380082094795
6.89226540241171
8.01399477765518
6.56086448134164
7.61913340045561
8.79884910354666
7.96323063462724
5.74863287256339
7.30585541732098
6.09786105690473
6.40708885333395
5.64294772206821
7.18720941372603
5.64356137912866
6.47213848167103
7.87724310695127
8.36778758906351
6.90927296120858
5.71816461510321
7.35872556828941
7.29050726675432
5.57957190032841
8.40091536239864
5.87550698504912
6.60982022382407
7.89930750411273
8.51347644104321
7.86105059769059
7.95718066208949
6.21371815186898
7.75489234750804
6.38890185942067
6.32460129101592
7.18699605667871
7.01486323703956
6.89414676298955
6.6785420507288
5.50041680682094
7.49809129426406
6.21949729679748
6.33772478758221
8.57185507704829
5.62878329546443
6.60037807932931
6.35422428410286
6.84284298403654
5.59499736309596
8.17286028158103
8.37915806079134
8.13782097352681
8.09701695493011
8.04697116257771
6.01119727294707
8.21990083349789
5.84207139911679
8.29703009137585
7.54792562777122
8.07376206636186
6.05797465889735
8.50749151326117
8.05374446920258
7.11031340615707
8.35932476041567
6.8143678407724
8.37747951599122
7.33133629485075
6.57408488107058
8.31457976884702
6.07332772434342
6.41227190663527
8.60771313040654
5.98151151208039
5.65671804435703
8.05184999579298
5.68702699663753
6.27578462304931
8.67239114010727
5.70699291095052
6.55899941172225
7.865172159616
7.28210167756419
7.61214163946201
8.17507355636069
6.17959615889025
8.57327828906042
7.09529149528552
7.98417976753315
7.12368219109788
8.71485324023314
6.89043577900199
6.56575065745508
8.56090862296516
8.65489616816001
8.28300365986339
6.4320232104379
6.67636021804935
6.22777603694246
6.25181530195489
6.93085883538764
7.44311574710549
8.76239169837612
7.54725746133082
6.56895711658083
7.20291915717333
8.78988382345655
7.05958618533377
6.18277649254284
5.59067225054624
7.32740925703093
8.77767190533533
6.34390420891107
8.56307948744396
5.61807922320075
8.1429867912663
7.64513156197374
7.34189477030244
6.08102781534558
6.86529186263308
7.11293254126955
7.39077944785732
6.79033172799548
6.97781586129978
8.15393011065754
8.02709520529308
7.15171700982015
8.30257213250917
7.83832497989117
8.79744959056133
7.71449319477675
5.89312284192419
8.67947707721388
6.32414713977025
7.53171875562499
7.91821471710117
8.70232819102042
7.19504991574933
7.75418469695229
7.80778416227097
5.70590480388584
6.11254953829567
6.27858186536491
8.25449294003242
7.50045641124075
5.63835444799625
7.78241300584375
8.36171998838067
8.75264910756916
7.94619074677053
6.3805720031885
7.63298585808682
6.12596123503716
8.48673911985658
5.97830475669169
7.96111100201792
8.51581967984634
6.5312979116382
7.99614404578953
6.3924760241638
6.59159198488442
5.5058364589319
8.05602128529676
6.99746032415835
8.79227825094207
8.55968547516286
6.04128190928946
6.9791477723371
7.02785829271824
7.75922432085856
5.64509826116117
8.36848707071379
8.44030510217241
8.17005262305374
7.7853639671338
7.47288557252975
5.62812549699423
6.04711743931149
8.01689717913328
7.70865098620665
6.6158142813338
7.23120132492134
8.11864004690997
7.26694410597113
8.05100470784591
7.14428892800992
5.9488714517049
7.51245233665638
6.36146999895272
8.66944448794611
7.28992833104312
5.88809152787601
8.06405367120913
6.15352917312946
8.03331400133812
5.58261215667269
7.26854827807389
8.04544073366462
8.75861324492328
5.65855238454894
5.79650457792349
8.47547130971163
6.67943566312435
8.24979552673157
6.01061801230424
6.48836720165145
8.73154904078339
8.22299199073128
8.42647786504127
7.60234360444108
6.46513773331958
5.85627794254847
8.6748235852077
7.74727558917722
7.38769974878194
6.26461763834324
7.87203945408023
8.65982873247275
6.078232849621
5.70889797647399
6.1380178053816
7.96250662828163
7.38743714247159
7.04851886440895
7.39671723456939
7.46162875923231
8.30449516939121
8.31886702586518
6.03901928136242
8.56794551264409
8.38932021293731
5.83665285550866
5.65375993864903
6.40146243189841
7.3183430855133
7.91368383484435
6.90797988963018
6.43464690963043
6.87874045600216
6.98544427449084
7.47103050167541
6.40442329704192
8.61266013279306
7.41345158320555
5.95139366479872
7.98158178558015
5.54004075124164
8.22476913558513
5.8682894485253
7.26826073695065
8.66945186291708
8.01786082353084
6.6317960189606
8.566022632759
6.13585490200952
7.12791843979158
8.15148085334721
5.93088355494871
5.55128218459087
6.36815833958002
5.70975467825655
5.71060919433242
8.30226342002638
6.23142296451147
5.83383897550917
7.09293753060841
6.51914977220829
5.72902982058041
6.96527136815327
8.35373966473301
7.71042996732225
6.72302720815627
8.52814383759915
6.83772540292112
7.61065015803777
6.54234915265369
8.27863571717501
8.33806992560246
8.52636840023852
7.12136019015284
6.41238295881183
8.20509513904992
7.64482804096453
7.72253290405359
6.04015074243428
8.15820141470715
6.34512411813489
8.21459814732339
6.21095007856408
8.59208568397038
6.05508183701059
8.59552109188098
8.12659396877083
7.30416575566335
7.53281912247217
6.83690053607008
7.07004974202571
7.00385573476204
5.66270915045183
6.9042850139169
7.9908428824776
7.72281527547082
6.50008516113017
7.51682228073581
8.32894043916608
7.89012373878597
8.14334662815415
8.55462917606681
6.95134110250282
7.03927061440915
5.8713329035028
8.16457036839407
8.43668683526758
7.33044307466243
6.41467844794269
6.74872910901147
6.94936910517219
7.72944380593718
7.70176802343166
7.59722804622187
7.4385880618333
5.52985489553221
6.57127990788412
7.20466758045202
7.31707195005479
8.24105832372197
7.81521386697236
6.06533417264541
5.88231574577705
8.03446391822557
6.20416858074404
7.55955988230298
7.07525968217922
5.52452101182287
8.57668428560561
6.78777086966481
7.76789536085971
8.60694403158346
7.07591876405391
6.79344159648885
7.51280644192818
7.30892756722006
8.00807058481256
8.12458855627865
7.00379797980112
6.72610089653505
8.45327187493988
8.52335477780938
6.54429166201446
7.14990058861511
6.16049444151272
7.63423806372234
8.04852652854328
7.34626758933683
8.33254499533218
6.74000465705079
7.62312940420218
5.94326393057546
6.90998631682913
6.444628381496
6.22777242596441
6.94214591118599
7.12250079395835
7.25426858225981
8.30573223597673
6.3836953328973
7.77133918329841
7.79526916367028
8.11190155544929
7.17476461137539
8.43755200037949
8.67713646867261
8.62797807865587
7.9808520706465
5.70433169825382
6.70176329689402
7.62745048159349
5.92936853468439
6.39994725185046
7.32136437306251
6.42536447040361
7.4988633687895
5.66521909379929
6.76431298158896
7.57047845003069
6.85683058674345
5.6273201171147
6.41550501846245
7.22796972622214
7.0234993815379
6.06196443830373
5.56855880723587
5.72181250710435
5.93888936881983
6.09354364567843
5.83573685660948
7.51785913271331
7.6056630088708
6.45827437535443
7.40422656663208
5.5276658899326
6.23537413685121
7.73565868016792
6.36689257157572
7.55341806085529
7.41069891677298
5.71570663609814
8.76328970215361
8.38461365101161
6.98374380968249
7.23987327254055
5.55369247732583
5.79431351499018
8.50493881635791
6.18726990461955
7.25817377195895
8.30350803667142
5.66316957898585
7.88139522543925
6.20236814052816
7.58136079334251
8.76109437616075
6.32446372200628
7.44791326198948
5.51403829962521
6.72066862466974
6.43180524054734
7.96017939284755
8.20386214360386
6.8638648774449
6.22351024224385
6.25941340575844
8.68386881662337
7.02350562376196
6.75982461632674
6.32282619239487
8.10141728109669
6.66002028501434
7.64940838986374
7.52779473553977
6.29022908429909
8.6347776246793
7.33480621915896
7.82655458415448
5.9119677091776
6.40541268694315
7.56891725920147
6.45165160582988
5.52097698126544
8.56969701480973
5.94925142776395
7.04030034881536
6.07159031122107
5.63069318027259
7.99413169698525
