7.3491878555622
8.47456843305795
7.80657783174795
7.75431591274383
8.07684590550877
6.24558298314978
7.80741376449667
7.93250852806545
5.58963063309746
6.17104981204142
6.36154851986195
7.16005005025408
7.07980239812674
6.81329897965323
7.99176430843864
6.00651453621098
6.83750746054436
7.28429579666627
7.73790477434932
7.67005360356755
8.0138547384698
8.67165414933188
8.00907662106079
8.12852599940158
5.92412553064103
5.77932673930178
6.41104968605936
7.76897137871519
6.89442439900117
6.41765330050166
5.7191388862356
8.5553203904356
7.56810647681776
7.7041293728594
8.08161440507443
8.34459697537198
7.13538861884728
6.96741369427999
7.18748508464674
8.79742729205845
8.47158290267608
6.56086782389686
7.08980506083016
7.08067596733631
7.37897534266628
6.85519673039355
5.96682769711994
7.32180677018075
6.14109713854308
6.11272770293168
8.20678443248426
6.6999572922003
7.0459360197956
8.58568834804313
7.35684945161024
6.70032177212688
7.62140668297812
8.20260544020495
5.79942312688342
7.14848814507164
6.72681344054954
8.30717284615137
7.63863324626309
5.93685851635202
5.74975347800766
6.55630055810579
8.26969965252178
7.01085646444884
8.79382592464206
7.41201310473469
6.63632336268255
7.15181682528137
8.53223631692625
8.19323647873922
8.50365533290721
6.13943047993418
6.49858880061851
8.74924614153919
7.53157291561613
8.6189241176859
6.4283544129407
6.69689596970701
6.61473930634851
7.47871855566492
8.2407566455787
7.51774053773259
6.75862392628795
7.69782752345836
7.02859715556672
8.68570187557995
7.53918032472672
7.79903041462306
6.50088125844666
7.18492419680968
6.05665756189029
8.05857801589147
8.30929159682175
6.08221977378753
5.61624683703289
8.22207173912665
8.38580333815394
7.74657937317854
8.48794658947374
6.80254191578988
6.27267174642765
6.39606165559087
6.90128061539472
5.72425504920689
7.08064017522624
8.72674585241421
6.68188271860285
7.23981769987682
8.74160322064959
6.23981972994988
8.002946646979
6.0712782365659
8.32214827340597
7.52878059724357
7.39088830542367
7.80880762867231
8.18656998695053
7.37741900179461
8.06172915649039
5.87109038087145
8.29197396320199
6.587453410613
6.86730536307645
5.52446044080046
8.19943960880511
5.88579234648839
7.06339582760967
7.34870333621718
6.45725996615534
8.22959712947833
7.12173467145786
8.07456086394908
7.91174741488196
6.59063844258118
7.16575924062482
5.6234619414159
7.63805440155217
7.1276519281423
8.61072473325379
6.81577798405822
8.57838109821181
6.10844470390842
8.7149408792553
6.95823871542084
6.86871589370409
8.27324038443107
7.90431439637999
6.60864489200493
5.70348356269305
6.20629226355077
7.43638552338917
7.81649960914111
5.5582427088689
7.64885400771612
6.85546410278702
8.23598130151838
8.30471149639473
6.53796543418088
8.64602450857205
8.49161568003845
6.2827204172971
7.95345684712045
7.45818389939391
7.74238160664951
6.98035904288257
6.64224059745668
6.83876905561098
7.17276131770799
8.13951904086793
5.91025360490469
7.50534447102204
5.74547088533948
7.78366638996578
7.93294014589903
8.44753916308432
7.88396302458473
5.78943642063505
8.13294749223067
7.28558667853277
8.30115113695526
6.94181933060051
6.53549880243586
8.72846530700229
8.44043755464773
8.14364379765708
7.66485682019545
7.76584718044805
5.66785389299299
7.48469279359812
8.46432853573941
7.05731154186135
7.74979832885293
7.5662549829432
6.83274613288055
8.05002691739391
6.32360418361851
7.36756707729524
7.3555868372256
7.50490526769079
7.10835802703912
6.39727919151285
7.27998449598405
8.21435052203866
8.37293897112109
6.07601965150051
7.07543612268944
6.71917243190654
6.68748364432119
8.63751085892409
8.62618949765622
7.772628659881
8.7528472485355
7.1543102389648
8.26684837225152
5.64857597447975
8.19245684745961
7.72717018100141
8.44621972430968
6.64599086736666
8.52869193808023
6.43059777154558
7.97711517518163
8.50723610992229
7.10484252096742
7.14310083342041
6.18415953087151
7.96568490615091
7.19797460335266
7.89080110943348
8.65251823922701
7.95199333401765
5.59680505144484
6.31261265596462
7.38606038522259
8.61130390983989
6.99846227124382
7.248737538025
7.64045156887358
6.19038946305718
5.80055447229129
8.47714178732325
6.82555959319946
8.5749242407608
8.74343277690694
6.74854870841855
6.1487098109646
6.41050378998766
6.0620084768003
8.28550366542358
7.85922323346209
7.33325888125324
8.43758621202272
6.23710760612191
6.06389035327452
8.70543164247298
8.15000073591999
7.10744979407425
8.07384346895987
7.17117119037574
8.05946267120663
8.79375343370979
7.62712479644957
6.64715298251847
8.76850276381486
7.99689238517948
5.72968687413205
8.11873282496835
7.39448644162747
7.82928491501681
7.51676181410963
8.23063373711264
6.3252609160589
7.01309385075679
7.75265121863911
7.36255763602116
7.21539568984157
6.9149373665686
7.00555393493023
7.6687325578851
7.5554898677356
6.57857673236198
8.49603181061258
8.4350880136967
5.60500159513426
8.78756898191117
8.74526537918989
7.09132482799745
6.93686910516116
5.90728497070816
7.12878779367942
7.85232636027065
7.25275870804645
7.86612786357938
7.9889006983615
7.56434813615259
6.80427405560731
6.91673758884449
8.35611525936406
7.00632969657722
7.01588318993207
6.52340098901661
8.69203489548469
8.09499812427523
8.23389239688464
8.77940313446825
8.78495240288205
7.00569543161589
8.25858255235291
8.31485532195752
6.3277823899287
7.22585129932473
6.70287702453238
7.71282494446852
6.57217246016854
6.94996979876461
6.32786361882045
6.7918082490371
7.60227436507884
7.0659218151443
6.49318518406474
7.2191778292738
6.23182060911297
8.73131040178672
7.98966634612026
8.16907659753363
6.72704387513554
8.2369656127109
7.60213134123859
6.20498185474032
8.67099793388188
8.53335862529352
8.49525008405693
8.33784497796426
7.27177149878561
8.61098005983113
5.91645330234466
6.31347910164468
6.86353199790378
5.95561448938277
6.3057195475334
8.38234415643037
6.27404815159565
8.34131030036252
6.88991900301472
8.22109068704171
7.00716052481451
8.29998686290687
8.06302126689284
8.55738401036803
8.25640359181885
8.50947714668912
7.01761969844579
7.83183252057691
6.9146783781787
8.781565801404
8.67004555386523
6.82846422211518
8.07572044428939
6.77597219467044
6.02143985367777
5.67244067637411
5.60169987723155
8.36846632878886
8.26725763023082
6.47398959578641
8.47656867797332
5.92548732867914
6.22475097519976
7.62106407697963
8.01866044362528
7.16086860790789
7.8060786006689
7.12402847174653
6.15023375183146
8.34817694750186
7.88382398202813
8.00423743245747
6.84760344561386
8.56753345939758
7.83235792395345
8.44993163977043
7.50629895355971
5.97786420984236
8.10813099176426
7.4384783075537
8.76884806065848
7.55225734440437
8.55450540306771
7.89461240811605
8.60209997551671
5.81176892797559
8.01816566272835
6.7478161533245
8.73413046948595
6.25419943089888
7.90152334085272
8.39891214270116
7.78075838595192
8.14319325958448
7.45881421099212
5.9877599972389
8.70248746005784
6.87724600960144
7.95910718281309
7.32697858302036
6.05532473792614
8.36220771889643
7.77867430613423
7.51663484408094
8.7333442614066
8.18009310700544
8.30963953249114
6.98631297641477
7.60140738234912
6.83162467060635
8.30275113354544
7.05516844657073
8.69967805783101
7.34537968739068
8.34468025296036
5.56547447811347
8.39559880012781
8.3579019317292
7.03743774992946
6.19842743805431
7.48729741646134
7.79026746163155
8.45391241229091
7.38605182771992
7.17534347650522
6.14543622190479
7.83735619154787
8.39381446997404
8.1350242729972
8.76344649541465
7.94416117751012
7.81711456292361
8.38807570143223
8.47301979873967
7.94414261283709
7.4711436095554
6.84141331442728
7.94818099695269
6.38087839737979
6.27858981409649
6.93767432081526
8.46009495459568
7.76976067133985
7.93954294014098
8.25199064588008
7.01468246360153
6.32209980434611
8.02715964520426
6.34575718224431
6.90560911030355
7.28047250830339
7.90904377046405
7.34318001023283
8.04537911232599
5.65091075673905
5.83967287280704
8.64090810529509
8.54564875183474
8.13723984442334
7.84737952087539
7.67592718161591
7.02270787589616
7.73419358466277
8.38565960057028
8.62478976629097
8.65306966589295
6.56597913092282
8.65274568933108
6.35675958884499
6.01059375606497
5.98793378378865
6.36257609239808
8.34214846065497
8.42661833018649
8.38860586229378
8.54986532426858
6.26689134310955
7.94915187904703
6.90901005564066
7.87362405610094
7.60399658719027
8.03879075496112
8.3399570181079
7.76423004809979
8.73179566665428
6.82686633288006
8.591865135243
5.9920334544265
6.91002147740495
6.29372464555384
6.69469915183346
5.83933436420558
6.91398614136219
7.14652304018665
8.19892313464672
7.75132500760731
5.65368538531937
6.4385088934654
7.17086763686019
8.0075221352914
7.77837007756783
7.39492371422022
5.76630817469099
7.31173229712551
8.70058699679465
7.0561876152876
6.72285291103955
6.38470715946649
8.73571317491703
8.06140493982486
7.67457139840319
8.75090271277776
8.3217696637831
7.3220873923543
8.22401771668892
8.40772878511272
8.5315089064564
7.40395008392407
8.64951759945481
8.77488498187307
7.88433776851691
8.26293736676878
6.3318034290689
7.28386177838136
5.55327425295559
8.39856412830259
8.44208789210743
7.2012291204068
6.14187396245281
5.70739453748579
5.61794076053736
8.78827570716914
8.73965546677271
6.16242452524877
7.91270985031373
6.3207790008682
7.14872680283799
7.22002451615159
7.5299002958863
8.31382271569666
8.14810210881523
6.6609472058636
8.25880067958305
7.48629000596327
7.30440706878242
6.77077920282935
7.11974909504947
8.54774703789223
6.47469015241675
6.0098122609623
6.60017714726149
8.6699440897635
8.22215067087922
6.72464062595215
7.68517936202162
8.15630079257024
8.55069840159625
8.54131161091065
6.11628670064128
7.33569262626912
8.43887046765342
8.4208469259958
8.49241038100802
8.71757003333507
8.27272229450632
8.21385999453526
8.0497365830218
7.28511175085167
8.3398034423986
7.81158624516668
7.97736062346982
5.62816849314475
6.2538624612533
7.66301584766333
8.53632045884069
8.42537314275386
7.75897229431351
6.80486785829994
6.10145255098668
7.50232045791419
7.59689947950046
5.8976793435286
6.84300631640685
8.79862166551687
8.43494971283885
5.92839460726347
6.52400508010612
8.79136146161228
7.85133741533551
7.66811824800156
5.76524314993929
5.83754428332162
7.66100709677209
8.77952309522079
7.43779801153418
7.08801716489802
7.94454515873087
5.83939631573683
7.52004791103278
8.00809122797685
7.95795882515571
6.75763544072166
7.83886248175441
7.26509196140275
8.14407119834764
5.9015312676805
7.54341364038467
8.3987717859689
8.73708270290968
7.66999461073917
7.77964417246329
8.20298137958536
8.51474005484659
7.03809482783454
7.94739410147937
8.17102991352193
7.39554653421389
8.0702930906895
6.52786118907525
8.01837878874727
7.15196161574527
5.99412516591433
7.41090153797737
8.74764259242009
7.97364005028107
6.11801337753286
7.79638557311666
7.57228946251749
8.59002077987141
6.25384985584892
7.91181884653337
7.16917691292109
8.44938268591576
7.45155045439597
7.88592136466182
7.92265132483384
7.40865814854444
7.62351352927313
6.91329924942721
7.68330781132832
8.56941916940205
6.9987998561913
7.83677604982113
6.5241002041117
7.93306337827043
7.7811427909357
6.53876758275702
5.63888465986842
8.2897838118757
8.09266266445991
6.3870192297648
8.22287019046551
7.25698740457833
7.49587850398637
7.86042021185456
8.09482190618019
7.71011822816896
7.83272672167568
8.17527399304452
8.48688159150417
8.01822161768949
6.66870066787878
6.55776054517106
6.75152597928752
8.42515893165447
6.75561152569146
6.69540729887044
7.4395073428187
6.91533683089538
8.61709233624377
7.89658883048366
7.98282380356066
6.45915667286202
7.40944740348626
7.81811369235888
8.70303781606272
6.59359319049558
8.0311637235367
8.57539007686754
7.32916509797942
8.50588964665737
7.36705464965542
7.96018870533557
8.23147505382164
8.57164381976692
8.063469107765
8.31999955166412
8.10545097927088
8.12349955109719
7.62831602628642
6.18480597680917
8.2822301247563
7.26440483705527
5.82044656693904
6.34880297575299
6.19792746803208
7.76415886687398
6.71563529298749
6.0973038436028
8.17159516241841
6.93767610509091
6.29567059042505
6.88932948725068
6.25827419560805
5.50151569616512
7.57543524816719
6.57492146186318
6.21553344099374
7.83242044024478
6.64078137141925
6.52959244504233
7.90400123474319
6.99748520854597
7.72698277680636
7.50327712657278
5.68033505676393
7.14612702278935
7.57413649835062
7.29745356467894
7.58096093826702
6.18298885902146
7.00253640490016
8.69245489536635
6.06624686225196
7.40025704416904
7.58394056190636
7.01574305274721
8.66753198634637
6.06176710051585
8.38227784914411
7.51792303236651
6.99889502165035
6.76329060110564
6.65000251852661
6.17077166728134
8.65562837085627
8.13550806698703
6.83354986211089
8.54094309424142
7.33974037145019
8.48430952367457
8.08589657236897
8.53768143312698
8.72169808908629
8.37352760336728
8.61947464061202
5.85522555054159
6.02133888302103
7.12049383108714
5.73685738737563
8.1444182817042
7.43338636387172
7.75077904296408
8.76249448694951
6.37653035125782
5.82266918287413
6.34252226533522
6.90001823896542
8.35279633948204
8.572284557319
8.52284712485083
6.54107229005802
7.03364498423046
8.64976400725105
8.14880621634972
7.72193339143682
7.80854284108848
7.95879151847941
8.04068480532543
8.79019817302567
6.6636691012368
8.50128897217916
7.1590538934397
6.43547759751245
6.0067640829889
7.6843654101576
7.13644542507938
8.39767267797961
7.65771198641635
6.53157384768978
8.646118263079
5.76583691570107
7.4966330996631
7.36071600536664
8.50790244791053
6.7419611421263
6.57008368194022
8.6343174440682
6.44126684149068
8.33079035878142
5.78608291044464
7.9085555566057
7.37643056632239
6.67326294921409
8.48944303239266
6.34533706200423
6.89938269296229
8.46740227300866
7.90546654110402
8.07161060079225
6.02018110399651
6.39728403831442
5.91996497136522
6.30174535327461
6.15187221324304
6.66941026870762
5.55664614101658
7.80242934327939
8.66729452696331
7.00918129908139
8.04784619151242
7.30167823049616
7.97313429545857
8.04760253331905
7.54482542533096
5.6317983673783
8.7441481766697
7.87460728613008
7.57400600044868
7.19765888299557
7.44370407875722
6.75649337996078
7.85235311719077
5.74273512156088
8.38223792365412
6.66643234941758
6.99771163439378
7.94821013160567
6.20859792220827
6.48955580870332
5.73063909280937
8.06896735824926
7.14116133838348
7.58555893740185
7.25583682025738
8.200650707743
7.26193603514491
8.7195262799307
6.33577879443516
6.93718914804586
8.35287043619001
6.52294824840903
7.36201647334086
7.0387751361915
8.18944151822752
6.07465190050497
8.17504478015289
6.760816864867
7.88028430136965
8.75899957380867
7.87401580162693
8.4640087091494
8.63505225575489
6.49069769615149
8.65157983985775
7.0903951049971
7.3612194047257
8.54762184816068
6.7066817646893
7.48234079336852
8.00563965176133
6.66647517414392
6.85154853950075
6.86975906673727
7.49195536062572
8.03705881868059
7.81681771168676
6.03615024511796
7.5105529676103
8.46553700851172
7.30712324625379
6.79691030110951
7.14356208565252
6.82402788140349
8.44452233066561
6.12588787459649
6.76258886658132
6.34828273229595
8.58555249853355
7.66648854804907
7.93768674717983
7.73579356752509
8.58982341779774
7.57865076534705
6.16240504236258
5.61029382188847
7.72621026342542
7.87074611002725
7.43973459890953
5.75688862831149
5.84931968326195
7.66965461469841
7.22427933419445
6.62047336186759
7.58697323793696
6.66465017139005
8.10311563967361
8.29394780217264
7.96203625513188
7.43089973520539
6.87331619792743
7.62970571156924
7.21356286831804
7.01359605983503
8.66384553337136
8.7455160430351
6.95004818394772
7.30404601835963
8.38359924325341
7.07238025019148
5.56022237846376
7.88168361250406
7.41338562740021
7.21725933606655
6.35338223224324
8.79714445483308
8.54761353798059
7.77545227809321
8.65528252653326
8.28051654966155
7.6757754674963
8.04864632303266
6.67716085567551
7.63790084379328
5.99477341433399
6.09910008804125
5.8554494057165
8.75066646779409
8.62689648013526
6.86887927290804
6.58326452972034
7.9937577331174
6.54125598996207
6.530087604024
8.70763304985076
6.9195553471873
6.76943951252057
7.386338825092
8.25335448237395
8.74207497737258
6.65248649663495
5.88115353610295
7.79039247537773
8.21119040639275
8.35652004116795
7.59650173892108
5.99385406362575
8.46280247090464
5.50600766306201
8.76422750229059
7.34548970276363
8.77762429261896
6.76012321250733
7.37160394849941
8.22933429780183
7.28364092867967
7.41670074153438
8.60800755346626
6.41856353334252
6.13096008485337
7.62087284488542
8.46437555007033
7.43114191986891
7.49976753838016
5.97725788334036
7.93290208494753
8.28485154385021
5.8664691256554
7.41822367086141
6.54153455744336
8.01016436919198
7.61466174031587
8.01707718135267
8.25144712542676
7.94562391833997
7.37093043916138
8.03570813957536
7.27334169124672
8.30988810030632
7.13395952972261
6.25189558906216
8.24862090844602
6.69931219101299
8.39321490197205
8.64684159482661
5.71054597780113
7.42864066039199
7.73495691723789
6.82665005227446
6.35392330873422
8.10536914499377
7.70503541842869
8.73497568247302
8.66940182392053
6.75026889466975
7.37088732436215
7.10938011516774
6.1140612381869
7.77677046611035
8.27081265423098
8.7784849636934
6.16313844947109
6.00468551880538
6.82427459820743
7.73546004432993
7.09214019674746
7.71303829831675
7.69323489075007
8.36674269232768
6.03134269693288
7.05467926867433
7.74990432290085
7.37416702980434
7.51917232049106
8.38423522917841
7.28511732662435
6.33128103970477
6.86791855132934
6.27753385091555
7.01214144352297
8.52453958862177
8.54984724307129
8.02587222911186
7.36552053213908
8.58808478535401
7.35272892877113
7.10530017996296
6.47322073154363
7.12740043122014
5.53889276524817
7.24012755045618
7.1391189514864
8.14540789153129
6.50473537116286
8.0529773426049
5.77144435742403
5.69568774313774
8.35058738467174
8.37603852998069
6.03442112507863
6.83226493048567
8.7817181789876
6.14205744655733
7.0075327756361
6.40920898974012
8.12168275299786
8.10640538867982
8.56735930371445
6.5202267497471
8.30121530282625
7.8630861865672
6.97380432404479
7.78101372379907
7.42336178155121
5.80674521497878
7.20026185378766
8.65220971294066
8.00823141117783
8.38514628121726
6.33038518589269
8.01737807172621
6.78568399435731
7.3297442186142
6.9749307490464
8.43676028228444
8.43552038105852
7.57597188224162
8.0503705182102
8.3916794089888
8.33253316061087
8.06923818390883
7.75621490444946
7.15695550261789
6.44442687111825
6.62256138650978
8.55325779716476
8.02086645691112
7.57434588591545
6.47829806810533
5.90953378747705
8.75446816091984
6.92127041147948
8.79693532104973
6.37247216563824
5.97516068052682
7.95883353582867
8.40549014826986
6.59301456635641
6.75793413900018
6.07329621667886
7.49773335189863
8.55460991691963
7.29331063272383
8.11264158228142
7.86861943928836
8.71066204856383
7.83225938710102
7.59366173837326
8.27018321301711
8.48533786692521
7.63361797707453
8.0405454406459
8.51636363344935
6.68992700332743
5.93377827306024
6.50749225594231
7.90545991555918
7.65756178974951
8.08376366867795
8.40818046297109
6.18594228536962
7.68434573888636
7.60062829595366
7.97793526595385
8.2383565629544
8.23156836752631
8.5243732108937
5.80188359919844
7.31909341492243
6.11153474650511
6.50563994351902
8.10454324974196
6.0554278838191
6.66007327191096
8.05840132948228
7.56743690472631
7.14496865048971
7.41657264635986
8.53313580427809
7.31164751921759
7.01229576818056
6.92546818619169
8.27594569537194
8.67621974885403
7.0357369560751
6.82291305218265
5.58562410380868
8.35160705259052
6.83646236623979
6.96788071520938
6.31705781916316
8.7897323976099
6.58648742796771
7.33642380206324
6.33535226943006
6.27361998648605
7.83491622177175
7.82338950601521
7.21248410648693
8.57257094888821
7.98803511516185
8.14228817907232
8.15675248108648
6.67476591001325
7.87248619965811
7.14641754056655
7.29548426664873
8.77146282664799
7.1515857082223
7.50729335686637
7.38700637991906
8.75228763160742
5.78409192045527
6.63465031000654
8.56775346056707
6.6711653364829
8.42697747441169
8.29952831312349
7.19334199307778
7.67607755440323
8.59894019510639
8.21217882958054
5.64279116381265
8.38760262294667
8.41902961935064
7.89944793806898
7.06018063984503
7.29409287760179
8.3527499882049
8.47989757084614
8.34416117044769
8.77133393093134
8.52763878632938
6.17475977389475
7.64363144258417
8.49932818159198
6.66552420779043
8.08434882376147
7.38498737754505
8.15963106664422
7.41056364381726
7.72965672007647
7.35159025859336
7.21890811459744
5.84940096366787
8.1456174484699
7.70742862061293
8.33910835564132
8.0212405871973
8.7947136728313
7.63618878515763
7.20375787466628
5.79109455394791
5.95295545978704
7.48925795531924
5.78709015761809
8.6341578471471
7.096739086457
8.54061988775472
8.24345311835914
5.55938664031182
8.38200456291048
6.36546599789427
8.59282916960365
7.13643505400958
7.91995104792985
8.27301432352793
5.71866852432635
7.55916344328484
8.38599703506371
5.97176724384101
8.4564734710122
6.41651808336099
7.34306791905628
7.70027092975362
7.26022350835535
7.89626378144321
8.52625241775677
7.72463468561052
8.08273226981336
8.75185801622997
5.66830383366633
7.90709413469366
7.22419020678723
7.10488085213453
7.96024924601698
5.96040036413852
8.62963053632091
7.11529891288968
7.37037945879125
7.95391349115173
6.17315378127335
8.70482075089312
7.08902690216819
7.590728397192
7.76106662928723
5.758832719892
5.81757186532286
6.47730563110826
8.4752385701286
5.7075743900006
7.87709625092069
7.85405912771244
7.33702851018244
6.73563432536937
7.22677485505882
8.68103337187028
6.23293035195996
6.97474215957612
7.39580381895642
7.29054830416356
6.36376826584692
6.83222584563552
8.64660293516971
8.10943104662854
8.25061290677396
7.33285610886071
6.91661283623043
8.57900294737897
7.77034996278975
6.94649645589959
7.9665068121967
6.67252591122502
6.98294662235169
7.85342991280581
8.67511930413674
8.73483041470401
8.03620672167217
6.8845695900304
8.40037849252161
5.64906748103066
8.29415118182208
5.70239717821139
6.32406676228599
6.46999405534149
7.22203236038503
6.32555800833694
8.52041268256281
5.69039933489915
6.51410340382966
6.43686103147434
5.95628615769327
8.42684619098669
7.06315052378
6.81040043248329
8.03571323215026
7.39389385935538
8.29361594509793
8.63360512387107
7.34405878269092
7.05009022306517
7.96176185189361
6.89000100023602
8.0412350135826
8.24762840034828
8.42387850207172
8.66741887862952
7.15730991280238
7.76783379815284
7.26528543366911
8.63000429445449
5.95882061518767
5.88658249026428
6.65410033977203
7.68579609599799
6.30332282374052
7.46864477363697
8.4765622054653
8.24583829616499
5.91516736127709
7.17710145359007
8.34701957014426
6.72097873613802
6.9200308410639
7.97321076829803
7.67468721203402
8.38784300934423
8.53818058014728
6.01697329404849
5.63467350768086
7.52298549569077
5.85358378170522
6.80487540018356
8.41891536955104
8.33216132647566
6.01492812259235
7.79325441154801
8.38932118292817
8.44899593458057
5.6464422293905
8.38784326898749
8.14002168720954
7.14240880809364
7.59752433750114
7.77598793793696
8.73535052692146
8.57420532284966
8.62980485719546
6.80501643130047
7.082767650953
5.81398132227775
7.75074455807661
6.33514984477116
8.66027123431891
5.99627335398448
7.82555791566298
8.05384793951651
7.4143728788007
8.70665789006523
7.24301696880636
7.11870201106505
8.48142388212507
6.74352681039767
7.90488479831835
6.82432256947821
8.25191397924312
6.74012178036222
8.6412412069966
8.16706617852928
8.51979598825173
7.82039537681673
8.69222121504534
8.39525856846629
7.27673477560288
7.09715245636363
6.92627780896089
7.93555756947691
7.97940352322081
8.00077887022916
8.31310979762955
8.76652682498446
7.44146362571089
6.29438179533638
8.30244471499798
8.24985163624177
8.53174591275449
5.86540381955986
7.10950664877053
7.53360000185105
8.66923003339828
6.00328457014256
7.68291751813364
5.79128644978251
7.12239350303055
6.04012798297732
6.267791964913
8.73265899196172
7.37306176532267
6.29016569050615
8.13051303975752
7.28626094957455
8.44245925917074
6.22519323005659
8.77764267303811
7.68254379210302
7.43778874963805
8.03454847998356
8.77214501662444
5.795226712372
8.44924078399208
8.63324175343391
6.18447455990957
8.23066488918396
7.77560333237786
8.79642775103587
5.77188323295811
8.48409659661879
7.83816463366859
8.04378242720266
6.89152376839392
8.45077574518918
7.65207025800646
7.61465786029058
7.89289786151818
8.71528932229251
8.08847822956287
6.85699456598859
6.31841958011395
8.07280538911095
7.64205871068786
8.2674169474971
6.50067272325317
7.98369195637897
7.37962998606801
6.28743034800442
6.82777117595126
6.12637155798185
8.45632326776761
8.19785992154864
8.58396546336203
8.61863064308906
8.70241650182583
8.44047201629692
6.96185174074047
8.31039557719818
8.65772953761417
8.51449669762193
8.52651751035378
7.73059936495075
7.29321392014326
5.88925759629225
8.47150482638592
8.2350518630138
7.11479170760328
8.03066109215381
8.25410932836459
7.97963229089039
7.61462703365711
6.77882722765416
7.21740522627061
7.86058181625644
8.09510011075347
6.75458671884938
8.56438908459369
8.52768135173037
6.21087841358286
6.93544997650524
7.3768685584734
8.74274493601788
8.01767542540213
8.29791133070702
7.42698207679958
5.78322934284909
6.36781402152241
6.67040493152845
6.74086095744583
6.49148544060487
6.20388633414162
8.52157749896076
8.08555186640905
8.46391753904306
7.52098049654706
6.29974574785343
8.50747939011848
7.36632388355213
6.78432628634606
8.71696101490503
6.04795535789186
6.88738520093494
8.48802548808173
7.03346532142529
8.51505892383924
7.45263814499438
8.26586527058989
8.67522305195657
8.20132152722732
6.2103616783641
6.26149621981049
8.26099696712242
8.07295171241907
7.61005634148582
6.72340343468183
8.50390156788073
8.45647014740863
6.4847075221097
7.49021702844841
7.0952123679081
7.80019877094198
8.3216401551615
7.54073019165333
7.57661785115351
7.23293369610741
7.45703644945415
8.34564356137368
8.51774515447545
8.31466322929433
8.11089446708243
7.71001008378763
7.70954132797176
6.64740485909318
6.4902200870622
6.5735379876199
6.64406026686649
8.35645538025745
7.23911044996801
7.33255330382194
8.60321534528311
6.82833695307595
8.49691008315937
8.02131614045567
8.56784079504582
6.55231456188569
6.2822564722893
7.17769188903159
6.28940596445068
7.16531312347388
6.86861316260833
6.53115409441185
8.7659393655811
5.5950130101313
7.9753670140148
8.53922992976984
5.50489524491167
7.20233351300189
6.5537559671445
8.79262040802457
7.97942571744432
6.11382862242841
7.45379014736411
8.23511075993936
8.12368407014663
7.32647692030856
6.02027521638408
8.27823746435092
7.39449876900385
8.31287968951656
7.64445685660931
7.64651165418624
6.94818127861651
7.66671497949301
6.6542386018645
7.6732225521032
8.37271704179851
8.61672450092517
7.3006364301495
6.86382722532536
7.74495488471494
5.59073112878498
7.87499545232298
7.7181352689059
6.08192843893537
6.19141724234257
7.61844805742516
6.78752070870181
8.19433880898483
7.86914352101888
8.75606422615784
7.81112408915604
6.40516859002803
6.23093056109301
7.1668049431793
7.5764667860253
8.71486932988766
6.38182613150563
6.31155709243329
7.30314400538684
6.84409934291998
6.85746604708386
8.44546847492242
8.22753387967209
8.31136024844726
8.05802539000732
8.28069361025383
8.12550857502714
7.31008719436858
7.1250893186422
6.93075886160375
6.92848093486059
7.49716825142268
6.78338322872104
7.99572082928607
6.85896508518399
7.18857408506207
7.83941263592868
7.77090110801925
6.47478278095621
7.42365754300678
8.50032940178665
7.70928814391143
6.3472708190931
7.28786006240011
6.5830009561969
6.23863998597598
8.59844939614691
7.39233149341999
7.6452468669801
6.2434863906347
7.06265945079051
7.01204201115237
8.2183206677715
8.37199439678729
8.55740613237531
6.82923823945099
8.50656851643447
5.58601386083329
6.49896318400414
6.15982230423942
6.32354583014717
8.21656018936845
7.3373902590376
6.57594891344185
5.91336859466153
6.53435521906734
6.32077410526758
7.39909664620939
7.4036970497726
8.12206492945887
7.91184282647149
5.70392983737665
6.99693721134563
7.12619178901728
8.04865238943336
8.12302671341631
8.56217726561687
8.55095897881576
6.98479941269001
6.09291434993789
7.14300219706757
6.98333165418025
8.40216234981018
7.3349557212454
7.6120494153211
7.5305200041658
7.94052636048561
6.63237947685756
8.59604639737164
7.29079176886964
6.99226200797692
7.01426550420304
7.79052892277123
6.54488716360112
5.67742491676216
6.30673835142608
8.48151161011155
8.53670939156802
6.89043386100517
5.85688105717576
6.63539356663775
7.23036996521364
6.67766388955616
7.92829702831087
8.04703811956194
7.60821495098003
8.78238380213991
7.37138941361677
8.73791052138795
5.56991731515141
8.51308371936636
7.69015443880468
8.67501602297263
8.33768223010649
7.39421256846175
6.20602461328072
8.34062712476685
7.91915523974874
8.34037390249983
8.4746315822035
6.65774279484836
6.05038544559614
7.82103928749522
7.57472039234411
6.14423495596549
6.58826333021909
6.84692361922329
7.52889967443062
6.73356153494133
7.05409927457729
7.2899981774235
7.98292810334779
6.72965173902421
8.0096230475385
7.97185564203145
6.51132835962916
5.80223587444615
8.44543399225691
6.04535730863437
6.01857581411575
6.84972843049876
7.62610603742047
7.25188211549898
7.56397404166227
8.51903973667789
7.64632749908725
7.55977016779665
6.21637262363498
6.68057540588901
6.19284164773377
7.24492537518032
7.32584229785756
5.55214587333337
8.10790891389953
8.24969987162694
8.28519614179415
6.38209746170111
7.55162591785654
8.24895222347405
8.54381205673689
7.81753761589845
7.82754680408411
7.29669038860072
8.13057014810158
6.97453800470347
7.6172663722025
6.40822209657109
8.78167463253372
7.62439922614333
7.8389820104454
6.46884765320636
8.50605723187745
8.07465846792148
5.59481503814945
6.95534804461891
6.33310556312173
7.94449818032031
8.46799525162817
7.26550108659646
7.90659373407302
7.39399420584254
7.75783976125756
7.9135904038233
8.47420019737576
8.72286099382306
6.70907176771927
8.78135597905144
6.89268371290775
8.71577753063829
7.87811277139925
5.96969781439642
6.31239669249703
7.16318576739816
7.81399483770519
8.03742821023168
7.29013542630931
8.65833581085415
6.35379632092113
7.67972125484781
5.89744448069687
8.08776342723541
7.66022290517249
8.00401758501109
7.62332091510388
7.24890109953431
8.4010419436761
8.08701703693149
8.60580895515896
8.74840678368025
8.0799825564652
7.73058689651324
6.83028202605457
7.57277912279946
8.54555639512607
5.55691262798751
6.93101664793366
8.63500431498127
8.78336056572917
6.62356960719567
8.62142120664722
6.91267773955557
7.21609669010683
7.75645415126105
6.25944199245292
5.89890358733542
8.56880061268193
6.3479964446585
7.98027615935488
7.33891995948458
6.56706069006272
6.78864066988521
7.33831741049325
8.21434434163522
6.75529197125458
8.51436371232471
7.79431879756367
6.09720181872887
7.06820526203349
6.58788888217421
7.87260414324451
7.08460888548042
7.80061138130265
8.27863301418076
6.06652009659629
6.40806481022921
6.13622831541829
8.38522290052947
8.41764220236667
6.94208846212131
7.8377440002997
6.91320758704701
5.58223614801608
8.49973682225933
5.52507108264379
8.77446785216169
7.95058549681542
5.55105326959757
8.37263435530927
6.40878866048228
7.84614051519819
6.77883158843161
7.98235433612099
5.82941917392269
6.76933330150074
8.57890076330653
6.56289661899984
8.11754575443724
5.86828503159779
8.66287848464314
7.70199589215067
8.77424505409666
7.47989202586366
7.43597946685692
7.67113046674472
6.61099298456108
7.88060092775151
8.11825344692296
7.92894783429267
8.45023020718455
6.11480610203875
5.73892498528286
7.46068006454092
7.44122908158199
7.87574106150409
7.933216546208
8.63282829345226
8.4739969699884
7.07924221043095
6.12855332303675
7.94981933333648
8.28876186634309
6.42898939349599
8.30690551312111
7.4188582120456
7.97975718854488
6.29408560685639
7.17037305050328
7.01547065725107
6.74997585705102
6.6828412271865
7.62709857797642
7.62362440936319
7.25942520773904
7.97537682697406
6.62648830865484
7.55422184568917
8.75762500051697
6.30864685015292
7.84248968312737
7.54252774593566
5.85130786650527
7.08931838186907
8.71887241087188
8.77370954492901
7.63375571487967
5.69620276384595
5.64450393349407
8.19509939676004
6.73674735492395
7.97938914730571
6.97059677731864
7.34439076767393
7.12331561347571
8.11449679085616
8.67459282852734
5.65244082639454
7.85589737223023
8.15847814738747
7.48298471609277
8.01651430657842
8.43462026703835
7.89493960639766
8.4581772864459
7.2004033997845
7.2966766351637
5.55383973894959
7.5568562088993
7.98176190565607
8.17582738958746
7.64490164510701
8.76165053394525
8.18519575682253
5.92935937620415
8.69586035514297
6.95930860093922
8.69927795593707
6.17241264668222
7.11617784899081
6.93330098535791
5.68111130246361
7.00602708640316
8.19218183325382
8.29823828252581
7.21909615538925
7.46048493540443
8.29890112128756
8.70080491904703
8.11375689483376
7.571557083636
7.80667448010967
7.83274593267215
7.82348822091471
6.2382289585412
7.23256423659237
7.8348354070338
7.8927914223892
6.65404705906698
6.98490444105438
6.56494993678958
8.54391959586129
7.44542861420452
6.56159710070113
6.41191947302671
7.44222958804402
8.48215585849275
8.40779237344536
7.51311391119586
8.67920048852209
8.74276907603794
7.15625181185005
7.88718835206846
6.26064662116651
6.16342580240368
5.71116303167884
7.66194325083444
6.27945030850985
8.14313688148289
8.0395204674967
7.9685320568378
6.30061278006281
6.84564887905115
6.49202663145175
6.29629828210383
8.37059487474479
7.1894741799514
6.42426578411412
6.2336350608384
6.07240696733697
5.97045955931554
8.22543956430848
5.96761752579642
6.83480987284704
8.25283016809039
6.69996731531741
6.45035592310617
8.15431480555452
6.28156278621535
8.73276815630059
8.61253713809588
6.76406502188451
7.33041373209366
6.61977216074728
8.33279000245277
6.83898949073067
8.12061266462427
7.43714188124231
6.29912999705535
6.41085435810501
7.46367029328165
8.07928561133828
6.97900486288708
6.78002424349407
7.10556469737076
7.73629196219548
7.13002735204536
7.07692872855734
8.79526150758081
6.38028211657754
6.71662898163838
8.0385960031105
7.46044632992324
6.72977726747052
7.11178586085181
8.5375218838489
6.1682920121364
7.64481438855072
7.91602558010401
6.07597386915122
8.04739712340328
8.63212962095725
5.70783010650028
8.33874606675256
7.8179238625937
7.4403347768419
7.77833563178812
8.46930851448888
6.23422105114281
8.7706643566864
6.84087309653323
7.78345526244354
8.38200228518249
6.02013163129085
7.30407299015458
6.72914626947057
6.83164752197711
7.92698924461288
6.61718091136456
8.07440770909438
8.02361008438442
6.97684055701472
8.02000658457298
6.51745655923112
7.39787865866699
7.35872782598759
6.8129716141918
7.54914355381331
7.88644459502981
7.67851393164788
8.00018396692363
6.80025786627534
6.42341724523076
5.92511167480403
7.92134093179584
7.20303724613114
8.35281891959355
6.61803592384349
8.1110525145449
5.7844094627701
8.32617883253537
7.76015868490597
5.98055445432021
7.06157438723839
5.93509949323272
5.76699602156796
7.93851448545376
6.81665037354884
8.27832158956676
5.90840880775422
7.54098461849203
7.07035183029952
5.53314459439686
6.57981627923986
7.35018372006233
8.01478019304419
6.57730750236893
8.4436565621225
6.45972180563133
5.58855849658904
8.15512251687715
8.73251754204988
8.45768551947351
8.44723362755822
8.23230362340281
8.02217063868626
6.56721117949781
6.02330697742077
7.6516680129493
7.88595974760562
7.00830167994893
7.45757325132223
8.41234818948103
8.35652008431125
8.61818165968113
8.30267592592947
8.33590331769152
7.84466472042938
6.28705982564364
6.70940107869573
8.39249406756845
8.52349419190541
8.78792143000451
8.68008757237027
6.63437172804463
5.71819750570271
8.63016374539921
8.74779012584892
7.98607390514871
8.56802144272024
8.68825965628734
7.78180070291723
8.63997827036777
8.66627914683587
8.51175125980191
8.31719582990727
7.02543788944423
7.51386048773906
8.78456252802841
7.3924610955412
7.77024679690752
6.25701926709426
8.58383953346479
8.12149100644696
6.87656218219922
7.19981446851743
8.13097023832414
6.99983334026222
8.69599697440919
6.87096761006421
6.75023745123378
7.00423618120651
6.48742911066547
7.19930699633193
6.75649110519831
7.28443526628431
6.98364195052373
8.73810493580392
8.67908847082321
8.60215243507675
7.55950869338084
6.85349700627959
5.73337980180205
6.28936618982512
6.73594585376065
8.7807547125437
7.01423878041517
6.99112658501279
8.14627695122242
7.14774735921881
7.47363578160178
6.8849628899047
6.46811285986631
7.38060899291287
5.52032211007432
6.45220073533756
7.03435435153183
6.62607803144019
8.69660972210101
5.72876662910843
5.62598269314142
8.78770463819723
7.46112413218135
8.63155795548927
8.79316465161798
8.12979282426221
6.69052949392838
8.77058543065244
7.26718924073901
6.15432738240244
6.74751439582208
8.19117116007604
6.75090949143633
8.74466677537613
6.32928263111948
7.43321056938598
5.88420182760035
8.41611514988569
7.18143216588282
6.85570447384889
8.4233239543342
6.98421457375473
6.39305727094939
6.05053115888102
8.77036782770397
8.37646400986853
7.12160082969744
7.96628945061849
6.52713743386765
8.28070834882193
7.88661125936426
6.36320469759345
6.47526116118887
7.60591114686799
7.32326557027826
8.48385854399333
8.45031000016333
6.28132843368351
7.53156463592591
8.14202675715704
6.48727393954085
8.35931911668
5.8466795911925
7.87575553837911
6.45769412972134
8.67016702620019
8.05618907762121
7.56366796302439
8.32380027176882
5.99373596759282
7.21548975409429
7.90211398255246
8.04949190376575
8.26724660489955
8.47516252960041
5.65786011542092
6.12135372952366
7.01009258973606
7.48293982483687
8.57660486741645
8.4202364470844
8.38355169374585
7.49422760547923
6.51017222171082
8.09216486854452
6.41873758885036
5.70352732813976
8.75123336960203
8.33993335201068
6.3719327303643
6.06903141305899
7.26813362013882
8.54796547976499
8.07417321206356
8.18368693654693
7.44341797798517
7.55235823680431
7.72885320047231
5.96668890371087
5.73133038178267
8.08788429084986
7.63045546474459
6.77276059851568
6.94064059342235
7.85766846000003
8.47164642598481
6.88033605138229
7.28463182011352
6.02192311073494
8.42235943875891
7.55189746477292
8.66985561703454
6.92398648445967
8.70501692653996
8.52404593693946
8.13062234362553
6.92743896187455
7.6312490324755
7.12984770484269
7.31755760546798
8.66243466545594
8.70292000757562
8.18659115716679
5.52395073523785
8.677280120196
6.37219797423545
5.96193059059309
5.78094708400689
8.24028273380848
7.63405257649587
6.87822176331103
6.37788038189747
7.12283322107216
8.07469186012559
5.59006143141676
7.05817742378878
7.86508888648167
6.19245868522985
8.13747550076726
7.77104704284583
5.72469193136516
6.95463582782442
7.22171200534653
8.25627230219834
6.79463499693872
7.94106217614998
8.15616060176241
6.46854183099253
7.10075764869174
7.26737625108657
7.08795243925046
6.7468350662438
8.00600619620982
7.63714835461078
7.85618996193566
5.74187757293072
6.59418663880325
7.75957781682355
8.64118398192948
8.10200543343658
7.32760988364459
6.91124954475586
7.20256719204519
5.89233234402758
6.46768326478254
5.57487318515457
8.43157853251927
7.91643305252721
8.33673946925302
7.21621811876793
6.7390255289762
8.5097896973131
6.17567384490629
8.00359496769088
8.46265311807355
5.58853445245399
6.02685339759766
5.86265435876774
8.29197650276003
5.58384573705173
8.04805274509669
6.77440519201399
7.37470116050527
7.77222535112646
8.71050351091597
8.23988813916149
6.69386438792462
7.23523430681066
5.78464108737342
7.67826011085806
6.71641764425581
8.25939007152171
6.28057357892438
8.63103300390825
7.35836955523908
5.61269388909853
7.59488909182982
8.31563445556838
5.66488162258323
8.49080974777549
6.13958729250909
8.50851077283175
7.22051689550321
8.31858702913774
8.62975532213764
8.56831546512266
8.39484611643536
7.27829301305637
6.41248092886334
7.93750230261746
7.0981813028181
8.59547254520229
8.78041928733017
7.4362578189331
5.90071621345127
5.51138814960783
6.1999915562513
8.11712369574617
7.06159670346151
6.44131286869199
7.34638525795454
7.56551587176525
6.70090838930649
7.58169532590526
6.45374322317776
6.77493590364573
5.763200629111
8.37527614943695
8.49124640189503
6.25000367680038
7.72149486298116
8.57593103041624
6.17643135254268
8.01238093036085
8.52672433872527
7.59453851071698
7.36197769849778
6.56705799929256
7.98102285035727
7.41949865064451
8.23502526065509
7.95942912644961
8.09875720462943
8.73339700003708
8.22803206441494
8.78777229119514
7.84068681401351
7.60006072239421
8.17978876645583
7.68467053397406
8.58936528947698
7.8093543940966
6.99830146713702
7.33549793840399
8.37920995245761
8.3923864091948
7.42923369320583
8.21649001020312
7.34175779073792
6.66305114776469
7.15840062049617
6.92488220966066
8.1765411427355
7.76708185248319
7.17005083345076
8.44862990588142
8.32184622928256
7.77169937422637
6.70163995516928
5.8695315316327
5.5880590562632
8.10735270537957
7.281302663474
6.09888750400184
8.76751093466225
7.84211364630399
8.32090357366572
8.26228714720095
8.57920922189902
6.00261485629612
6.83852903864208
6.60336999487949
7.25783745840662
7.59370059058222
8.52845750670163
7.86141746417197
7.34553223731742
6.34847449581044
7.13939302729333
7.5835043793552
6.00325075963279
6.86359187004303
6.6323670673492
6.93541307879933
7.99271003238918
8.25802951594801
6.93574303732116
8.17364971516887
8.4131985619115
8.74136485876086
6.12386604939009
8.06631291221522
7.21392453297018
7.87539319784443
8.15778384175467
8.60690230857367
8.04097194543954
5.98310759218407
7.90667264658809
6.71138491595153
6.68947435079767
6.85044553730642
5.99635246617408
8.37706130380916
6.76545331675171
8.32182907803997
7.96063298814254
8.69539050674619
6.16561525733208
6.83205534775076
7.56514016472595
8.08333020847239
8.62691457975334
8.18777635449499
6.47415430178793
7.80490466813457
8.32286196634616
7.11873925699073
6.85873288766111
6.23341851246658
8.09216861931074
8.5142454726337
8.19145307776726
6.97904325302202
8.46080053898775
6.41779511276669
7.88335756737057
6.25490277285775
7.64976185953966
8.42092276883401
5.70232109253773
7.69367265306922
7.68647747375003
6.17894834141679
7.98694726556586
6.72406833779573
6.94111390890446
6.2757150795438
8.16510946872419
7.22285343403523
7.53895169973302
8.65748974717987
7.1283543165799
6.03808592776844
7.11235832733984
8.15699526718283
7.45796477735394
5.64844411953896
7.5080810212103
6.57352861258135
8.65367108956001
8.51616452743875
7.32015482429129
8.73127506228197
8.03789353658737
7.77082550002145
5.66898888642821
7.72260941062723
8.55242801102439
6.4872141100405
5.6955267345597
7.67980828855765
7.8699909515581
8.63112474699445
6.87873961651795
8.64714581209803
7.4252377681623
7.74028836566844
8.50920740235023
8.60107293687562
7.07490363325984
7.40888052381077
7.61290175380458
6.85553004855171
7.54677766167483
7.2959598832193
8.77642741191665
7.87607004868196
5.87318400705865
5.98353204025037
8.38217336393235
6.24696630994951
8.29534053195617
7.2991229078331
7.38200298744408
5.96874738795654
8.32163450456127
7.37862875989497
5.72232305577347
7.85239921089552
7.53153626363819
8.33819892773397
7.67288121960646
8.12164664967659
8.62314775139132
7.20644524820879
7.03162084455023
5.83295187180765
7.62790554550718
8.44280715794232
8.32547873575284
6.28304781521481
7.36800668325765
8.67659938430017
6.91748579457637
8.53877939178726
7.47550923593127
5.57596461924706
6.72169303018714
7.42208105706396
7.41118095465659
8.11340936567845
5.97381613405699
8.68393731933579
8.25146570482674
7.62477428056724
6.48789512928243
6.68845254069916
8.7182522432069
7.32497136747351
7.70346664002335
5.80002716179266
5.91689497063984
8.54285979438214
8.65349173447534
7.84388997447823
7.27215951085284
8.68953060536195
7.6126230373199
6.59973761521531
8.72253115987787
7.65436262221128
8.74699052677518
5.84755223021972
6.14965241158313
8.26230272990354
7.2028410248512
7.37553001276929
7.9100144603151
8.25941114792797
7.47805199099368
6.95891037320922
6.92035215729142
7.83860296148139
7.98870448377994
8.70018783643215
8.04276738027728
8.37639692459072
6.03424223112746
6.55881561011236
8.28032417248041
6.48477513003167
7.1555245674718
8.66993883704721
6.4983061687692
5.60551181070365
8.47799872540208
7.97906274531392
5.50990296503518
8.11998686987703
8.48933603527661
7.88955776096646
6.51961381540262
6.90361770769044
6.73820228747577
7.50298863658722
6.80449899770084
7.54484443525292
8.66175539238332
8.22546910999927
7.03780790732183
5.99213265776889
8.05265579140377
7.0458512074278
7.26744557206939
6.30059460592637
8.46127331115406
7.24768565158102
8.46929319211667
8.74342289344393
7.91860642000005
8.47687046013599
7.9025457098045
6.20462163398061
7.30775435337933
6.03620945629006
6.82545352348056
7.57189391572345
5.97551523339379
7.55397312245667
6.00337078091108
8.22673238016994
7.98299564673624
6.45190176590896
5.9288796852072
7.46692590460169
6.60675175975135
8.75852448310277
7.09275666412817
8.77765184771314
5.54727357903388
8.74123075094472
7.67330079262696
7.83581362009559
5.54837533399773
7.67682457401235
8.17798642467149
6.15392718490647
5.76081029701349
5.80667333186932
7.39447788236981
8.33286259901229
7.78659110585979
7.04289997602502
7.19127803354147
6.84638130073797
7.01648262773574
7.95961525898518
7.99308606041683
7.9359457357913
5.947471943227
7.30411417255715
8.38139206474888
8.28638935905468
6.78779989398815
7.82308792586841
6.38140643224312
8.31993480470338
8.29301068055717
7.14726410561261
6.4445213060196
5.67702533836772
8.52225875434734
8.26048221643804
7.29039138784679
7.51900690682893
8.77141905628961
7.95050377002582
7.31974525271845
7.91385282096633
6.53601458626763
7.83927571295892
8.50114544572484
7.01829899027566
7.66090972428697
7.91104312395151
7.05187092027797
6.75121066094165
5.9036220705584
7.69742495547627
6.89173920298949
8.70861479816816
8.09366555703987
7.80978983203387
8.19365621472917
5.90202833297039
8.03188883942601
8.77054852293536
8.63777543840659
7.67269770364605
8.64964584504141
8.37019374459547
8.73606613643445
7.12035607038959
6.91196056027061
8.44113566007067
7.93680032888564
7.49037584413213
6.82547403734413
6.84228157242394
8.16830337780082
6.21392034828106
8.71070002891827
8.29960240336371
8.04704066491262
8.26740600556192
6.43495424671252
8.41792821843518
5.78337961215076
7.93220919619384
7.40474322430191
5.52039435765911
8.58234366070332
7.66488028937319
6.50840323541083
7.40444890231448
7.32910396317323
8.5861847122736
8.13934880942945
6.39361640467359
8.54271104963407
8.49215863203815
6.94162584021488
8.60616171405401
8.60684317496665
6.54041255635215
8.35850767449077
7.05226941364828
8.59956843238553
7.70794645504079
6.160642763988
6.84019418575701
7.43999375333744
8.50633395632135
5.77374945508346
6.90877656577941
7.94324603637459
6.32775507563592
7.63142601467511
7.45927181389249
6.63384274520073
7.32819402268602
8.78017051549551
8.66837283818967
8.76155455498573
8.78308018933609
8.6405397353781
7.79217627983459
8.61247846449052
7.95264351983887
8.18195559879289
8.04656495208556
5.85555157567418
6.44487060681405
7.66678131041718
6.21830961411412
7.95808836641483
6.95157307797112
8.29238422244142
8.70288392239621
5.86947717035358
6.67771125191337
6.91708286127262
8.67560962835598
7.03901486091183
8.2484198686362
8.06484675810603
8.70438884256854
6.98687683947998
5.71606474223152
5.92002882668398
7.1450462455367
6.5666512235769
8.61357757916684
7.0917460466761
5.65213373065331
8.40995958597114
7.87228848250639
7.60677408424713
8.755222062346
8.28610674300083
7.54117746968203
7.09073518217808
8.67332880678118
7.59266392680951
6.02366199457044
5.95702384944535
8.44498613876993
7.76255413486148
7.64023896285151
8.25795022961469
5.87804984224134
5.85994777020016
6.15445108423791
8.35767523715653
8.52802712890411
5.89973969103993
6.73675446384413
7.00649251830186
8.0556478434217
8.69956552957912
6.17132551482103
7.0036506026402
6.2346395910662
8.03755274896056
6.80884628491471
7.94954206199428
8.06760765702232
8.57515379698813
6.7337460349543
8.33030629023136
7.62428711900729
8.20175517391436
8.68705686438609
7.17765506965756
8.57786198988398
8.20053859144343
6.99232793158913
5.81025509533443
6.53333463047686
7.29908451027792
7.70621661887015
6.90526460856314
7.75935577810402
6.62104758725253
5.96912422091265
8.77395538409191
8.62177852030036
7.83834252934828
6.1999619263302
7.37430124141286
6.76730734233282
8.38853654788109
6.73483836442033
6.14254959863992
8.240424447885
8.44532979395319
7.72793185645355
7.82657255135257
7.24555286209032
7.74285680707623
6.50496443479243
8.29350395429401
7.5271508454593
8.22908241928057
8.62695539077656
6.25828194199481
8.78196265802599
7.49927076085833
6.42283591576413
8.35338881406675
5.78415126149684
5.85976269819537
8.16085356996391
6.37097401515117
8.57222318839096
8.67031174817236
8.23392315989325
6.75598800203208
7.00293354215935
7.79995391743636
6.84687811256253
8.35316766342055
8.21098368869251
8.06200764983513
6.4312136373182
8.01572345670811
7.62411471588673
5.50086820437134
6.97298374319747
7.00152414602721
7.56655338381648
8.15469844217313
6.62380371549429
8.73511949726441
6.81011101771073
6.87032836371417
6.58604994192219
5.51425267514206
8.67197231904195
7.97287608534669
8.48168636194749
7.57897893570248
8.41216265434166
7.0874908981043
7.18849397971649
7.24086153993647
8.73302541951768
7.75677537785143
7.08558221149418
8.23402877441652
7.5787475223279
5.51276675025936
8.43926204105882
8.42079354951407
7.4680043914799
7.78733780416116
8.51404918759188
8.25826719492317
5.51242904965113
5.82327271601005
7.90383398653339
7.38516259460163
7.95029192249051
5.51112152378829
8.3332583816312
8.20675634542015
7.10551564088462
7.4316082297167
6.56478568472359
8.67305730593847
8.29154905127363
8.48736384253723
8.70408481382236
7.19896865740873
8.77402867368972
7.18277977476953
7.79934857936541
5.57883821197222
6.04704524576162
6.59527259272303
7.97018829645165
8.74856053722857
7.97141651878574
7.80139731207481
6.5747784125925
8.19145672701092
8.32379424544119
7.84812852709307
6.32617922304561
8.52559749092622
8.23423354898844
5.80700864257361
8.79854380245083
8.50621150885375
7.86066260727275
8.67452567577555
7.32103613420105
6.15532011497752
8.29696864447164
7.44555291927015
7.86272736720808
8.61589015630919
6.39856431320621
7.38106557383785
7.76147704365138
8.6543010396162
7.74640886369075
7.89432357147459
8.70605255311133
7.58356986777848
5.80284769762062
8.76779244489253
6.68329125853816
7.25953690218757
6.06158052008489
6.08273709327757
8.02828234957976
6.68764738162727
6.18939174048459
8.51170221460244
6.87874359705313
8.77787213845761
6.22222051484188
5.52488090902592
7.46884635721617
8.15835527280273
8.70061976157745
8.48368892217344
8.63739235500846
5.74657637745395
6.77756859098058
8.30927353563905
6.41904710791303
8.27627266650221
8.14056383524454
7.71014389760397
7.84456607825468
6.47538477837798
8.52480888525298
6.4594739743842
6.89342023381385
6.71770886130389
6.82250959728149
7.34808232534804
7.23476946962214
8.1822575353704
7.23472822188397
8.16545191291281
8.09857406015732
7.32583513601256
5.83958249353114
5.88207278194974
5.71765436016386
5.73669029617257
6.38089492979058
8.68086507488582
6.36293005874431
6.94946216076639
6.88785294488875
6.8743966149121
8.20408714169262
7.90799944119582
6.75629698884797
7.53384218136372
7.2991804659876
6.65256611339353
5.89294516674532
6.43084093404644
8.0544660365871
6.30074985726261
5.87503458624409
8.06812347070189
7.58166285926101
8.69964809254097
6.17039474795147
7.98893256809609
7.7335671610714
6.22604705218137
8.19036043314297
6.83543834380898
6.13773683631486
7.29857501755082
7.66310186328231
7.9028541905403
6.32756866901344
7.73173590599506
6.81109682742776
8.49372590691176
6.25637676638033
8.75780116797008
7.04064694001123
8.20514768367745
6.58921291586239
8.1106117622907
6.68855241821648
6.13836497095948
6.89468023998458
7.96883532928697
8.42791197936819
8.40185154780403
8.57407034659997
8.6788301348593
6.00134103149454
6.58681276937701
7.65076807850738
6.30029176567169
5.97587425292045
8.06957418407092
8.20941001378788
7.75302692264932
7.19206487886778
6.80788273303293
8.20235490128567
7.61113711411883
6.92193133850243
7.65962329200577
5.75473964760442
8.44442681860016
7.22606175195645
8.21475478917242
8.68715652407492
7.83987478515983
8.72136500610696
7.09320377157069
8.36812019036308
6.43682875362689
8.76935095733202
7.13152759591957
8.50638457335749
6.61079682963827
8.59436950595248
7.43618730802712
8.13131560889705
6.67374984036705
7.3291995776497
6.45172530231946
7.44523740752005
6.42612054590705
8.62011688661243
8.37602861679451
8.29446145607803
7.29456303889887
8.55708686655011
6.69440293367592
8.07660463974263
6.71104820060081
7.153831160047
8.57566451720925
8.67690043242671
6.55530378682489
7.49836724914539
6.86165391847294
6.09893594947698
6.60480728260196
7.37379787644189
7.04900537526332
7.70226893967
8.18453621224499
8.69821723569433
8.45440108814595
6.29842895024626
7.18759147296647
7.80443354540583
7.08232101757386
8.24855256950965
8.75610384276282
8.09375364102914
7.16132497854916
6.44233736971504
7.28164220250118
8.69262181111984
8.59958098232771
6.87908524568574
6.80731488971842
6.91475485990734
8.49789597802651
7.35905452680749
5.99237163974394
6.65808646330517
8.5700849794422
8.20687258311597
8.58090198133633
6.36100248523434
6.28116532795374
7.90736230202279
6.24370751715464
7.83618338549301
6.07212683535569
6.91627521802389
7.35554843503243
8.64871857546509
5.81226334369397
6.57154986822002
7.90229780044133
6.84153711379512
6.17203430788638
7.47266707651242
7.32175311379104
6.30699987662232
6.63216423935443
8.33945663194528
7.13649906299539
8.59153047087256
8.13504194148436
6.16565349371006
6.66255122922902
6.12660256989788
6.26506945214542
5.83818342367958
8.70995556544173
7.55794548457546
8.68597534161085
6.65163424412088
5.66969334443375
6.95714789438887
7.40688090475882
8.45588584363008
7.23518063890296
8.54583374173084
7.87414817866027
7.70662684580497
5.9237619795375
7.57261653460625
5.58723483960709
6.90139464479129
8.01799607880827
7.74176847521815
8.24234741367804
7.60045824615145
7.41720360123208
6.87582155372574
8.13182061044653
6.31114916172526
6.48063802875794
8.18904067374251
8.39447909525
5.89382452247546
7.77684436375892
8.73543326596835
7.28653572654285
8.54625439610024
7.38394783145031
5.73931388982483
7.22556207277818
8.73350397506287
7.58185687411921
7.17860425331531
8.56691267258269
5.95452579326475
5.78994896235788
7.61799946950842
6.85412294189418
7.92054030293615
6.50011863228382
7.74559767938889
8.4819652740967
5.99469971560568
6.39443310983375
6.89792637655466
7.0315662763371
6.34826390166192
8.38303650715193
6.18529536267601
8.34220400486152
7.02659915855091
8.41395656981421
6.12009980189126
8.26801746668379
6.62200452158471
5.66399496596587
8.23409367033372
7.21318433812229
7.41027944928746
8.39307332978151
8.29335815258108
5.76504691156289
6.49514087230057
6.75169554115354
6.45739170212116
8.54313895214943
8.39097173511082
8.65689577223817
7.05027035327528
7.31976902889512
8.22720678765224
6.2102473888533
5.71987274403032
8.11252814755752
7.50004513759393
7.8906565448444
7.95276481638589
6.00557898580146
7.98828570490837
6.81024299924101
7.22702369942072
7.3666106962255
6.99332440628114
7.73235089455427
6.43933627522338
6.40003774797918
7.77417277901287
8.27469588349553
7.26895528751147
5.81449219461246
5.81156030390294
8.00273829668744
8.05929581517878
7.77574231498488
8.48072872170869
8.33513502166819
7.43397566232325
7.80476949966494
7.64353633169319
7.7011875831226
5.73306664988171
8.61185490455439
6.66129289294123
6.685619095672
8.06067964482401
5.67825858458898
8.74077022224001
6.37916938920437
8.38954559139226
8.39420077150773
5.52059452793245
6.98065210739426
5.8153133556067
5.79287795540611
7.00823123272901
8.1360155089279
7.8967062216848
8.07028978053037
8.0802068843599
6.38638937586918
6.80404359685627
7.4928452417614
8.50825584435046
7.98311947750936
8.75650081768167
8.1239674323676
7.86844944428589
5.65194120645541
8.65422767280779
6.21025512852888
8.01299323131132
7.70011402938525
8.76559029082452
8.62453995444776
8.62661858897796
5.62943834933737
7.81159938178634
7.67325535236933
8.61542435018533
7.35016585458834
8.21392159547004
8.12177811780301
6.2994308210959
7.73678150235464
8.6910599411425
6.12537635185108
8.72941382453384
8.78576468690756
7.32328455493309
7.80991635961299
7.10946381238351
7.50866270184876
7.30071053378535
8.60334573733482
8.42590715301076
6.20797291748325
6.10291730394928
6.59128239830597
6.74172853367108
8.54994327349388
6.25219794765396
5.75008203259185
8.39679962368749
7.85492597700147
8.7365447458033
5.76727385704004
6.46081404219185
7.3395440124199
8.05012146668232
7.55582407684303
6.22873984468275
5.9769034333497
7.93382989156398
5.83427360415927
7.11518597568701
6.81814037479917
7.51019804410028
6.82643171075405
7.45620132960029
8.17299165139656
5.97233068836331
7.00981399883268
8.74400546123476
7.92959210331367
7.21994325834395
5.51040609186583
8.38098319341776
8.6005107613878
8.51719899221251
8.73921910631964
5.88520650596148
7.8569965421401
8.63652565051835
7.42502450692175
7.92501225758985
8.69997325645972
8.63727017462154
6.7874888031979
7.26405519057304
7.16407934778776
7.40778715393712
8.58307393035681
6.86657873030407
5.78798713686775
8.02818145333415
8.48409052168739
7.45674925005997
8.38928137568886
8.73180816579373
8.41176108731159
8.75426648036746
6.37953136230635
6.84515207079843
6.46845681060537
7.14790361563355
7.30754652385584
8.47408952219472
7.58027930255234
7.25788605211628
7.12672918570651
6.39533620079408
6.43337755942088
8.62262070510559
6.02026590308688
7.81642004115154
8.64284825979931
5.60750679969887
7.73698260960822
6.98711099612431
8.43838686356206
8.66823673313557
6.64541018785073
8.09061209743973
5.78137485379919
8.23945882487373
8.32011398709472
8.44911193059467
7.72640464323418
8.23642044384334
7.29733580520241
5.84887424563339
7.3559895700766
7.14712239588637
7.14702361227125
6.45537417021423
7.91193674250951
7.58436507707086
6.33346887912522
8.05917070062499
8.13564593946115
6.31779260657308
8.25869726553633
7.77423011860891
6.27583546446295
6.16110697040289
7.07329017118812
7.75740008697885
7.94879865943157
6.19558247404888
5.65275458327202
7.36766463211876
5.92326108804679
8.15868365771608
7.32586247611956
6.86231917740823
6.70198045102634
8.62692598412427
8.36751516293313
8.06853000926876
7.5768245679059
5.71289132451546
7.92843002831831
8.52717137557727
5.87182728443823
6.5580674061689
5.58715140885815
7.20973117863713
7.79481148334684
6.16067181604672
6.4510133043013
8.34048073020333
8.78192371235995
8.33495994666694
7.80553041169604
6.060365918485
6.22635667927967
5.64135621733367
7.46980084212851
5.52789171566472
6.2823917358904
8.45092057673413
6.49033982002475
6.28669114686371
8.47067960968898
7.00213996664443
6.96819755985904
8.75705252615735
6.43914198450553
7.2594328132192
7.92856683672985
7.69296078863853
7.74249908936658
6.0577940274764
5.85845251406246
8.20212091819636
6.093683430477
7.98293626530706
7.87127900194905
8.63421463533326
5.88061938701787
8.7278314015566
8.21869856530633
6.84789940519714
6.00183614828977
7.61093499109046
6.92256109913732
8.7036924266488
7.66358988944005
6.16080248623834
8.66689592236653
7.43906504693675
8.44102379460417
6.89764311446914
8.06456837218042
7.79615177369132
7.65668525012998
7.68163808340644
7.63811350718846
7.17040496115579
7.03339487780805
7.76848940688041
7.65665162664754
6.82593028996488
6.29848707192097
8.76381086049826
6.62198051058565
7.02576874244081
8.7867601125604
8.39705343131879
6.65668940371209
7.2072391270714
8.74817086809644
6.18621013758112
7.72121901568852
7.66436141990729
7.88530265458749
8.71512943042381
7.80214907768967
7.12195875080604
6.12282969152391
5.75598323474347
8.30270966546227
6.16877986045756
5.96281590313383
5.84246948856181
7.96842540592956
7.26748571531242
6.89062860959111
7.85286851603971
6.50215844012052
7.25989971123234
8.07696718261406
8.00727993425495
8.28320390530028
7.8650236257269
6.97468019487051
6.585586779831
8.78185913721506
8.65382896710814
8.70195612207884
8.30470194090408
6.92295760226975
7.77483788989865
7.43980260695557
5.67119927205098
7.35430746028642
6.14536765656193
6.32568487711559
7.26491926777161
5.72979712097518
8.13475184993673
6.89905714021614
6.86853792635418
6.20891851711235
8.74741294203546
7.49578525354649
7.26604785704235
8.31111063733943
7.1732824993849
8.44083378925119
8.77837978517391
7.50429541395285
7.70508100928686
5.6810524787981
5.79942831554367
5.90477443866945
8.65406116467143
6.48550884822977
5.81995576651107
7.62518468388309
8.21796831601667
8.49153423309632
6.15961432474939
6.98430974266856
5.98313847607855
6.93695368931452
6.00766053137561
6.19190437847575
7.69247435390648
8.01612352038967
7.13841749697257
7.90482094533822
6.62283850432717
8.038333678941
7.92518502651151
8.73772161206609
6.9120892892731
6.81812053369515
6.22125452121964
7.4241373662707
7.28016666179893
8.43905753844786
8.78768527590519
5.93289524981562
8.6800570070799
7.55747626240672
5.59582846983999
5.63293831121711
7.47477267034657
7.24086186847142
8.08722085510185
7.09359947328124
8.54764922485114
8.48821761932572
5.85005902938898
8.3456775415855
8.77764472697925
7.03981336100657
7.96442839041167
8.10133011019187
7.79365967819968
7.30944036122448
5.64501270456872
7.52134797127998
8.64690157314309
6.32506062838205
7.29965504091416
6.39201828179385
7.65263650114646
8.0184968428587
8.70149172252832
6.74097444764047
6.91766885451502
6.78740168060505
8.37515570412642
7.23455794098604
6.61090550728174
5.64260179534508
5.84006269068098
7.1671237758996
7.39432822905958
5.90430636275991
8.74830476871019
6.61784247192397
8.79041601469539
6.64502160573005
8.09791675446354
8.60437855065732
7.59581949025399
8.54142355150637
7.35243111170547
6.65609388236042
7.34930453453653
8.63004063180642
7.1216592139562
5.64996675320213
6.83021210210003
7.24712627284427
7.05320430792486
7.14023155173665
8.5650528853937
7.0817036929797
8.29276851952996
8.64406262652407
6.66082602598663
7.4273419027788
7.11338954294623
8.60120758267865
7.28333393022711
6.24582729229541
7.31449205135507
8.7803234419336
7.60156313522951
7.24955762960639
6.55690817483386
8.56074212812207
6.91137859088689
7.70909879446005
8.79107742930723
8.3160293343196
7.8382549233574
7.32809487294315
5.65212827616571
7.03575336037446
6.71789929493458
6.68315258836784
5.60573984835295
8.01199512274348
5.52233764708851
8.17345831298023
7.90374309415672
7.50704861827393
6.46036142965726
7.46818492729484
7.09865208850814
7.56118755350553
7.75808093278548
7.81870748606355
6.58056465396198
6.29997286750363
6.71803478045541
8.5941082336045
5.74234318939448
6.45506581420411
5.63483341230284
6.51660993334316
7.66527437788259
8.05664124323138
8.56683502606655
6.17784417468332
7.72795280617952
5.64112787150797
6.746680722095
6.31157215966066
8.23770505474799
7.79202287602994
8.68393840819518
7.09109358965779
7.13814303967166
7.07389027470371
8.6917552157287
7.36421879706093
7.4658256914639
8.06576760985859
8.16766580653299
6.30937984539483
6.53331399493347
8.06032286536964
6.67697597350776
6.39647852333611
8.13319253849952
7.65081188273987
6.31167199066892
6.61746081061661
7.91481319632276
7.12353809529105
7.52760859027724
6.93525082982608
8.17281616467432
7.65770049507727
8.48844684032364
5.51960880587148
7.80065786134433
6.00363418900691
6.069387287018
6.60730705166112
6.12211492438709
7.26870141294222
5.93727833159965
8.49546502914651
7.53958369480042
8.61489961390479
6.7389654419028
7.84694251476535
8.78817844502417
7.64219189576599
8.02179564019077
8.25243417317133
7.91080122469293
8.60240966100602
8.64441342875186
8.21907112834675
8.74725987565938
8.42696070818762
8.00177212230731
7.3151321141826
7.57548192373817
8.3987171657656
8.14613903887702
7.83566023840702
6.71839992183805
7.53880781931382
7.65690525086145
5.59746688856339
6.78862157129995
7.29177130590364
6.62416681469253
8.16334485266663
5.68230388583323
7.48637103397903
8.10061989397676
8.06009268231445
5.7873926294924
7.35162521643924
8.09376473067422
6.99078513101211
6.71717700994242
6.36799014346274
7.69563459640613
8.64425819149741
7.67944101324263
6.90571752829836
7.21007567987945
8.31480336832472
6.17848173065059
7.70242430123431
8.08357188839899
6.81291239871868
8.41704789925489
6.10060347364595
8.69665642701029
6.96135377375109
8.31521675110476
7.98103674979411
8.04271884238707
6.45912941723841
7.3530441872067
7.32196057629867
8.01718544686606
5.92922200125268
8.31947231409565
6.68936564806759
8.37357710532562
6.4624269339738
7.77642251053041
6.75970761282282
8.13026868793587
6.60809035230669
5.5691706379285
6.81004877810282
6.99665795598444
5.7710105706022
8.66468440398048
8.57919398548769
8.78198972298361
8.28964352184978
7.62036673732998
7.5876508814955
8.55167221745847
5.9436320034841
6.68517542789907
8.09656806186703
5.5567504016547
6.62768936083928
6.8944054354274
6.40094393187294
5.63973391176957
8.76699585264543
6.80251127281514
8.50306125010529
5.5551089304337
6.82124476221899
7.46783294765204
8.2547893308879
6.52212602131509
7.30894224357352
6.35901873096921
8.34368880231986
7.92935519484982
8.25943309398038
6.03552714525103
5.52824439815369
7.06397951579505
6.08836865568868
7.95184349687172
6.42848684962761
7.29646735142828
8.61659155365617
8.61644284944552
7.32111641443118
8.57044562835531
8.02827591367936
7.27612019009932
6.00209473806615
8.63158089199962
5.85031981138292
7.88562014798713
5.98781600892537
8.3885566466761
7.01020380129078
7.32018374346655
8.01891447702285
6.57343089569278
8.25554259224387
8.49810804992461
8.79917809633166
7.7285082254238
6.68875857134321
7.68633330414657
7.41248725153102
8.5403451618722
7.08954289235389
5.93184784220662
5.81201078584467
7.04098996760575
8.74661622709922
6.78397474548124
6.14000177947525
8.1547821357519
7.88643575481893
8.01678801260182
7.57176351489142
5.64532909035049
6.61668872153781
7.43163029696199
5.84817520005343
7.28217139799032
7.24937383867958
6.68909071666265
7.35675162540178
7.11326936483845
6.72642255413591
7.75581141228494
6.53344988860668
7.46109359701354
6.56800671835215
8.64186217673362
6.80241845552565
6.48831501096965
7.96596861768565
6.79392490529786
5.86773792653451
7.46996419877142
7.15329378999171
8.49283905545372
7.05572506182346
6.19552954814595
6.3724573444945
8.4881052752234
6.70387336066389
7.88664467158661
8.22717578411942
8.41257872569694
6.58369766608153
8.33825799549672
7.39057821798701
8.59165518239896
6.76085122906463
8.47727416877254
7.83211719164432
6.72917161921681
6.45827574624594
5.89204446931502
8.75117902785629
7.75369146448835
7.11006172044718
6.63252411928639
6.53918742932184
6.60136200070644
7.17112390962772
7.49726601016472
6.17057378624928
8.03515631415883
8.44532960351822
8.43140669756942
6.27469733384732
6.2243687061158
7.51334966772326
8.3360365871614
6.21196551660389
8.30111581795971
6.90363917179775
7.84951886345221
5.58538474492976
7.9869923311363
6.80407214506931
8.62378591305535
8.18464237149967
7.04353180951864
6.76593487509482
8.2235774841662
5.83607668975104
7.85797254418346
7.32308042997152
7.10713126628291
7.32593713075766
8.49023688075398
5.65769043101126
7.37708555342729
8.58729344916829
8.37126404114538
6.22655618098134
7.89441242440689
8.61064333472528
6.35500999591203
8.48300645601537
7.82410454361932
7.6021939636035
8.57077393565021
8.19998204948658
7.76981225014965
6.16500979779817
6.07492882143598
7.89630414770959
7.20057111051808
8.62069498499334
7.49604962218479
8.56139374058566
7.97160162311804
8.04836737486752
7.89381175546548
7.26961806749359
6.47318049763166
6.72305761587085
5.73733790406836
8.75952342554816
7.77536254643465
5.7230339346834
6.86518267672746
7.32884904435598
5.60911136881568
6.21552818418395
7.98514873830949
7.59109295563997
5.66333398302937
8.7817218744026
7.70576892957852
8.19303509923267
7.56903829389129
8.71907772689027
7.84053669280298
5.78013993799633
