7.44596525146626
8.52620095089128
8.78186236873871
8.57075177395263
8.21494600256681
8.62893527093134
6.47629256999738
6.97066721890835
8.06215366192587
6.9706559750464
7.75523119151784
7.11762240865492
8.34050751380968
6.00754426272203
6.30863316796539
5.52384811853565
7.04025998764701
7.00519540052655
5.97006680361691
5.73375811794379
6.96721017812566
5.53115477950608
7.07727221368311
6.10460760480162
6.54500286791882
8.60531343289912
5.51898328666196
5.5462308400902
7.24599161879344
7.08377570312984
6.15830269886216
8.39779416608928
5.75499180717231
8.26956452973599
7.20893818706993
6.94988588067123
6.63129691418815
7.81951451940671
8.2372798208406
6.76835988131925
8.09215002393454
7.79723564952805
5.74165265573971
7.00427717231379
7.3451623609288
8.04014819219792
6.61693409300576
6.18863329740992
6.0525262879499
7.06978322117326
7.63236460799084
7.88102821636728
7.17409558932468
7.84714793868869
5.69447881396809
6.34497042092824
7.95124221633627
6.93932967837309
8.43045030842622
8.45783221055902
5.54982134181822
6.31197902225883
6.37665986803929
8.45439450921875
8.00321043656008
5.92421227636207
8.27168416592254
8.53710085265935
8.5075296201296
7.03148767373727
7.93245552250286
7.24782562610663
6.63790381774574
8.63219811511608
7.5328683669279
6.85413692324254
6.80562907010209
5.69221370455838
5.99250439591258
5.7737312729747
7.44621365092891
5.95618736334029
8.58196747810472
6.52728058769802
7.4070293409116
8.78355643766714
7.49153662978291
7.42240251116085
7.16137759888306
5.97165649395289
8.62641367981596
6.10528062008742
7.03812638980372
8.77322463961877
5.76830309369856
8.35874585622297
7.75594553890424
6.90052824412678
6.64003733850897
8.53199775352167
7.36340686291092
8.72048980858525
7.27257123091193
7.68329527333524
7.81150265020725
6.1304442865847
8.21065621890229
5.86518723649424
6.12385544672421
6.27082787919804
5.9074667821953
6.74393248539651
7.57793140638801
6.14983688699619
8.42063267368494
6.37776250958347
8.3092520209349
7.16278527570852
5.60919539294849
7.86402526063808
6.22423202733913
6.85448825967995
8.76504867592738
8.55955400488248
7.57092883604636
8.19564573288754
8.40041299607457
6.85430121243572
5.52890755818964
7.51877225840735
7.10149668144791
7.03916966064899
6.266054300928
8.57525243853971
8.57031915102166
5.93670126979577
6.35742356057895
7.14877716095332
7.59298094086744
5.70801687616866
8.29732561611109
8.62368421492673
6.66497488031753
7.49352344655762
6.08488828568943
8.75499820238086
6.26966322303452
5.75549117964416
8.2044762470946
6.67336807333396
8.46157356079754
7.17759185022589
6.99743870168659
6.16202054278467
6.80530637539321
8.49650528022941
8.48929523611937
8.28153741176717
6.18535243309435
6.57750536469063
7.85568651435758
7.68432070884646
7.14506835694858
8.61286210218639
8.62857648440176
7.06315933770669
6.61521429140966
5.897796154134
7.81644626510087
6.83724321856346
5.87652258117048
5.95072763981285
6.66486302927722
6.72814594248368
6.24823655174317
6.65161904970189
7.30772175369562
8.69324800995584
5.92465340055504
7.2234886390195
6.15645241423364
6.74797668082362
6.47565718617086
5.97964218243126
7.81027504959787
6.89871970384937
8.58568151801158
6.76415819385948
8.17201249107523
6.12330355645135
6.96949718930749
6.63443945532932
8.25875142019855
7.39778588617591
6.32364886637689
8.67458010961935
6.09076436834105
6.98543903503988
8.5121205964734
8.18483186892452
7.40027128114396
5.98096386243523
5.54428966186509
5.66044771095275
8.36096279759327
5.5073962298928
8.138281829658
6.22645301092445
6.16681314781752
8.23001323477577
6.34501874703233
7.9310130216549
8.49492271441949
5.75107246841258
8.5764830691053
8.06117816218343
7.99834715854394
5.84661458222775
7.56844989356353
6.82499733489817
8.14667478802414
8.35341134501619
6.85925876266293
7.2691258498329
6.12129904544986
7.18282173675464
7.35937987808779
6.52320314977404
6.03775823210781
7.51733248161067
7.95394200358099
7.90404588021749
8.3525309192934
6.18092483312713
5.97373200087557
7.05368404262997
6.94937174026106
7.24467103341591
7.03834865223404
7.50559236301969
7.57826096714162
7.00581557429474
6.35463702979164
6.41742609777385
5.60237451916014
6.76462007585836
6.46333704915446
5.83990759317359
7.10870352067147
6.48417050070649
5.63627328203581
7.38869869441734
7.75993840602935
8.57546916132168
8.25625200283085
6.45130594681378
7.45075326221935
5.59525376161132
7.46604460743641
8.34729134647372
8.45929565656063
6.79083290658609
6.70098057199901
7.88700668190646
6.69426145857243
8.56768915393965
8.70057500920045
7.43475561175908
8.56694720379196
7.43537846679467
7.68465308466241
8.41972976543721
7.68627415446519
8.40283325361248
7.89022664008055
7.53694498630786
7.69538070313901
5.95589880944906
8.28559357758373
8.6065982521147
5.52864661942801
5.88515906949378
8.0207611757459
8.29792422217412
8.56766659270413
6.95948777705845
7.75322791128958
6.12815589456161
7.993008452437
8.63587293600762
8.154358124373
7.22714456035731
6.73119418417052
7.23359970573
6.12278231745482
7.77931151531154
7.19346597792513
6.37683090021933
7.32178150656539
8.0201228794
6.96611373905534
7.81935893433706
6.17172710261103
6.85629939253057
7.23885967665458
6.83831604628187
8.30768267914715
8.25835686159101
6.31688405911674
5.5211214977658
6.78313111199949
7.9834601114764
6.03104913164679
6.10297182405628
5.65652906693273
5.95230712235607
7.71283099700043
7.97547435139341
8.5827981102275
8.32340435025728
5.63941828986392
8.36803774899867
6.88908958602958
6.26359692892384
6.06168936604697
7.50094134814876
6.62937596394029
5.80116054295643
7.65802731070782
8.23447943578552
7.61288258483114
7.44029879722643
8.43448522558426
8.63683084147984
8.21881950681964
8.59011869585758
7.84770195618331
5.91753545729063
7.14803840136094
8.12174265190754
6.74245558117004
5.75300727605122
7.29173140599735
8.21331750609834
7.73648086772746
6.14615558578495
8.2789374972278
7.8072206092875
8.0365155370734
8.12006890168676
7.83388601684461
6.78342977817639
8.40490471011776
8.27364677719089
7.04951111029568
8.36190485462921
7.11906566692877
8.5654740122674
7.81976875839216
7.13655100315916
6.85992147161712
8.19582870312804
8.41283029503865
8.21687022862284
8.10005622943265
8.6715253348397
7.3285973160186
7.80954050027016
7.79760002610488
6.38566823705473
5.91333593205916
6.55876825118573
6.362579956536
5.86684882942089
6.17908214712982
8.49965662979604
8.18434980232239
5.6231512861067
8.25501770438296
6.8587087273373
6.05281827813628
6.50493837106648
5.72427577422462
6.93198412550416
5.69594957803025
7.07825969915952
5.53909376939631
5.81831403948873
5.78755262174083
6.39270551915776
6.36408026660648
5.52719709715515
6.68187558968403
7.49733125760277
6.0354579065875
8.23012047511928
6.45289649424555
7.41613284442969
8.36012262982448
7.43159458113656
5.51575423109921
8.60508416748149
7.06256746161445
6.87807197213205
6.52370419951767
8.195354237826
6.97178411722773
6.70816104465643
8.65034655685441
6.92144411231916
7.9926235688934
7.24819953833337
5.62629307630451
6.34572637482504
7.80354312474558
7.10676718021775
7.33466249974135
7.60437154707836
6.7245816869421
6.50245592788765
8.67488553465618
7.52077860215759
6.58272321039938
5.62629131631655
8.32606975093355
6.53477453205405
6.84792930766874
8.13513280797904
8.08791762078331
6.73579227342948
8.19261609037046
6.21113051247758
6.67090183636847
7.93161621568479
6.88290382102926
5.74586221598748
6.54357452320017
6.6415956921262
8.67079735865082
8.12529062187487
7.50040670569702
7.16627623845541
8.06420478229899
6.55595712221862
7.77116994046274
8.14228163992682
8.53900274188716
8.65451968118138
8.43937051270034
8.50075534713364
8.79076056224479
7.06852569230425
5.66379006898132
7.30749042124566
6.3214739666
6.01925347329826
5.96779792131573
6.69431672238516
6.66811366834735
7.2844676136245
6.57690463130401
8.76559797563906
5.65087686566739
5.91579687131176
7.12477452356295
6.42476944503316
5.73173009583995
5.7997036502452
7.48643060424374
6.17181231526489
7.73131798696114
7.93414074464437
6.89973557009142
8.4488210484905
5.63428557049358
5.73661832670096
8.54925471277683
8.78310066786229
8.37160464984123
8.01101667935496
7.86828235005825
7.96816656487457
8.20220718520424
6.45250016224372
7.96656702255104
6.90637332932331
5.83130041416945
7.82893184333158
8.31493245295943
7.08298332165487
6.93999743171392
5.8393840439329
7.1605440831589
6.91734392358951
5.73414583717936
7.26591075405732
6.24866188311046
7.97337832199807
8.05951372257425
8.59368181944859
7.04039923113882
6.19991229023654
8.3259548276753
7.78540354103335
6.61988494234051
5.5355835211506
5.6142179468325
7.21930016570693
8.30677763088287
7.19732886291261
7.03346902683553
8.70334715893699
6.94571303506805
7.68346741143538
6.06416204561943
6.34954456823578
6.02650212835637
6.58466115145632
6.4412353665899
5.95246534713545
5.88810376860683
8.13152227807154
5.56272294675686
5.50521171833528
8.73662540297335
8.11175916022693
7.65544821063714
7.7680611551127
8.31333672633121
6.15000979255322
6.70393708935896
6.74522641671292
7.95784946534878
6.13239133610808
8.43037269557011
8.23843925136993
6.86222040610795
6.01226119626286
6.6342191162017
6.0058961136672
5.95864041313618
5.71928122247115
6.20841491029045
8.39038625010857
7.13480970371901
6.04488628487703
5.85309141636476
5.75011601100622
7.11027088084767
8.04764089723849
6.02051087136034
6.98774926545154
7.44837879479499
5.86353336511233
8.58745255214888
7.6331683628006
7.2551195021926
6.93558938706344
6.61517841215473
7.55916445253131
6.70886356171315
8.24594452197293
6.91846690364371
7.65896371327876
7.81602776739031
6.76317204845698
5.98984936434651
7.71439576988733
6.78709906736379
6.5182020010856
6.90166494878815
8.41569091875714
8.27294636689146
7.40920263797271
6.29070868611401
7.54993134761155
6.82350165679143
7.9045213023248
5.92186527425708
6.2185524255109
5.65669706131934
5.96721490733056
7.78662591609882
5.65359459054518
6.87859681226404
7.12333940087429
6.59342862084814
8.17827825228687
6.24767575846393
6.11306581996937
6.66766154496295
6.63280382550232
6.77484146751158
7.96453454142765
7.7583085870167
6.22042073498549
7.1892223974296
7.85207569426862
7.44682549734273
5.50889255508402
8.22027246365972
6.27507202865369
6.36646802797007
6.2237716094455
8.53959069037325
6.35349032159465
8.45942408373259
6.94668968373907
6.62424527614794
7.65412939171189
6.64424921042235
5.77714309917705
8.45219374866775
5.95446949189082
6.25368185050129
8.30715076837702
8.21107280210993
8.04682606685895
5.90188726378755
7.28670474404772
7.77059289308976
5.84494093603913
7.70065643807615
6.89492553581322
7.31068640292565
8.02784432048996
5.6131572513238
7.11906828615839
5.94800049504448
7.79463064508111
7.7807941377255
6.64644924103385
7.87988239969268
5.94699246739621
6.07764047799818
8.5603644429284
8.00444967447437
6.94107172789859
6.98679352803739
5.68106200545703
7.80702579957292
8.35078375209339
8.42053471774896
6.15793354091567
6.34533886484954
7.75773715016344
8.59641949175744
5.5863651310479
6.50623185787329
6.33502286968409
6.43838355127962
5.58401602551705
5.75381359181369
5.98162345826869
6.84469057273414
6.26987014404819
5.63368023719888
7.16499126924006
5.81973426948263
7.42833559451087
7.38028864238681
6.4079556313537
6.28429323449386
6.67250793918058
6.02373570984482
5.77829619432787
7.36388457099896
5.87194782337156
8.53735645197638
5.70731123360616
5.55378647009712
7.79174469616821
7.27997798065592
7.16530988157223
8.72361477213932
6.98926537954449
8.52353343859468
8.49352419227692
7.82519238537639
7.46843830757234
7.54940426979991
6.91805053007059
5.65742683904008
6.35523527959851
5.66702598720577
7.57928695221515
6.74748993781595
6.99413090880889
6.40053142173014
7.05098672901362
7.51512836415232
8.19000941321951
7.96432063696449
7.67193162753179
6.59111547780586
7.91333676546896
7.93314120927362
8.64553007558976
7.64891506751527
6.08306336362606
7.5108810212257
5.89312035469687
5.84703965665576
6.84326568746822
7.23938769941173
6.27177582911556
8.3726962987137
7.05558849630496
8.76820389310888
5.6254787273208
7.56792287719333
7.53979539883428
5.72422405459237
6.90590702814574
7.91010325594139
7.75486927733727
6.57386795285976
5.80843527573257
6.71375694179909
8.33871453098724
5.73270815352414
8.31787344617759
7.2976440644473
8.51833859094749
7.87339780446449
6.2752734319566
7.46312882036
8.63360834961702
5.70408411502432
7.90155367289385
7.35489819684809
6.43598641009575
5.84009008838381
7.8450820648807
6.89293591125892
6.95549936845472
7.39805901503916
5.56817249901232
6.07098510344098
6.33606264222853
7.01011059358932
5.84194490629455
6.90695665438642
7.57047474164142
7.07763296104016
8.59809055438639
7.80158962627819
6.16037660933209
7.2568870029963
8.57608435230791
7.58597754848189
5.84418786999645
8.3282475445984
8.36797929519336
5.99651901372415
6.96263612706115
5.66359913590385
8.72144945055022
6.12027906601567
8.52323291318011
7.85922428181117
5.72539025141535
6.23020652154061
7.32382174981812
6.64255112983577
8.12904227885604
6.12574740293672
8.55756548991474
8.22071944345288
6.26466723058533
5.81255850532437
6.32670050039836
7.45184254249427
8.0298299941076
7.41869295017315
5.69202756938711
6.2177550853325
8.66807266819078
7.89624914108288
8.71747425398324
8.49177320740212
8.34546844784687
5.55644406975753
8.08431633050005
6.91268188321657
7.30836638578439
7.86416568621452
6.35568784220969
5.79925726635988
5.63091067430959
6.12052549441018
7.19344427448472
6.00066768076767
8.46467960457125
6.62875000973004
7.37853616948912
5.82420709851908
5.95707167770205
5.56562619564189
6.859532419212
8.41831076371139
8.66474380561216
8.01067183226838
7.50757317775616
8.19710695411836
7.20754818797193
8.66090088628672
8.40718015538827
7.92188822967287
7.34359640148557
5.55480503824188
5.79546151325446
6.06562054857
8.07410326508728
8.78511945482912
7.19349080645677
8.2183129285408
6.68252350919616
8.19477530525996
5.80052410129436
7.379066753402
5.93868066394815
6.43270896412213
6.87159659256807
7.58025627895191
7.07205026726129
8.42623021288512
5.84179415159406
7.50155016786815
7.3904682233513
7.4680160568941
5.90370345179741
7.22317633493312
6.21842577148038
6.57009315679244
8.10982776428097
7.02221202726728
8.22441407675634
7.56621204108278
7.43071704954055
6.97303704841799
5.92995575246932
7.08831246970024
6.40724586328987
5.92850132540184
5.53985494583281
6.16532834389838
6.40831653785722
5.89246270358028
5.65056294263318
6.71802603917767
7.69101554018873
8.32528345196876
6.81559517634896
8.40458242251088
7.94496053703823
6.00654881531925
5.72061843448151
5.60524364271762
7.56119667393157
6.60647746644561
7.10309912898147
7.92396021308174
6.06686954889297
5.58003600848647
6.21254615433363
8.43700277974959
5.59706714985619
6.75275386590361
5.82647696328181
6.72598902566266
7.58842175347499
7.95561337283982
5.66360767949982
5.52413592168516
7.71388457703507
6.5503357930945
8.10006541607481
7.58340051381053
6.99235044162735
7.10601962320706
7.67569739955844
8.2564094844901
6.80781539133833
7.32585058777143
8.11445895795368
5.788349488866
6.28959560609657
8.0048948255206
6.19747008722905
7.80985779027385
6.9024989553541
6.19556012289052
5.60585817182776
6.01764684159443
6.63441039824624
5.98656405859436
7.93239303389758
8.10047328282449
5.56285593810462
6.30424444005784
5.83076709804349
5.80766741186871
6.20251020078922
8.5395601414493
5.73968673389374
8.53784925998956
6.55777936489021
6.13100036208077
6.47357678302043
8.4754017376704
7.0668537617711
5.62595926535888
8.4539375683867
7.32295608759104
6.81412509391102
7.07879974607298
7.7690397294438
8.04178724742782
7.13876658766948
7.45074859382113
7.52315782810434
5.53820113013977
5.93253524355136
8.43394184399346
6.8719836933873
6.08095137401491
5.64759756469608
5.62985134273953
5.56873161259189
6.57858462937895
6.44260525580337
5.96242756836056
7.34838363135909
5.8672569630718
6.46738506693396
6.48143841627664
7.56782809804416
5.55169197616087
5.87927753093414
6.77492091645923
5.8950869599268
6.39301073976149
6.64606576915115
5.54769978950883
6.37925605597737
6.79673502765808
5.68066810980045
7.01970351101981
5.67116739170062
8.22961466638075
8.64461263018456
8.10611603430211
5.53193858638193
7.76940747312368
8.24454151289173
8.65303048032878
8.39002028688402
6.16739166220128
5.94144508124927
8.4549112538016
7.95810429583992
5.95590211105457
6.38564966285727
5.71439585397915
8.5366739075763
5.54531666809893
5.66827715202395
8.01973433781851
7.51396720344122
8.59400440803996
7.40665534390135
6.23013834520899
7.43650957706307
8.31705010059508
6.2617798943773
8.28176786146334
6.17062801641968
7.96644533588271
5.88657078664956
6.35378863634167
6.4363810679743
6.52651353071867
6.28112364124018
5.52876119895046
7.75334548741873
8.45558623193868
8.28754696078504
8.48525303245528
6.72780183360131
8.02157696895774
7.721500608321
7.43139434620977
7.11118270073545
7.19953383201384
6.21591782681877
6.61508581586267
7.65202041952538
5.61768446501247
6.81995738184866
6.46023696385711
5.91681421664206
7.88665362693193
6.34807476916953
7.79002623883828
6.76499732489813
5.86832715853649
6.55606872498928
5.5415979509004
7.77684470974236
7.17424235251726
6.54924864989348
8.53286532334086
8.65917070384542
7.48194740835326
5.52419782671651
6.5394370672177
7.48879417620492
8.25355673480636
6.5263007884558
7.03175353515601
7.66222612173352
6.55510284956771
6.97230917564498
6.23954646227165
6.63085625244412
8.70776204429562
8.24692018584837
8.53076029420834
6.47268545013027
8.64848961135712
6.77576908210725
7.81247794796684
5.9132951061737
5.70490458830119
5.66475991887043
5.58220450873833
8.67677349682889
6.49619542326686
7.26882090718854
6.40959278168354
6.23086729442005
6.78851028556812
6.2329102934922
7.64296900597515
6.17275692909816
8.790064454061
6.13179170071669
5.92040100811019
8.4192329205251
8.00778869455771
6.65814431245871
6.27018277288855
7.5265357569744
5.83823568358151
7.60681962902724
7.3242865459444
6.4613560660001
7.41616488454926
5.64592536431095
7.38034243815258
5.9248418831437
6.5533598728782
8.43612215667422
5.84765658307864
7.69372339543669
8.74042211428475
6.98296932537962
8.18167001213315
7.96543208048144
5.92582208107579
8.47930749561921
6.46748192127968
8.06839305101869
5.64720815235254
7.55305480226308
8.34849005812464
6.97310032693261
7.76314267358026
7.09583160007575
6.06669291445063
6.17330817024304
6.31353042026427
6.34213354205792
7.46802705031635
8.77028904608994
5.56916567778776
5.64551805996417
7.40116114351689
7.196961872289
7.4886577573376
6.13571240821927
6.81287007792667
5.76719396464898
6.95800869819957
6.87812637657331
7.19459901067902
7.71678705327835
6.3836871531932
6.48736193228147
5.82315211741507
8.09612677353466
7.50869047523138
8.47827660871526
6.03376148103623
6.84003253027448
8.60528604322517
7.51977430173644
7.65634995916055
7.48583738272022
7.61800129509291
5.69433303255917
6.53150729865151
7.62048195733634
6.38632071594325
8.1269239053331
7.03327697046516
6.62029341313267
8.59863650677342
7.56989959244899
8.60193207919542
6.15272259157316
7.03165379548288
7.36441123526502
7.56396683180722
6.24354344254846
7.04827442950967
8.78079715274173
7.38461754462536
7.53212370003965
6.07049580141745
6.94262941759879
6.49237374744442
8.28672862171329
6.54071107550033
7.66637251445051
6.53946400180996
8.16590329599711
6.90168020778923
6.847798551285
5.551474549817
6.74863809250998
5.83419582207214
6.73852366979929
6.69495639777518
7.45011550810772
6.91126258793095
6.76461427735514
8.11730363020073
6.30710542137305
7.0051896813084
6.65711775500076
8.35536176847926
8.51744018106053
7.73524158399495
5.97659115266042
7.86448744405457
7.65226583527248
7.3507607434733
6.10291278087242
5.62565311869942
6.98942391897245
6.70810809371297
6.64068499061549
7.2407446667452
6.50622789256062
7.33847663494945
8.13561742724569
8.40216971977132
6.10630826008833
7.05698826780136
6.69422537777782
8.02307162768531
6.98606678295447
8.30670913377754
8.0133637673242
6.35538127792548
8.72345133777836
8.58727040614256
7.39192369506944
5.80238317479999
8.62468357120549
7.98747099524454
5.75864008646905
7.42524977660309
7.89151491677075
8.08977322984863
6.50688591821399
6.83025794059503
7.11211234103514
8.25039767559525
7.56322826522031
7.29786838350738
8.5218016190838
7.58259480637517
8.64911701064724
6.66704161486972
8.3208157071605
6.26602201345424
5.73558919505398
6.39645355329395
7.17103920466471
5.69073454184205
6.70363132134576
6.66329169853667
7.26527919289849
7.21085108899358
6.05395800777777
7.1900868786547
8.46111423823322
7.53805262962973
8.33580097914961
7.7056988132601
8.11508943216868
7.84227556438152
7.12802539416378
8.09932009762577
6.55214331834263
6.27386206067435
5.90726442941254
8.07089402497148
7.95452663515576
8.41326363244718
6.55423146541837
7.88495510569811
8.03409423180699
6.93882735560587
6.81584934868387
8.04011689661069
6.03127702719568
6.59674359006991
7.57647324618328
7.77792660439103
8.03746751651684
6.57768396863763
7.74107714150639
6.6369551359973
8.70168480385558
6.55107126191257
6.79042462317912
7.79243362997018
7.88083337678532
6.59063729588721
5.72978376651909
7.09914339062007
8.45659773684554
5.91297541862175
6.70936982313326
8.31803189654091
5.86711530659694
5.90930765399502
8.17965482567353
7.9193366892964
6.61972082821975
8.14045009305067
6.75157243594608
7.6215405336836
6.35117315417476
7.862994810013
8.40083756720387
5.59187114488349
5.81364338521237
6.62006502397433
7.2441377922028
6.41388890131259
8.53411010176334
7.62622951497845
7.35142441880711
7.40894627135083
8.54402933901959
8.18020887158058
8.18743468254929
7.65393608544114
8.45778867544671
7.77674852302876
8.01150369679199
7.74071672182888
7.7689130394893
6.53552746136866
7.37548566115779
5.86857158094008
7.20894315534605
5.71967692135111
8.03438362648704
7.29866874975466
7.05896066155196
6.45470235398389
6.14723266978999
5.95981658500083
7.26043785250547
6.05448147318061
5.61380567755761
7.48212107008442
7.35901631938525
6.98482766641792
8.54887434932474
8.54874424647011
8.37416406602549
6.09398194568148
8.77820191005338
7.96718773331856
6.86516848005683
7.56521399773028
8.28811476113115
6.60562269863911
6.68857737673319
6.35431929173849
8.13318187154785
8.65059182668082
5.52275147140639
6.08843970821994
7.35750402984343
8.13026028366397
8.53681353809958
7.68371684533539
6.14142577282775
7.0277938858367
6.19392435953336
6.6240706826636
6.92422830686336
5.89499154375659
8.74848345474049
7.34305486898752
5.72518564920354
6.00796539742214
8.39235223592253
7.41521557014076
8.46867165208914
6.37389798875348
8.57587242492592
5.63263141703971
5.74124127821879
6.8100757829885
6.70788023633235
8.75181533325081
8.67055486438077
7.73369505989201
6.07309345642971
5.97570443213665
6.35245978393339
7.82916431801106
5.98443079348051
7.20041495894349
6.35530506770161
7.58664022653647
7.11688993126215
7.93685211006921
8.49758606772606
8.63229792147848
7.8714856765037
5.54056159864054
7.09425251310024
6.26638282289923
6.55419750407194
6.45182514910346
6.03864375674344
8.72757526063975
7.95708597411594
8.12883920161056
6.95868491697432
7.16317874757904
7.46549744212776
6.515030583701
5.51021917717581
6.06931087570481
7.52764899810187
7.25619355761838
5.50873510376227
8.00356291268516
5.63567553157608
6.90824964836475
5.91209960955327
5.72985301007146
7.94885826989329
8.43688415481811
8.21441676776232
7.91063743890544
6.08960423538306
8.66062669755804
5.9749196446615
8.26680660136672
5.99090358390178
7.24200435477469
6.41646802094453
6.06133791319538
7.93237429926684
6.83964931667205
6.9236165591988
5.57077089668223
6.14507011408748
5.75747276473517
6.5411483334352
6.48085948811506
6.70850779874552
7.6473378069623
6.60721903693985
5.92390716614962
7.47714849376769
6.98275545658237
8.34725607590688
7.5070065553485
8.03806116598594
8.07101480253358
6.60036317831905
6.54646772626103
6.59001541972389
5.52614717725527
7.10515154245353
8.06253246999547
7.91084351815095
5.93970754770823
8.71948953129423
7.59905627864194
8.64721643147215
6.06050166743111
8.45241544082777
6.27549629041393
7.50148118885245
7.78312362689707
7.92632924133818
6.3769360331027
6.46000965322171
8.43245463924296
7.75009042068915
8.39906001805237
5.90373105626627
8.69273441859192
8.64079240573619
8.75055296052561
8.3174653216455
5.7855281384264
5.50374389421254
5.77474745420508
5.88502840275879
7.25088188742927
6.97741847166277
5.84654629396917
5.80638645516215
8.44171461795012
7.17473546267373
8.11513595366875
6.46052703464559
6.01218843203137
7.25016960042541
6.62336097077158
7.88751162344591
6.56177445175033
5.74631839562412
8.05033209710444
7.80319552415895
5.79314440847994
8.7879416416602
8.04326220448662
7.06082654960379
7.21398507968849
6.11445668083283
8.12745676895411
7.1404206801107
6.86512827088836
6.73465079744646
6.44053008006746
7.28561905243651
6.72957881145938
6.05407902644553
7.47264319943109
8.44036000407992
8.35726456345686
7.94394303098037
8.20820780729101
7.27853698042827
7.54051950172488
7.0523496091606
6.49574492618975
6.40789369565826
8.4746522969966
6.8277944346728
6.74637274028263
6.88263972925989
6.11048966921586
7.98699356966596
6.41094285215802
8.71778609976143
7.24144363683483
5.52737798220293
8.09268803906904
6.71076120072432
6.61526284689389
7.81746966654278
6.90789962345171
7.05859926520953
7.08577953363376
6.79529671027087
6.09089779349639
6.73745646827758
8.05520813099829
7.90007340611435
8.59546433597289
7.5420585252201
8.03081415611766
8.65771079774274
8.42792476314048
6.12532608128918
6.63315375486585
5.91153652153171
5.98015499203128
6.2615606231565
6.01599902550535
6.55846064674534
6.88350060237915
7.15870357147793
5.78313186636318
8.50174193112667
8.04971842218894
6.5696932342421
5.83349575147001
5.63172582417993
7.96596181560662
6.50195496037251
8.34696791799699
5.76905091907327
5.81110533673222
8.36306843896422
7.51227585643226
6.1676691520373
7.14462567600915
8.28648717847491
8.48397848988791
6.42393673814087
8.77082158892845
6.92214714183994
5.56457195479648
6.23554199601828
5.99769426716221
8.46839835883035
5.69746067485468
7.28823192924158
7.78194490645884
6.76669411042867
7.60971494772649
5.91597445842927
5.93027667492434
6.51232035373044
8.42422876693029
6.82439556889984
5.8643070684874
7.28348517446203
6.80577568826472
6.09234897020398
7.64051483303983
8.52346364692672
6.55910969862485
5.99866154098168
8.42376855206976
6.481498475451
6.71134859370557
6.94930157228142
6.82408021493398
8.41493508921905
7.18345804772955
6.53160956858379
7.62773986184156
8.58912413365699
7.44547924770779
8.30319023209176
7.67881669290781
7.25885822053099
5.50659910447685
6.13890900621225
8.22821429511212
8.57896329749431
5.72393040126001
7.23572663596654
6.77048471012351
7.76293548823297
7.49527502778585
7.09420815774146
7.69897521571501
6.18077841504318
6.65128878941664
6.88643694755167
6.93427895387814
8.41119376225272
7.97496439890724
8.0334996726856
6.45008538548608
6.80847057486273
5.65367572763055
6.90718646830933
6.18198365960404
7.17243539378347
8.04586558252768
6.08660006285297
8.47365622186633
5.59062033765981
6.49698535575474
5.79414862141209
7.44741340784908
6.14161269490469
5.71000918173725
8.3610734832895
7.89319050342906
6.07373819212414
6.56803951971006
6.65443195359792
6.73731351932538
5.89943381307853
6.17545454479263
6.57062283431536
6.01173270228532
8.1335109759294
8.00075007137673
7.27537576589257
7.06947308960296
6.94596135053363
6.67824637010272
5.84155638400564
7.28271277839907
6.57097085351446
7.15739953278708
5.67714020801287
8.63796209662629
5.71412321964901
7.56127723149266
8.17847323558873
6.9069795665895
8.00487392516203
5.63685560796881
6.32278759215843
7.29060689454131
6.49168609943302
7.36929223548518
5.84640347239805
7.48404604198231
7.2147322567796
6.74564746659806
6.73739099432362
8.21896946546073
7.70767133469531
5.75348820572803
7.31347816376995
7.43368438927541
7.07202288525252
7.6617835648045
8.31603462367452
7.0201358407326
6.50983011163582
8.77260610334461
6.67256097598454
7.83866520143994
7.07381562993158
7.96010758119594
7.50647573614897
5.63378195599704
5.95451501015657
6.98238215272097
7.30886643253594
7.00692638918604
7.35122274800105
6.39171703973004
7.30028764656148
7.77174130064312
6.11546733054628
6.92934712279032
6.37466012233441
8.61446036903501
8.55067702815273
8.76528658863692
7.95671776988772
8.55228701371598
8.60640537699553
6.40074832470922
6.59481379378211
7.88392537467376
8.60326594815031
6.36146369397364
8.05565508930422
7.25704834845335
6.57925529721958
5.52787690487185
6.13744081794065
7.34285906816382
7.27759627489665
6.10375629492885
5.61757335103066
5.59510615283699
6.18211708669963
7.98315359577015
8.04602042325019
7.87418162231413
7.50562922780166
7.16955918060146
6.11171797354896
8.54186688033674
5.62442251957239
6.61349421665661
5.93343682156623
6.10145427550131
7.61823461609389
7.75041161065679
6.42993247712543
7.1968970360881
8.48657738334703
7.60471671267479
6.38181340145337
7.85794479038235
8.74527995261999
7.46071604791632
8.49522398791895
6.78293114378162
5.5876419705465
8.27665152813428
7.04552420681535
7.19338151313484
8.29778340624651
7.00020908237349
6.52860641433675
7.87602838650028
8.66289355673828
8.36988551218346
8.50009885893217
8.02787341521833
6.82409876930509
7.98649054161896
7.77287490717565
6.30733429389118
6.11273363134072
6.34562284631977
8.23062843998556
5.51106575285705
8.72029642011706
8.63364201597162
7.8132847606268
7.00695255743361
7.93067084945391
7.30390994036642
8.79771591803822
8.01640463481421
5.67514010929058
5.74964581295896
6.4557824387456
8.35385918274249
6.86956177338254
8.08501187268499
7.21205003431994
7.83748258495645
6.26399505070952
7.19932375013386
8.09130597497611
6.41489529999417
7.24288366307868
6.95794932359515
5.8070805132465
7.96770692244341
8.43120263246256
8.71062003738965
8.64402109005834
7.48456159716004
7.43240739478904
7.99282587638781
6.40698510742433
5.7427874310533
5.73312524975242
7.4480029368553
6.91642142096354
7.90186212764885
7.6658350848234
7.800358547919
5.76717383275093
6.21416229459587
7.0582482768799
6.95580635167278
8.65773494646207
7.21765309087049
7.56739342209234
8.64496193475768
8.22862813150747
6.34941617430705
7.43309461587214
8.57400228957346
7.5179640386019
7.35224343318452
7.46649239533025
6.51646840542945
7.24596891011027
8.02553441476557
6.11421953839682
8.40727238649552
7.37146033467702
8.20179364060937
6.52399350851212
5.52692892968362
8.12873391261145
8.10908242175425
5.69859542089874
7.78428998097937
7.65682957564603
5.81922432138968
7.7022171756173
8.76135609264884
7.53388922362054
7.62030135079365
7.37119126891103
5.87045827579329
7.08324429953319
7.6602196329084
6.4826713333173
5.98816237074408
5.77616942138535
7.21579466277146
5.8992617655419
6.70699225382809
7.13163358258417
7.96111961355735
8.5136547719906
6.27047578342727
5.91569236570341
7.90607175204526
6.38781030693937
7.14520777290904
6.33645376209724
7.90247688198521
8.45375792387486
6.48502205215881
8.36291143500578
8.42311349122418
6.15055517805572
6.21741516273194
6.46480052833078
7.06212879090726
5.88329100528607
7.52536362437605
8.76053645639624
8.33818341403493
8.24703946038122
7.37019032709984
7.50185652933721
8.29730060596893
8.24419005648892
6.59123281244966
6.24954355009307
8.77470296676482
8.693950980777
5.87983471708814
7.8581295109365
6.46239554026196
8.01824208690797
5.91658205695326
5.87626000350283
6.26334488452664
7.92807307938353
7.21512040001057
7.48582110256918
5.68747234323296
7.97200045506829
6.11084685998562
8.61541340053006
8.48582530610094
7.77179260334277
6.432742853416
7.00240672209524
7.48917123910834
5.73595972587224
8.07524515923102
8.00240743882415
7.55158139623883
8.56267939024284
8.0006922191427
8.77261423587241
7.96604878037462
6.57886936219294
7.5317197244594
7.41244767535581
7.96365108531507
8.15929486102898
6.75888347139215
5.6403698129636
8.04670487465499
5.60030815476658
8.10380217817705
6.07804772413656
7.07909142347585
6.38413402636388
5.69084616090977
8.11873040260024
7.37500592096277
7.61215836062759
6.84604848493765
8.45621203901964
7.39040918185447
6.74891749884786
7.69979472051037
6.67039998727569
8.02488808170458
7.64371560817354
6.04401838233563
8.17808141621203
6.68048530011333
7.8594426379209
7.15926501648682
8.19910787722563
7.9427741251886
6.13468380486059
6.5461737300336
8.24841391859751
7.72630804039216
8.39669546173509
5.96307011638187
6.89634109591216
7.19725303519175
7.91897318672142
7.23731706647016
7.42408337042372
7.77951214001806
6.96602268227521
6.98453451851149
7.84748956312877
8.05314604352104
7.88192915071053
6.92090658890486
6.48781934133511
6.3769474644444
5.66032420055992
6.7226116471987
7.47901522460625
6.08191019532567
6.04660501595333
6.07803640566001
6.36413910621498
5.63008195501354
5.90427355521966
7.9393521366159
6.32557882516669
6.33974735620974
7.02605698056897
8.64140853715416
7.01555859515975
5.96339239432577
8.26443874434314
7.98885028989852
6.85088541764442
6.6952845337335
6.34751169255671
6.71024228587304
6.38445427135421
6.48549096517594
7.67896167186759
7.74127580538453
8.78464171834364
6.25618898311303
8.44914257252779
8.61202855521357
7.69720016900911
6.70624038475959
8.04260607604277
5.89780596234924
7.25164523367488
8.06342747904301
7.06318974184821
5.60337062509098
7.6722131470722
6.9139899651556
5.64418839948781
7.25421098726161
8.10738297271035
5.99364383564372
7.52900737173016
5.66447692179087
5.94613155640556
5.71715011302207
6.77474873576469
5.52044815363349
8.06545088970793
7.64782237366404
7.93256429371275
6.90290096802667
8.12746829692189
8.36194159617871
7.3716383818125
6.61813237658723
6.85490759095704
5.70243604060214
6.35094825632516
6.38138804962894
5.71527625219551
8.79001938262448
6.7729066676948
7.91131875582264
8.18433100098198
7.20028097690442
5.62320771346415
6.11447068843409
7.7823558574552
6.13905820873205
6.37412625493438
6.05362504434095
5.89940143877258
8.21826923924684
8.70202458382811
7.83609890339208
7.45022912119578
6.4382536317921
6.50191173552136
6.52460156803104
8.5968903898496
5.77401134828869
6.20159491514056
6.76709573876801
7.97412216500116
6.68836515582492
5.68745483011792
7.42004235064306
8.46470328315573
7.88424790199258
5.87785522241966
5.59741181468921
5.73937357525212
5.94272850637192
6.55396252753265
7.92774340906032
8.24993741449039
6.09842848077058
5.83467431063553
7.41554652440057
6.26717158973622
5.76413607798209
6.09051341248719
5.6766742468532
6.92963545717513
5.75870527549226
7.90798871276405
6.65063256455242
6.31383085467138
7.36145502082639
6.36874816860488
7.22811178974863
7.45240355909157
6.30926204640121
6.0954376892747
7.67939806088134
6.54549728289601
6.8622227561094
5.83429145786762
6.62496121099652
7.32459527159345
7.64011219957264
7.7371290007252
5.82797317293968
6.43136730218787
8.30118826770002
7.59845322398644
6.98227781958194
7.17382422885944
6.31890792622795
5.52996322807783
5.75751564424079
8.70529599055823
8.31058916218886
6.55135370521996
7.37212897980518
5.69532905262686
6.66561917179499
5.74563855862711
8.14891049331259
5.55403434630983
8.63770853109346
7.78823295191202
7.71958855763317
7.67567533631357
8.76454862521852
7.16276018614635
6.86772530917885
5.71125537357278
6.56905219643238
7.23867739559656
6.45053977441751
8.22717546892022
6.77647968008303
8.0466405136001
6.27618673014406
6.70107083300359
7.50012864844439
8.43609095019282
8.19311571231487
7.41620594204383
8.77047687553921
7.06078358212131
7.13222979454875
7.31652427334618
6.15159058616895
5.53428779283903
7.77956274808795
8.39009341222919
8.44351460140678
5.72406926528789
7.62629159205614
8.41137709292391
7.58981076249867
6.95616559344562
6.63040480921507
8.72379224426167
7.2064580139725
7.18174649976242
7.32347713653465
6.12340342751696
5.70915770357385
8.32573387889904
6.83369519973028
5.84221476457624
7.35826382549208
6.60707507938454
5.88211629696106
6.62192445827412
5.98400059469009
6.89342976463665
8.51744539634102
8.52337932502629
5.74347842979109
8.60915358179393
5.91950165689223
6.36971723734221
6.35441373314172
5.99871917516241
6.82410204647771
5.95197158859173
6.16683347667668
5.69100467529942
7.54971319100837
8.1141859309888
8.68273954919501
8.3139988902946
8.38329940358121
7.55473618355636
7.20051631965192
7.78738140381685
8.41489253390604
6.31643856618766
8.0059995843523
6.71982866088016
8.10651016668052
8.32060132085656
6.79216947730813
6.84930315725578
6.75112636559924
7.52169046113474
7.76822714511887
7.94294501108957
6.46084300915213
8.77625537088911
8.22194545490059
7.94843040518013
5.73472452143271
5.58413360592808
7.40884841260153
8.38905675788051
7.79122095074541
8.09848893499973
6.60106790441156
7.68769249432298
8.01598700432772
8.30914495602329
6.58408712986523
7.16013030119936
7.53127478618259
8.36767135418175
7.51934102353023
6.00647924069527
7.28943593117022
6.23309577478233
8.10114084637529
5.7436061552591
6.05519897155465
8.7607176399387
7.02675539998477
5.76408762691153
7.8037887015995
5.65577824449042
7.65485825903029
6.27738038384529
6.56585710872573
7.84315296342525
7.70686068945232
6.07807891429608
7.18975494994627
5.68198561166746
7.45559673609052
8.11806819294585
5.70556696797031
7.19983560747238
6.75062847200856
5.50624753648304
6.628965106061
6.32962049413446
5.78116288117532
6.3145924248339
8.64804311472649
8.10814420783724
7.81814064634957
7.33760659126496
7.96591568296616
8.63563080019976
8.54782458820974
6.57721498110691
5.74831808805254
7.69267553313549
5.54431108147738
6.23713844568537
8.6177714110538
6.89058645131873
6.98743278704307
7.38460914935127
7.48247029243374
7.71874948215793
6.88937072298803
6.64721024314404
6.34991032772848
6.8810990561565
7.63435479536337
6.03523617525447
6.04285163160305
6.89754335255186
6.93489739887987
7.45769108559446
6.68248889120699
7.04427845212716
7.57817779023236
8.66135276711122
7.74160730297421
8.36318167908757
7.07216149245389
6.92799074267931
7.52950276381621
5.9779607543285
6.79631610966
5.84837456202077
5.57494672330244
8.27338234392358
5.77767443424526
8.72814372646434
8.63971285151525
8.49793246784556
7.2837549566908
6.58915108945674
7.65063507862531
6.81129683947467
7.4142530991072
5.92060424849934
8.31178757553329
8.21058181864386
8.5889690857981
5.99524245780607
6.11860338157987
7.2324194992843
6.29499204288482
7.36912257162144
8.37357935361483
6.60505178441749
7.55222930323854
5.58293958336466
6.13595303753145
5.51769261846852
5.62340132020944
7.41906208830517
8.50728188255931
7.23143688519634
6.44919364306857
7.67523403685423
8.53319763981883
7.66601411949975
8.18473392847809
5.67902808865706
8.21604154951035
8.42610140450306
6.40197873762353
7.73344968606323
7.59040686415828
7.25902832580787
7.40325176004197
8.65366728518787
6.7739488835137
8.50324990174993
8.73085172601298
6.72029586414302
8.21373669529353
5.76385660696107
6.78910444133598
8.46935809192609
8.52512028338552
6.92106996230201
7.56260228717114
5.82350250027233
8.2975704414407
6.46633875224374
8.53769422322652
7.09409951018117
7.96294718646109
7.09998979559981
8.00262660174099
5.78858282698946
8.13660998250122
7.95756510202105
7.88910440933211
6.1270533577405
5.83351834177357
7.31411865350811
7.19708461901062
6.09934209910587
6.92383662224458
7.47133209728142
5.5590080000569
6.45420446148282
7.55043716807726
5.54309569821399
7.09760535053794
7.61353374414992
7.78574795850895
8.46653645040275
6.02625178286174
6.49035199573975
5.58414720261433
8.40034424330174
8.42110403469654
5.65052303099503
7.58556044025438
7.8511212513376
7.15967887559716
7.68744342946043
7.72118189192517
7.17496690609976
6.89775690114605
7.45898312339586
8.5793554485784
8.06965977178249
7.12097297976848
8.19708932834802
7.32713745179655
6.6634992716658
7.3102592495079
7.18070754821129
6.48822417442023
8.40468662022576
6.83437599828957
6.50912574425797
6.85049391423906
6.71623871777492
8.24400532775794
8.52184231263242
7.95667546588697
6.47174890459845
8.1905105999102
7.28091709057711
7.96182467981485
6.63818363423275
6.5181270887393
5.66601906726313
5.71044018852814
5.7873236488875
6.33977655077994
7.88621049194401
7.41732243577918
6.73640219042477
7.78391640063707
7.28502745650098
7.47323660839856
7.59272611090811
6.00767695924267
7.45560449725434
6.45750696754342
5.79176780515775
6.22878593184214
7.65181921119953
5.73434028582862
6.17650029290759
7.50140162692746
8.40890624974005
8.65177148751953
7.95761424278012
6.53662204530468
7.85325091201527
5.80349910445053
8.50131085974144
6.78823044975967
8.28726193520059
6.96499332585868
8.48727560713021
8.73481610135733
6.72605214096106
6.79301025951954
8.67875133471777
5.52984163772882
8.47028829708616
5.99026031842794
8.50973619469271
8.15404556539428
6.87127474351792
6.83717968238138
6.14519683197198
5.86060025998752
6.28809773869218
6.23550147084228
8.26596435408237
6.99266019894129
5.55905776900399
6.49172725992136
5.81444676925045
5.57914574531245
7.06320460756119
7.49929143678012
7.00424871304023
6.63980364341271
7.11687546029223
7.75512984226519
7.39127039844705
6.67135655430345
6.07940246373244
5.51165203422902
8.37469471643532
6.6291095879111
8.43996906853693
6.63148935787162
7.09956379787987
8.25251406716527
7.65252343826611
6.19662182210319
6.2157285247806
7.04193012297926
7.95777825342328
6.15049138201084
6.07413136170685
6.59509827583457
7.0869464473563
6.49094174479769
5.95300185377856
8.48963239021816
7.46220058670057
7.58140027167284
7.66160055294895
7.81780707976444
8.70849957027357
7.67256217135127
6.20829467970084
7.77239802725807
6.55410741466908
7.60542696531629
7.58158277091101
7.89817212712077
7.89972956132949
7.95380346691616
8.23416578864581
5.85957723928021
8.10197138914727
8.79949652187085
6.45111811191503
5.75830342538093
6.97054211514286
7.9981345157086
8.78616091457961
7.32146740293325
8.38917061244438
6.96275878298228
6.86881544928956
7.49192304014283
6.41125968153652
5.51922405084339
5.91806941322941
5.98906811235249
5.86617810928073
5.95812866376825
6.8620196399568
8.77674713426808
6.84850836446822
7.31331608793756
8.0599972960311
7.24414946902943
7.92594354606976
8.50989784342676
8.77153502336467
7.69304224257185
6.83623922772081
6.99897566531985
6.70274951064896
5.65389433652157
7.70446421605163
8.03661569835865
7.89778589941313
6.94567291138577
6.15892651189167
5.50375319514725
7.54106594284322
7.94302832520461
6.76392423324417
6.60197689051903
8.53095150136363
8.38010431683973
8.21061619571595
8.20653373560885
7.66877351364445
7.12384216476676
5.85207166616808
8.38982232634832
5.82480595834144
6.43467842445496
6.67989904234096
6.55915420883853
6.93395534937508
5.72501536900181
7.42309130976902
5.5375085294903
5.98753800359896
6.57505443898193
7.52747645610559
8.31396233734778
6.69520862193135
5.71131193325364
7.67134663664835
7.38049847643033
5.67843936330991
6.20156929146631
6.82951167672212
6.35379413637031
8.76337116662702
8.7332399945883
7.34758191517544
5.7919537595714
6.05006571725601
7.995450083659
8.69397884467688
7.8934949822856
7.28482371274322
5.83077586820327
8.67083272921972
7.92965091019016
6.30553624430386
7.80850849354663
7.69810828329123
7.09655099356851
7.60850253804469
6.59006258613042
8.36557306100562
6.67667817243207
7.28579089162088
7.71021973542652
5.57850568433898
6.87757583040356
6.36119856528468
7.59017379457717
6.46674210642833
8.22615415569697
8.19394133813304
7.68744237549561
6.91488968801632
6.48430277949378
7.24608264500181
7.37099736860144
5.76020543049506
6.33067349465235
7.94282904719462
8.46571714466375
6.43417421303161
7.06879706040957
5.93003456900795
7.5596598938811
6.86629641690859
8.79293677560728
6.86005113959344
8.13725813455587
7.64559667379691
8.35191956835367
7.79634908557839
6.63327347880882
6.63125134892401
7.51067611469153
7.10948943343424
5.91481909794384
8.14341359912513
6.75096525710925
5.50223780078791
6.29057302237196
8.17240445305591
6.96561918698641
7.04484263806535
6.69517723089428
8.58307908632192
5.68433426801729
8.66195487337179
6.063694966646
5.88287718794914
8.58964259077738
6.27715595960532
5.58217632417762
6.2012734960776
6.37880626350071
8.02276589806
5.52085838189225
6.54651515021943
7.61472272584503
6.55762360759376
6.41933736609277
6.20647824655688
7.5031193434112
5.75891951165897
7.03872383602322
8.08681552648631
6.18585803316362
6.34187860496828
6.65703108563519
8.38748060110999
7.47437288123682
5.599875008197
6.40325298544677
6.78343127800464
6.44735021027788
6.05770511473385
7.93033952175228
8.21070535371295
7.29231201315075
6.63184392240786
8.13569311225361
6.80839447961082
6.77299220603947
7.59322081347056
7.0148475225865
8.42220750990933
8.25863854947294
5.77462588603495
5.69523089980966
7.72519361950467
7.62684623155941
5.96153078481587
6.67057756239055
7.39103391746605
7.31641869745353
7.57996199045966
7.50745629801326
5.68500827798885
8.3194701439117
8.66435668327318
6.66137934785361
6.59685785319949
6.2128330743
6.03275525493082
7.81921709182505
7.89320880891297
7.80378864769092
7.19957583522707
5.91155508721143
6.11517664645934
5.55030469845356
7.03301319422288
6.31107670463016
6.68058184138172
7.39278964074757
8.60791943440272
6.99063735104633
6.96286927830998
8.39660283870523
6.71664833727212
5.96135678770579
6.83524298356591
7.23341141575413
7.9483703457236
7.3729139862208
6.5091403096408
7.02853517573706
6.3376535467527
6.93020718764639
7.80513616953384
6.42125363085353
7.46077328381487
7.27217376698288
8.05378429711005
6.31565338830896
6.49990363712255
8.65339626571579
7.54323384123869
7.44551461833299
8.22815959408237
8.37994609128622
7.40009432422217
8.16449923120406
7.31998614041551
6.09979390782152
6.36621861582133
6.52691409340297
7.42819476417464
6.48526701130498
8.50018530663044
6.2405963441976
7.0237569163912
6.07222011777682
5.79005209782479
6.11276289830102
8.51426330036305
6.12361233120358
6.18203637875902
6.67455997403173
6.3165957279965
7.02094237116527
8.67714444753472
5.71586238604974
8.02980632038464
6.31605982494069
6.07456493492472
7.39159165257433
7.04497893597678
5.66978740256945
7.96437559621132
8.56851451711142
5.64671880822849
8.38062098905926
5.87773653368097
6.54897782435401
7.62395652052089
8.58414329923864
6.31052528316398
7.68030088910131
8.71644247743833
8.39744674630071
6.91002182082365
7.63365762997358
7.33838451320888
6.73881247107889
6.30758674450088
7.67832205003735
7.54435219004209
6.75618396600853
6.51331883532025
8.75432397413813
6.11115409807488
6.52482232335711
7.67346551614214
7.31685074115051
5.51297573882278
5.71310811343422
5.81858507584897
7.0193468437544
5.51585692040536
6.32269727356181
6.74109705075168
6.76664686517923
7.48476317860703
6.22408603901327
7.42055888777616
6.16905848177099
6.60408145951756
7.61160107236377
6.83105014826889
6.5674792080151
8.42659779677557
7.05953267966853
6.35331483030401
6.4167155642497
5.74629212517778
6.30810715235575
8.49827675758072
8.03433010139973
6.03603976010899
5.81057223600302
5.84420385318691
7.04094188167465
6.18422249766977
5.98669339372692
7.99344261222877
5.85979402868646
8.53929272947107
8.49306873593258
6.06050862630239
6.69671116459301
8.44101236444876
6.82603296601539
7.44763651429172
6.45951431754
8.40829726109767
7.09013247704938
6.31919392353045
5.924572300926
5.80617216046905
5.74107088403392
6.12646786469841
6.69472354611086
6.42623102956964
6.30362161649679
6.16467702273381
8.44951766839208
8.17005616409743
7.96507820750628
6.0041685344921
5.72829573516931
6.31692966652252
6.82327904751588
6.96032897035682
5.80757405890029
6.91135571246572
6.20309760126972
6.56277426933299
8.18886790366223
5.72099722176606
7.88904868700728
7.50296539981249
5.93343332454129
5.84615922794972
7.49222193269124
8.64660983331264
8.1713144856268
5.51233735539022
6.87340562647314
5.64735918995551
8.38695916998023
7.20092808362997
6.13999298565725
7.25791650086284
7.41906754734041
8.00196158474178
8.72410966154133
7.04837838242523
6.98151681613303
7.32996568819947
8.32070289506576
6.45242289861662
6.47898440863154
6.78950859168698
6.7099195631617
8.68428344860098
8.60128536184041
7.35698748590295
7.58958043686436
6.54650493675378
8.55603846627008
6.35661749543047
5.86734609997907
6.430779603661
6.61828567574306
6.57474109733554
8.69179525341352
8.72449455013644
6.91154390823192
6.61183320932789
7.43106057557983
8.32970226907666
7.12357702736436
5.95462651889025
7.75673731379168
7.52767601876638
6.36181250863802
6.27587004308074
8.15485360026191
6.59021087498602
8.33160230611424
6.79349483642046
5.55590275055
8.15571765595998
7.85239889636671
7.13673147168698
7.40641819152938
8.21794183705103
8.03336935328069
6.44656228629794
6.1960515655515
6.23990659502737
6.90999257962587
7.38351406144741
8.5136691087846
6.00388539346718
7.60106699192377
5.61247418206769
5.79204998278836
8.031442672981
8.21846742044879
8.29701525273729
6.45467584811598
5.60254889216335
8.73391850605693
7.35355519862386
7.54147463347153
7.43998183700299
5.95931861715373
8.63205830154182
7.36576003246387
7.64733072385914
6.1704802038143
7.14664884975376
8.43685928310856
7.28115137879905
7.03794696412592
8.47112775829462
8.76961925072089
8.11904503881586
7.88463676941437
5.54225473911089
8.19845053130994
6.61706635273189
7.98729371535727
7.97980248529738
5.80109314248222
8.65247917599134
5.55298049126723
6.58679495934106
6.73225764942189
6.33055739265522
7.7553277589322
7.00343770275769
7.79038071319351
8.00122442612344
7.59665429498243
6.46432712097107
7.04601991334907
5.86921730199448
8.64673736799023
5.60595228130993
6.05316744437476
6.91884108846748
6.30638142304716
6.5647958788535
8.07278167209144
7.79502458013489
8.50776099412968
5.79163567734602
6.75729432641973
8.00857710783656
5.91733704554597
7.36871523643522
7.86218961969833
6.74969872075225
7.08285375139941
7.15778842315997
7.1694660975223
8.27405526112696
8.77492789722393
7.75402629496055
7.70343851862561
5.85794885874171
7.04946802378386
6.18552455339326
8.59628096224026
8.54867149752569
6.89347993677223
6.55412202863104
7.03367608055089
7.07008266399883
6.93114557875627
8.3258099475179
8.67869903138751
5.55266547924479
5.51677836449433
5.77541117775395
7.31756761137462
5.69508284029897
5.56975147666928
5.64394490823455
5.99623851396549
7.32204172284015
8.25210709124879
7.17931109505469
5.53332100461846
5.72843818394303
8.55305893474671
8.67954369628533
8.22959818272428
5.52973826632067
5.85027723378929
5.92156526252679
6.2472589211767
8.06349233374704
6.78850214705092
7.70605610674111
5.67838696833017
6.53858333778786
8.24913935492835
8.29290867912997
5.54419266303967
6.91179372553077
7.57337813838367
7.01124362423268
5.98288592907043
5.91705155724542
5.99800813419693
5.51520808769148
7.21236073176212
7.6764697319564
6.31378842948696
5.70561546561591
6.23147559561355
7.14878779947303
7.67437831949366
7.28715739394075
6.58337654447185
8.28336346589031
6.67452037819976
8.73609975556004
8.61829498438897
8.55447364588471
7.62158879368801
7.0822516697588
7.72851424371827
7.31204039867483
6.18654635638063
5.83340668953265
6.23436107860872
6.95844164283668
5.68539973922015
6.506672521441
7.14333749688979
5.58905359710442
5.68578901232575
6.7553529757265
5.93908765771297
6.25705203071219
6.42618274225844
6.13665592833457
7.40940699252363
7.848820800123
8.76527648703534
7.99814044573823
8.04992441802454
7.17743198360585
5.8008392112444
6.09796136625138
8.26527497564034
7.9373966640319
8.04775000325052
8.34332429652991
8.78880950291474
8.30373357240125
7.42473817107666
7.55722799526653
6.77781829201086
6.78988423333162
5.62841710709701
7.22411681297246
6.57733732100529
7.56026136845953
6.52560133937922
8.22677055715616
8.758390765997
5.75996693310477
7.84038878244708
6.48711707409799
6.20765718431274
7.77162373041222
7.97210367292267
7.48100996203716
8.42196598674712
6.120657938253
8.67820475941119
5.74368555421498
6.22302098308391
7.51101760646849
5.80327538134456
5.5525916963757
7.52029289809758
7.53753984468834
8.4126695957881
7.03068891784454
6.36996773729407
8.29801812808502
8.60953878734809
8.43795132185138
8.22298692153138
8.10296720940273
7.76165196286829
8.64515385921683
6.01360927804102
7.48515804094705
7.00992680875456
6.80629516763378
7.16904175134769
6.10033177413251
5.97058184531748
7.55533583500223
7.79297216333788
7.28948494082055
7.24983807984673
7.73214477783965
5.85806430693134
5.68380082643704
8.63814093006023
7.50824174964065
5.76223328275276
8.03649963425543
8.07479058116756
8.40647442212193
8.47874288186187
8.4962659977565
7.52055619860139
6.78545403028702
5.8693425986968
7.7091086574157
6.29842291983403
5.54020038726395
6.09039109794514
7.19524626520423
5.95718990876193
7.38053400160181
5.67276583368108
5.51072371231903
6.99156391147464
8.5880587813109
6.5832343101647
6.54545248236753
5.59509903392565
6.4469450263567
6.33342953197994
6.83316216734728
8.52479434573907
7.27379488174539
5.73047251112603
6.79788411508839
8.31203731041003
8.2424595028427
5.88765691276007
6.56426737923211
5.96390444841659
5.93993388083444
7.00899449833766
8.40960693767369
8.31964723418097
8.14166249362642
7.85900958294513
8.05402128389735
7.9981637051922
8.37778538905766
6.06473967568945
6.5540929889204
7.21000360294785
5.68588347671117
5.92927877256505
7.64155396660433
6.19028654892809
7.89156429077386
5.53258930970922
8.42601784410098
7.70649013725099
7.3351120659234
6.39574638818734
5.67237106991229
7.96839349021693
6.12781073532476
8.40448177904034
7.83414995218305
8.33668799091387
8.18814639592486
8.22327521016092
5.85216017632205
7.53467403607956
8.46783509459484
6.74936960183386
7.85384553315708
5.80851059376832
6.66261157159257
5.92587030803071
5.86723912833223
6.93507542043177
6.85775839489345
6.3540223225643
5.66612034641937
8.28252097414804
7.38921506708163
6.410345382266
6.10863859637068
6.59053732956414
7.28881435700475
8.78505152767613
7.03227288444534
8.19703575500237
6.63546086899683
8.2610724111143
6.35146881506248
6.68925932122253
5.63635725021845
6.48609970647075
6.65217454630813
6.11838558979017
7.33441496791477
5.80957681427022
6.02550843045819
7.09190979124319
7.60246035834151
7.30208394752316
8.27239467667539
5.97831223870586
8.44813185992588
7.44823084188106
6.81562497872873
5.96398801072224
7.17272171248945
8.5151926164124
6.62846598963188
8.19269789600015
7.19141527069136
5.50890038937661
6.61042351707941
7.43642906708119
6.20266680899233
6.76144277951289
6.50037287544906
7.38072517964177
6.53349960917218
6.39861648127156
5.51039625276798
5.71248850947214
6.43026229698034
7.65075921858172
7.95779476752655
8.30134225816211
5.87189620042031
7.46572036696666
7.72725696029814
6.75756507039631
7.00626392017034
6.77626583347894
7.50607974728007
6.75212134208267
8.37421283650956
8.07160102083521
6.73694303221493
8.60475996750369
8.57371120753506
6.70206838646639
6.14429743816391
6.19406100285577
8.64015670339792
6.86276881329357
8.78944292406122
7.29626054147345
6.04280723003945
8.50174850638734
7.53476422177793
5.89282008505656
7.81649505461847
5.77624357902288
7.36319125427394
6.38397016002706
8.23523462750303
6.51496136917842
7.76011488215112
8.37044652503696
7.95169838308952
8.53221837217573
5.70181045897111
7.86032993854765
8.49368179048498
7.97100807159535
8.54356375463881
7.72123065881909
6.6559510418287
5.75502370309597
5.73817634968847
6.30722048198588
5.78117595706374
5.82604765002657
6.18371042701372
6.59105832019175
7.85774590966629
8.16801354597535
7.38989849713745
5.69721172082629
6.08171151822899
7.45196342915378
6.6690560982962
8.32367150529033
7.794772758388
6.17478556948695
7.37054195255003
7.30836004236473
6.2168470493424
7.83468894842928
5.89169798361421
5.65957904876911
5.99016960334753
7.74343772747045
8.1776491440862
7.58828130452355
6.50672866687562
7.4151694301987
6.37815367665042
7.49644160334422
8.72647413575841
7.09670892548104
5.65878107922233
5.555864025996
5.79801287216076
8.53411359152816
7.26996318258729
6.41094748879241
5.63112008326794
7.29831298326388
5.8494267722879
7.26382761229493
8.64239490324714
6.49320217924021
7.56434682049741
6.41140879864442
8.25860108356799
5.57528626761667
8.02444906474582
6.5589483000268
7.0828851164286
5.7645369906929
7.07916722481274
5.65327750500933
6.18023012077963
7.9077747150114
8.42302744263185
6.59166468781334
5.76641288220371
6.43330782152253
5.80999267264801
6.67765059810074
6.37215268036251
5.76973696385808
5.90403172906966
8.13990827483727
6.01139617267253
5.97670610020925
8.37555615311744
7.62295986861961
8.41294183013532
6.59666256465234
5.81738779087271
7.36168507916233
7.48576440658695
5.91022229548597
5.93744325421211
5.87672026169788
7.28327178907966
5.84941577787036
6.02948789446221
7.55027776844797
8.65844394273291
8.07035403281681
6.72456732616139
7.0148736540678
6.33696652525232
7.4565919498391
5.9946183161251
8.75845953887998
7.6782154752828
6.05170556604791
7.84000670562483
7.61587476630626
7.49936022826509
7.16881728480198
6.32137229534033
5.56497922088403
7.26635642512793
6.25270770559808
8.44608884626641
7.20431454038423
7.26079156216502
6.55376160589621
5.73508665279351
6.42423384441996
8.30704289015027
6.21777888018548
7.14732985166209
6.45189027435818
6.36194256542668
6.04114213675475
5.65769381205364
7.93519897245727
5.52101778411599
8.00410205749628
8.44258824209068
6.58740526134035
7.05262347406853
5.94316826554904
6.19260384531231
7.36994681907287
7.88136545642745
8.10375218999665
7.94286983173341
7.00183787215653
5.82304163908349
5.76845521870208
6.74816207233026
6.82888220686181
8.44732628726744
6.86579895911429
5.61929455935796
6.14518820958205
5.92978901529678
6.94447791436843
7.68819351712677
6.01071399906093
8.69987193391808
8.60506486950715
7.70033674857414
7.08436922668365
8.53533939135701
5.72662569435266
8.12302847266012
6.40550256678945
7.77800467886424
8.37750034765717
8.34572926022442
8.28779988582088
7.21966638265664
8.34571965688904
6.29167576685457
6.23401295991814
6.30832621215529
6.41885795467592
5.85550514406959
6.72460826660889
6.16313943073516
6.4158560813575
7.70898059917147
7.20628196879129
8.33914010989171
7.49564320450376
8.76649413175483
8.29444300465878
6.31923150615764
6.5220267293572
5.75080872108406
8.48974548739952
8.18762633597677
5.55968244170125
6.83202036874638
6.26005448046215
6.33213416509384
8.10856071466751
6.02859804907041
6.80059904506919
5.57470069659415
8.03561204591333
6.48655594307565
7.90692747932426
6.19991167725581
7.80833273945819
5.73958940074062
6.48220267957384
5.66793037524184
7.63424279968902
6.12879272676437
6.00724869045027
7.30522831626928
7.46583650887382
5.82048825572239
6.01257216779664
7.02927125243978
6.13772684111194
5.9803977999199
6.2810576273387
6.16840206444042
5.83684074467367
6.50304720852447
5.94425857816942
7.7879305972227
5.70320583412522
6.164564466259
8.65703039973923
7.93310825428471
6.13229733047864
7.30715114243948
7.44749996021467
7.30410802791605
6.62703686190127
7.10705048334802
5.73566476905532
6.8058539421008
8.19445009889641
5.91019750247305
8.24637339958358
5.51605815152623
7.20388949669997
6.43108390147618
7.96261308300512
6.8588021712548
7.54243296641564
7.68645562350542
7.43454168920128
8.56397645297427
6.58244471564393
8.32493283313082
8.25893685817563
5.69812637821887
6.17169261567996
7.05327943446302
8.30573085331083
7.07007213568704
5.87976077236928
6.1250226024745
8.08839100618371
5.74509969202307
6.5526650487689
7.61600285061094
7.06712348674451
7.76605334409553
7.82278467256239
8.46946868129536
7.23359568968754
7.37660800278599
7.990018722902
8.42658948251127
5.79820807034367
8.37287216931529
6.80094889805666
5.57577911388521
8.72943574212258
6.389523772369
5.97497740415132
6.86500675232148
6.49151630456008
8.06447006003604
7.21708754952698
6.87550447704852
6.1249072823736
8.64066514365345
6.68825173325054
6.00995043347982
6.60646690279646
6.49932787421621
5.68113815107668
7.0264765210338
7.71523697045102
5.6928410427961
8.11409305782205
7.6304671205849
5.72849351358009
8.72146204426838
8.4561379037002
5.88704378778859
7.9408877405603
8.34648154803707
6.18182003004585
6.00063075032686
6.60292666491608
6.48256892365632
7.55563336013477
8.42281887185732
8.58113300806535
7.40778514713481
6.96394545406983
6.85512468371552
6.06529438937252
6.47736672099281
8.10721297050191
6.8726511156841
8.53621481998137
7.99489440875241
8.21678307172507
6.40840911309441
7.42059451600639
8.68030038387387
7.68627401242566
6.85647750127482
8.46345164296779
8.51204992919074
8.50630261010605
8.37418194292821
6.22657424947174
6.08082029585339
5.91415365861125
8.42468683164942
6.22179677228477
7.80820486722603
8.67640177945715
7.63236708385946
8.11795922362474
6.60076443337874
6.87916833461391
6.10457527748445
6.21117636464442
6.68843709134688
6.72632335040345
6.26993727754825
6.9041581109238
6.50224420723502
8.28937651234151
5.78269792697902
6.69400447945725
7.93633559726267
6.80998456451508
5.72642844952546
7.38067409402219
8.47530211755579
8.42621824784861
5.65363340859026
6.41386858512034
7.25275183840745
5.55778363007118
7.1487273177597
7.27294663302809
6.04279377832875
8.48114801020785
7.88509914975162
7.8224002837342
6.78607902519403
7.79518707820025
8.03223844798648
6.57162727592746
8.19265143449578
7.31378106852438
8.32330291029931
6.81021846816303
6.97829923833185
7.18728886903117
6.21337959574442
6.64907689032732
7.41101321862172
8.06016361772877
7.98394931592145
7.7131742335328
5.9086664932796
8.04084656773958
5.78687008393654
7.5937894099457
7.3150538005299
5.94001314705522
6.97857575826593
5.67334274852547
7.59375762353209
6.02431746809175
7.17342355574668
6.28641606832914
8.51359418992273
5.57651672073772
8.59644634476056
8.18482880649349
8.37551762166701
7.09549248143359
6.20876151494268
5.8844245449194
7.65847022067686
6.87550339204018
7.73115902718901
6.97064151113041
6.58237392768642
6.36376563994295
6.50345657938695
7.38737866997764
6.2184374477666
6.27135558669241
7.86672511711482
8.78400725862108
7.84686819460516
6.70397889986071
6.98167962473028
8.6425835903836
6.14597806342428
7.38722738488946
5.95037616389433
8.47684319990421
5.83487707682572
6.14775828241515
5.59745200318104
7.52793605413193
5.79606436705918
8.28631668978598
7.10091188913108
7.2903328803893
5.89766213499845
6.84918666611066
6.25129132822938
7.14774281131301
8.36037193805364
6.93827006548551
6.96994781218725
7.85980748498299
8.48105385649649
6.45484340673118
6.50606503285146
7.31704258328143
8.79743609916635
6.49372077047712
7.69567072582924
6.45385976341421
6.50338315390957
6.41285920548465
6.26084170106848
7.73692450759564
8.11504411709167
8.36484377795251
5.52554607387406
6.01497092847965
8.79344375557393
7.23964324743136
5.9356755331348
5.90712092540726
6.03530244043411
5.9016630064347
7.32224912937532
6.70189088925878
5.88516408309389
7.79745949908689
8.6133191257216
7.03566030658615
6.99324536934628
6.00697857105991
5.51083249151673
5.5728246678609
5.88086099974193
8.59728680752855
7.37427885110681
7.5410441088472
8.48384174915744
5.96828271301983
6.37516879081863
7.159212932177
6.29975504429536
5.89727788698195
6.62535514818375
7.3921278033529
6.63630509686906
8.24204276948343
8.09080049939891
8.48272346070998
8.14823925048754
5.74054022396491
5.60971717457822
6.75058828654021
6.465743528213
6.97127325021858
8.66225282013252
7.02224329954413
6.34191370299694
7.49810601402457
7.71563871269641
8.73308951757675
5.86503831450796
6.33749249938697
6.40647133411982
6.87513625274275
6.24037450961515
7.99336139773081
6.40321368671798
8.10145140737535
8.31905374471371
8.49548563339757
7.57791668369721
7.27829273011487
8.13326565267866
6.22962150314264
8.31145929814047
7.70551965328012
8.34298322958623
8.49794661555534
6.54250205007183
7.52131995569999
8.78368289236146
7.7267888879009
6.79659761946429
5.78114810014067
8.4655246483337
6.79289400621869
7.33841119198903
6.63946519216531
6.71784153851844
8.24732210192838
7.66110866988908
8.02753250791604
5.58708648423167
6.9193218539158
5.68337352544746
6.01817183387783
8.19244226331282
6.64188351274595
8.06059608856276
6.83174842552108
5.59385858746515
6.45826803104667
7.53572745241729
8.38825100181855
6.35713591264238
6.674627735181
6.57620104842052
5.52430568954506
8.18946319763734
7.28448464196995
6.88471204003462
6.70862399069804
6.93099496597638
8.15538273616722
6.07524400541882
6.72066831627584
6.22103166743219
7.12524103960819
7.03601721004603
8.690440184293
5.64830812615801
8.15504310624425
6.88555599597863
5.65385085533508
7.46023535774366
5.69142818211889
8.35513961853915
6.41895929769415
6.88641902273063
8.22762172501764
6.80380001890295
6.53332085370859
5.59706001780384
7.98971100422469
6.87900267873864
6.91260532530932
6.23545366442389
6.88898667919604
5.9923970369205
7.36886435588567
6.46119711898344
7.92400349853399
6.54653415000337
6.80983167702009
7.90264675796736
6.3919827308839
7.39178750714863
7.80213901368719
6.01635183566628
7.68871434518213
7.16621874871555
6.95511096832293
5.7743681028168
6.27971854312261
7.71381494248586
7.92845830169381
6.23506294905232
7.09581779877677
5.72997175144569
8.73039735524397
6.12139877128097
7.9971197101653
6.59327607652475
6.95904407217665
8.61255335491152
6.82211581108918
8.31499355519489
7.90373492272236
7.05331415308844
6.343782027404
6.52262555280522
7.74160165652805
6.90222211808794
6.21901807430196
6.42033939159351
5.50607267341821
8.61978115377212
8.10701452706971
7.60186970603716
5.60500082020826
6.35128595123055
7.75839539472505
7.01820663425217
5.90276614399433
7.16878763821078
8.47110216990357
7.33713361144017
8.73960335733295
8.1132869955723
5.92159651936638
7.14379901357354
5.54593173692844
7.97717027188415
7.24060312871362
5.70825747714731
5.52156821326498
7.80084148990872
5.73617541670507
6.56707470636269
7.79481778383859
5.95013244962255
6.51686257228172
8.06393743585756
6.93331354658537
8.33639943550646
7.01136431395747
6.62814556338485
6.33458933368147
7.52252609563629
6.33664196637302
6.39918043169534
6.19719005971403
6.27091486341602
5.97054072995727
5.57359412318592
8.42511578696968
5.96799180331369
5.73660577424295
6.92979667525451
6.78113570090268
5.88165258236226
6.95550174247558
5.56173339498705
6.73374717457958
5.95950980559114
7.19673357161183
7.72727606563967
6.45836438625908
5.61374507810378
7.37283559654042
5.92041338710415
7.65405449707051
7.28390623972535
6.18040028906859
8.31573285775981
6.05039093537293
8.50422389215538
7.81543805261983
7.11113045533196
8.60997225210736
8.61000121181412
7.09322050200348
6.16944230283099
7.10426656468816
6.90008227126458
5.94216078618819
8.0837435259439
5.93019739732178
7.43568950768948
7.20400159681931
7.33549636446488
7.66492108654617
5.85907422451144
6.02883399384624
6.83639898654646
7.24234525006192
6.48990727787935
6.92013468867066
7.06405986509935
8.07124810921938
7.51906493962538
8.60392533854676
5.6738497469323
8.32001696021583
8.74988364286451
6.79120603266023
6.81991675134191
7.08350216650202
7.22787110898934
6.54049681011435
6.62949605954807
6.25834367022543
6.72431366241184
6.19287841912726
5.75082690903957
6.54384812858422
6.50539745919599
7.45272725435223
6.34961988451827
6.24468748424854
5.656597380219
6.2001901926826
6.43837628861364
6.64244061915408
8.44341390242634
7.24139849062155
6.76064123390637
8.61553633176968
8.59082102449566
7.38930919192572
6.58808508111119
7.35623910401175
8.5687087282632
5.62462660960204
7.21497871355488
6.19631859182223
7.90030710084437
5.97240894520892
6.63507284759383
7.13777209843027
7.45345352636126
7.50117375018563
8.38390808742752
8.45428957674501
7.83489993057539
5.60134824659689
8.07208229472948
8.49736144948586
6.31421911351079
6.37795331016149
6.08714536879228
6.31962916525812
7.26421705257772
7.19861664259735
6.03874857001579
7.1625322655231
8.04170902879264
6.52784970235277
6.54764281981504
7.40220062628588
5.91385674512537
5.87108641384793
7.98728580442037
6.89311465101084
5.55334584743519
6.31802679753362
5.70250290854227
6.93917967633419
6.28813989999037
7.24434188680351
5.59744428690057
5.54349551004235
7.22431902524674
5.56410212451888
6.09327802029648
6.09441855128453
6.05887339162006
5.97544355144068
8.54971750360568
6.57645179031199
5.68897404969691
5.831481127679
