6.98794380512554
7.66305210707627
6.98581275148983
7.79425721903424
6.42880901887668
6.38738516350365
8.60722454579236
6.89561046784856
6.18624439437808
5.75719563942285
7.56561548093452
8.56988737548991
6.41343591412672
7.35164536148219
6.02132461750445
5.84387950429384
6.36406067940796
5.7873275296802
8.07965584302308
6.71490122586426
6.25545016690669
7.4882017716541
6.82042275094022
8.6844519227269
6.14172348608517
6.98883400434293
6.81999651456186
7.28205878584511
6.68758617830889
6.09006396693338
8.28986171549295
6.77972209127768
7.23556938313771
7.61410930694922
8.66255358166404
7.70102969909012
7.27790699925092
7.9356218612692
7.19646669851032
6.2462072635414
6.89943864406582
6.73716840210352
5.97865010708133
7.02388023007182
8.48942956610958
7.62247003807637
7.37613117549928
5.95336674159032
6.26800746807859
7.6264251114199
7.95563127723168
6.81749465563274
7.38495469801848
6.66943096612304
7.92067699677445
6.34216566261383
5.61630121298368
7.14275099344509
6.45622751435884
5.95975056365846
5.57010505185483
6.66430147407108
6.46929440484751
7.96259866535346
8.68008442173202
5.88652555575833
5.90707215271657
7.78223711685582
8.19543509998342
6.42482094305365
6.40797071178189
7.69297413524362
6.96832838566237
6.83358758593633
6.767517609233
7.20087910038743
5.64416017690474
7.15393493347539
5.73734599749229
8.1023207463081
5.89812413029094
8.17584528608623
8.18829837368558
8.70115678513409
6.37232872877066
6.57282200562445
6.31978308259077
7.60070678725231
8.60452863435153
7.45517778156217
5.64746397233998
7.62677290773817
8.01519652527966
6.61835551745813
7.92455536288326
8.66767372123616
8.44130319518309
8.78577815765925
8.1675497439604
7.12203213448473
6.70252380969767
5.56384510333905
7.37199146107786
8.76899896782872
5.98519901520278
6.18693668989351
6.38004137615075
5.80880125326691
5.62324046774247
7.34131949492723
6.50585598729342
5.89598500954643
6.48666623249843
6.77202951473969
7.54262627791473
8.39349844432317
6.53472394472825
6.10794731542436
6.45387849561026
5.62365798876142
5.74585354975248
7.51805423188518
8.73004925754665
7.70751877065142
6.92604708870071
7.24239338294936
5.70964629387106
6.39698134859811
6.45177926376955
5.86440022776768
8.21939771134467
6.69393228747291
8.16627928248878
7.08690113375914
8.43062297696914
7.69661721229704
6.78461935659282
6.59456437533794
8.58333730426623
7.27210883327403
7.7584301579073
5.80490437049371
5.77456770643233
6.84987004702083
7.38086933555681
7.45179289655543
7.2025548337906
5.51830186152401
6.01107344573556
8.07155969614981
6.38821566123512
8.65638127853997
8.77815410167539
8.51141323368515
5.59288744196916
6.81317580907831
6.23462603358474
8.03966019343601
6.20051606881947
6.72876271550277
6.01759667583178
7.42876136401501
6.97931518652244
8.65592456132181
7.86603276529508
7.51869882730137
6.39136224126626
5.66151374035897
5.77222188431936
7.65781403068474
6.39020142243428
8.73348487943117
7.63157965815975
6.58642137093292
8.30958077024939
6.71342708741449
7.270951305481
6.0624149243994
7.24224460123307
7.6232260934062
7.58527963524351
5.65925097401409
6.2054698620704
6.00502667232158
5.51412376247415
6.66187604770395
6.19494869864391
7.125112166819
8.02123849394416
5.55930023647421
7.47529476181328
5.93880425824723
6.99761083917966
7.94473368807561
8.76519831776556
6.97538226389833
6.28840401326746
8.49111443192706
5.57240558395693
5.65880121733891
7.08857783269013
8.36347917396982
8.27311629478535
5.7046985928884
6.2694907186293
7.77120510357163
7.74522506610702
5.82623622866199
6.12757066723751
5.72795457269861
7.94700607105235
7.29807446659845
6.22295346121594
5.98479638069189
8.34870652746072
7.35190542716908
6.96817454447954
8.52573851147575
5.69074981190734
8.21272809483688
6.6856211732613
6.03408143296236
7.29909353497884
6.65844792873076
7.46667267853347
7.55831801172277
8.38930856128496
6.72747063799641
6.14579022025906
6.11823638868886
6.47793439113206
7.63601442166286
6.60012979937934
6.51745380949695
5.54305524011403
8.33539734947272
7.28789540263341
6.15336539433592
6.11227052811146
6.16157015667968
7.34254957308571
8.22482032218815
5.86138568904032
7.73075765009956
6.84717194542636
7.77908412648511
6.45283924783708
7.45789931309566
7.49866928777253
6.36798390796904
5.65987749483109
5.89440788646659
5.52992512480018
6.47427573683228
8.45496251879727
5.75580661083587
6.73796733524697
7.66890327139399
7.28341388790783
7.31493211024925
8.28831165644667
6.88986543825122
7.41113801331105
5.61501175755762
6.33380396902852
8.17535940828699
6.07001525395246
7.94153940315626
6.76780895778867
5.91717644235101
7.0280298919822
8.20126489712721
6.54374809025213
7.71440187151501
7.11892088939227
8.227510309368
7.15949142066843
6.67195528354664
8.47341786731981
8.53825687697397
5.85280664061228
7.36353951187595
5.90748954172808
5.94042582197737
8.19316140638784
8.26045836022767
7.64311735635506
6.98293729732073
6.01418805430254
6.28460352585929
8.37375432425664
6.75409138630208
7.730531002854
7.25066598206312
8.76792918416341
7.35539584400047
7.93830250743836
6.08114982638396
5.91822325648924
5.89952320421975
7.14202024302991
7.21035423089511
7.39465316425332
8.07144040152286
5.76036139264455
6.32576848433548
6.42514971291858
7.60115043042806
6.40942360681226
7.0574964415328
7.81348730795373
7.41707509529224
7.26562965375931
7.2658389257069
6.36335315225323
6.07569229747282
6.68607334042923
5.60115024498122
6.18382700092609
5.81228500695732
8.19493507209536
7.2204450662361
8.43205033907243
7.57734171283968
7.01011948508969
7.29910064928903
6.01499739613013
7.90941703524216
8.71558608327127
6.01560898596729
5.9861533568907
7.50528140036089
8.6757951779863
8.72509046775097
6.6060382947475
7.4227970212897
7.86006122977788
7.10278077233211
7.01581094018504
6.75760861733341
6.81470617129789
6.88924883009147
7.15866343555714
8.08996403896915
8.58477727287205
8.65999333320056
8.1157059296345
6.34538696076075
6.34607390714906
6.44257117584084
7.20389115262452
8.02268051437504
8.6882656525709
6.03810568635464
8.51619976148494
6.15628865642677
5.87648110108162
7.66554605688894
7.06492133211503
8.36126235832255
6.25947873096833
7.05904426410207
7.93792061652526
8.14940753514485
8.29425255869706
8.4304840830659
7.09733221228799
6.76439020545257
6.92675364594108
8.42420632322674
5.53664219271487
5.64746980523817
8.22971521390387
5.74701435695995
7.01055661175646
5.64718029286323
6.94112545354058
6.3959709635552
6.57281553400898
7.44619681420631
5.68657025061281
6.16303752395325
7.78378301726776
6.4497492540348
8.60551218727358
5.65377356628904
6.21637793177304
6.58309255317396
7.74912090734459
8.62233772909612
8.65983691902718
6.89277669586664
6.15456043725968
8.58576923949792
8.3502114354659
7.03857031164029
5.91475324249079
6.49678604573231
7.48426858631739
8.36162637615698
5.58590754784476
6.3472717692865
7.79823676074977
7.59082623897349
6.27159051202714
6.94261313107714
5.69235614797284
6.186933649655
7.49141551035207
6.54476560078088
8.40531771390765
6.30980337481537
6.01655496684668
8.43417461954279
6.48521804434046
8.0823382677359
8.50219717603352
6.69574398674299
6.43756264204529
7.23199420252927
8.32086535574182
8.45457836877436
6.38740719255937
7.81666957842385
6.00175958332822
7.02693063770808
7.47223823611346
6.71568424511415
7.65675960589986
7.11954810830481
5.924826057897
7.17755822662676
7.04891404548991
7.8292522164941
8.39653410274691
7.18494594786523
5.66658622006484
6.41293196552821
6.76353993184267
7.00621217195917
6.95844022412291
7.35032517919912
7.9362210662462
7.38077959694981
6.94295385501974
6.68826309539298
8.33756251999427
8.5339253612011
5.61108744232019
7.88975751292008
8.23644054522877
7.7591648986205
8.43226016591592
6.04728153986252
6.69531826262572
8.01045065511291
7.02723629561366
8.52816797198734
8.47430331798472
8.26708974887207
7.24167463250916
8.71299013346827
6.34030840893514
5.51094798721582
8.18252565118093
8.0180837732083
8.08224237691034
8.41713241491174
8.20385767531246
6.8754494177432
6.43483120595242
7.69134810466495
5.50363038006952
7.87007115687791
5.79095998567553
6.00681952485437
5.69698364974152
7.13147237509026
8.17544668164725
7.75022777492134
6.90361873226076
7.77561814396194
5.94260676806608
6.38657879160921
7.92192034145328
8.52613032488355
6.33588037545068
8.52417515121556
8.67438125820476
7.74092904872626
7.16578260515022
6.64431301118175
5.77749270452559
6.53983782326582
7.40300272244177
8.33967020774235
7.56976128907894
7.12706600214472
7.54612237458627
8.05709468978251
6.03763761493375
8.37589359450825
5.54103878297502
8.09994659338074
6.46077251361519
6.21327593413804
7.53044851342039
7.09857332829607
7.15197724606278
7.75481339599637
6.82513174169874
5.69939926299537
6.86336758700992
6.77374247307386
7.64714995916184
6.88600783180126
7.57591630634702
7.71319227670755
7.7482475319393
8.70411930032237
5.64180565485037
6.77380960910344
7.51488433120279
8.78988321848573
8.27061952444561
6.05882419085673
7.12129589804089
8.29395696660548
7.75740903280869
6.00724181512553
6.77689906798906
7.6336435181471
5.64901647404255
7.22177361811477
6.43417206785284
7.30303824232304
6.47050462740778
6.85425376336844
6.13265126164543
7.95849599637061
8.73101315524295
5.87553978255297
7.5977799253867
7.55948668121444
6.83183643123155
6.31035019913859
5.92781993021992
6.84942980193984
7.07952050558325
5.82843365242857
6.37408357722331
7.1885898948614
6.14898148500021
7.27965177392297
7.78865962982543
6.70997416975009
7.16814316666665
5.99449980153995
5.57679917868321
6.11791811800589
8.72929753663014
5.54460222590761
8.26904839910876
7.38360607829255
8.35511135780259
7.82908553499472
6.14718382362007
5.60688943589884
6.09768456488614
6.04069009343282
6.49968257151373
6.91481699814301
5.82398092558199
7.92629679946431
8.68528934653208
7.36203083285288
7.99129198349304
6.49897894198797
6.89829154333128
7.83052783512872
6.94651956902821
7.9580578632611
8.29374006794161
7.51601047527152
7.90327752707656
7.3058376035226
7.17332092817032
8.51043106427032
5.97925904141656
7.48965455792182
6.5793936317402
7.52097434939741
8.61617627442668
8.42475356317761
7.7516659417717
5.59371066665846
5.76299554113843
5.77064771406671
7.20183402742025
7.21842391379214
5.62633197910132
5.50819820552178
6.13233296673925
7.74581918157025
8.31116343422085
7.07848992605913
6.08838884702184
6.04126120062776
7.22335901244067
6.17466397742004
7.26122983178489
6.88666448760989
6.03669036498228
6.25786187386034
7.33112965034143
8.25763642105931
5.90509094270478
6.76900792091096
8.75521824066367
5.6673837386312
6.18617990348174
8.55077709154404
5.90145274220583
6.74655664807825
8.78588421554503
6.10508398159489
7.92964363700575
8.4085348710969
6.58246703354171
8.65717038893418
6.41708398413189
7.26569061451677
8.29846407906916
6.48188876789602
8.71878579626568
8.35433404494396
7.82042627355585
8.08739975611694
7.04063123987975
8.03646842692248
6.72241801169579
7.31663522405942
7.41683552847696
6.51961360211284
6.67821198095697
8.59609899967654
5.54539663514039
7.48405937966722
6.95758043938226
5.55829892681727
6.46608288222165
6.29421217701096
6.07881341139867
7.63447326965022
6.19812295703146
7.73297984213835
5.76691817739425
6.48565890432892
6.2477609575858
7.44672763935359
7.01506542636351
6.01601606248217
5.56919076456462
8.55819059735124
6.3771920063108
6.83284759981298
8.38919556360963
7.09443614632982
5.84609940533208
8.51394215999848
5.75857064102977
6.26359987215869
6.07904185120843
7.21931938802708
6.26332524815345
6.6754419555048
7.62301555333147
7.154277535235
7.35418097293938
6.58056463142414
6.12689547588185
7.75358575072341
5.80444188249346
5.72546878467481
8.67476482120365
6.48653208255182
7.06238398565141
7.86998810620448
7.46873392977774
6.13606421775192
8.34842705187163
7.35513129538272
6.52761162666285
5.63674318530973
7.37722847337939
7.69209222489185
7.40098055849442
8.76202189786592
7.50085353169409
5.85105692550954
5.79928455281891
6.39807904907586
7.32131993378309
5.73158860106973
8.36490281215066
6.82175639556018
8.15366764132448
6.55796997726624
5.89651650136436
5.68746741189359
6.85627784395806
7.42035423533624
6.88849404496915
6.12881973302229
8.55247185369402
7.61632823203244
5.52574939387351
8.73777049534202
5.50972357397842
6.30020234211695
6.91685099454242
8.49294088541068
6.35564707469813
5.6894899691045
8.69831392442361
8.18527297845749
8.10827558001141
8.33368975139263
5.64846972033032
6.25228442052126
5.99948133289423
7.5529864795446
7.07461969688506
6.11861723081239
8.24778575954308
5.87790472561131
5.73435210845663
6.60686335429343
6.571099889907
5.81043508055581
7.77955265380053
7.44849626884921
7.5819831980036
7.22818892850037
8.56816667236906
6.82997255522518
6.080974126242
5.87123205771193
7.94599264397855
7.35532343826755
7.79545059655295
6.34078568373448
5.7492760324891
6.99224335342151
8.27363697704304
7.11278623345773
7.37664897424178
8.65032479387186
6.94547848721846
8.40645167937699
7.55303084593371
7.83607254744922
5.91589505517572
8.60999996866996
7.13414541990223
8.73925009670769
8.66082825920647
7.19372688167488
7.08465481919129
7.5092341881926
7.41994925699
8.16442798457079
6.45161304496609
7.6519931187281
6.18393696628145
6.22374115620022
8.19562806365518
7.53602252334348
7.68047813954211
5.75797661705372
8.50898124377462
8.27367879450662
6.69168697564034
6.90270349192109
6.72135688366395
7.08881022738901
8.78022341044949
8.25697532811193
8.52977743093365
8.61227669798936
5.8150829425034
7.58097591939727
6.22172476846169
8.26087968752298
8.2928886815409
8.24455553935789
6.26794924459217
6.95617431681115
6.64702055961419
8.67144131637375
6.08480218221749
8.42737732500012
7.54687312695045
6.91482400723978
7.75443939043606
6.06464307280413
6.59344183189508
6.22129710339557
7.78509391364194
8.13319398535966
8.34888690205274
8.46716217777082
8.65638610959608
6.39243507995261
8.74367038099769
8.06100281907742
5.97298005709483
8.70989090633644
6.67841118714119
7.79274622871982
7.89512955523595
8.19349041875951
6.27668845500968
5.69288125857238
5.5249061874315
6.682607870523
5.60368221474283
7.55676770664817
8.46377636126294
8.70489204850752
7.36829621392323
6.94415144112104
8.7209804836663
5.61788019624132
7.1912239939233
8.72382886411036
7.98155542602479
8.10190966180602
7.58758610285871
6.36872234158355
7.4647388186174
8.06687665507785
7.00342024307062
5.6229991142903
6.9697600004378
8.61580966880155
7.34041499770914
7.79817153234417
7.6230699359658
8.72903976144313
7.85089690483889
7.7635997249816
5.72369625554714
8.51719295210246
8.23932222220363
6.54805858982232
7.67385956320013
8.52781584859692
6.6745962500134
7.70225905010129
6.20995274238669
7.51418724384489
8.52588847423165
7.55778537424055
6.80124804196757
7.44689656027399
6.35694256985691
7.86835085730774
8.02067788868766
7.48481540707978
7.36425873307816
8.73282383703635
6.48116866737458
8.02974356763764
6.51403612629469
6.27036702089078
7.65238034087001
6.0254824881952
7.88986582691405
6.62962249244953
7.31913364207874
6.69957004150924
6.51429323070919
8.57034468038219
7.98160188073495
7.34902634595259
6.56614759052662
6.472163339437
7.72279677002466
8.24219603885175
7.37516799230585
6.58643088347657
6.60313762790487
6.09200001462939
6.27650069012693
6.30066823774364
7.177749560077
8.12776224983296
8.60401568247076
5.93261269592747
7.48840515930641
6.43308146527548
7.12567861272866
6.92312905349973
7.4473597145552
8.22012572544436
6.12814537582134
7.88799357889394
8.43593953016903
8.45786508498105
5.50221248017138
6.50292032684671
6.3097563442975
7.83052598321384
7.42241558317575
6.68290469934065
8.73233179121191
5.97811314087105
6.53700881672942
6.75239518509619
6.29929431242116
6.24818841928269
8.56149855855874
8.10151081986926
5.92911919104853
5.64955944067134
7.64106987964041
8.05530491186232
5.59726643109508
5.778520717172
6.19165299504597
6.94069993702821
8.49623820798107
6.13085304273276
8.150659729972
6.56069509388933
6.29741390993929
7.64167217279033
8.06717342819533
6.28123094389621
5.99591236074646
6.56227345667004
7.28118425440034
6.96583284888475
5.69270494849307
8.39007737298886
5.88012667648556
7.57885519382672
7.40627009993009
7.03012024056524
6.98438593914246
6.27941451089523
6.03951666059161
5.78874173435305
7.97521782694342
8.0391401726366
8.62272006131506
5.7477420908254
6.05691883687278
7.51223022479863
7.55523884341873
5.55367704332563
6.04877826948898
6.96280816055322
8.03531124903978
6.88262258526942
8.40995665462745
7.16725604808772
6.40776388284865
6.04847349830882
6.64375315483377
6.70579184948952
7.86731256327938
6.82191243761129
8.77040664965743
5.73195357933751
6.38633758198499
8.39855013718131
8.70825586707
8.60175643654947
6.06399476409032
6.20963933388231
7.16327192970795
5.81819009971873
6.82638010644982
6.95337330949235
6.70767871385695
7.31894476029513
7.03687462446091
6.79717600913648
8.12667266606531
7.89098465319829
6.83452164603942
6.0789285971807
7.29183979072814
5.7277765373139
7.22847053522758
6.48561407197787
6.22796764672116
8.43664362901336
7.05711640166202
5.63602279952979
6.50165946907386
7.4035050174452
7.3252167765281
6.08487941306266
7.64171153207057
8.23592556004913
8.48786016342849
5.51727433603624
6.89626042674007
7.22853023709356
6.78092643364556
8.00071302488752
7.95115147372449
6.85482251494201
8.2722842802241
6.36257168857849
5.53240174137478
5.80961768870616
6.40024586826239
7.94341854295966
7.40648849773254
6.27540573932647
5.80161132792844
6.51414057816014
5.94885778574678
6.44436065274662
6.90760434566831
6.52373252504156
8.61036406042963
8.60403636193401
7.38822623693355
8.26343831246293
5.90242123539119
5.87026214618901
6.32175537979105
5.7294606229138
5.85502133408739
8.33017047009017
5.92227162926698
6.87090438012942
8.02733871262472
8.62181550186309
7.09672330681455
6.10611001942778
7.53112665850752
5.675887435467
5.75174349350348
7.79040337951688
6.27845957290506
6.42519620934063
6.12266162143995
8.00853664539786
8.49730012439196
6.00492811667227
6.95053406787762
8.46795098789675
7.46012903920243
7.3765578603073
6.22463050028193
7.54743741742655
8.01282727129123
8.06650206518657
6.62617463296212
5.56655443053873
8.0169802047103
7.0417305733004
8.65681883445337
7.91290077126583
8.52445161553077
7.85755286716871
7.42687698659947
8.63618506303368
5.53831818620457
5.82765010861113
8.32216769923437
6.63913255600709
7.97029372310841
8.57477236550486
6.23425176448428
5.89360939974586
6.88990872926325
8.26122638523072
7.75025923475714
6.91266705636529
8.72833476807522
6.52740072026115
8.27207332440132
7.16304929985837
6.98446469447658
6.07689692250925
8.55293609456261
7.00895653315137
5.71419460793434
7.24654015060434
6.38234811798016
7.99802718987001
7.37510151789236
6.7258409452631
6.12380677299561
7.52531299354759
7.48379024833072
7.46737958063399
8.42117574336246
5.93559671454142
8.71263915747082
5.65970872886997
5.89719181583451
7.18440207606178
6.20753871871407
8.02094990864575
6.82164718575256
5.79815599216011
5.96501099422471
8.67141978808733
8.28999940348321
6.49974248283259
7.46502047934577
5.55388240324895
5.5494226121868
6.51844863910799
5.93083365682559
7.65921782170764
6.58834524805626
6.66208070740558
8.17888643547087
8.75487279752481
5.93369034318033
7.92976990816783
7.18404940777254
5.73761467429335
7.46118246266167
8.21036254722656
7.35500933267044
5.88185956018794
7.48786563366275
8.47506572137667
6.04728945470297
7.68451135711731
6.11628729706701
5.54325545861671
8.27834575919372
5.59966184281073
5.53774904497515
8.69520970286658
7.89059500359136
7.4754375221683
7.83082227002221
6.93302749616344
5.70043179559771
6.5281738190277
7.41981361524108
8.4200817492997
7.31347318269974
5.5871142361576
5.62489076126785
7.05046348944401
6.37763584303597
8.67256906731209
6.75958987170837
5.78987253062195
8.08674035171377
8.07478258918467
7.97263924292725
6.38282520380784
7.65977276391785
6.35974342724141
8.35931007919788
7.36160237727158
7.8067024034833
5.66647044467752
7.892879967109
6.42869120859281
7.1542665005287
6.22540078343073
7.8940168380213
6.28147512855876
6.93481110673476
6.30488364241741
8.50772013466205
5.88697689014508
7.77194667298694
6.83880189105433
7.15489442602208
7.75651466396937
7.47159455856728
6.34210113841925
6.43182381612851
6.67212100152668
5.6084120745069
8.07695428154935
8.66701144322018
7.42204012835016
7.32524356508147
6.58305502287092
6.30420380495221
7.22256030823417
7.63490502788764
6.4545592838394
8.5821441122979
6.79609337320467
6.68617176188422
6.00761919805072
8.1178286357303
5.8313120895713
8.27193606066245
7.60388391553909
5.6697039427699
7.37155663080283
7.92289160790598
6.93951616139823
6.13249733322928
8.60405975932315
8.31488383704853
6.82674462518505
6.63533546032197
5.68254801681028
7.67534822701778
5.74348507114065
7.31279467598784
7.37114323646019
5.97599853752457
8.22138749235012
8.35212520745354
7.94890444856137
8.7036514587199
6.93125078672917
7.00947124581244
6.40603401951409
5.9829527859353
6.21665084223517
7.77887421437793
8.29979444686077
8.40688588525
5.65242452140715
8.04773112939498
7.67954354873094
7.27119322926384
7.48775131133853
6.66013645796862
7.43657314780922
7.85876835408239
8.50828189864405
8.41500692016403
6.44698664265057
6.862801528976
7.55239702184562
6.60997193624018
5.68340702103463
5.64322936810387
6.44192874095933
8.73257983832993
8.78609992192075
8.29166628226049
7.05054694385542
7.70285384593132
8.37188286483002
6.67794267951148
5.63073874515922
8.68898580950128
5.52989493345986
7.29427225441458
6.73741050376226
6.0033210740984
7.07946684969656
8.48910549706763
6.39503070546026
8.04898005674378
7.97761256908089
5.60221776027099
7.01645565788029
7.15110937376956
6.40197713004234
5.75113699580665
6.25378583173345
7.34407299926439
6.40386331725993
5.50686299204981
8.02828288044466
5.6446989915609
6.65649241490131
7.32013431737034
6.93431938325562
6.28772394144442
8.07592196867998
8.6511646723477
8.75244533151314
8.65694782351188
5.69180619311618
8.70469527117438
7.14283515100427
8.55458065224978
6.42537906279995
6.29747397242094
6.04456605879168
6.56763649453488
8.39476320509999
7.36432995272375
7.76901859791878
5.86351439704352
7.28886067340104
7.35288225543388
5.6376333548233
6.14744602385925
6.99310036540987
6.06788942322612
7.56374134408506
6.36062771463286
8.06408655339334
7.02871558093556
7.81742790989161
5.84874940503759
6.23878692412631
7.49359538590739
5.5955082095786
6.17751334867419
6.31433357571995
8.74938511390215
6.20373933576706
7.30555283644715
6.04740927406179
7.68390682873881
8.77214221233358
6.63882751824963
8.65419957836739
6.09870832968388
6.33118257160505
8.79966987257837
7.33187083045971
7.49931970933375
5.84166524139335
8.76028748237052
8.14100422791752
7.555525531777
6.19646345001113
8.23742158624962
8.3906980272173
6.21059016590655
6.05828971449283
7.33904920784986
6.5394833781283
7.47735416698978
7.18000926868891
8.47578200155807
6.89275444586313
5.52596448740136
6.90626089283308
8.3851724698023
6.57934624267343
8.02529180780672
8.50533100664781
7.28300232342247
8.67837436545697
6.83851331493365
6.71653715407772
8.14478812690351
5.50230554320177
5.81618540366386
5.56996666207527
6.09867718375209
8.54564249701993
5.80124347809806
5.79956962310944
8.32148083181553
7.57272500490345
6.38527327471275
7.07898166503598
7.23522227567925
8.73019373912664
7.83738349642007
8.04349816109128
7.16824631046601
7.409057509128
6.39472245199269
7.08228992002023
6.68349008927866
6.90558528102676
7.84444664838642
8.75832908662436
7.34813134805048
7.49114212322727
6.76081946245724
7.9581940568104
6.33077986621166
6.22606770265483
6.01387405521575
8.25892918303071
8.31332601900894
7.66275114455441
7.03724961257962
8.08666749336267
7.97003478242636
7.96806750775263
6.83002596755785
6.89622376318788
6.35738325366498
5.77716456344216
8.79757927292926
6.27094977071506
6.73727244405533
8.01113969065792
8.15165129639594
8.27189660395996
7.79992917599359
8.38569996518173
7.44717731639554
6.60249435826129
5.64487350858319
7.52493464223105
5.72195487280053
6.39631384812104
6.67703867437336
5.57428098129697
7.50804889098637
5.78073907876153
6.55282999476142
6.79431823030836
7.99290291345187
7.12680128268416
6.38659195112877
8.30018106878465
6.37556276506448
8.48773255379041
6.76555302336797
8.02184957197759
7.28843454663379
8.51178993730451
8.04009137731876
7.64282811108721
8.65910899737286
7.90815375061038
6.76660214879749
8.45604682224801
6.06377348765374
6.40378084135977
8.08638075261362
6.3486109062286
8.18062323696964
7.48038053422586
8.26423711844437
7.25786930971247
8.50476597218717
7.42890226266555
6.62185275398438
6.28151441486612
8.52733773608913
8.03998042062579
7.64007216705695
6.64935374464829
8.78070367235095
7.79334876618453
7.2841694561315
8.49770559249015
8.61509956369941
8.15216140918246
7.53262746791911
6.86426069016267
5.95249296529217
6.01668622580166
8.18129038493765
6.0285580679236
8.24076097827347
8.17075604527029
6.34985630477456
8.4834801279939
8.25347062892453
6.56483553282321
8.41237669722846
7.02735056346561
6.67691338081215
7.86209168339543
5.5424938567431
7.90093616975589
6.75907773052468
8.64611189961127
6.00324266602556
8.04309088374359
6.64396077522536
7.13570879357961
7.62385446098865
6.971073180569
5.86347424475146
8.36161866712471
7.00437402147074
6.22543641195683
6.54706472455448
8.48805172577346
7.77418037309332
8.76647499697623
6.49109789636693
6.55379301039232
6.77701161952725
7.81296567531918
8.22244138493731
7.00873830664891
7.20120439746638
7.27840405778243
7.48122778904504
6.83751067374303
6.40066386050274
5.76803436469639
5.82421527653877
5.64278232429812
6.07382681761261
7.46601137105287
5.66665699776839
8.62686318798651
5.60250116829429
5.91164933180338
5.5783808045063
6.42976801358523
7.74566456210651
6.16010835447131
8.65026203381516
7.05375537024267
5.7752701267613
8.60424589369646
8.29155162648551
7.48735719099455
6.06439968500923
8.29026837672081
5.75071731437033
7.3134623708869
7.25656580225912
7.43222843692063
6.70220447117769
6.38486276505962
6.47394145593238
7.48692811557734
6.05047329204958
5.61976262515719
7.5917256267747
6.35754859476803
5.80910522042571
8.50351357819462
8.49845696213168
6.90479748980466
7.49917759542984
7.78747019080384
8.01830766579749
5.84409415225655
5.75407438269288
8.72086983630204
6.91213654484855
5.66081969576364
8.16788718374734
8.24375785649804
8.69785244684762
7.47709495358938
6.39855640594732
5.67897640907198
7.92988026366184
7.95294402362059
8.53461709251654
5.5342961708484
7.81472563477752
7.27261693402661
7.51429551921354
7.07800099935758
8.35945387687614
5.61673789271791
7.66913308275071
7.73600915125433
5.89709666508762
5.81080220024516
7.16232895380754
5.73498893144445
6.03889895410781
6.47408782366365
5.55161666402533
6.45675259284762
8.58947910951557
7.62039417027321
6.48204622796093
7.66526667399357
7.47630718870755
7.34891169534936
8.20514937402449
8.65422534125131
5.84453122028439
6.5709746834906
8.79961825568696
5.74964745269204
5.86979429198388
6.86545857247339
8.48869283574483
7.23759675524519
6.18275106442012
5.97307619447748
8.5602261376501
7.93727112188589
6.99499246956656
7.1728517041816
8.26128072472656
8.27950103791706
6.15909199281562
8.75838135056204
7.14449083799512
8.66780486815427
6.10815922309982
8.17037621677433
7.27198242217279
5.54785298416771
5.75823914189498
6.26294195779241
8.61128717904617
7.21256058538452
8.00020401323864
6.44411991918098
6.58549419069456
5.646444019334
7.41757781612814
6.54664733685625
7.77040186730182
6.40367279148099
6.26221318418163
7.34595522509444
5.6610525757925
7.60594349362004
7.34599276585995
7.19730647880969
5.77910552870973
7.1174055173926
5.94998660054758
6.79763894245832
6.75478739317713
5.9052793056434
6.13108013275756
7.25190287879495
6.80950512258058
6.28097458451988
8.39006394166897
8.14541354634491
7.01272725951896
8.64686761781878
7.68154366743458
7.93986606369443
8.20471247073927
8.67689402594383
7.04111355113227
7.52783352084591
7.3303129161163
5.72123758416328
5.65149800231658
7.45333767306935
5.62502045906964
7.80482218992944
8.34438926430614
7.07874309894477
6.41770800561538
8.7559789016776
6.64517531755381
6.23977419676336
7.22745432593502
7.77186067534986
5.68955561877082
8.06098931208993
7.69033617139525
8.78421599435815
7.39959122302497
6.84484227729077
7.62738575099958
6.40509644996011
5.62982487225675
7.30072622096184
6.469833788507
7.58379439705178
8.26552296557346
6.79333216762033
7.03709020634303
7.78774317984745
7.39209156385211
5.70437921774751
6.58984153785139
7.60626390459981
5.56887131829568
5.50281759445805
8.64844570297301
8.15765786727033
5.70095483323151
8.77098153093944
5.80514363823638
7.9332662392396
6.95923440705868
8.47686289690601
7.00463640358672
8.53874750434793
6.57146822784872
7.4727727759999
8.30842136641513
7.40176585173528
8.57829590180876
6.30018174129915
7.34314004792639
6.09344908401618
6.01328723285646
8.3650085318214
6.70946788792268
6.56420967717322
8.67370189163489
8.11685304117547
6.03996721833544
8.52121071959371
6.05697612053116
6.39171718564534
6.6011544737735
5.66915997373503
7.37949310747726
7.38140491591613
8.27581856955812
7.99199965767927
6.81858156763348
6.52015624306308
7.55465024051028
7.14938124263956
7.50961526728937
8.66170295654454
7.89934581183662
6.56945961347059
5.73827574619616
8.56620327565622
8.16106201585804
7.87018791028762
5.88813340738253
8.10434374082864
6.21962990452369
8.0759118234323
5.68823079882682
7.76997519973604
7.96872964329561
7.52394181793574
8.03470300221696
6.84474489611507
8.76302352181502
8.46419930602245
7.0611872150888
7.51883450756836
6.04656656478944
8.49680866166682
6.74716313069158
6.00093931967968
5.95836947696311
8.11890525333804
5.93778200442176
7.71293727270854
5.71179049278685
8.70127862667288
6.40331796349716
6.13799623136025
8.62179848533601
7.31571507644427
5.72163298038478
8.49314208977506
7.98327024754866
8.14236704637326
6.94571887489658
8.04921614793843
8.77440325290363
7.02579005821119
7.06767211603043
5.75483813721266
5.60511023132394
7.65618886854246
8.58749230834021
7.86250131959151
7.29447539028443
8.69782105584636
6.00032319631925
7.81002438492308
6.4446140494919
7.18393017819024
6.21045316724845
8.06401362889227
5.67535828168349
7.70176948215768
8.50976464130087
8.54008572667775
6.97875940720659
6.496166636863
7.17241246433836
8.42694349408099
5.69077450163606
8.68577555212579
6.95739834800252
6.92151838723072
8.24455460858056
7.19833111489916
6.24294984445842
7.6205702752507
8.48236814613985
6.72578013354607
7.53705556660323
7.03998689373239
7.53779152430136
6.06008471190422
6.48573075086899
6.36424462940037
6.23130397250636
8.73672899548101
7.18845427777884
7.89506796215391
5.77597018220902
7.99890699080102
6.7803846222271
7.36623260643868
7.9762211629349
5.54234589109647
8.35897960089086
6.16327028871545
7.29673903791266
6.39295615974233
8.6595787811874
5.77737886242015
7.30891771363794
7.06528121144547
7.66468955226923
8.01420084417164
6.47854142807163
6.07304493252632
6.10710521847632
6.82870950945255
7.01910274404865
7.58478776196766
6.2361554147888
6.27377879432055
6.91801494743964
7.07203545305333
7.29526249091336
8.53003399937601
8.77127840206481
7.40186216535092
6.43809167349492
6.63142449116067
5.68177374507627
6.20136110653373
6.56850997648097
5.85877593315934
7.75281676191883
5.50525880979805
6.26146026065498
7.51913240764776
6.6878982420963
6.05806461463049
8.314770418325
6.77528045792904
7.41024739427244
8.49252867410997
7.46725783280348
8.68788197131161
7.79366150177759
5.61602078198579
5.99102197641253
5.53155947297591
6.57203119792924
5.72440960565022
7.17556746284347
5.91341394085398
8.3538699864315
6.1501914207141
7.3616702900157
5.98213956294478
7.56427030700762
6.89610125228212
5.93346640851134
7.26368820675628
6.27810787493956
7.55010279682724
7.32317440422452
7.43288907924326
8.4949876049401
7.01076693110842
7.36318648606476
7.13700850783949
5.93352186249354
8.77380598633709
6.24081942704782
8.57218868924201
8.13099187079997
7.24482288490235
8.22485847998669
6.77995672610884
6.46389200746584
6.63626056149622
8.31566896279182
6.04937945290202
6.78421490570538
8.10483855848966
8.08987785865888
5.94964416582163
5.88313191272896
8.74038845001017
6.88499358552419
5.52315809160984
6.25793321878043
7.3448968062263
7.92943379738578
7.74498554649803
8.53267851144856
8.68086004035963
6.67867796764054
8.06291105267314
7.39338665695635
7.51099735296371
5.84008420414094
6.95511509713786
5.63029216782828
6.65460595102302
7.41455315096958
7.73595456016178
6.65808541037354
6.64684845591849
7.73861384556999
7.34755759535884
6.86453927589953
6.51933982976211
8.48723501874119
7.34007717118535
8.62755954206325
6.17116073066497
8.01727194325273
8.23561572758146
8.59917631617274
7.15623914185596
7.40500907240807
6.98775351272208
8.26244338871114
7.92142445384023
8.41441994849589
6.32377022185059
6.18714294958015
8.29775136813105
8.17608800134645
7.6996713337026
8.47300752428511
8.4572334484886
7.51787361899109
7.29548943171524
5.64714234744417
5.6124564748485
8.76756575928024
6.95504794987121
6.70166556105728
5.8505671724592
7.58078827525335
7.91148787491613
7.31652006223819
7.83073721030721
7.81586445378559
8.584321045994
5.64791510737742
7.09948300082373
7.36335521173179
5.85135414991482
7.39967168509541
6.06299759633428
8.66336193746966
8.44890804655099
7.44404368884517
6.98136675193423
6.6114375494063
8.40033759103273
8.56638203719524
7.00815061538952
8.64907563757622
8.15360527292462
6.55074708770363
6.17617804064238
6.80040348706595
6.78023674782547
7.67881204381132
6.0907203436538
5.66803246633655
7.02273109964284
5.98651143876957
6.85990208512651
8.43880651421079
7.33266757117584
8.73433046037117
5.70509326697576
8.25569673807303
7.00420471718244
6.03069236379661
7.29327327569303
8.40330094090884
7.40511540055287
6.16332017881977
8.45794040178608
6.48787932529706
6.94475968753491
7.94031521682228
5.88176125857841
6.01503006940936
5.85054422955917
7.7147236689732
6.56547761821499
6.23742656197807
5.98964827985535
6.40166905082488
8.11934882802289
6.24899807660533
8.74621277890961
6.94900359192277
7.23014186358008
5.70971541108334
8.50219131395537
6.0538694800796
7.62764776568279
5.90827520713576
6.32454984277247
7.94051119405505
6.83640776698803
8.05609147151821
6.17904909381693
6.75255325667928
6.50824147778978
6.96478165988192
7.39906349648113
7.51612108098211
6.89004558130906
7.79218048670373
7.09608971617497
6.82824579261041
7.37678554125524
6.61793195960308
7.21219305639843
7.82499249411878
8.78458904610162
5.66706031145167
6.82678161714703
8.01344649266482
7.79688752391464
7.85656010927652
7.17374290307283
8.08666492217975
8.79679438558761
7.92155288428179
6.65078902551042
8.31094930815062
6.89973001430315
6.13773825030525
6.11003574029523
5.90265171833246
8.76342858564994
7.11876194636028
7.66800306463995
6.30563044196163
6.47765184517849
5.95102833309901
7.87663327764111
7.19060499380689
5.52856303033211
7.54916034604679
5.54494750396023
5.52013544368851
6.12852240635415
8.44173532717383
6.01486912883306
8.39819655397514
7.87631875565876
6.12023530508495
6.51601076169032
7.78406486787433
7.32194463391079
6.67591062976967
7.88429279195433
6.23554850411559
7.22890401389601
6.71105078340222
5.94321887981291
6.1968004773638
8.0500916102903
6.60415221644497
6.59291535019089
8.02102495517426
7.61363030418127
5.91845356926485
8.1715743864837
6.36071483327316
7.42344083088736
6.44596540250712
5.59641152843213
7.2432692599617
8.54823809165831
6.41987030802974
7.59578202268442
8.10561872364894
8.60929119733375
6.35763221943146
6.57175886533432
5.78014238955726
7.09546272412226
6.3141159343961
8.67924930340305
8.57620898541942
6.15938041267207
6.09072838538303
6.67950520323021
8.61933684322635
7.50735781376863
7.46052238607462
5.71727242066612
7.46010564561644
8.63017385665183
5.67053278363275
6.34723344678743
5.81095867555263
6.72455633236964
8.11879824009357
8.44662813242801
7.01610211105034
8.03669616640661
8.02928846918769
8.43776422118253
5.80310912507539
7.69590683547169
8.11113423131014
5.58842537697321
6.33324348318496
6.90539332813353
6.90880349261814
8.22721516677314
8.02696460966977
7.64854718899473
7.92528026859325
8.63015689325914
8.65251532389956
7.52263649295099
7.74901493741698
8.79068461884559
8.58267149972214
8.35438021708903
6.348056807966
7.2900563222835
6.66212505757556
8.03456992963931
6.71962655123553
6.39828513094362
6.0521202913492
6.59249404448144
8.15191538349473
8.70501057762856
6.79973053472955
6.91229420683064
7.41269725574323
5.85196966107526
6.38193797983501
6.13772566420881
8.25051642027398
7.05258055930807
8.00699545845445
6.26713613192464
6.16885953089413
7.93032527578253
8.76445484223451
8.08144122069519
7.28542472656606
7.84831652946895
6.87558299672993
7.53290045038453
7.26799587999962
5.60132964011753
5.66142963368697
6.69602751719902
5.68396225035981
7.43808554189137
5.50056248219478
5.79220898534453
7.75561560156076
8.33938898308767
7.09601161108712
8.70073163911646
7.80067397663928
6.35808118472471
6.60504179511157
6.0714247228152
6.73629867695242
6.49694221236469
6.94901816453002
6.1528811851928
8.38134006437608
7.46265957010026
7.44760002322815
8.75699371396078
7.98979040119409
5.91112878238032
6.93221740120194
8.51385608958647
7.5109075048356
7.06180092408024
7.72013102597706
6.16998392363854
5.75930567607008
6.60003407561222
6.04764940754018
5.65627515054503
7.02595604925935
6.35829302956315
5.94467075212067
7.77951764190839
6.02407010184145
6.24454686899342
6.93119874342563
5.59896945250188
6.29018639312374
7.2940206244537
6.65327567138541
8.33800088741504
6.81728115894603
8.7415137961003
8.27773230369381
8.61276144975157
7.89033787161783
5.98574955198027
8.13200429277645
6.77994248734893
7.16028987644974
7.31817809909157
6.41182293848882
7.00610143338883
6.80949868832333
7.88053819814009
7.3150667547827
6.88132675838337
7.91618276334311
6.51873198306618
5.84161065621558
7.22692899907149
8.14578880943333
6.78124799669941
7.2658085781869
7.70204314674609
6.58084631178482
8.40208400531211
7.10954678690977
8.70082643053083
5.77949028773819
6.9424323206046
6.37120958495744
7.84409949961978
5.73631800506749
7.39097649841954
8.09994415526049
6.67241274151195
6.07821527721323
6.60966530237715
7.30518820777761
5.59943067231332
6.97041641308998
6.64240655538155
6.45122021555829
7.59262722828015
6.42760495731591
7.8327958731379
7.52134674637167
8.1184589325794
7.65935618459463
6.01183186156732
8.34986729820166
8.64984387007174
6.22321372343093
7.3007330516652
7.16773314062623
5.50875119734176
7.32026361227607
7.27541806161002
6.86653276673239
5.79544116290359
5.87636143342181
6.95344998927617
8.40508246477651
6.58483937372361
5.76438854754859
6.93796724207516
5.64882581376498
8.24372041373734
7.98352899621153
6.47986200658402
6.06652768391426
7.42369284093433
7.08027033546387
6.86422041225037
8.40447177666929
7.54589267669688
7.62098791590528
6.3637904569302
7.73605626849888
5.79206723396399
8.71647791795293
5.61954354873089
7.27513797038095
8.54712033508168
7.64430390238517
5.91595595629932
7.22813574941373
7.72184407677714
7.28300005642753
6.90062707309071
7.18887403196102
7.69104264601101
6.20450672961755
5.79196391059304
7.84803015066379
5.77835336775664
5.80754577003407
6.72626863982182
6.62099045987662
5.93090069654687
6.62275366553025
7.30403071334905
7.36224441286581
7.05587975815397
8.66008990786671
7.21926864243052
6.4603961661338
7.70836358856175
7.05987917347439
5.74884937057203
8.01427941982159
6.34928665463479
6.12527946963151
7.05398979001915
6.98217842548995
8.19987666823822
8.35990878217213
5.53857913935269
7.50300137382718
7.41117286703138
7.88104459998311
7.77708316267001
8.02113327978331
6.63475167914653
8.17611890443078
5.95382216168993
6.18034317056516
8.63623170112922
7.02834725958784
7.67207039260484
8.54729539840997
8.63173208073759
6.67637829864504
6.61148248692942
7.9977395362643
7.52521565640439
8.51723102459246
6.58811541044692
6.95319905425164
8.4167021625759
7.95713196772006
7.71705976778122
7.07268511827861
5.92353149268756
7.34977771190807
6.17086346477285
6.72710982379317
7.4164981743328
6.79011582111243
6.95122471017374
5.80684230410293
7.91483560763859
6.74300393246415
5.76696180501378
7.19481091673263
7.87945063385868
7.64557103300418
8.7704121985683
8.63802219894985
8.56426810153976
7.53678440719278
7.87718999106477
8.43121916875844
7.023230535848
7.1536300027062
8.41758942066199
5.5719171603647
7.1778827159795
6.40027062176913
5.52801115430723
6.25935575186074
8.63828561463506
6.71288562364548
7.26743185293759
6.13488595359248
7.41314080651111
5.58057771531303
8.26024516212684
6.39635669150678
7.29881691146337
8.0712675855669
6.13962566562027
6.36580732801574
5.79689412349032
8.62373634473413
6.74864889578304
7.81726471511735
6.33363897958556
6.49353525189459
5.97896709848536
5.51103805726747
8.6129359914086
7.39543287034343
7.9632928395019
7.70807123575456
5.55605266852738
6.32129667316912
7.38664572517263
7.63905382440982
5.88560055844043
6.59722168669743
7.5257262511339
8.79149170689117
7.89601581830529
7.88199539374566
7.27769924379532
8.3718923251395
8.29693637719833
7.17966749018538
5.57474873197948
7.87817801207678
8.70310838102961
5.77185860608154
8.44090988623924
8.69010115941937
6.74963383616394
6.92819951397555
6.0701328757865
6.66638432467653
8.75201624787117
7.24654250151466
8.77577443469247
8.4342360078867
5.52423077098283
7.2663349928139
8.60018951886065
7.34670796776957
7.74580313544326
7.85285924429354
6.62209310580938
7.68946235062489
6.81294934163566
7.15281295666637
7.76250763188233
5.98860474010182
6.25869636376563
5.77709048712513
7.43773405196731
7.91611335708043
8.11103183453261
7.38187313057038
7.14782563205193
6.28948741182095
8.77512255674901
7.54768995236197
7.52955406322813
8.42264576803306
8.12465585251585
7.00948471160477
7.75054093290287
6.9190509950703
8.7123181235126
7.07833194208092
8.05892254067292
8.14997964219393
6.93078049821777
8.73426419604606
6.96246530383598
5.99321144017015
7.80128864570424
7.26332631159645
5.9203344344064
5.8861014304878
7.55527758085737
7.90460400524995
6.15009077736974
7.18398787978851
7.03923506484302
6.39492434464941
5.6132703495582
8.54717087583437
6.71176262926944
7.74120596924034
6.26608074519315
5.76097379100458
8.08689707659078
5.93190696526517
5.86338735418868
6.11794346474521
7.24942555135033
6.95925820973332
6.30660504270399
8.66604179142296
6.66363157592129
7.06664033319994
5.69721635733312
7.43257664769427
7.82728096127609
6.62153641303183
5.66675302892117
5.58280212218582
8.00735962608903
8.55248518651816
8.6476706972902
7.2658050319121
7.33614021992313
5.79549779847024
8.37389527102649
7.83332198032001
7.65213277523009
6.63649180304854
6.71754695490589
7.69907588874015
6.49738632141268
7.94621048034754
8.78493025816736
6.52173576822749
7.54057468213253
8.62816512761951
6.50535748003056
8.20443460465099
6.46008081007905
8.75609692907171
7.67062785161901
7.49117317906632
7.4938064760938
6.32421609725575
6.33273346111274
7.09408491977336
5.56244078747193
6.5949158478933
6.11638374879496
6.05380484677556
8.66395317541735
8.73172283027775
7.23890018248077
6.46566094653568
8.76323243310955
7.0419204041055
8.06970891813615
7.45945437040454
7.04603514934731
7.02617232317467
5.66541750187976
8.005613872628
7.69077041665936
6.81421853543334
7.05329710556327
6.42501822344586
8.58113115730727
6.87171316742938
6.99300879434733
6.59142571484247
5.86444475873099
6.64466118679987
8.49536782535508
8.10927462725415
6.15815615121671
5.58625916478374
6.90427165984491
7.67462647250185
6.03682336062858
6.54124935661488
6.62876799609848
6.9595763297256
6.13123540824475
7.58525029857705
7.95394055313756
8.34125083072368
5.87325148299803
8.20108695300485
7.46705683798728
7.58242337288544
6.27472678360832
5.76348079481236
7.24019716862382
6.2269586277059
8.71458741652726
5.71227710075781
7.27950776063486
5.76493672090727
7.16216475967266
7.44922608135388
8.4215730307689
6.81316149181538
6.15441155712554
6.61191733806576
6.46943060783018
6.13306717185469
6.31901774484239
5.59674243588205
7.22192798787754
6.73767034083497
8.28051180907814
5.94256295791084
6.99317847573333
7.49494518432235
5.55686929715972
7.5578862824944
5.71345463391455
5.82515653308203
5.51949060004896
5.90457667845987
6.74261471200201
6.91944138454804
7.47601391148212
6.79872739597297
5.97474623608366
7.68259830026027
7.56356949654426
8.4597453461286
5.76761203942126
6.49479882354494
6.33317664657473
8.35306793458133
7.61237761094949
8.73662942257313
7.70331874022678
6.82972142638351
6.80923611061188
6.78046844928991
7.54868327287163
7.47862069798156
8.18937577813794
7.06393289409857
6.02026476095154
6.726490802176
6.32222095885176
8.10396318347838
5.96980664777686
7.22239667049567
7.36374574666578
8.45471080946953
6.64539823151685
7.25629529840372
6.89050785160412
5.94933257866093
6.7508185952919
7.9561142218657
7.40659014722103
7.34504133228063
6.82720087842915
7.25350319666987
5.65832258971134
8.64197770619232
8.48291561568795
5.90804925841529
7.33086033650644
6.12594691237071
6.16210087641277
8.08400928984422
8.29449975894023
6.27951535044167
5.62641149833521
5.79763757758709
6.92513554187274
6.10632791871279
8.79441624937647
5.90490215902793
6.98571485863586
6.35107200264913
8.60586594453182
6.33330341705502
8.70613563832831
8.79365919151551
6.42128156176137
8.06110443956833
6.61271175538133
7.00421857108648
6.84324362726833
7.41140079504001
7.55510140348367
7.02393633849278
6.62612095168682
6.63496117235722
8.18623856765261
7.10638161524635
8.22774482680286
7.63604488538515
8.11474454560024
5.87298922914491
7.62142243180412
6.3980227499762
8.49629929567433
6.67578994712596
5.92420492137994
8.57146372403104
6.92963482075294
6.32978049588014
7.79154817448494
5.71293926415746
6.39100687115873
5.66165890801216
5.96414949666248
8.37331921339088
5.70748864371112
8.73273624745789
5.79154379580869
5.81088431803106
6.3831039439075
6.71775050414357
6.18577806236178
8.35498716288019
7.01908877876286
8.34608987779145
6.38657064935998
8.27512890136737
5.99156048344117
6.73245725034388
8.65246154581638
6.11884610296937
6.13905089285358
5.84149718197063
8.13294996253639
8.62305006518261
8.02923804383971
6.42207317277131
6.89566457896005
5.58436465731572
5.69110171539673
7.62981179750895
7.25020691502007
7.50375205976753
7.90428223447007
8.3181868591367
7.09097519279647
6.79357005968611
7.7179415953071
6.34852796125848
7.54045459453658
6.56495829656114
6.09498784496597
7.60011333773043
7.27726277918147
8.48241369057406
5.6549821655842
5.52406963588461
7.02791553268314
6.20235520273222
8.78869724681348
8.34892362326951
5.65471583164785
6.33285217517615
5.68764159086139
7.45742251254183
8.07030676190549
6.86524891640948
7.83892718741109
8.5093605628742
7.90731257829182
5.83483928930409
7.87681073222046
5.98294774359058
8.49617572557161
6.03475710727782
8.08423082422108
8.12882367023291
8.43508327890785
6.71470443879759
6.54793724770215
5.7644238840272
7.58860596087149
7.25380045834949
8.78517910049273
8.73171639073483
8.02215666390443
7.12345684434055
6.54693860538719
8.49116886233686
6.21005993838687
8.40748536432649
7.90269611493685
8.28106351665809
8.52207206834555
8.12335777842617
6.56822208359075
6.50584017116549
6.06797183345014
8.73159505264234
8.39034695153897
6.92021546649792
7.0493165605061
5.69723905889792
6.94347249152112
7.8998647816721
7.86382354657257
6.93599916671967
8.31917430857382
7.71091309797689
6.87083256070326
8.71002085641551
6.86707793061793
7.76570062862759
6.08809549317762
7.16096227735374
6.45607074482912
6.34775952811599
8.76098971095738
5.55627885923578
7.4724328532877
7.37086880358943
6.76505608975606
8.77059291692247
7.49322625553734
8.18554076402252
8.26452942067792
6.05178958339531
5.70505539704883
5.50222673096387
8.11684716580749
5.66655823563766
8.58828456494862
8.18438299199777
6.02343605810281
8.18029360490126
6.78273177553339
6.04598926998077
6.49228988267652
7.91261677757914
7.52873317988633
7.73358707371224
8.60510483437158
8.18329264904993
7.07166138910646
5.90328099725941
6.13663887345022
7.84180514451484
7.83179943621317
8.43583873541341
6.96418208847914
7.94372300563888
8.61654603369843
5.80665706209747
6.14892699877846
7.16878594104294
7.71492771025337
6.33135966799058
8.3321989663485
7.70215642699121
6.20058026072717
7.85524257928777
8.79362381655797
8.53892698077567
8.5668408199594
7.41830261738197
6.97186271531313
6.67616064668876
6.45028756458262
8.5023130066764
6.04550300232095
7.92407415431135
7.97221204833481
7.4367589230264
7.32718011159165
7.66653858092547
8.78642774656688
5.89146837665517
6.66090125164319
5.98396281730059
7.37988090030615
7.65845951459092
7.75151207695123
8.23375773528515
6.07073616255457
5.91586156403104
6.39152184229787
5.76606654353345
8.55212944326402
7.00558840114928
8.31179442308009
8.3512661849
8.4634130662266
6.86002268558457
6.48845838059876
7.44259558854621
8.34526537843509
6.3395385042283
8.21216209296808
7.23515408081975
6.12405951174391
7.08547856398063
8.33637982651293
8.63418311935512
7.20293285228817
7.57012585547268
7.14633549505266
7.10188437006108
6.10201093851295
7.24884188418963
7.68196795946065
6.41131977920992
7.76177643981277
7.86435835707352
8.45537217904064
8.19354067111286
7.20103868129015
5.81479928773497
7.15871435549196
6.73376584027891
8.61948094948076
6.83921343969512
6.83809374696405
8.19443926544417
5.89722365197511
5.61355589906854
6.31569255233401
7.007700949377
6.24697035726035
6.26950290024795
7.67309712079476
6.49203849208519
6.88261724006914
7.43430273947556
5.91533383937971
7.7633425941149
7.37141712142028
6.29339020189152
7.05397550114834
8.54458727088643
6.04765299339418
5.94141075997056
6.45148043486228
5.50857253463333
6.72970703742187
5.95035076781388
8.79828634045693
7.25599525881998
8.68600657311253
5.52964680522341
6.32066736743803
6.54868048526119
8.260863720082
6.69564081010402
6.05502402712232
6.98197383545578
5.74218964220018
7.08365434130139
7.92104550193518
5.86770904602185
6.41729862577067
6.17081204138219
8.33430756092264
6.46199754140933
5.84469968963447
8.76600301773921
7.25585247910957
7.55419544972894
6.33235864895306
8.55696425951096
8.03605288914916
5.90324708389613
8.28716927572083
7.25255839352939
6.87441003658009
8.40065819473669
7.80224846586595
8.19640757750321
7.36144202314902
7.89700008461394
7.33519212739379
7.63502292378806
5.55917346385526
7.4871182924189
6.3395570157522
8.54630118433423
6.2345116011575
6.46849958777349
7.11620811717497
8.44865961343259
6.40074873012502
6.12964146932575
7.53248009554874
8.3311378468922
8.20263879370475
6.79910413944256
7.3428686669375
8.11349144710052
6.68814605531533
7.259980694361
8.68789118324404
6.49685982504848
6.80085516867342
8.1921730152736
7.33604551368618
7.65102380183875
8.36321997281648
7.30153639766942
6.62481622915715
7.85444948506232
6.2258001174736
7.89276709177927
8.27076705742105
6.92089556715707
8.31528000553714
7.70502778984794
7.90101962054112
6.54566752323837
8.67685229637889
5.99442819376459
7.39089631564747
5.81427207126938
6.78544669386448
6.13147677594331
8.37899220419152
7.52710881614649
7.9386269870083
7.72044763899717
5.62445939640834
6.74361706299761
5.83356234507263
5.66543794950762
7.06112201218932
6.64444078806378
6.28489268366716
8.51734096637518
7.01278860437886
6.83003646284701
6.2450677601953
6.61999913279794
7.04021237560318
8.6983666630138
5.54310276632694
7.71323667377
8.09613798463886
6.99720992611129
5.57562951712577
8.08352140119995
8.11122423545709
6.06426635356748
8.43766602355687
7.45268449429313
7.69479013959798
6.22705373299508
6.56619730582848
7.53690862028407
6.52787168733582
5.75732790675326
8.22107730217673
7.72727143630405
7.4840825721843
8.14800407834795
6.19582370107719
6.37815436284791
6.8891255099808
6.31986285807929
5.98331287655198
6.20773954709474
8.54431894825069
6.50666611191762
7.36659508078407
7.70558584094768
7.80470359542556
7.39489131230326
6.38459982135467
8.56573852079741
5.9786378896359
6.23686410902707
8.35487641029064
7.93231807344266
8.23585019120213
8.29276889304096
5.95630558960678
7.44300901851195
6.98716342424684
7.41140984392409
6.92542275204884
8.48426239634447
7.58791239367529
6.25237515407465
8.118642091081
6.41780859804144
6.63046914589371
6.01162986306707
8.23576454156397
8.48312617094873
8.73300613597289
7.89096646533799
5.79285518702721
7.94631310599887
5.56424286025326
7.26958813306322
7.65810167956318
5.97874075815617
7.81457936232211
5.69280512124097
5.79890217650387
7.57620416524233
7.66215766508531
5.5433916014733
6.19176121196744
7.89457223967299
5.6229265133182
6.90043770858807
5.69538621288124
8.49556509014274
7.26577915781284
5.83173207875797
6.44717732221161
8.53017894822692
7.34823906763551
7.44008692729044
6.55222762561883
7.06104161834895
5.90632200576707
8.52560327003906
7.09671383062809
6.5928128398339
5.59328522913379
6.36030556691012
5.50008340974955
6.47846839311134
7.40867909145322
7.65432085136613
7.8607705592561
7.0139508319269
5.60077369486424
8.20688473615926
6.08607341030489
8.14796881639104
7.77036758753858
5.91011831212266
6.44941221440176
6.39822743628903
5.72394201285084
6.44355555031865
6.88212289902062
6.14252672388897
7.31303931078888
6.01836026775601
7.4489025308354
6.51034029716042
7.57613606654786
6.3346317542143
8.34286325513923
7.32331801433294
6.02948273848171
6.66251412447277
6.48838642158993
7.69173658987849
6.93825376492601
7.32687194887935
6.74637219043752
6.20387151334842
6.59958843510879
5.63517009555157
7.24947048532474
6.6019502874256
7.83048299991948
5.61337978661245
7.74541812912211
8.53698196011069
7.32671132505806
7.6812646262693
8.28739755425572
5.91677899504865
6.81149212097409
8.12187860131183
6.20356704108527
7.80925137326232
8.04451963213771
6.58145275549864
8.50666139240351
7.35763867719583
8.14261628341104
6.73347761985555
6.89999840569247
7.11872353186081
6.13088782991416
8.0038910385389
8.28780341295096
6.36621902273706
6.6908059670004
6.56539415247292
8.27512325241579
8.67297874758692
8.10796157947739
5.83150826763132
8.19073329594668
6.14503369231158
6.66052767146064
8.26486776803139
5.97547495180281
8.44441319813382
8.59323185069706
6.91700233470662
8.1698556349861
8.389745022176
6.2722227151099
7.50935033275632
8.27130408096896
7.17731490131016
7.41074301238712
6.99330462622577
6.67358978062414
5.58981324870383
8.28700287661012
8.38918498889059
7.55863078409392
8.06959049171939
6.78219277810734
7.71667443697499
7.18798403172306
6.58779489482293
8.769433499818
5.95948711680488
8.64470069827768
6.41682619070676
7.26420131345213
5.95175650913585
5.56954017750323
6.69164094383131
8.06194496684016
7.70285226532102
8.70870741182974
6.81761205308119
8.44328672193457
7.35672546874403
5.93389771824967
6.58545703867465
6.27085025754955
6.60213450758814
8.29005906354674
5.98509204467285
6.67264431002032
6.40185714327023
6.4711519776818
6.86108033117647
7.7904805798569
7.68637160043397
8.11708979592487
7.92960878359125
5.73459555428007
7.32716497174518
6.31754776757209
7.96084286182118
5.86560658708262
6.45148594062044
8.08662936467536
7.75513702793978
7.75008463295863
8.62853919921164
8.20450750912831
7.46448851839536
6.39376580069706
8.00746327556462
5.66484127907335
8.6896787976632
7.31001128458833
8.26110372664028
6.76084391242368
7.88768698550258
8.43646222370382
7.04476191089241
8.17957091513442
6.95380291863576
8.36899042923457
6.05514423101378
6.34429411874049
7.03443064885983
8.02475902126442
5.6047364747313
8.52390660313163
8.64338960485821
8.67622184010164
6.92599049130584
5.98978218212717
8.38477579483802
8.33219816344496
7.92466749320032
8.70927253305777
6.00328925349775
7.46841936395531
7.41522871186564
7.02147957514482
5.92052978519694
6.53094279540652
8.28722208273896
7.18862397102816
7.32327577850426
7.01337910705201
6.30487178757539
6.96874963020813
6.74043917569685
7.28698394367838
7.01704483684705
8.02886444447433
8.33930584679539
5.6933298645572
7.57180216687443
5.9650480515211
8.7745433123958
7.10152586845768
7.01952902853826
8.18858835670336
7.8807169076346
7.4662556369391
8.10270642384904
5.73739939677409
7.46374196296111
6.22531002564749
7.797799309096
6.33634588863885
5.8821104596411
6.61877749737678
8.33884432369625
6.45210946104795
5.5995680089102
5.96878374284399
7.36635647017742
7.82913841894988
7.13863481678877
6.2125189562733
6.49623708667519
7.02234490869599
8.34644497735769
7.81906722860534
7.44070750267031
8.7134524182356
5.90405201595189
8.27968108278446
8.00009502922111
6.65714625479619
8.59386381537616
6.77325567884667
5.70001084142167
6.9385916907813
7.51353553396475
5.50683887011607
6.63284002548266
8.65302612392435
7.90461773087632
5.92018474373245
5.92060554917062
7.09336957895091
7.10750172598048
7.30796526150315
6.20000763682174
5.51081551343151
7.10293316687095
6.75606692986759
7.76038770874239
5.54602818458029
8.63060293891278
6.48580905293106
8.28686472062512
7.66466431449014
7.18287298800502
8.39495354381459
8.25923564699868
6.88023050200146
5.78708072884883
8.51051522573971
7.03588137627428
7.92884773091822
8.52928869992558
7.40907889602014
7.45814066943536
7.68811858151733
8.31159662642244
7.36606919410881
7.15221066661694
8.46996984157658
6.32730764753387
6.7255498531764
8.3973334619178
7.51618482946656
8.74266134503831
6.170195977303
5.58497196306343
5.75818898693844
6.389505372918
6.42617388286714
6.94246920616532
5.68103055788207
6.06705983896941
8.11029339403868
7.13847088797566
5.58412589234641
8.6256139427748
7.41973003858944
6.54988416274563
6.41603752095646
8.79061609510409
5.9719491481376
7.00352727128537
7.9372969032994
6.01615761981535
6.53929826014416
7.19467650011864
6.53044917591962
6.81886692889611
7.07306350239298
8.04672090357555
7.33333261954271
5.64004184082183
8.72276176169443
7.31382012732921
6.24007879697929
8.45030129410543
6.72832891123788
5.82177125607809
5.50773107771684
6.8492879001656
5.74350753709353
5.99849483230067
5.57268459730145
6.95388817112798
6.96017922463859
7.29833467155217
6.59498417079286
7.80977655815524
5.96735819224027
8.68413219634544
6.61830939431459
7.7870618663313
7.30197011998251
6.4218852556682
8.32919759514733
7.91099226408439
8.31595824317873
7.92075790241335
7.63851770932988
8.43962131345047
8.13749334862918
6.45453701210204
7.23109361659332
7.25811293005429
6.02392630529375
6.31298036865745
6.83162335313786
8.74053662957208
7.21576483492778
5.63979533458354
8.44731747389641
5.50482538875199
6.59861317373124
6.21293381593354
5.83809074364699
8.27040552949515
5.61615635247265
7.34709831358553
6.13167063976506
8.71529234960729
8.72464746797643
6.43354444563204
7.79953225822168
6.90978662611675
6.83026053271652
8.16859328660085
5.77026605936537
5.64335167428322
6.53492832829043
8.20129125866623
5.7325921108407
8.44739522960471
5.77603800572669
5.96688382416372
6.11075365014729
5.64342265991508
7.36444977036272
8.04792105475621
6.11794676631267
5.60377516988913
6.17091553707488
8.35083414753223
8.43697852112725
7.03209857746245
7.23868754704034
5.85310959053221
5.93119011604963
6.99808948702013
7.99191521716137
6.33250943628421
7.8894052323677
8.38446140021665
7.48121199414209
6.66796339489419
6.44580111807931
6.26512890193567
8.25661391946638
7.90540896382727
7.14744266080712
5.91427997117957
8.13564056824892
6.06574364729296
5.90057294387099
6.80603301529973
7.61447272696942
7.00767689996049
6.53315731351943
8.08349963859922
5.99100006357882
5.84992162157796
8.13485854103568
6.48831535277296
8.30754461341497
6.67861703825977
6.45485958387109
7.63255812250639
8.66307012602935
6.09661899682293
8.1928222559082
7.12989977756026
6.9626365983389
5.84137565566922
6.40351039377906
6.18358755082437
7.2221023624741
5.58144580317144
5.82819927314519
7.13619503112043
8.71613165741851
7.83318104254444
8.52793824971178
6.40389602297532
5.71139733769265
6.84592540363908
7.05862072547778
5.62623473722721
6.89100262744053
5.76859526703701
7.39568454191129
6.92083809420724
8.27797725058329
8.76241142837712
6.26484257059674
7.58330610047995
7.35801436340863
6.30933789277489
8.58241620519123
7.18769319785686
6.80994154142964
7.21414984204459
8.64253964015639
6.54319553007843
6.88938395143809
5.6328124307055
7.22235443421547
5.78525651183246
5.75554888545063
7.81085048940158
7.75277833056585
6.07254102163394
5.7232685103958
7.19388649864032
5.98784133216209
5.52711187916906
8.14071702246802
6.24029541391139
8.26307978474761
7.38016881058224
7.19197987973371
6.21845067919574
6.07436167935774
6.81905694251408
6.88114567013133
8.7800079564513
6.57049507704391
7.77548527906897
6.88664257100949
8.67916971422183
8.19951861683279
6.49411927825626
8.65643549799286
7.70154726105767
8.22447444515931
6.22329507385425
5.78432914886665
5.9860361178371
7.00482163188964
6.25906621000014
6.21697066222378
8.45195789291652
6.84734990579659
5.89835664677366
8.44898557666429
5.78693144652084
7.53576853510592
6.69163490304398
7.47844973482241
5.91670409899415
8.63556680247055
8.36123493353377
8.67418302061745
6.31809552964094
6.67611981371509
6.67916522705281
7.2335562594341
8.54787624452669
7.18954477661186
7.83984978067999
5.71872367695093
8.66870459415604
8.35409554332378
7.89585651257984
8.74918954960642
6.74675592251272
5.79747262814041
8.47782981655334
6.90584884159332
8.52222880740924
7.74010024604033
7.72255559681626
5.91691436490639
6.38794818692203
5.80307965240482
6.21662945146095
8.03871412254713
5.73757469546812
8.72874265132566
5.85220838085583
7.33087684113844
7.11309213521396
6.80582594734149
7.23461485909188
5.63610472034175
5.99469381073925
8.59610144037472
6.31433616050375
8.64965490694437
8.03062311229635
8.08080943278869
7.56976787005066
6.94900624131238
8.71790400385758
7.41155554280139
6.037730798545
5.53057201520208
7.85120466972546
6.17556849514062
8.12218304188907
5.63457084967651
6.07408070033607
8.19167575583297
7.888556214349
6.70303310849859
6.06168881213616
6.20810713788649
5.59857286938383
8.20159751452881
6.30155966957896
7.23472883806025
6.56498800435031
6.5623846135612
8.61944036599978
6.57130012319576
7.52636981956714
8.79002902313358
6.98151623040845
7.00256016353063
7.8033464625222
7.55412742900176
8.69568609926338
5.53505673862815
7.57809455437675
5.83293240244619
7.97757077501361
6.92915663370062
7.74206510629561
5.9013612347916
8.70918631675272
6.37262316864274
6.79195866721867
7.59685697357844
6.12086416234748
6.17298501399566
8.61305957130747
6.10459416111568
6.43186909558311
7.92318290927878
6.25578548669078
8.5104780411157
6.74074224369111
8.76210347739568
6.19944947113702
5.93157113979438
8.64480996231567
5.62497382428688
6.96549817181085
8.4601575580439
6.41371079011172
6.29479644221262
8.57392253791004
8.32013101841583
8.40175844143241
6.32773122784387
5.72297814569173
8.18062287877358
8.42537687660958
6.59624699174084
5.58577199227763
5.91501706733442
5.70147245999264
8.22295028507747
6.04187043952248
7.72125667484023
6.75217822733919
8.73823687230274
7.23317517525922
8.16625156601461
6.02636616657846
6.46860267519613
6.4521634588355
6.50458578604486
6.78806078881419
5.81657532442836
7.49775880467764
7.83679775251456
5.97364068956278
5.99199005484146
7.49062927715894
7.63552970771454
7.55741309314719
6.92300020323561
7.69207416545827
6.07175769681468
7.62200761304088
5.88009535307922
6.35362947395731
6.44587377422403
7.50582206745997
8.68016393854336
7.4620862536091
5.82090453699838
7.77524092111109
8.26729572014883
6.38467279607816
8.48388279888161
6.55962928030431
8.05680268234999
6.54617565511132
6.12216970975384
6.75613197040226
7.46641732394043
6.40560258758953
7.86299557798003
7.27566476572665
6.33608251932915
8.3910497402341
7.03285823448415
7.36926422231597
8.00503695816654
5.87833474157632
5.57963117861553
5.64346174331732
5.53284146172187
7.93600541345574
7.79377066161083
5.8190215046283
5.91362637285224
6.36509703279877
5.71564953915279
6.89642314331748
8.25654202052709
5.57908014687974
5.88607976554749
6.44796093269123
8.66983713920697
6.151629072801
5.56838812592268
7.07225259589401
7.686669525778
8.14039350048791
6.20509009858484
7.94918560440583
7.63589579178528
5.70844644805599
5.8548552025993
6.22534190704248
5.6438467988287
6.21595127035396
5.83095379153679
7.82619383218108
7.71766102632857
6.01886975486635
7.79172383100807
6.26649011436948
7.5335760881072
7.44093673466329
8.73010806722298
6.21032738950264
5.8124287100068
8.28932463234146
7.67497059651443
8.58579839427393
7.59619680658859
6.2539933230657
5.94241188129991
6.1707914585636
6.81450009748611
7.01730025813475
6.61310388958813
8.66503881361037
7.80608392212496
6.82551498409348
7.87178650714738
6.06293382244844
7.0691560195765
7.3514646441497
6.95439859014222
6.05979554272138
7.59666763317831
7.81347572374658
6.71840238806463
6.61739409545273
5.68858011510893
7.04260970303401
8.16170312232133
6.00967254731884
8.75107465627624
6.98072653301306
7.25459483681901
7.26139818873971
6.34581305874414
7.66245344737021
6.48351176645917
5.71434955138071
6.45268886141999
7.67897402156134
7.10160229391082
7.16088609722804
7.05201870917743
7.12192184708866
6.91749097796439
6.94356742227511
7.10025248708443
6.11773639727902
8.76471003359184
8.43071244044144
6.89180148029852
7.72707584874688
6.64895599028623
7.36771676168792
5.93231142166971
7.93615573677436
6.25190290078096
5.6480463008408
8.2621609092179
8.28206920689289
8.7914926422498
8.02551229140218
8.38250256736111
6.3371523061838
8.54760014948574
7.30934811063245
6.4512813568144
6.11383038400726
8.66585430381841
7.36077074286164
5.71347213674248
8.09789832581826
6.69300621661282
7.99617235887113
8.41541413214221
6.79760238781325
7.84671074826595
7.13841910706376
8.77106985348789
7.74542164916793
6.08185461360672
7.58082459708531
7.32194794606632
6.57831945675677
5.83227450481905
7.62496838206991
6.72830604559332
6.53209475533325
5.91938106932576
6.37595851684143
5.55063577549698
7.13658905640531
6.87386889463145
6.15300037947786
8.39820893162401
7.09019486765075
8.24642257133129
6.76162523414713
6.92575290068578
8.09287177169679
7.62030638345016
5.85628381709758
6.47675594788829
7.50207501548665
6.57116461779528
8.35916954276582
7.03692497338368
8.5780106693544
8.3868529797575
6.73256297561049
8.10381067936751
7.43446765703121
8.15946597387349
7.19764720509599
6.68275924954155
8.7260344734144
8.39170899643888
8.00292683261753
7.08253918103031
6.74019252560079
7.89170040757438
7.59675457514334
5.62317213051131
8.10165277186867
6.78217236938422
6.58127943427913
5.7653265887015
6.44523756755362
8.77436382278555
7.00872628652568
6.92443135874371
7.33682868141374
7.15019054311137
7.35623867805479
6.71177325565656
5.91492749059317
8.33569817788073
6.66143729361012
6.2013509845388
7.45575710758309
6.2822480433155
8.38503133285638
8.12698574345772
6.40134987906806
8.01478538900508
6.92530253978741
7.69250167175938
6.85536121403569
7.04446610609804
7.54596664942637
8.47363525025714
7.18752256150258
6.72953022863947
5.63407931827138
8.31284500852777
5.53858005981242
7.07915333410229
5.69248711213644
5.86407659487286
7.12439230577707
8.01618195700313
5.62331890684775
6.4024176631642
7.40178387833533
6.14541754832669
6.62450224310252
5.74517168954205
8.44317112221573
7.81731153924874
7.6364408469679
5.51590130826173
5.84344437204527
6.39269791839944
7.86701149487248
7.58583068286962
7.15937379335002
8.20570231180433
7.89651410745273
6.14380226085086
6.13900674557634
8.59087987443378
6.74066112631835
7.96123777591706
5.96178045510949
8.17697668030253
6.67164599642081
7.37584238859742
6.70088582859049
7.21835519089362
6.64410340179902
6.48333650699678
6.52651650381265
7.17671986676066
6.51697525637661
6.79794110647255
5.84550754336226
7.96441071726103
8.45985678345812
6.55976963739261
8.32883793477834
6.12260320184771
5.92320573524796
6.47336841006718
8.35166169256104
7.52827758756684
6.55167644841851
6.53195493819999
6.12366896696474
7.38303847964681
6.56323415842397
7.4083612202822
6.48878635977169
6.58921994673729
6.24048636760661
6.40101442528216
7.42435017241472
5.71782688125145
6.18013385409941
6.01304370490272
6.50872480182947
6.46522285692092
8.71980649344998
6.26568260666931
7.48705030601582
