0.8
1.43522650856487
1.4585563810804
1.51618970413349
1.64035035819187
1.560672969847
1.5787275429605
1.57251617360189
1.60261922609033
1.6540311467439
1.59476996866735
1.53652291082418
1.55020432135661
1.51674220514841
1.50235566002911
1.62255315029258
1.48513475841873
1.5597825192471
1.60263196815336
1.3980377491377
1.53178800545382
1.41072670896138
1.54934207415504
1.59149364875199
1.59949625570633
1.53419928934412
1.46811548910091
1.5025052620863
1.50776845948414
1.60061440603247
1.51200935256524
1.66908229346041
1.5496563680603
1.51508203392435
1.6000992821305
1.5219989814724
1.53662919513013
1.50497999878293
1.52823945617693
1.48360657960048
1.61871670169892
1.60251800790552
1.48314233704027
1.47761021191991
1.5667597782257
1.44754341856866
1.5965489996347
1.53835518157542
1.65692002355429
1.57548845736191
1.55978218323916
1.51742292267632
1.56312240179179
1.58098717676139
1.57349005725245
1.71036117333587
1.4733467101842
1.52524562888889
1.50942855632446
1.47589965778415
1.50930188915515
1.53688710184982
1.64114589902658
1.43548509848771
1.43986776255901
1.42247310143174
1.47663929106355
1.57037123386991
1.53089976087674
1.58855683922732
1.53423657648159
1.51891410434901
1.49500765271648
1.50158980266287
1.62811027414127
1.50539942809846
1.51584288260286
1.59910384501876
1.50063227578785
1.58476187575703
1.44276592845865
1.42994818666661
1.51078147075807
1.57283600435322
1.522725332196
1.64128499045492
1.5240424775892
1.5242408232209
1.60379696546917
1.54553798025987
1.4834303828082
1.50060529575409
1.47280890847083
1.56795543700751
1.66642539945416
1.56161275898353
1.44700776906973
1.58281113032049
1.43903191476184
1.47246191051163
1.44927245434045
1.56790142800022
1.66591363712838
1.57688519768375
1.49962447971203
1.58251579102585
1.52903665176616
1.60554991261022
1.52331733187871
1.51330437160021
1.52876333515863
1.57176855582646
1.62042564675115
1.55775814716394
1.39600245972161
1.42096851167277
1.6500416330609
1.55339037115988
1.48297758018381
1.53162503130913
1.62274807580182
1.54755342236176
1.51328185264368
1.52469225236694
1.49773089108038
1.57023459645085
1.67580406958236
1.55960002068461
1.49197990834833
1.52773611011511
1.46348752147143
1.48279304090838
1.49656090054073
1.5379598349264
1.56977164975738
1.6139788439853
1.57180818744742
1.63091193374876
1.60520989124195
1.61330720797701
1.62743922487168
1.56554701256709
1.60035243459788
1.5519727156566
1.60109905499668
1.57277517051794
1.63247999660973
1.59199806576704
1.61463824428647
1.60894394211824
1.52143795345249
1.50477947483257
1.61241481437899
1.56098003317739
1.5454887090083
1.63320922936465
1.7834849992995
1.63429774829198
1.7642185712718
1.51148241245263
1.61501660635819
1.57915491891831
1.51084240872173
1.46014658181828
1.56621133775141
1.51463440895967
1.60413046981569
1.60184376610353
1.54596863731317
1.50983237822439
1.42226581996113
1.59500235312717
1.53496172464498
1.55786114082209
1.57617907705684
1.5512311106486
1.65317940624478
1.66037622644421
1.54283580830815
1.50357427864711
1.46451585014011
1.3899721822979
1.42455091244248
1.51659532555922
1.55225583465672
1.46704949197476
1.5202411673947
1.59825677705656
1.70443855122283
1.419197174906
1.54446160513857
1.56630799338541
1.48769359199435
1.50931500521066
1.60743994316876
1.58991518751678
1.5869577547873
1.35725874154769
1.59779317716106
1.50870796739911
1.52687011806756
1.6061986550145
1.52671835312058
1.60034829085111
1.56423909821296
1.61915337969956
1.71908793343106
1.66270906757014
1.61504188195991
1.5874113592589
1.62547742658438
1.49098647548858
1.57987718244764
1.70229815511461
1.5042956012926
1.6060994391536
1.57396038695927
1.64936680527724
1.59158215039348
1.55881935755949
1.4670302249416
1.56586430273242
1.56886771422876
1.58026044452313
1.63730969871977
1.53224822856277
1.62298707658132
1.64993841104059
1.4972590993917
1.56441316680989
1.5006200261685
1.5354224929433
1.4219899847678
1.46396387288614
1.4606015416531
1.45809665611862
1.52493819045543
1.57125079992173
1.72295229302969
1.55744945237504
1.58981826021513
1.55373888691783
1.65236476716396
1.65856119494277
1.52357109856982
1.48034345528603
1.50845357390809
1.54010365017022
1.54871772722417
1.5693660834982
1.53705074885146
1.50942380345971
1.44116942257728
1.49946462099866
1.58468729031186
1.60397262180362
1.57862680198892
1.52055914106934
1.41918601443612
1.56679096565544
1.52764917627745
1.49888298827777
1.52006012803837
1.43931589676402
1.45993108075554
1.55432404502847
1.54399038517806
1.44634619222943
1.60216665732688
1.59562504553184
1.58954174338631
1.57969167688823
1.66827269358952
1.61345725155414
1.57141684032704
1.51535652921311
1.5184286926374
1.5792160234907
1.6151790252531
1.40646527451323
1.54590445363892
1.61468685641661
1.562893176776
1.57276864344612
1.58949729494118
1.61226341218323
1.4828310126753
1.56520260070672
1.76413859539316
1.66166169534205
1.66997508019877
1.55031203710721
1.54874350289325
1.46096363858604
1.55025949314358
1.51459985445221
1.54163888726712
1.64082491060315
1.6482759505828
1.48616507321348
1.43466875945492
1.52269651136084
1.50703174383624
1.51199494385434
1.41254931264118
1.51705488079438
1.51697352019362
1.4877333344387
1.48018346430557
1.52390632850147
1.49883161357687
1.54299508355541
1.45618955826659
1.42105638530209
1.46501604618481
1.46987333985495
1.52997485762014
1.63259592757234
1.57050029999939
1.52975332218699
1.57292793648547
1.47098885716227
1.45374963764279
1.55935452406085
1.4772360620663
1.52996906576374
1.55806975580562
1.47715132129361
1.64208658646764
1.66106726039519
1.60102833814782
1.5054526226918
1.55955788023014
1.47670971821377
1.50940337155485
1.67001920660539
1.50769164317168
1.65164811029917
1.46311851407839
1.56634214351179
1.60563443861851
1.71144779685039
1.61710656665457
1.56432411693087
1.55221668586786
1.56660560223247
1.43663426278918
1.56985184627347
1.48155892025644
1.5905145836981
1.54938802944934
1.52355265298587
1.52666575735355
1.55053296832137
1.45463832871157
1.58538428865049
1.54088428454201
1.39045558799162
1.49073658146103
1.58063513457086
1.57509209251454
1.63527025848823
1.57293164937398
1.4721275120636
1.61895116458896
1.60081272865716
1.54695472337005
1.66535185766817
1.58492070731991
1.61871537384063
1.51796337312189
1.55158006772287
1.66520756709711
1.64701050806064
1.47776991365629
1.58650143644113
1.57253590745193
1.65942215474873
1.64427161037532
1.50681163366437
1.59954785589745
1.60109686110178
1.65693466811686
1.718074188116
1.6783391906321
1.45596308426373
1.56539630101428
1.62471289071293
1.5633467645943
1.59426245658854
1.50017030325854
1.48250044864001
1.49938924471397
1.59152021433987
1.65888784412076
1.66122920020996
1.65131378293212
1.6697310331781
1.56241965906997
1.57776352229899
1.64543665134627
1.50726386763797
1.60786970064927
1.59324646853752
1.47291534553469
1.58963030184364
1.57638908461335
1.79344230374845
1.56144877169865
1.40812267767284
1.68684600207573
1.54113878845145
1.48667123596364
1.52191397576745
1.57747871815366
1.65709728234501
1.55901084696462
1.66211790618752
1.542031346457
1.60571188806799
1.44302447307889
1.46531882926794
1.48706589119805
1.56509292743576
1.5452784933196
1.56353238113072
1.70927211774071
1.54299732679487
1.54740346001844
1.58370500671301
1.52277714407808
1.51635282127392
1.55525370832036
1.58705441109733
1.58078120809376
1.56410590759401
1.48467337149461
1.51775563593986
1.47385136643919
1.47399964046323
1.52897781844139
1.52415179586721
1.52011469790785
1.52427375612125
1.61303697213364
1.58955640406992
1.52345185583443
1.63130989188905
1.43913809781805
1.56025043371658
1.58590279137236
1.5548252696754
1.48733386730175
1.45863668063873
1.4691118830849
1.54951932423889
1.5017515072681
1.62703570678092
1.49687786872128
1.52650894212556
1.54649002713873
1.61831594226759
1.50695166025273
1.50490004416093
1.61666376488805
1.59879183451576
1.59802142263219
1.59341418917568
1.53786601044482
1.36263368615309
1.49148056898283
1.42452017375066
1.5892249848638
1.41290322871377
1.48726198317482
1.57675300913901
1.6203785443247
1.59453174210181
1.58847202511907
1.48170245679029
1.47412573058771
1.50988050428814
1.5629477290913
1.53750694515908
1.55848733450088
1.59739299068976
1.49070428022747
1.56007221608884
1.53719089996025
1.52844298572394
1.59779566264195
1.58553737954001
1.63506719166741
1.57680653695344
1.51400261658574
1.56440462489044
1.56684918538144
1.50663952023933
1.49698429679852
1.53650673676675
1.44977211294422
1.5801571261732
1.46541552405731
1.47678053587926
1.512499620046
1.47497818689349
1.55046296395066
1.3781442220291
1.458282460918
1.42638244132531
1.47264049873407
1.54932070713048
1.4824463607726
1.5371948887832
1.58701006283354
1.40823103848946
1.56357465539036
1.50534959282106
1.60766557852601
1.5257005131981
1.5341699316535
1.58788071707432
1.53421493768604
1.5648378680111
1.53098286952384
1.51327024433699
1.54253522379091
1.56420071331819
1.61869414262764
1.66438595456333
1.63069451489056
1.54578166253076
1.58363465425612
1.5080930272538
1.62406612525449
1.63701486162268
1.58274946346474
1.65366348204935
1.53897616294638
1.60145885910236
1.62191876069396
1.62658426600486
1.63655456265854
1.46707637721979
1.52214330613357
1.63630708535099
1.54452417360228
1.63809850522474
1.66288537705857
1.51477817287178
1.69273883733152
1.55218704492748
1.44149994926053
1.47053479960232
1.55173117548559
1.60913797995424
1.53825989675459
1.49960484014372
1.63744139874485
1.56889847632231
1.47482831228646
1.6550784499262
1.51603663769124
1.57334300472919
1.50784771265207
1.41541886011649
1.5961700742423
1.48913808547037
1.47011682698242
1.51235149749306
1.68919929237215
1.56446045773526
1.52457900910403
1.53174352045475
1.47294683937939
1.59258849589726
1.5116065491252
1.59512306583642
1.42197333211713
1.57729646919202
1.44190206548856
1.47387049937493
1.46763394635591
1.60322897942802
1.5424840449515
1.55710795121774
1.53909274998476
1.61241661943445
1.59174394832195
1.47799870612097
1.58295398723707
1.50702899046295
1.48254840277543
1.41197763622523
1.52340871172641
1.54321992221807
1.54285802260323
1.61029094045836
1.56051973661122
1.46997003742839
1.639792866098
1.48213131820941
1.46458499834637
1.56297855195424
1.47273325716423
1.48075508664099
1.47991570955977
1.56545115578958
1.56457372096914
1.46836403776002
1.72315416596526
1.54931347581218
1.53866557057014
1.56012469605852
1.4985859649335
1.47222149026449
1.45603633715526
1.4069212544997
1.54056319310682
1.45701451914903
1.48020228568795
1.44337775495022
1.71341499919786
1.50995685339823
1.57575082751624
1.49161624771834
1.56393589423519
1.70100152634779
1.51295620758834
1.67735958830481
1.58693639686138
1.57878777038481
1.50537004079332
1.4868059215615
1.55136602102808
1.55956564404037
1.59610349981134
1.53024210746555
1.57503107592775
1.55345212676448
1.64427710739296
1.4735651891584
1.39055232839035
1.47471249934493
1.540434911176
1.50566610359199
1.52509802970014
1.65024342733863
1.56717462988492
1.5610844538688
1.53854006649088
1.55286131711906
1.62811315168086
1.53189024217472
1.52294673630406
1.63162186357211
1.55061682251041
1.62767522441719
1.56612136106422
1.61093960808201
1.5767260572496
1.52506064570457
1.50533197868314
1.52377038525078
1.475700396764
1.56788980124608
1.53106017713269
1.55468829454208
1.57249314745753
1.58528671853004
1.45449817456241
1.66742496217118
1.59889618282384
1.57226124994997
1.51547878262159
1.4579621331984
1.45108510147696
1.5610115324014
1.43015812927653
1.54985400879654
1.54173939642351
1.4905378744659
1.5702761445578
1.61187457214223
1.50592659596496
1.61947123720115
1.57237608725227
1.55974638437967
1.53451360468348
1.75237366585032
1.53005478573968
1.46940936672692
1.51663540288094
1.61673982941221
1.63211776639356
1.69838091138765
1.62242568921801
1.48049033145902
1.46595180748968
1.58991316307305
1.44736517997601
1.50053457746581
1.69763952386172
1.66608600732461
1.49130379693817
1.54792681709747
1.52131108258593
1.44962186937341
1.50511297968747
1.62694882472505
1.47735116585853
1.49232061239187
1.52393330031738
1.48513605867142
1.57231612064103
1.52494955891163
1.41265382620009
1.50492565106036
1.54888149634097
1.45021412278977
1.55336457520203
1.49287203454621
1.63860956798779
1.41123653225367
1.54595166427184
1.75679509059734
1.58176581338686
1.6117026060118
1.46289407694471
1.47395853648013
1.59665767174464
1.50268619033224
1.54643746223659
1.5429482492253
1.62777926757537
1.52762614057785
1.65079059242828
1.55291202440603
1.60259700208759
1.53720735516384
1.43667772524095
1.39079340803424
1.61557126739687
1.55966547393811
1.58725818104583
1.57605558525585
1.66482642926997
1.64550993967622
1.52314395786505
1.59183400325327
1.61594301167401
1.53250959846875
1.55731423947076
1.51987206227439
1.53776013380745
1.58376669042563
1.46304378826113
1.48311594481946
1.46014217496677
1.62705526194336
1.49719710197329
1.58258302002807
1.57249670296835
1.49680795738424
1.47306117456226
1.41473207295205
1.51152857809753
1.4906610472931
1.50266734959371
1.54579410988102
1.45678959353463
1.54005304262939
1.59874017496896
1.62090328186767
1.66638092092235
1.51618750597141
1.5804146805834
1.50112067795418
1.43486906076677
1.52815778313454
1.5593903335008
1.61668942756363
1.56992824636283
1.56540801620303
1.46238539301788
1.6632637897641
1.54874869298697
1.6735814487655
1.5079244746689
1.57739651071416
1.56919237879909
1.5642063214381
1.58552914847648
1.58598134050741
1.55097946228779
1.5240055210761
1.54693988277012
1.49954713961194
1.54656981238774
1.50452554925777
1.44541018041372
1.57309546118769
1.49416472123362
1.54597516705526
1.4705994833881
1.65012178634089
1.5743524332572
1.55619809616683
1.57882115286285
1.56723561719763
1.59753822221411
1.68785013101408
1.49601955146457
1.60623221116577
1.5518624332565
1.65827784931448
1.52978093499705
1.51741801698172
1.49742934694428
1.59774978788876
1.49965289842879
1.57421263660728
1.49063754630457
1.46889576651729
1.41579931388779
1.49277912724597
1.39462032707061
1.46327408001131
1.5482536237851
1.4814773073006
1.5408738577513
1.58771065402923
1.49908007796285
1.502557157755
1.58227347424868
1.51119514964728
1.54756046779018
1.43584261324425
1.51291344520561
1.47339857158701
1.54795587024852
1.4608371468206
1.56179780439744
1.46871234161941
1.44300662627856
1.5642261862608
1.54375427439567
1.58672422198347
1.5650152534222
1.52568253203157
1.4149725700486
1.58859093395739
1.49648932405804
1.54099369077722
1.55858044395847
1.52662319859051
1.48402924552867
1.52120455347467
1.50562756997191
1.53701453820486
1.4738448524562
1.49332907152306
1.51414262736063
1.47590941780369
1.45532496225995
1.51440173215197
1.53370664786752
1.49777859521143
1.53228341851264
1.50408945513909
1.47954964258447
1.57458853874284
1.54200401661616
1.52767794091164
1.52249213028293
1.74969371850186
1.58810440135405
1.55053778805179
1.46696442905121
1.51009737841882
1.39641419055454
1.48098442716132
1.49375056227306
1.54549202029309
1.43079934840477
1.47449080009065
1.53720805207613
1.53134463816563
1.55411234980787
1.52988519333697
1.60339122006756
1.66159216762175
1.47806639037805
1.60709273292798
1.49076251192772
1.43582841780889
1.54658727492406
1.51649352966167
1.54656554311935
1.4582078010228
1.57901650176225
1.49396291860469
1.59663269177249
1.65044024445504
1.50654913436899
1.46018270031221
1.55989476457015
1.47198381921039
1.56118762292712
1.53374446025374
1.40105957526084
1.45881373742052
1.51322843012317
1.4954969804312
1.42293816226692
1.55046498369797
1.51287359418442
1.69681761033394
1.57658243148691
1.57205102653505
1.48911659565528
1.65164147444534
1.54034701134685
1.65849763380743
1.47258340728075
1.56945695974752
1.64653619703107
1.49126370760954
1.60968066312492
1.59162351310543
1.5129509572593
1.58093680294261
1.49055879802342
1.54092540216941
1.64026785738542
1.67875646245262
1.49363974911723
1.60593505806334
1.46768031133457
1.48555313807451
1.60500826524563
1.58493270761692
1.43926136879647
1.58862108086527
1.5736356265077
1.59671420335525
1.62697710294077
1.61284257895422
1.62236147479344
1.54882733986208
1.6100351321976
1.62135617703501
1.52107678934839
1.58180562418345
1.5164013555877
1.49914375207492
1.56570135460942
1.63901638296037
1.57464721483134
1.55732476718718
1.51651896738011
1.47415831707293
1.51559547758167
1.47961865112148
1.56929256218669
1.52355805760117
1.49944653804026
1.58263762689097
1.50621654058867
1.49704879180463
1.57903105985692
1.48628049182811
1.45504927435525
1.4562897038826
1.48523467236707
1.51996665566915
1.53825256679193
1.47233835305482
1.49508834474844
1.58894981529833
1.63106276581004
1.65536106400177
1.49843838546591
1.48902716440377
1.70173059467532
1.52421377461964
1.50431058386367
1.48674323972599
1.4539862777399
1.4327755669547
1.54720713553949
1.53637497033715
1.51023031472384
1.52609172282271
1.55974535510323
1.57800873467612
1.53581580702455
1.55255330656348
1.51849418206093
1.57835736745532
1.5684652704339
1.53797621108904
1.48990145594497
1.56340513963017
1.56364911396051
1.4996450663475
1.52812069543543
1.54548205576487
1.61430296974173
1.55556286074622
1.54950443923079
1.53831055272234
1.57266907192494
1.56935947388581
1.53904096874058
1.5873479607923
1.53151370792452
1.54425640126982
1.61287978327415
1.53773504916496
1.57658750921206
1.52837252057736
1.52767516311788
1.46579163059218
1.56542021249846
1.35857222092051
1.52158656135872
1.57488719618418
1.66812854333461
1.54660221451424
1.51527316441659
1.62934139623102
1.65675274620043
1.69104800039668
1.60522773843217
1.57718440491773
1.54198504744079
1.44248773660649
1.55095608555112
1.47074782088441
1.50707948546982
1.59169410734404
1.57754764239655
1.50579656169552
1.55951362392969
1.49459960897827
1.48385942394033
1.54653902330968
1.58770241910277
1.50661755349778
1.47927125001962
1.55052951130379
1.4895074280133
1.55789387289926
1.66131920220504
1.62543681554118
1.57904582352641
1.60202290323444
1.55055752794649
1.52515034053484
1.61950135643768
1.46358132955693
1.58330427563696
1.73014447565761
1.61456920431167
1.57494779245166
1.66580213303032
1.57965416184397
1.49868838978753
1.52500144495678
1.71671263450526
1.58877467417716
1.6335209799858
1.52821712006395
1.59183190795566
1.47659104245806
1.61288318772629
1.55108587733012
1.52432717609504
1.48917922543975
1.44283615538751
1.45481582699639
1.58695531619451
1.54577689117717
1.49163539206749
1.55573730262509
1.67110827279009
1.75046321061955
1.58785888949369
1.50399938670981
1.53064519603749
1.46847279925676
1.60197479215978
1.57772952298506
1.50234336641856
1.57218681457152
1.42637972818372
1.55235802219096
1.58675520352219
1.44225439568375
1.60098689970805
1.50337451537824
1.53571173582803
1.57240272406729
1.5428186658367
1.50980650712284
1.54372776873295
1.50424477086099
1.43121845402822
1.49166934903539
1.58024168692561
1.63825615485727
1.65856943789309
1.55264594619449
1.6233666837138
1.56626971548834
1.54703034746761
1.54345844311695
1.48973159612745
1.51167876770105
1.51667133031959
1.65208683199591
1.54272314671287
1.43286357623955
1.51252298986223
1.60029376449177
1.61189434338266
1.50177036398883
1.48257618092215
1.52917485158658
1.53637133325672
1.49416610801038
1.44070059682693
1.55955833861233
1.5993828513606
1.53285561360995
1.62067965991898
1.59451069909498
1.57015015929288
1.46279939943488
1.52949030307656
1.51025840388322
1.57676732889161
1.554716411412
1.52163963486413
1.52814383954103
1.54199599377488
1.54247012581745
1.60490771228067
1.48544026257109
1.58996014008717
1.46765798864531
1.56251100869817
1.54102805459463
1.45266379128024
1.65647383706973
1.63463570990338
1.48534650393047
1.44612148547692
1.465989047002
1.47733406199718
1.4393472754748
1.57625097518516
1.59372900024713
1.48968875967655
1.44307428568146
1.55259637878029
1.44784958540853
1.4262705173932
1.56333399721403
1.55031531888287
1.4529964786534
1.50692411106713
1.53533817032564
1.41193593772941
1.54794758698627
1.44747138469962
1.47096453996542
1.41275200699556
1.60835112028297
1.56624149024949
1.52092200486417
1.46816404231912
1.55247416275711
1.56192396543268
1.44195283909021
1.55975287628275
1.36584059532301
1.44002039181534
1.54400018577713
1.44732292720356
1.48150260584197
1.59909294955806
1.65441672259021
1.49562151109673
1.46832521481904
1.67334258568815
1.68915354419414
1.58981957825643
1.59138595874455
1.70658534549084
1.55690270052499
1.51423078608132
1.56738035219044
1.47308515175357
1.51165339592575
1.51905994426455
1.556289281252
1.53695223626629
1.41717339130543
1.52420333206604
1.56864304557534
1.50483663971699
1.47089157765673
1.48647914593189
1.5502403611885
1.56136625245873
1.47288930334105
1.5407176391727
1.6177161037644
1.59976689545803
1.68382608623525
1.63805415455545
1.62497821961539
1.62460910904759
1.57166513565816
1.56455173100366
1.63840121239855
1.51766362377854
1.4761058761731
1.51998435500037
1.48444204100581
1.52410303934711
1.64430433308892
1.575806208387
1.50649287178169
1.52336916044879
1.57294964633854
1.63291055583733
1.60809288813343
1.47977215039737
1.44314393075313
1.42648084971333
1.49760419000266
1.51264752217881
1.62729298696694
1.67055601775401
1.52828239726873
1.51289656362482
1.52640034498317
1.53381970431175
1.54029329929915
1.55070099463938
1.46409501994154
1.52531024052952
1.54378803402773
1.54853860379378
1.66408990096235
1.62620383543329
1.63724262929658
1.5470140544472
1.62159571553569
1.58737387188476
1.62714055732764
1.5081672859252
1.67869536958774
1.62301808129652
1.48301766608986
1.45699314877067
1.52030757409363
1.64901200161128
1.47622125378212
1.57560304096802
1.51275697349583
1.51792286722167
1.62208568509559
1.6426752485255
1.6560980037861
1.52414037916837
1.44188692734293
1.59455009063819
1.6144450361343
1.46347463716471
1.48711289213413
1.58405418647045
1.60645459713205
1.63579631818428
1.5553564004524
1.59853849886628
1.50595164686212
1.6778455364469
1.5097197424154
1.60343106122115
1.58561474033549
1.56778064050998
1.59313226225319
1.56660610481244
1.56016627059405
1.53484309931625
1.50402219019355
1.41457062277908
1.58777696686847
1.56167057383846
1.52961557732991
1.52037046738725
1.71253573972002
1.5983358693651
1.61544773001718
1.50973166758054
1.62245001740693
1.56221682443804
1.59264721797629
1.62345576714668
1.63767566362067
1.52661094300917
1.50232229076078
1.54363129662231
1.65629135757696
1.61412625378445
1.48096734630573
1.50477430186306
1.47625118445966
1.44134887703505
1.55649374325143
1.60903568247628
1.60021746062002
1.57475992198912
1.58219618366008
1.58715652679639
1.57184904439546
1.52832589938407
1.48583616973912
1.57551835356715
1.43750138714872
1.42383671554275
1.53304909063229
1.50028271902772
1.56459764861443
1.44883174782078
1.52426211110028
1.50213921388373
1.52743780444959
1.44571629799838
1.50659914036672
1.55730689255534
1.48769403294639
1.46934078491514
1.47514417661366
1.56583905084455
1.54509786463868
1.64822429507812
1.47480912636306
1.47329397977977
1.63039123012455
1.67101461386986
1.50337198091825
1.51843838462412
1.66656136743102
1.66367232697201
1.47639788935253
1.520613505749
1.54714255470027
1.51102032021922
1.65121761814285
1.64306435960091
1.64392259046813
1.50376040873147
1.47390754452298
1.56143451204521
1.62142305786321
1.56872140430005
1.48224760573112
1.59906920662188
1.54315829484423
1.49387165794105
1.61254906151206
1.60729143473344
1.62703371871378
1.59477676531364
1.47259038540261
1.4874504621323
1.5441397994499
1.54010442798233
1.59301294405947
1.51447045464893
1.45710622223101
1.59904798966396
1.53297518136787
1.55851097190486
1.51097523123149
1.62655355412762
1.63920059512551
1.55960511563462
1.61991541437652
1.51563144264972
1.58007402770427
1.53641307793095
1.59870552492692
1.45470729628465
1.55451477128227
1.6078900083052
1.60687016001865
1.53505066201274
1.59664622112553
1.64051195581176
1.60643341132951
1.55590999133626
1.63550141215998
1.60277766625411
1.55619937200374
1.37371045284927
1.52128767247118
1.52009367073166
1.55170131837902
1.38321943467596
1.64419586690534
1.61672245421623
1.53560121526451
1.53626535249742
1.42107071511725
1.48417779611766
1.54881618912769
1.60596738494067
1.57467632271337
1.57237063594621
1.77823070001036
1.8083427970601
1.54832341466495
1.56787062961474
1.63237648245842
1.57351511834489
1.46307855972639
1.46697431864337
1.61155573051699
1.51391158145291
1.5564011035987
1.46188053819488
1.4335181575576
1.61838767934339
1.54203456621738
1.55974767960058
1.50888560192063
1.51165681244584
1.47348689369127
1.47586890632342
1.44545770575864
1.45596720000912
1.58567775671718
1.56074452919675
1.69217534982864
1.48565307273424
1.49548325722403
1.56829709321321
1.47108326647909
1.56414416251172
1.52924092008522
1.5381614900701
1.64222514871074
1.50540206288892
1.6000174050312
1.57645031763754
1.5953101902839
1.43618628967576
1.51265756664323
1.39174600428676
1.51780008914592
1.6105535013277
1.56402898354895
1.58948439627157
1.60470981435149
1.49953698506038
1.48492527706099
1.48079855531117
1.54069180047778
1.61823998449141
1.48309137543319
1.64335615528324
1.49918425811862
1.54627929674597
1.60525996642746
1.4902344556004
1.41917521532081
1.49628583137331
1.57401699835172
1.55534461698298
1.50492307203951
1.57679660411099
1.39092414739672
1.45027391717768
1.58639323990802
1.50175986416349
1.62492457281053
1.50908249524872
1.60060591846395
1.54860821214583
1.67706750627665
1.55086731836237
1.59287164142482
1.47937705648564
1.44705677325359
1.55935773394315
1.52413247759932
1.62275866297715
1.51694856748607
1.52903972318851
1.56411694895877
1.68767226524508
1.58386198839824
1.45265657845394
1.54002970692472
1.43011573783089
1.5900252816141
1.52153407104656
1.49576187909016
1.51672667853295
1.51980449610982
1.48029877396151
1.42542377934162
1.49001746536942
1.61063184231966
1.47660767155675
1.58582890671263
1.62920773233994
1.51232788292347
1.45025499249581
1.40612124874227
1.51002499191091
1.57215788038655
1.46778205923422
1.65703541361474
1.58438309836849
1.57938988515969
1.48306872100703
1.46945074186058
1.48833342080957
1.54892881961623
1.50352182194923
1.58272460125034
1.53950368191377
1.48448136833818
1.52527398160637
1.55068472365844
1.54739375683218
1.58545923243485
1.53647442597525
1.50548130022682
1.47424084625824
1.62175749047945
1.5558698113123
1.53176620691342
1.55689902640005
1.6006339144747
1.53812144167997
1.54325560458134
1.47900908466223
1.57746247682758
1.46341360996108
1.44827295385926
1.52662913012556
1.52360092032119
1.57478592653335
1.55585423093667
1.59992189440113
1.56697829686994
1.599787014697
1.57810072245588
1.52505010005406
1.56554044484509
1.51213944891412
1.6100306883282
1.59478512347013
1.5013072083027
1.51449169395676
1.56449481889203
1.58477482194755
1.65350745862401
1.47783625066147
1.63554135571412
1.5326824110597
1.50394849956636
1.556934774767
1.43834163337481
1.5364159319144
1.55351909203266
1.45324529782738
1.4966618850745
1.56043540456019
1.53310565140946
1.55616151416402
1.57749530056502
1.52741695064148
1.48148836982558
1.42994610955045
1.56095377542309
1.64190158529188
1.47315481202592
1.43835587677747
1.60972842426368
1.49225129242377
1.38443941753024
1.40697872361371
1.60356579641576
1.77791369595959
1.59916529870919
1.47964115037885
1.56772517718456
1.50896618324058
1.5260031687513
1.4821231199358
1.51369870747247
1.4481997868863
1.51502366113413
1.51546732557627
1.44118464987348
1.67468616740146
1.67568493364163
1.46918285835917
1.62757016900384
1.58003633873466
1.54580773598242
1.5301861616757
1.51714444156184
1.5380569645536
1.57195326310445
1.5091106325611
1.46549094616806
1.54880310939218
1.65485827607515
1.57270122743004
1.46972893040672
1.48732077099865
1.39153015731479
1.49815670422151
1.51720973103549
1.68444138026682
1.60253134750399
1.50322544313549
1.41136104324676
1.53299139914951
1.49258351367402
1.63692740458833
1.55452086403576
1.45139638337738
1.56092750018602
1.47743639895609
1.50228440226274
1.38989613063635
1.41406239153346
1.60286088842855
1.54245877739913
1.58577405237758
1.65599834872117
1.59368557970771
1.49641187638166
1.50565353066484
1.47568598350178
1.51954238386892
1.47577077795008
1.5105469124273
1.55911521176614
1.584305230407
1.586365875684
1.56473707012463
1.5019546159519
1.53502254038283
1.44700040137903
1.53430553153693
1.58020183054144
1.46713910640183
1.65502640049532
1.65200020337641
1.42782750198876
1.52949032082928
1.49272930490267
1.59140913038094
1.5119971099304
1.52989249170222
1.5802256209823
1.54695372374742
1.45585241285697
1.55200406799597
1.61823905683655
1.54436580897321
1.48583470293133
1.51691566626113
1.58723842841125
1.54009980347021
1.52729701840946
1.60745801604255
1.55832613348669
1.57548316583004
1.56581208905065
1.63898298231616
1.55572372073387
1.52623270535543
1.49471966102995
1.42679632065919
1.38839855033796
1.41019103157445
1.50788897891882
1.46055873945203
1.43215472176538
1.49805990205813
1.4917063926669
1.53812543696049
1.53925583119322
1.42619198064429
1.53692976610124
1.5180158258027
1.63246367773458
1.66296766099929
1.64855092997659
1.39161207618624
1.55046875083669
1.5289879999143
1.52421746286983
1.54825221276669
1.478029624378
1.47682574035501
1.55197096292825
1.38953096389486
1.50147602755582
1.46208409690188
1.52203957657642
1.43687909196952
1.52252904923509
1.42677862693966
1.46893656903079
1.54168591944866
1.54580463634508
1.51610013128254
1.5300530806184
1.60867775405394
1.55108352619813
1.50444348076201
1.47747004224498
1.57332402714966
1.57876620035834
1.58355292787582
1.59854509172134
1.481364977105
1.45550585674439
1.48543358686624
1.47676407015927
1.48221518013306
1.49482599300932
1.47326070247813
1.59994637440943
1.47677522176907
1.58271462448418
1.52876357651081
1.51390726760558
1.53904706757845
1.47440254015613
1.56896420139214
1.46300575751663
1.50571895240807
1.57420344825241
1.53414400817198
1.4487590653982
1.52640749999031
1.54678734092751
1.57742284430357
1.68656565337829
1.57460190521925
1.50283492659341
1.56888625179722
1.64364130971709
1.51029669562274
1.4265978947302
1.4414012391712
1.51245826420393
1.43492344117218
1.5091765138877
1.60264329902051
1.62361061646301
1.64470204420677
1.58201152973555
1.62595695575393
1.52692386140323
1.59631937895156
1.38071081695617
1.58907227707218
1.41503038838859
1.56996922145737
1.57368738798998
1.53547968119003
1.59760724182603
1.60027434609544
1.47577493964847
1.58292120334393
1.52350867038476
1.53144619217927
1.50535890647417
1.63427950266961
1.50459942827668
1.48495346128496
1.45532557919157
1.4780937343941
1.53216935868636
1.50012635887664
1.6136004839232
1.48158590715514
1.61862690935693
1.48467757127648
1.52559499312244
1.51838317627958
1.61397638096248
1.58088077301386
1.46706906755562
1.53838399049842
1.67464947064384
1.56999638577133
1.48005899045577
1.49213448922717
1.6024762330349
1.5670319937222
1.5639041971986
1.46593460184931
1.62829725704169
1.52194324017766
1.45920339934227
1.61879871172901
1.60161812772574
1.59468889100862
1.45974030025124
1.63058480369655
1.47325538571248
1.5018998728014
1.44135091535413
1.49463096705616
1.41354613129861
1.4118085549898
1.51436254730014
1.48959359640251
1.67683253248271
1.4483402974495
1.50184748896002
1.44093825947276
1.49988653764966
1.40580531422615
1.51188113439221
1.63210015436378
1.6327870835571
1.51217756109716
1.48139541956303
1.58930585246646
1.5321218684738
1.59091431693517
1.45795044779814
1.53145624362328
1.53037663832547
1.46051976346436
1.46832453007993
1.56151645018788
1.58817599985556
1.62115373444242
1.59628083935124
1.5556040010322
1.62136418782827
1.42055539922349
1.63168146255736
1.58819286948317
1.51663112639553
1.54940016237001
1.53041284429079
1.5795585400215
1.47733157478681
1.45845950541016
1.42982327841087
1.58668306049091
1.50566561035703
1.53781820258274
1.56541942984366
1.4902669803668
1.57829277463083
1.62726097729219
1.57678577670218
1.67989574774227
1.63363216059881
1.55901463260901
1.49623617328832
1.44838570062173
1.58013937123215
1.58200471496847
1.50738735226896
1.52277635685693
1.63727171815784
1.72556042533696
1.55908492804944
1.48300966069749
1.64487504825773
1.56436938101953
1.56100639948261
1.49406588383617
1.49249010598994
1.46574472446266
1.46231456965952
1.48572674452254
1.67959512596144
1.51226160287457
1.48858203195995
1.44445301535765
1.59890452582462
1.62155390031935
1.58380097690859
1.51821392662732
1.46056585357099
1.45786764965801
1.58581341000084
1.60149808930522
1.65659865513643
1.64744732123337
1.47576193757782
1.48403710505597
1.5739147484057
1.4309681263103
1.48513688649637
1.5273928846765
1.47049459246655
1.52795773915475
1.63821144552812
1.50414889587709
1.49608534460367
1.43170907178945
1.52197659569123
1.55644255913575
1.50955518509404
1.41696246521659
1.46348649973388
1.48337880956748
1.48493228369901
1.57315854766711
1.73015482073441
1.58400206532258
1.52855357112481
1.5673969326114
1.51761474426462
1.50759096920228
1.47005351603568
1.42154808313428
1.39818367735505
1.46723579448557
1.47259631690183
1.49943270153976
1.39852889636952
1.58259202961655
1.49967374206029
1.53062570555038
1.51714054214827
1.57308437238334
1.69358059897534
1.57080655272317
1.51973044267001
1.66000775892509
1.6503180499234
1.67166655945565
1.55640990620979
1.51484420211208
1.64824411690064
1.39014478133536
1.46692298303996
1.41101725954316
1.52046988607686
1.36677824452816
1.43907111978981
1.51040838290511
1.50132403591981
1.4440146019609
1.55408653173644
1.43990407002402
1.5179684252285
1.48951244023144
1.5692997907771
1.57671694922718
1.6476700301201
1.62293267284908
1.50767626871272
1.53330387723818
1.52513059229043
1.67047268963675
1.48661235057253
1.50551211209481
1.53259777586712
1.64482317274394
1.57101991432023
1.44264749968619
1.46511011538836
1.49388717884874
1.51330688468643
1.56118749779759
1.63444539045655
1.43103553705943
1.47095338818997
1.47933482381537
1.62486011321947
1.5002638924897
1.61880523277862
1.6602399092559
1.58861891744059
1.71395431736044
1.57894772352683
1.55612286178744
1.47242143520259
1.57605247069285
1.41940682826891
1.68834294848008
1.5764103492842
1.44276095827323
1.5098855077129
1.50683798545615
1.48013534224964
1.47982818432462
1.46624271811403
1.49480896196137
1.47292553884032
1.53011473565561
1.49634655207269
1.65145670144473
1.60269793800948
1.62420761819862
1.54899499278347
1.51405466499917
1.60738279800854
1.42878273707971
1.54208532692449
1.56927918277262
1.57234832322703
1.55756899343464
1.52847204114881
1.52640172160962
1.43897311398872
1.46483632601455
1.47640216972967
1.50782196984195
1.46290580689103
1.44810126057328
1.52329159997803
1.45428708841935
1.55754200813807
1.5236674009601
1.55385669601696
1.5757700874936
1.52936671294816
1.46321682785183
1.49144514084748
1.6178523140812
1.49137405708999
1.59144386139756
1.52167954863472
1.39970403880608
1.49153997787108
1.43526779264901
1.58571857678606
1.5667269405827
1.46365990122112
1.45571688459888
1.47073462000085
1.45885877287135
1.47352021248386
1.55703282604165
1.39739033714117
1.47351316240368
1.471127199017
1.49637779356338
1.59942681707629
1.51512728997617
1.48398574450084
1.53633608260273
1.5389052681378
1.49493887685227
1.55710058585991
1.46747617906798
1.50661506082822
1.61175552711786
1.56196793075418
1.58609621114976
1.56595250985728
1.51064943806557
1.46242478608904
1.5672009501173
1.64618392000296
1.50869351810228
1.54111625282636
1.59950555452625
1.47001328302057
1.54055940858747
1.56394798739613
1.48996084374479
1.65761174269094
1.5777811958289
1.42687030563757
1.42550572309738
1.45745020913945
1.50399772714742
1.50008241955072
1.55955324465213
1.541607653532
1.613726895801
1.48748711521773
1.57433873817636
1.53885684585251
1.48504036235529
1.53659828961682
1.50739354443226
1.40906847420145
1.48771970774208
1.42393831159819
1.48274111592609
1.41979432351766
1.50525895028601
1.543944101447
1.51899209839176
1.5587605024061
1.66222977158316
1.64742676886019
1.56527939297662
1.54917849442621
1.45266013236967
1.58234189481124
1.53014457301918
1.66525395722805
1.51669706326885
1.48622028613209
1.4465124261522
1.54379903512582
1.56207379147435
1.48883520877469
1.52578999383058
1.55645811049469
1.51270100616999
1.5925160683742
1.62628110416249
1.56069629583183
1.54696445913247
1.52724293336148
1.58519175737869
1.60654623811595
1.59398810790753
1.41512034436329
1.47297473310377
1.56577761931472
1.55231042492618
1.6505361710384
1.58947206916133
1.478671319618
1.56034768110711
1.47648043844655
1.47041698085259
1.61243219220163
1.56836602426821
1.53292836202882
1.48736896995108
1.47845980178227
1.52420587634707
1.59895877801758
1.51408048171406
1.56324567061745
1.62235690611739
1.52826380392362
1.60121656589302
1.44769561364342
1.43177719356699
1.50251953586092
1.4970867594533
1.60005530776948
1.63909236305307
1.58223505052704
1.6055349520946
1.60669127653168
1.44793321973274
1.54732697184866
1.62785041588048
1.59997860268355
1.50822374617497
1.59541020244668
1.47894825714746
1.53233237455975
1.53507983145555
1.53895452596637
1.55314932324324
1.63257073771725
1.58794435204568
1.48661748488126
1.56969418289468
1.58679311217067
1.47513609114193
1.51530292695492
1.47258609275879
1.66967694329921
1.49804039221406
1.71558238003342
1.43624608437677
1.53707744325043
1.58577739240707
1.53300911948491
1.51315250521201
1.43715952235558
1.46532781676105
1.53725139294277
1.53581009540758
1.49374840724268
1.55661145663141
1.57788059469542
1.62280085645083
1.49697077388057
1.55436252470664
1.56273109775151
1.53908083161865
1.48135702335942
1.49499848677168
1.58976899551355
1.50718897244945
1.52093913515999
1.54244164869654
1.49100072792165
1.50621496948171
1.59752279408563
1.39349196208285
1.51601228445535
1.35799955120088
1.45524656652038
1.48076391317947
1.57863095380878
1.56012069315851
1.52026575705245
1.6641358800793
1.56306470805854
1.59718616498486
1.53689101706399
1.47982004435732
1.46453868102509
1.51162327877021
1.53677635526363
1.54050380229567
1.46339216847117
1.47987115413251
1.50919322172586
1.45346720358942
1.54215055769004
1.54738447698588
1.55993793816863
1.53365774840141
1.4351552953134
1.34762344452755
1.51734552126776
1.54527381267422
1.51582228359457
1.39923745285055
1.42891201359543
1.49153840772444
1.60842103943508
1.63041433603287
1.51663076788175
1.56442686916178
1.53464181192901
1.50736781967543
1.56072068253404
1.45204177332728
1.49349995262509
1.54331247043214
1.61714967259953
1.55544704968637
1.55414470217238
1.4805973081922
1.43320165840287
1.60277017179219
1.56008825336957
1.56208322428496
1.60990730798767
1.52803517904899
1.54743316801054
1.66916645876061
1.48452222079126
1.541082110813
1.46482251723672
1.50113181713774
1.5672760010945
1.41731195684091
1.64529193966818
1.55182704667964
1.51158942117081
1.6385527290028
1.61024207006391
1.55314919964952
1.65635950591134
1.52764053635514
1.54292596870016
1.58614130249022
1.6009652122716
1.58730499733511
1.61267070019195
1.60448558989918
1.54123368252334
1.54734484021423
1.47288725687057
1.60234300520102
1.61990152107735
1.50658098327236
1.52563103797182
1.65489887474913
1.53189568885103
1.54280861407787
1.58273034919525
1.49597111705979
1.57653191286085
1.57084952138394
1.63118099861736
1.52045058644928
1.47526752698886
1.4424017070237
1.44786674100942
1.51545712326242
1.47546645187611
1.52502205994439
1.5106271265748
1.52565828457972
1.44669873349462
1.76057075934241
1.50156894499236
1.55036383043669
1.61644818475357
1.48093668179203
1.54401605206049
1.48064537882783
1.52966392369945
1.54758687810154
1.53768132398017
1.49107613392343
1.52389334522341
1.49445936295582
1.52532719536223
1.53588222992021
1.58251111728746
1.46664183289669
1.5147984011848
1.59232411888502
1.5519789390332
1.4993025669224
1.48699281662685
1.57048136504135
1.52700869668552
1.51283608430842
1.65394742333033
1.52871620105763
1.49202972209888
1.45681370942573
1.58240654509927
1.57472406401939
1.58074427012378
1.55514645506055
1.53333621653279
1.54921684514774
1.69042303583753
1.50887514272531
1.50843774283922
1.48103764973003
1.62336903901359
1.45269795533179
1.54071553775037
1.41404731456541
1.58215737846231
1.43272032202335
1.58938337872207
1.60417181759368
1.58555029563474
1.58088647209356
1.55048347594855
1.60902951414597
1.47655025157633
1.53703079719343
1.63690428479361
1.55469123409665
1.49307696627477
1.57289415548659
1.57960332012275
1.60696692523652
1.63703954160286
1.66342864972156
1.5280788552416
1.54950538969581
1.54029127910317
1.52837776981166
1.53915235096531
1.46272610395645
1.5518682891417
1.58826854556667
1.54317065854176
1.5552712768596
1.60273524418598
1.65031568349623
1.58714616439554
1.55589660867846
1.53740546660974
1.51570368694559
1.49733903761126
1.61109333810298
1.51963364871882
1.58932445987986
1.5475886272955
1.68366580998481
1.48766826142248
1.6250087777214
1.59080687405158
1.58074758377411
1.50394023166962
1.46895986338215
1.52187951945905
1.59075295459115
1.43748124775018
1.43590939546201
1.5564291324869
1.60591851047958
1.54550264513394
1.49865938349552
1.59242342691589
1.60836245668637
1.50184132027971
1.51652419943374
1.59964886939982
1.58036395498344
1.52118077022349
1.54444295204486
1.5781980021596
1.51471625171206
1.51790053784382
1.46920196458992
1.38930337350593
1.45743359709418
1.61454533591026
1.5687439809431
1.48121336696669
1.4891253067241
1.58170508847821
1.59228729283894
1.5308809818106
1.63039855052893
1.57193755506189
1.54055871778152
1.65803633803322
1.57675956521485
1.68258390557309
1.52508737432043
1.44205260538493
1.6102567643164
1.47734743535757
1.49366968793251
1.50653104342337
1.59680818772529
1.53810664501838
1.5121077698298
1.5926061601141
1.5317972494004
1.53478722129332
1.5893391711221
1.53087116196275
1.54916289310612
1.45520106407335
1.51338755642357
1.54397756453984
1.5420770220434
1.58985731509191
1.58416411261664
1.60008965360826
1.6052556425696
1.50820993285054
1.608113763365
1.68009879747271
1.59524965675398
1.56910644188928
1.48350759055888
1.59101931521044
1.41248398854597
1.41056661075315
1.58742580568673
1.50082957284527
1.42674233159992
1.49436371552487
1.60846166464959
1.60127749381371
1.50769320892292
1.49638751831762
1.42372648533097
1.37202199522842
1.53140494232061
1.66683071422691
1.52834563011418
1.48274493927481
1.58197964740323
1.60170511389942
1.69975262915242
1.60085818115689
1.51537489608478
1.5118799374082
1.52701804867572
1.59124080982466
1.52092104068767
1.57683062533491
1.52296587235118
1.40207197868158
1.51078359686671
1.50707298473189
1.54798302443964
1.58637827064389
1.67602195059759
1.53884569439654
1.50400745516829
1.6965182082134
1.52240027939035
1.58104924697552
1.55969875854009
1.57056812134598
1.59985800683314
1.49781563640149
1.58785754643752
1.45193193367824
1.54582551301718
1.522930271315
1.46496288200858
1.6818842476246
1.59375765357149
1.51865911893645
1.57980782903643
1.48750799063315
1.56948480195351
1.56191157300933
1.58544848037113
1.60606552249382
1.49972572767411
1.50724265150564
1.65826509153881
1.56963484211955
1.60960818994071
1.57364410432236
1.52302251723966
1.63477007687921
1.59476446578842
1.62764041883269
1.6381867613126
1.70015386499323
1.56361768831238
1.56852222236175
1.63210479006412
1.46283666414423
1.51785257004364
1.49222099740684
1.3971704465645
1.51345536199253
1.57951916244071
1.50651395651078
1.49295168888069
1.434609295255
1.43980226015027
1.46882812539335
1.59750567339163
1.4632309715901
1.500696701285
1.68680750153061
1.69212050238105
1.62522170773306
1.50782125697457
1.44591257878003
1.6010352366928
1.35010769238289
1.53650287223461
1.53824519259495
1.55617670770202
1.56934760857442
1.453396226845
1.51909875766256
1.62816807057849
1.48598415437422
1.50066172551089
1.60195821903273
1.43860484135866
1.47840726436091
1.56241616696458
1.51042042018748
1.62665470105181
1.72928674753101
1.56523422425979
1.49811477682771
1.67362073671667
1.44218585383939
1.53655638503759
1.45411604991554
1.58370707668177
1.59198300857725
1.58918041778131
1.47985648222268
1.54115243576094
1.55935386263151
1.60359800992008
1.42259864420065
1.56769396384968
1.57904034349328
1.46493271182237
1.58497479489307
1.56261747054437
1.6131770792583
1.6265748472324
1.54674449180198
1.52101430345167
1.60649108297983
1.49136781896523
1.37954309170282
1.38945569258026
1.5046614534404
1.42874034232026
1.44956213820806
1.4981701433426
1.55312303881993
1.52891872492808
1.58314587936135
1.53661130896644
1.54514309883037
1.45441119554917
1.53789247104635
1.52693156858519
1.58462510081846
1.61712228944135
1.47946780975502
1.44340121606267
1.5853149687674
1.5271821234778
1.49442354398191
1.54685646279811
1.57302316588354
1.5309340643283
1.5412054226796
1.45869314680218
1.4838052149293
1.57931585360978
1.57182643488343
1.45715227648035
1.37728012778842
1.53163574273857
1.47353884259371
1.45108797042744
1.46194133179749
1.53055472965124
1.51802345675051
1.55988915977848
1.65195542173469
1.57460269230649
1.59508656792513
1.56815889269849
1.54673257684908
1.51158427797773
1.54074179551111
1.60481094217813
1.53704239797815
1.53697555202131
1.56064074429216
1.60233504375969
1.44488059948076
1.53409729388951
1.57010446235106
1.54478930817711
1.50834830738254
1.41637488941227
1.56252241389467
1.57353387785178
1.47906521921569
1.53960257969682
1.51274371404933
1.48998584815847
1.38950085091263
1.52476226093644
1.42514495529875
1.72638485140999
1.64378661462596
1.54964710964371
1.55463765730509
1.53289981811946
1.53171346420541
1.53609748437906
1.58034776759902
1.56137995234955
1.66785080592506
1.51968638672766
1.50791074257045
1.6210648543787
1.53993028945498
1.49118258347386
1.4914469778075
1.71478874608872
1.61778187161843
1.62129274929281
1.54093889859855
1.56789037654897
1.49569297568606
1.60746011784939
1.36129694006657
1.59100481994307
1.56634118567345
1.52756515322157
1.65270047523482
1.52292178811693
1.54179747798935
1.47754431697473
1.59763755022433
1.52325572793577
1.6068844472645
1.54839805758851
1.68930792036935
1.58046595281787
1.45369533230243
1.49932237612757
1.49127847400377
1.47193945994348
1.43961415025986
1.70324100934345
1.47388581505856
1.47562288765164
1.60153696123655
1.60305758952544
1.49105991339771
1.50296077898608
1.57959185088587
1.60912909739213
1.45395835537102
1.49002478450725
1.49541113188511
1.49725826807487
1.56196823767079
1.55489856317454
1.55688992759388
1.53091026478232
1.4445714456129
1.51967093268072
1.43137663518532
1.49251677015827
1.48706351402025
1.6181695825558
1.61121082908273
1.66360939574748
1.56923731150749
1.55802734354304
1.48030702357826
1.68552142359312
1.44928931613427
1.56666078274262
1.47992007551127
1.67921596055153
1.5410574076908
1.53389386139002
1.54565436729423
1.62422671779106
1.62636773061846
1.4358668043342
1.57706046131987
1.6012630632115
1.58046877411944
1.54034420437785
1.4773212762463
1.52069754291047
1.46561692410644
1.52679892275571
1.47478436300809
1.35159833265606
1.52703544478613
1.59670020818464
1.43462873269628
1.49460629789262
1.40104731558413
1.58512457513825
1.63207667000007
1.54025901804343
1.59780008093569
1.49651539102617
1.5007349800395
1.59092442395879
1.58348720994678
1.56692378589992
1.55808386596175
1.57317860903097
1.54064279336495
1.52990200114536
1.61488197733053
1.52675780196348
1.50256147338221
1.55903591809673
1.56231694714678
1.4483550602725
1.49825331461168
1.36221081215951
1.45620473464214
1.48960302487704
1.4969488558979
1.53904992741854
1.4470039372561
1.53903066052672
1.51375632243144
1.51779186050974
1.51077380529801
1.57715486861014
1.56589742771625
1.57722400179602
1.55920277402264
1.4916890871339
1.55109704879207
1.58934140797087
1.6418388489208
1.54391496795568
1.60578412592074
1.60864780034701
1.59676089450404
1.42095664529205
1.54338662136497
1.54923967319217
1.6683977041014
1.61101752670338
1.5280490340868
1.47341439742538
1.54037048506884
1.67338398000712
1.54146679622006
1.4689431930422
1.50083080897975
1.56236060007812
1.69471532423889
1.58140333832272
1.45496734830993
1.50199072221849
1.51673576977337
1.52123319765978
1.39971430240146
1.60485597694545
1.69629232426962
1.5903148941921
1.6277678467261
1.62036658304515
1.73031661769994
1.62237723414806
1.4696537117712
1.62605845857335
1.50201816980117
1.68808152471774
1.58580161847613
1.59356877769388
1.6239922161378
1.70507862823184
1.53977645443447
1.64919964714726
1.57441652766956
1.61508340889338
1.62326917891164
1.56794355945925
1.51735717438175
1.51520409806743
1.53026247493486
1.59266329433722
1.57753558538543
1.50507223512792
1.47758299213807
1.47942926688344
1.53237349261806
1.45496275647027
1.50666873943697
1.5841611253097
1.47234899530192
1.45999923822049
1.61891744842918
1.47977253891027
1.57554366911751
1.48104620120827
1.45843317565472
1.52109255137912
1.58890017335906
1.41947042764584
1.49689500668215
1.46221287059985
1.52585426655744
1.47215529024538
1.55714723904761
1.50575895333611
1.68049291774309
1.62931070177971
1.52389615207984
1.56083757980955
1.59730661107068
1.58045910073396
1.50897257025286
1.41391001771125
1.57381500923722
1.46173450341943
1.59660890418708
1.56815805073464
1.6462036876588
1.59274757900357
1.51571206772698
1.65238957848459
1.56727639109517
1.61924390525724
1.50689184185872
1.5333731105593
1.50813624689631
1.66439924142557
1.59623499619334
1.55142221643782
1.54079108346953
1.64542156310327
1.63270711629482
1.61321455943732
1.65838020374858
1.57518881256879
1.65215309263733
1.62748229079967
1.51200334586617
1.5083410434935
1.62609147898109
1.70081304999908
1.63780616388521
1.61201171743309
1.65946997698725
1.6784356273055
1.66261583248034
1.49243652875379
1.54624871495691
1.50464603241551
1.67230505409211
1.55949932359151
1.54066610954748
1.52448608516679
1.54265762478216
1.529412970509
1.44951252627315
1.54291759816348
1.51115275307177
1.65084058741189
1.72301952414422
1.6003912052786
1.63670339814634
1.55852018491245
1.44827281996307
1.50628885795696
1.57338762023654
1.48140968209892
1.56101899746629
1.53717589102718
1.55946690156677
1.49915690080147
1.50103367008626
1.51095452546923
1.63456797747842
1.54065478355625
1.39366024899534
1.4424824510177
1.51004829676926
1.50313419125074
1.54505143087684
1.4524632825524
1.51194775901488
1.5525376121488
1.566187990218
1.56562532493683
1.5428022427023
1.50997275646404
1.59110375529039
1.51558356427311
1.67061355576701
1.5154671585128
1.62106141325717
1.56730148136184
1.56390546755599
1.62857649541745
1.49013428777363
1.53803138404139
1.58773434318439
1.60830155821958
1.52001445076043
1.66511116289068
1.57266298067865
1.53713456046614
1.54145127167052
1.6792308683036
1.61111583105728
1.56649612752112
1.56551727834594
1.40242236380037
1.63408943894864
1.51790829850824
1.43807171851237
1.47176127500941
1.55637992699414
1.53752388692419
1.57529044025951
1.53396665612216
1.54263164529248
1.54555229933822
1.55847523298664
1.47701425636948
1.5278202947445
1.60933428703588
1.48581810154079
1.67296930309381
1.60400903456297
1.59959744301474
1.49021384929656
1.55477593671861
1.47684075207817
1.62370693798499
1.62295228460278
1.49605835241744
1.60884947196339
1.54946665264459
1.52353297751088
1.48187415526285
1.66263838479439
1.54505362416731
1.62517980331576
1.60065131607126
1.52745382484084
1.39054190644369
1.45833209831967
1.51422245232706
1.45216113974836
1.44456641344196
1.50353909973551
1.5781658163688
1.50875695809212
1.60587894593967
1.55743130993431
1.57906155444797
1.53346426032255
1.54700097441062
1.60723776767051
1.41203659779715
1.45140770634953
1.53361151517859
1.52524378556912
1.62042355490418
1.49717418256847
1.54670598956092
1.52234421183926
1.45615230514848
1.55134544653552
1.49516187583501
1.5817649570253
1.46355761027921
1.58811800782459
1.50862077860604
1.53246904881491
1.5277929214086
1.58965720398197
1.5315767033979
1.59875128821128
1.55861779616057
1.57239547748095
1.57024711196266
1.66609603679923
1.63794986693563
1.53803787991978
1.56478840604383
1.40214054881035
1.5159832972694
1.55944561902093
1.56140297985576
1.53591309988342
1.60918027112671
1.48449706782162
1.58080454667715
1.59402137314777
1.54698557891592
1.48076159846262
1.52071571938809
1.45436513416443
1.45435826296929
1.5859065687374
1.65820280344293
1.48254805799467
1.5080200747246
1.60225399228125
1.51893443804121
1.65615455417921
1.47742844423845
1.51289733984179
1.51883333329296
1.44879437828974
1.65570335358348
1.53974989700262
1.62647067999895
1.6020805986902
1.62517203468192
1.53092314602806
1.54404897227186
1.5243091198345
1.53123440523116
1.51034956218483
1.38554418066596
1.48822098049655
1.43460362808256
1.55087141530871
1.54672224254738
1.62741394469369
1.64439372907459
1.56978512524612
1.40523541728027
1.41115025825416
1.45725013174275
1.47156405276018
1.53163735436652
1.50375789667868
1.5871916088463
1.56710299024321
1.58370138607349
1.60405128656583
1.56499910684317
1.44900736328962
1.44596294293596
1.54928106907567
1.41488904505122
1.5115148139677
1.62368054279601
1.61058078783015
1.66657715263895
1.65157838139786
1.62418708752008
1.53684564436542
1.52278974426505
1.5428685530893
1.53981231491268
1.38396338361584
1.52933605497264
1.52922167197637
1.52535965967482
1.49184406001885
1.58473389645074
1.51367569218902
1.66067143512301
1.5561667993424
1.40037174472983
1.54527496636675
1.55856634882737
1.60386338590001
1.54627390110934
1.47208071642711
1.44417818547361
1.58711946713928
1.54936363735897
1.55636423411151
1.55113368717838
1.5112318262178
1.58677627081692
1.59908814943401
1.46796413202383
1.4625376903335
1.55519613789044
1.47293520408062
1.58922855901888
1.67860050201819
1.61582018293258
1.5478009448721
1.49619007579392
1.56548810084131
1.69187396196514
1.58361120411422
1.45784064278989
1.46385389409982
1.60470454269879
1.5602765516732
1.4781591195049
1.51775297230395
1.52444124109323
1.43245758542387
1.52889601608399
1.53887837366575
1.59642744112007
1.51014355446851
1.43156526663839
1.53667888842676
1.48048294157255
1.47516472457039
1.50386459895998
1.64116456266335
1.49246138930223
1.62187556201606
1.55971357960343
1.58489761969085
1.5519760340247
1.49662282124757
1.57352456030572
1.55457511593662
1.534481968852
1.45204671844904
1.60075658204364
1.44717288608388
1.41154685345034
1.53372941011476
1.56876601917827
1.49406320792327
1.62261684847998
1.48096036803153
1.55137613633976
1.56050370679826
1.59082836566546
1.48993603693538
1.609054202587
1.54782314100603
1.58627015799527
1.60989146741052
1.61609734806573
1.63862430257249
1.6152289791187
1.50382859745363
1.59349827772166
1.51423997023934
1.53396395226842
1.56183170254098
1.63406864417264
1.61088212899829
1.50648592468099
1.5932578357281
1.56424766162935
1.50348591837889
1.55528987501071
1.56053793674472
1.57107685888396
1.53768424671347
1.51821035616998
1.50990405947901
1.51316407374951
1.58393749062798
1.60495719791801
1.59601802004857
1.60141540136667
1.6049443392567
1.70360227276864
1.68561899406931
1.5772337055331
1.44019880971255
1.56264614212045
1.49742944494953
1.54039190732732
1.43239373836295
1.52715889519779
1.68670157055102
1.61211246881611
1.66784064870025
1.50612017446167
1.50009224159656
1.46871732200109
1.46077797437546
1.4625113125905
1.45017957921506
1.50716536710803
1.5117794426377
1.41983224789223
1.54019255974835
1.57895543923403
1.5711149601806
1.42215816603696
1.52264582398596
1.47830716156052
1.54146801596122
1.58236642950428
1.54422680043544
1.62581480869114
1.60167689231171
1.63821842178225
1.51527608560533
1.60690623388101
1.53946433924643
1.49616568910087
1.57028172093028
1.51708752003641
1.53839900197337
1.49970599342702
1.43109592054079
1.46932022663531
1.58113740935481
1.47745865789251
1.55738674970493
1.65706588605826
1.52701682090827
1.54490819622871
1.7291491047849
1.66604449187765
1.58402452164907
1.64569231469809
1.51685800937305
1.51269658690912
1.59205311592129
1.55365505854451
1.53368721193841
1.54036368416137
1.53290441722723
1.64455497422425
1.56569332623673
1.48443909853377
1.5305115372798
1.58072655291606
1.4976898561912
1.62372605961272
1.60235366976765
1.53881313978902
1.59170031497011
1.6396870490236
1.48675527440706
1.52345352269901
1.62665474524277
1.59794088771035
1.63573629037771
1.5919762368779
1.51352349752057
1.53887133532123
1.564914291785
1.41758995027096
1.69353438674866
1.58603012390958
1.67860623081796
1.74063130339089
1.55065117929842
1.60752198600667
1.55479266804865
1.52080958185699
1.49730631939793
1.54790070952727
1.49686396990423
1.60077033075686
1.46703083960197
1.63054692032624
1.60655160163106
1.60129805089876
1.62616879776925
1.56367101492005
1.53925576494186
1.52645033519787
1.6213030248277
1.51863338029141
1.51743421303719
1.49510098895977
1.45656467668027
1.52862185944711
1.4992714774497
1.47827356782388
1.46288465434305
1.34712390474131
1.51856595106399
1.51577061958528
1.42871586360651
1.62351514627302
1.46072266010683
1.48126407805591
1.58532572694685
1.57966203246478
1.53603969451076
1.5038083582602
1.54387867449321
1.60982318476348
1.69296872180756
1.43225646064341
1.46385065982167
1.57958178172978
1.58070669947351
1.58092510303492
1.52593035773498
1.51595033360366
1.55140779612174
1.62867481922155
1.53858772198918
1.51467400896755
1.37380170678015
1.4410984917675
1.53467299296182
1.49352400612179
1.51362645719191
1.58683837489927
1.59354755156145
1.69047177969927
1.57912410601952
1.62921919298295
1.58760635826661
1.49780737385411
1.54400141574328
1.49271038158095
1.53654959442629
1.5416872286543
1.57864879609309
1.47917027716004
1.46938442794151
1.59757523082731
1.53480420328009
1.53514065130976
1.46313571290462
1.49095791886911
1.50188035284826
1.55475950824914
1.53312956941388
1.52432995409859
1.60962137368576
1.52470419814734
1.55531777473979
1.66322046013934
1.59027292072497
1.52443650742381
1.52327108804666
1.73958141506348
1.6179117612286
1.71295313872774
1.56157806559369
1.55723290785268
1.52541227242453
1.55214408127947
1.59443761543028
1.58668402688779
1.6380621917388
1.63179407491731
1.6184851572484
1.44832197580748
1.44191137375037
1.43161506805763
1.47568414614915
1.53042510304401
1.66788532308771
1.55738962551527
1.56478043813422
1.71897080898595
1.59680744723458
1.62495229588464
1.66639316553856
1.60023958165419
1.53372634660269
1.49393936114849
1.46194195146019
1.5001104139825
1.57418923083642
1.55017191532695
1.52629446348757
1.54252098008939
1.61979488222015
1.5033902208424
1.61643069000299
1.60535539666103
1.62946280897846
1.55972604523851
1.65519195402877
1.5795773823121
1.39361359636309
1.55878205735676
1.44746426862034
1.47177388565313
1.47116642008268
1.59998423297419
1.49219830387626
1.46288012761399
1.58661628321825
1.70112520451223
1.50158170961041
1.53087791983942
1.43851841656526
1.53510118818031
1.41822398140586
1.48863401606035
1.51515146942048
1.39467070771305
1.44820187024578
1.42653895377996
1.61366562234636
1.50283719415622
1.48806248909908
1.56105497525894
1.5180542292644
1.45051929181892
1.43142047047332
1.5270520416855
1.46527152459995
1.56084151161057
1.45852558225861
1.49859388175891
1.61161804845653
1.52615232194255
1.53168563843553
1.57193638977197
1.50585020668135
1.4659656799436
1.61200488463436
1.63441573554578
1.65223846761312
1.52573312431378
1.50663794739157
1.45643235945246
1.64135361991969
1.52580782820404
1.62687329045005
1.57934007336308
1.7358041814713
1.46236434264323
1.49313672919751
1.45023070724111
1.59346332934868
1.48011763490392
1.50895026559357
1.52352809629867
1.48312730583271
1.5804906634434
1.53935827016462
1.46805055608141
1.42770623950097
1.39996784818227
1.47654774092149
1.54318170784716
1.48754265745319
1.66817318181142
1.57098591191326
1.72198322384465
1.61826211737117
1.57400086859916
1.48678220288923
1.58914296229658
1.42194583763956
1.56398305048095
1.6078698047686
1.55472836868864
1.62623181573656
1.62643196121863
1.55635164161593
1.57364660267053
1.54191083730179
1.51133437344936
1.49104082276511
1.60310382081429
1.5918105693383
1.46872064957889
1.50363903488583
1.5886310795878
1.52342278702021
1.62071590553395
1.52406696680163
1.58567453196521
1.60109233659138
1.50807143455538
1.48626912556803
1.5923809600059
1.5125929606879
1.52222630631215
1.55137727863946
1.46556934639078
1.41404245420692
1.49379218272697
1.51683000565467
1.52813973848913
1.4849395353318
1.57471226894163
1.51731947040376
1.50534742201041
1.550049897248
1.46493180291263
1.53085275920901
1.61100430987854
1.51142973993501
1.59500641505448
1.62879490259696
1.41534683452561
1.43479756098827
1.43390141068295
1.46469881107894
1.45810428552913
1.494374619289
1.49666448510028
1.41509312722802
1.49739355464066
1.52738069310179
1.55289217903256
1.59032934281807
1.66366258869292
1.41058444117599
1.53503836641418
1.58705317421182
1.51300634169578
1.51638842790277
1.55542954543182
1.60107060519776
1.46973476966696
1.63118941099442
1.64292977443445
1.42474977440423
1.51032505420446
1.49218385934837
1.4534972642658
1.45256715066951
1.48418582195662
1.48145300699718
1.54785522793796
1.42954290871181
1.47325653395847
1.45260420071662
1.40090562393156
1.54482147236385
1.40434954288318
1.56382187175145
1.49657186306294
1.42042497644184
1.45262725669557
1.50212412600682
1.54626554500492
1.43833963050663
1.54229010476426
1.58350344757638
1.57465490240835
1.51201913470838
1.50759980695873
1.5567477196922
1.48395523170939
1.55099541327837
1.52599797726664
1.54762069670901
1.6430155468438
1.57066105392432
1.54093297571302
1.55529726949993
1.58794515845974
1.5765156505127
1.5489114055936
1.44474948435143
1.52545378835782
1.64148160086377
1.66515829626808
1.6327803708789
1.54853208134346
1.51599018118774
1.64875367424822
1.65855694267901
1.6000373115214
1.64473392721977
1.59858169486479
1.74692050244975
1.51700618299683
1.50292857866926
1.53544158413409
1.69535426340597
1.63888058636483
1.51118185581024
1.62383991096441
1.62090096309728
1.56655043827953
1.6914812478526
1.62021934978055
1.49395740495994
1.54201424206947
1.71768459483756
1.56060727419462
1.48454305253755
1.56560997977178
1.52242574302321
1.65073582872996
1.4634899781475
1.55002509336326
1.55517725280219
1.54526668472605
1.48171241529042
1.58460281722094
1.52154124569733
1.57292585056894
1.6463238025772
1.5157368598508
1.53836461209078
1.44709587065882
1.55294875459073
1.58199932220486
1.63925955226475
1.42124329831536
1.46975929936782
1.41817552215352
1.54781643757369
1.50686428397603
1.55065494890523
1.60253184683551
1.76318784279123
1.50347639798014
1.54547528458297
1.46668057955418
1.48892202345699
1.56995892356914
1.5487829675544
1.51841079734503
1.44580382032225
1.47835019377139
1.62536004824589
1.46094706852127
1.53976860777854
1.64562112096599
1.57074938701825
1.56708677848044
1.58077413800142
1.7390829254734
1.66716797872146
1.60747928793834
1.54258999102588
1.50795993101822
1.53693187401183
1.51177784483567
1.59816802384899
1.55171198060273
1.54223435893696
1.52941840065246
1.47330924422605
1.41069963948346
1.46099275489473
1.38596777528983
1.3504461996104
1.54063643596819
1.57311532123025
1.5297728266007
1.46730097385233
1.57354619272696
1.49315715293861
1.55471177395124
1.4014418536578
1.54709375082084
1.54230622048879
1.47583268060944
1.51366312482044
1.46503067954941
1.53177517929632
1.49274155700696
1.59057504526693
1.56987788413099
1.58369422279196
1.53696883117372
1.62119094552188
1.41920577891003
1.45754078496597
1.60694956990679
1.56075599241309
1.49080404667139
1.63248962404459
1.44802283297116
1.60007524689075
1.45051204760071
1.43581498226134
1.47273420132158
1.51938440059504
1.52961018615942
1.46738697366012
1.59127541421008
1.56478074827795
1.49614839439465
1.40216536617408
1.47860834766946
1.43681074383817
1.65345870207038
1.54475892550363
1.53038239648262
1.47681582816672
1.53871027479917
1.53326479618091
1.45232696965087
1.51846214071976
1.48602843948869
1.44085454394043
1.4931266723571
1.48387322784427
1.51644036428506
1.56688276664146
1.58412357339233
1.61865844614367
1.47931438385319
1.53178582084517
1.57873088252722
1.58557508011611
1.45649262725255
1.64866197930123
1.50502445805754
1.54202266115668
1.62479236998082
1.7198747302712
1.4991452791657
1.50558895737445
1.43115987990685
1.51368932631212
1.44646460910369
1.50918708783967
1.49326468092125
1.54598891057598
1.53043296784994
1.52846131798851
1.56802143345501
1.62335629536846
1.57420415166213
1.60111975927526
1.51055725803658
1.53182635592036
1.49211254912406
1.45190630541443
1.49387482264061
1.55063250887039
1.56305899878394
1.51504455290354
1.53018130733184
1.61385838510542
1.640474367643
1.61889597252425
1.5323899975693
1.5279870327649
1.55993152664269
1.51191519346496
1.43618927776484
1.4956881212876
1.66765334284227
1.59372357597155
1.5003692849587
1.44956109336481
1.70932090639133
1.54229588363289
1.62981705495014
1.58847865978879
1.47414036817356
1.46843448912535
1.42761300259795
1.70994200543455
1.52799759108155
1.54944227527754
1.65576179897642
1.56745845289026
1.57544881997027
1.66576303494999
1.54211977665834
1.4543871892232
1.55285341929279
1.60163188686438
1.49147692244958
1.53412488501928
1.52110573051424
1.46859007534768
1.49371235003984
1.5212125360402
1.59111747012627
1.53092658038705
1.59210861475644
1.46883086094556
1.57846002150768
1.64810330572282
1.62647771780265
1.60486694764241
1.52415974593421
1.64610698563348
1.53012215015414
1.65263548768896
1.58167910678339
1.52661761505693
1.5388990275091
1.56674049081708
1.46168858485006
1.46162247290777
1.43202307565706
1.56440408731339
1.60694889602241
1.49741263799082
1.44796799682338
1.44146079400508
1.53458776178216
1.48420275914513
1.41000026679
1.45862740314951
1.43034346940076
1.44756038572626
1.46564298156733
1.43680310851393
1.53203145652955
1.46723323423062
1.35558653192381
1.43967693112283
1.47543542053293
1.64760661717979
1.58300975204304
1.62487909015316
1.4874620173836
1.43811902836688
1.48908024201677
1.57202974855546
1.49143933655719
1.61300070529694
1.50208777293079
1.53807417283181
1.52701135863974
1.62696565214517
1.53288813977537
1.62871893799962
1.49698636982758
1.3751255022827
1.4442875241383
1.5378788887835
1.53877148729009
1.56539788273786
1.48301686760123
1.44704337780558
1.42978346436424
1.42407574429355
1.5955253856944
1.59049277454491
1.43310883392853
1.54797037694629
1.5951836813247
1.57918264879299
1.64207468077789
1.49957240249419
1.558309616366
1.65840227761465
1.53013395080955
1.55112532146598
1.45432446874713
1.63567726613737
1.44277217339991
1.56312203616716
1.5374620277519
1.63643975760432
1.531876030874
1.44786651129416
1.64228822738833
1.69448332034421
1.58663260867255
1.61754839963851
1.62946955819673
1.56208073383867
1.52885617484865
1.46817631936002
1.54909886264677
1.40959789498759
1.60336226782852
1.54605815738428
1.59161094080444
1.62616071114931
1.54555065161146
1.39137053768091
1.43367055478602
1.57248634611791
1.56504370002258
1.56128609463857
1.68612369124136
1.60616978889827
1.63142581485719
1.39363497218958
1.50624336546609
1.55682036437643
1.44700579043055
1.5394687175616
1.45203224017209
1.48752374850586
1.63634132708329
1.54508174931458
1.54382479817172
1.54423855954054
1.62484317408558
1.6249934909342
1.56868039700645
1.52760271587803
1.46870977016428
1.53312293223276
1.50620484818568
1.55629375874606
1.45704402519604
1.42843780158294
1.47845807061436
1.40962574129807
1.50094579582219
1.48846223165792
1.45502164309528
1.39914452592517
1.52909586503765
1.42250524762465
1.47226431568428
1.46882996024454
1.50332830330853
1.46031767998542
1.56487774824822
1.52921386351731
1.44186322402848
1.4618367627565
1.58779390560105
1.60970447187049
1.52342456193175
1.52285437206847
1.59655642956183
1.42274382337415
1.58297486075773
1.54282855097356
1.60565656691481
1.50447689483931
1.56616238894295
1.4978347733991
1.57191741211323
1.45621657140019
1.54632894570436
1.64587596607858
1.58073612756792
1.55214170827659
1.68422317369669
1.50860998723252
1.56869697153377
1.50286035811666
1.4860775811283
1.50654146667642
1.47162343256733
1.6763426068661
1.48376686744584
1.5622817935408
1.58184175809905
1.4772625573015
1.53336032613291
