0.17
0.142797347381918
0.141253787046659
0.0888912404169175
0.118074280755146
0.0998586212819273
0.104015990639228
0.108003032115455
0.0750670139526999
0.0876688320705541
0.074411927969565
0.10480371663347
0.182458173292592
0.0934341467042252
0.104080722879093
0.160557730081265
0.120311635504069
0.0871202971387761
0.177090473799274
0.213866093652137
0.116402731522955
0.100943748029236
0.131487209827897
0.10886595783141
0.0770197663247133
0.0984241588218138
0.103082939900162
0.0977742065271291
0.106404981603658
0.185926325798785
0.144855266999106
0.105702284474456
0.101105221591106
0.109400785961728
0.0887762294777328
0.128241112446788
0.0971806648919689
0.0990102489978829
0.103392392536778
0.112627098658816
0.152566553563978
0.109033624112941
0.0965543816521166
0.115488060722696
0.127849625071489
0.133007015904694
0.132920460275847
0.0939357068568676
0.0752776705658334
0.111243615637135
0.0860867651413475
0.0919570793816031
0.153678894047869
0.145526001551613
0.102804163006073
0.0752725807388879
0.0733193037200841
0.0721138205838867
0.085043791306959
0.0947980178277785
0.0661507246514741
0.0819634023638466
0.0891563407519102
0.0968185156791263
0.10011908364929
0.0984511369232156
0.0916350229083353
0.13653939492791
0.199719655321496
0.112451103964358
0.19327812777261
0.224015660711454
0.190032324262285
0.141477487211648
0.152964465460762
0.101290282918611
0.0845877661872214
0.0700518558235459
0.0653832391272151
0.0679105526392794
0.102543502849251
0.0947873259912486
0.0755001807218352
0.0634385463654391
0.0773727977792565
0.0913964650413706
0.0868192410365581
0.0631204666797325
0.0706893010455898
0.0867810785759937
0.106865407029146
0.11506575618723
0.0748477077599061
0.0838577874308106
0.0867207421106292
0.089462551412005
0.124955632420554
0.107484726536592
0.119091705808764
0.0987411900041223
0.135592224206855
0.080854956847736
0.176992001001616
0.141860051463171
0.0801020650306932
0.0931176963929622
0.091334075377463
0.133822019780661
0.0920459230425286
0.0748322695620452
0.118428418127567
0.0803334574603566
0.133097417167743
0.0780438576330566
0.0996584750101989
0.0976509132352506
0.114002714274058
0.254060166378806
0.19586916587057
0.156861492181391
0.0836075864114907
0.111730534406403
0.0843711743394077
0.0753306445508404
0.128244864930886
0.139393037605379
0.131603694833466
0.0895778265071365
0.168224315480897
0.131346460464875
0.183036463397757
0.208569719018115
0.10226304420132
0.117359561217225
0.206461962041794
0.164808828363776
0.124800147795393
0.0814780811678789
0.108211953999302
0.145722235990658
0.117581319641016
0.105466573298734
0.137177286538742
0.134086868763906
0.130841214478914
0.202549030143646
0.272031116960384
0.136254826062109
0.17158181563173
0.274712347464612
0.207189956124605
0.0975767288277292
0.0950419093952133
0.101610724566376
0.108302767934903
0.134547858088278
0.110507498607096
0.0778866834713075
0.120420347789833
0.0957000927153802
0.197202411493095
0.158238024506409
0.0910139125847588
0.0954370996261034
0.114420045859758
0.0995349582798271
0.17825072218623
0.106669982240032
0.0727924273813974
0.135837265436272
0.111513905585906
0.0837974788486099
0.0751468509871681
0.111471328923604
0.143990828557132
0.134820903420726
0.241241738478364
0.182888090343828
0.194121691979494
0.104671257949731
0.146535595972015
0.0676790671613823
0.105764134067127
0.182076618470647
0.184279266577822
0.234626296286934
0.0816093095000598
0.0806255089295386
0.218741286593137
0.108951612657502
0.0864901573629506
0.144767476446597
0.117966603668308
0.139637526161871
0.0724372387391541
0.104405750571626
0.151332616933337
0.0763852414726734
0.086692490489395
0.225029003564914
0.163474370968449
0.173712021618672
0.099704177156235
0.077622343005822
0.0657277584975127
0.0827427185539301
0.0658248288857805
0.0849183027771151
0.0975139035802698
0.0863887869587772
0.0709670090294176
0.0676418336903586
0.0667916490657007
0.0630075584267766
0.0972504497200318
0.0770430174325427
0.145939278503979
0.105264584921698
0.115782414369847
0.164220785843677
0.159926977355528
0.197935473524251
0.202397180414119
0.0717162280410829
0.153209327686853
0.101906267581518
0.111417156043972
0.100119598669715
0.0792108600782085
0.123032062804997
0.163126381816199
0.110828964883339
0.190557751973438
0.107725997489102
0.102239887363626
0.101926005111019
0.162436696637247
0.169112157480611
0.0949986341234239
0.0811245243057436
0.111559965566757
0.14997812957128
0.0824084746604458
0.0753771149033356
0.114825186897871
0.0970624069556706
0.107740580560216
0.139797422989593
0.101837192404623
0.106419062774651
0.0909752327091781
0.0696965120207253
0.101870419131535
0.134826365574056
0.13722970526824
0.128293544608003
0.0982793643428323
0.090921327043624
0.0789562865905254
0.0875893158730314
0.0802202599888829
0.137172994233294
0.138665680374141
0.0849597184945612
0.0710748820014857
0.062623027549694
0.0722484771464035
0.125269501200659
0.0948204600101989
0.143143626352931
0.0922482232783827
0.148640178160539
0.164919384252784
0.155689441154283
0.0913821815169176
0.0981620192011225
0.065233128973692
0.0807963695943858
0.0735362152237522
0.0928426332984337
0.0817208126040109
0.127354714657528
0.0993797241919546
0.088583923027653
0.160540227575089
0.149175522125796
0.106191937922081
0.0914113707728072
0.0794963191181849
0.129489048408924
0.109074769343188
0.116051608604071
0.0907599598920967
0.0903973498640645
0.0976992017497473
0.0898885843557673
0.0864690394377365
0.0927171316168312
0.0949081271538324
0.175502234922281
0.0944859743806871
0.141639216797752
0.0909436831098671
0.115143278638287
0.0827142133486836
0.0888390244087629
0.0963147017616436
0.109081798417479
0.134312175258347
0.135053488064935
0.118903986787238
0.138111979401444
0.187983607635584
0.175699994882341
0.168755302560397
0.136410422435522
0.1150416643302
0.107935818015458
0.144251716746698
0.164158265502981
0.145668060575368
0.127071361334624
0.0778012800431843
0.103391868297725
0.10073098484519
0.0869748262064663
0.142812070236971
0.122365462114677
0.072991769984622
0.0865832420509295
0.125565658820627
0.147608536054169
0.167844157116819
0.0872503790630386
0.134814349035166
0.224210297584493
0.105004402218769
0.146510677555057
0.15934435008783
0.218616902052829
0.121281285704287
0.135707116064752
0.106746094194126
0.111923548454711
0.115267594191662
0.104681100280852
0.116015087557177
0.0787563047181576
0.0831072956867913
0.0952207043939684
0.141387230325545
0.199730018368565
0.132000881653233
0.081469291368388
0.0686863243913762
0.0999434427139682
0.157257837819059
0.191984459539333
0.163796812433248
0.157234628041053
0.125245324886344
0.181036573706624
0.103262741451143
0.0925182786002599
0.0911196574725868
0.118198401728363
0.0972977818267485
0.13402958123697
0.0712997946006352
0.158121002362028
0.0878615093922862
0.0932304331317477
0.12919749465529
0.122761696997163
0.0847656860885492
0.0911359250101283
0.0670310655684686
0.145424403894725
0.136121635482697
0.196415740120018
0.127966516235297
0.110290387265425
0.0920383621510074
0.0803129719504179
0.0629073452442702
0.0617132255849779
0.0594544393656962
0.061437605367825
0.1404299368843
0.0932757066733447
0.108614856881046
0.119547673481368
0.0973462764733402
0.117414111172722
0.105905339520578
0.141370853138073
0.0897845678821176
0.127568007654163
0.094635783242539
0.0637800495403542
0.104125664094817
0.115900679532789
0.152409247828329
0.109570861805528
0.0795751591998459
0.150151621799936
0.0937014305052221
0.0650808178409238
0.0698061575014032
0.0635464529400106
0.0629041500308775
0.0780736355508833
0.059363731627867
0.0688589904255802
0.113936908827399
0.0675482488051561
0.101463602277978
0.0848814544775378
0.128667081097937
0.0772691572072616
0.103574645638419
0.0925241742912236
0.073075924578461
0.0767399735724278
0.0907963825649254
0.106858669665884
0.151828633961492
0.152628339912148
0.0953303227645213
0.0976318480523015
0.0855376368790417
0.112904423619514
0.0937577279228552
0.111706385806849
0.124286178200105
0.118716210963648
0.120262006570432
0.108414727675652
0.229995775762579
0.143986058714617
0.196534089311794
0.231885457666885
0.228285028928831
0.152115605958195
0.124330467256383
0.127860800971344
0.191326184630591
0.153804180574265
0.219026198275718
0.0957216771546157
0.0858825552252194
0.111221249141222
0.157593024010881
0.116796573530304
0.144971165422794
0.132290206975023
0.0958135311124346
0.171739989430142
0.0684798669445669
0.0679524566919031
0.0919131103889586
0.0886409525468781
0.0815607398559236
0.15041624799029
0.0963604508492956
0.118364730482836
0.122787188099424
0.110425730528999
0.107214164343957
0.0909803098365481
0.0832007241383694
0.068247343286517
0.111663275463856
0.179344985605208
0.141828823490981
0.0701187884118151
0.0673275228608435
0.0926199588480517
0.100473888594116
0.0975961288943322
0.0844786390111107
0.115808620290959
0.101482157928078
0.0733879048595757
0.0841212593689673
0.104232059519013
0.0986092662192835
0.134570117125505
0.0920055487220334
0.151760921117107
0.127081941403317
0.108849833117675
0.104100251628429
0.11911052021598
0.217065059865896
0.193256801100701
0.0916620037514969
0.129962298316018
0.0755678772162043
0.0800401714188035
0.0773997658035584
0.107121677880012
0.0766637726713153
0.0779404592214982
0.0645046309494993
0.076233122752486
0.116654454224567
0.147014062756843
0.166998885493893
0.0901365103989231
0.116350215785936
0.0737387998531339
0.0860212831156242
0.0645612306952217
0.060101826332745
0.0822475457711749
0.143666112125594
0.0744982654867891
0.167724600771616
0.197859967374064
0.128822470749086
0.0861740485425535
0.119398564416454
0.122544180365316
0.162834251723537
0.0929620827069875
0.143582998087465
0.112608788636479
0.0632716674435001
0.0894457186643055
0.0687601561212902
0.0667715120781258
0.101145528895521
0.077377254047327
0.126368406709875
0.0900041501546674
0.141906397380021
0.0757905951113302
0.146033789823413
0.122426515628986
0.13599510710158
0.137828280259279
0.0799771590000684
0.0648152331417182
0.0798915029328161
0.083299386324311
0.102144233277856
0.097387811741104
0.107709829167247
0.147324245678472
0.163222499819993
0.151940659772236
0.0985188326532715
0.0865455677554036
0.100435664833807
0.216563604637396
0.15801533880094
0.173790164404229
0.0809829494180525
0.0689376118315651
0.0769113391875774
0.0834692038884546
0.099513424608177
0.116608568237097
0.0719077576993035
0.0719261296528244
0.108925764501137
0.13071065847664
0.0962697164834968
0.132323630418411
0.130374399064673
0.0995712825058695
0.110477742312496
0.116324484766956
0.0768804602958128
0.0779899489563628
0.0898097310581544
0.205846450600474
0.135372744425888
0.122182118700621
0.0779234986868805
0.0712482371107363
0.0927471981183515
0.0693075172912399
0.129423568906916
0.111913369735592
0.180030634321049
0.169010302364571
0.0827487771692914
0.0809973837190949
0.0817228555982402
0.093429231797132
0.0838549676261476
0.154831550122364
0.141199767378935
0.066987956154394
0.0747261398659264
0.110753155706799
0.0886499048366185
0.0799770274271961
0.170023438464844
0.142865181629744
0.127463002285002
0.129629348254
0.0597769899207946
0.0747701187732893
0.077832614031486
0.0747171795556061
0.089055024633873
0.0806099729662034
0.165791879664686
0.16460277136619
0.176627451605467
0.193529974936654
0.205618295376095
0.160414211319965
0.179471905196566
0.167822366213052
0.115681344982364
0.0863891610432478
0.1261372679442
0.133094512706139
0.108622506033966
0.151451123899895
0.116988050255179
0.116946062866315
0.110856982585387
0.110180897137968
0.222103172676822
0.169066209105096
0.198376043100924
0.163286222672729
0.172435104216166
0.170432205874567
0.110342185955492
0.131455067908998
0.131350950757863
0.121597323477835
0.132737234692016
0.134519537021992
0.181373250593491
0.0776166420622521
0.104890272919175
0.0921308424182085
0.146094350961825
0.0794735265585119
0.148955365540245
0.10778805296694
0.0903832072816206
0.18670424081688
0.101566215193107
0.111081725256544
0.106752725750678
0.119054832481012
0.169277742993639
0.136719946790112
0.091996507761922
0.107985560642658
0.164571159014837
0.113831425056507
0.0733161255462661
0.0740323289227018
0.0644880800814352
0.161315277323997
0.243401271847822
0.173205352397407
0.102090173480015
0.148198976431992
0.198194627632612
0.125196495907381
0.202078821792418
0.14719246204383
0.134218382969593
0.102982542392922
0.204493511406124
0.108686177610874
0.114714659885402
0.178947907879972
0.076268066376371
0.0728792039152564
0.0742262612971702
0.0837414281119732
0.104736335934942
0.120006507909805
0.200427596852097
0.123560185916107
0.165959243654096
0.084068974434295
0.0716178676234108
0.0897568635956715
0.113025352170325
0.104322879466555
0.140410878696457
0.125341579828033
0.0853500755001587
0.0785778107971062
0.0897982386810891
0.124513264968412
0.106436312282756
0.107880817816506
0.0788382786879723
0.0839494434386049
0.0877232486781545
0.0864606557599181
0.0866171277038031
0.134467235630582
0.147976551007404
0.112449367337185
0.113463750992849
0.0772340723069068
0.0967175573070648
0.0683382466380143
0.0831642315919533
0.153016012911703
0.153885511071885
0.16426266391086
0.171840711558096
0.313354411707584
0.259318586298342
0.165397808241322
0.208491688775155
0.109949143332864
0.151814457356601
0.122707338902561
0.152615825238669
0.102095629995474
0.105616871852817
0.0907384231674167
0.101418302361922
0.147327567240421
0.146625794804616
0.166869377954963
0.10478702011554
0.0906849034682335
0.066126060181937
0.069125411914458
0.129555802327039
0.179927049062181
0.150863650945558
0.0719818600607275
0.0872293159111375
0.0748423342922031
0.0782417173059149
0.115053653532919
0.129567005756467
0.16772369119736
0.176979943015593
0.112080196497893
0.151227559706052
0.115445607741366
0.120262079988511
0.0969822732858051
0.102087971486973
0.0883112899318144
0.128484107899535
0.078125518435297
0.0666864085295909
0.105972831600134
0.193857765979216
0.169331060551443
0.117766925812735
0.14007088254693
0.105947193756654
0.0975358301105139
0.0846271865167423
0.0886067936650644
0.10743553623949
0.0808467250012529
0.114181943417968
0.102688526876694
0.0929524051226835
0.138277770558613
0.169126296681677
0.0854657482412579
0.0698456134497904
0.0777945125026749
0.105340501311244
0.0795641121720842
0.0736764282010589
0.0663522955172702
0.0704652345789639
0.101549710400649
0.0697414708235277
0.102370084551056
0.120179990078265
0.116096983721965
0.0792837625298676
0.0788999712223084
0.131022900860513
0.0705586628811289
0.110590199572514
0.0938455221489026
0.10788698713794
0.137818944497224
0.0676941371787298
0.107803860466995
0.0871428523559961
0.0700245418571245
0.0709651606780899
0.166105560185175
0.0784130753438586
0.11374114009249
0.146253433065947
0.181703516683342
0.112579798182595
0.0777184086121221
0.074138108803158
0.105011246618227
0.0826903724885872
0.0862279877026587
0.0948650021848128
0.0807379341408809
0.0695768987818037
0.0687286120966233
0.0678467390107634
0.0956709264455296
0.136431169557644
0.142859431789605
0.116787313061329
0.126261133432514
0.102532808993463
0.115347752340962
0.126786023470407
0.124060622007901
0.162093290245358
0.0948211085896764
0.0945721389470307
0.135849209007496
0.0864674386757021
0.107751802606051
0.152798957033959
0.159500473315401
0.0895794925592831
0.150599757422642
0.115447851866125
0.110191896680597
0.102715627673455
0.108547257667275
0.0993540231568645
0.110545865957188
0.130216002179471
0.0948116977369867
0.113856970085821
0.201400264461808
0.213170670871246
0.169047394701677
0.142387426761217
0.165958856913831
0.2418704012237
0.113269315243316
0.135466255000344
0.133705354231021
0.0790914013486362
0.0787755667024112
0.130244782548295
0.118362230248006
0.107448390622197
0.100448682122092
0.247323099241589
0.105311851358294
0.125574079418316
0.203456122001803
0.0980103209461963
0.164725462893299
0.179203608715464
0.145570639481775
0.111550955367591
0.172788231444311
0.231033371709504
0.167303484380323
0.132560915523789
0.110456430147301
0.128796097490454
0.104887711228077
0.0978673847230869
0.0974352767447127
0.0957163585131013
0.136887463706154
0.0756222951955864
0.0698218509224036
0.105095399418585
0.103091731763933
0.121799386043747
0.161407301164027
0.104244840734072
0.0910285191232046
0.0839174003659341
0.168058289163561
0.270961537459367
0.105579414847555
0.148496438256362
0.0876918880209287
0.0880713332696853
0.0907224058789042
0.0947069035866174
0.137621945635154
0.129201676577811
0.15380830251137
0.142009041922924
0.168223457891351
0.200056782975268
0.217352779237522
0.122986844269882
0.154739516959269
0.157589503424748
0.0866221956035217
0.099875397981429
0.144133165934646
0.166433649100446
0.141536731030665
0.0875155046918901
0.100164637357239
0.0789295452084565
0.114472538576879
0.149929504716685
0.0973284320358792
0.0857663292322417
0.10418951336625
0.102151414389248
0.136577656674474
0.0717689720720795
0.0871611819624884
0.0793916143930164
0.102668228405893
0.13433028683987
0.0808910851377745
0.107341617633242
0.0966397876902547
0.143515837956362
0.116851619317798
0.109014195656564
0.124708914261976
0.112942587080343
0.114534966801738
0.169213337944268
0.134878106255699
0.128658946634481
0.0918258612294141
0.124588456840733
0.142008103003177
0.25314141386625
0.186640957274966
0.132355075256328
0.120151567726401
0.0754903404996595
0.062768778123097
0.0833263534615129
0.148348273484184
0.0974212081953463
0.117987149695903
0.076836567511962
0.0952619336406874
0.118039655691465
0.18504252742182
0.0907242688344209
0.0836499876861449
0.0613027938132357
0.096665077295556
0.106577472408493
0.0965411656084409
0.0771709189297609
0.137844288671467
0.152200974151918
0.175731903216846
0.237082868416011
0.0815725152956197
0.0826464262867262
0.117768982535452
0.109576100980753
0.0875815325869324
0.0738437032663556
0.0609110699555643
0.210439836602916
0.183840346290776
0.136192155225624
0.119944820505044
0.155150286027691
0.147587387409539
0.223967414338247
0.147524305381641
0.0950281521821784
0.0685460708491377
0.080792204121826
0.119759732185942
0.063975047900899
0.0716942661083981
0.0781772144318222
0.190534096637402
0.230371164327239
0.112654736215586
0.177230442987917
0.0992660083078292
0.112705126040737
0.117155513167631
0.0813390124832616
0.132498939090627
0.0671584296746515
0.126428711348438
0.117259001133877
0.112391241493186
0.129248836331628
0.207748074033796
0.122192809004237
0.197714663329978
0.14105706999365
0.0988633381554267
0.14120661660679
0.178731640750027
0.217891701216789
0.212458928345552
0.199508590719838
0.197943663077655
0.190883147922637
0.0904132201119748
0.112654113894094
0.168138068707773
0.251178527811002
0.106780222977094
0.143459432002223
0.135173173787084
0.191016486147182
0.134284427595364
0.102774817958639
0.0942797613875118
0.104915305138253
0.136469064221811
0.135365027081381
0.133102450602638
0.216002042510093
0.175255654458895
0.121563899763267
0.102812719494179
0.0871424338540691
0.101477309962661
0.126475296729635
0.116422332779839
0.166747609483551
0.0768099634772386
0.0949126145359133
0.0938053775700715
0.100113702738353
0.129473693639321
0.0729226349562595
0.0646713714264095
0.0744055809734524
0.0661277535413201
0.0838557353178417
0.13504219409229
0.118544780264
0.122597846541806
0.121305422339807
0.0599061320691296
0.0705467273816747
0.0845116872760899
0.139846053022792
0.153319462098959
0.0743278412884014
0.0937552878248791
0.1086932155695
0.112687985667315
0.131979347160497
0.120073368360375
0.127111727547792
0.156684464808452
0.128665228017641
0.115310310766349
0.102403362156783
0.114428220828353
0.151624814754767
0.0677185693742557
0.0700309472537362
0.0902743072587113
0.0836614948080213
0.0871058337791422
0.0725307057759311
0.0985567777432839
0.216232735907467
0.12146428240565
0.135371692735384
0.0834442161781132
0.096871903610578
0.13524644383549
0.162186480351661
0.0919117893145347
0.188084041485861
0.123057292983947
0.0745954941139726
0.127960314789908
0.110161337009648
0.0709721936653727
0.0936392957501969
0.0907522930743656
0.101394003814576
0.122210671989176
0.177786259474607
0.201277423924895
0.188876847576451
0.113623551840214
0.147900656749712
0.130756820008517
0.187250653340729
0.173121155191446
0.0981722295807903
0.0876812483676746
0.109412661855748
0.108133520808727
0.12088114019018
0.129030957965527
0.108327073526465
0.107898224310766
0.109088788847155
0.164161174749217
0.124618154301645
0.164592959161422
0.0878782889434327
0.0812341952235534
0.0803976301806323
0.202621365492288
0.0988887956613828
0.233673540256068
0.242448573990819
0.126126143513656
0.0991823050333136
0.100926890656592
0.173286061191439
0.135478401603477
0.0823726783601831
0.0988588713208747
0.12513268982426
0.137367825123268
0.0867315737211731
0.116729143947149
0.117355244991333
0.0908358086894756
0.0956957282894751
0.109653280811206
0.0942084928292945
0.108597308288347
0.10132862288575
0.14155429738006
0.109104705290078
0.124596920164571
0.0805473911632862
0.0815194493749443
0.0799086567395177
0.0870890357155142
0.176050838555657
0.0810996530893714
0.0665969296016309
0.106237418012928
0.105309897849817
0.108177384058234
0.103431907343166
0.119387836087091
0.134659337019612
0.145579817131287
0.132978128685786
0.0779781634192198
0.201429295700146
0.16433488510682
0.105240485601959
0.105438662640517
0.145393658921276
0.0951090327789578
0.0964118526021736
0.124137914487977
0.177091899640701
0.171074590483836
0.24229710720702
0.129128648424926
0.192921035236428
0.134166982139009
0.113319762443237
0.203368319113758
0.196470095524427
0.098918714437765
0.0774906103040896
0.100538489557347
0.158529709576902
0.0943903410300781
0.103186405133963
0.0758606411101978
0.123914717097869
0.168156793693541
0.132991322679964
0.120008666009428
0.0986152782636914
0.114917207634684
0.105524605562919
0.0830773855158369
0.128332125285048
0.196681603253879
0.0866857695445125
0.0817325270386978
0.16485819573016
0.0609459937040594
0.0827940114999984
0.106195141949017
0.144426149480766
0.114730050758084
0.13207454330431
0.143729015387216
0.0897256459012428
0.0970657647564743
0.195048232905398
0.165138779482174
0.2956780242469
0.27810436347154
0.128247985251663
0.126169170243158
0.108010636568059
0.164993659670618
0.204543305598454
0.120888317852403
0.13902367008648
0.184392633973248
0.122553955296745
0.0986456036220514
0.094026245650264
0.0873811154781971
0.107178484449515
0.158370750857725
0.0889980581853713
0.0797971741995308
0.160105466976572
0.138505506979235
0.112831226073082
0.0955022209460064
0.0638627829323744
0.125386640372155
0.128193425395832
0.064352678655938
0.0685648408480429
0.141999408338759
0.0974572601248945
0.130340428671642
0.108087361777794
0.119931198673665
0.212772429100499
0.0923064196656855
0.105047553938334
0.0956402220197742
0.0836329887620502
0.067788175832503
0.0794415383421211
0.105480778433605
0.109616735997368
0.145245235322768
0.140623133678175
0.161828061043876
0.0798673886531765
0.0813584126557294
0.0917206726823018
0.0882722759331965
0.0780278928782284
0.132013718209273
0.133394943651542
0.203445739437261
0.110063783589698
0.0706240055524625
0.124077512888235
0.104343033376014
0.115877942877218
0.130980427783653
0.0916211761238545
0.117678801911551
0.149003260128674
0.164284377601373
0.162354318532525
0.111408176018761
0.176924561200134
0.145014081084031
0.102858021705721
0.0769244527271498
0.0836049807740081
0.102846277997912
0.148312761226652
0.109133991414576
0.07125291099031
0.0948273983505911
0.087913468501215
0.104158334816665
0.14224249435943
0.0940266304650784
0.0627887783728012
0.0938710602211936
0.120399091837364
0.159396284217646
0.0739643454231294
0.073094797340908
0.104467122788189
0.0862867110634777
0.0924318965253642
0.0921668495365425
0.132725504462534
0.131866637859223
0.185348775520822
0.0612957671796534
0.0881437802740375
0.13625721530284
0.0924561974270511
0.10097086293839
0.107796557860503
0.111669338535291
0.130725255179751
0.121951040738547
0.0899256528200321
0.0692985564639189
0.110479667355503
0.086368023288264
0.0811141232398528
0.0769444956858127
0.10506210935641
0.0898108556280784
0.138343700795408
0.0807119991783884
0.0749045007005007
0.128033478954458
0.131572270573023
0.128945186316182
0.128404996141683
0.145810945403942
0.117058772900389
0.18572056712556
0.103248235686456
0.0993610468590596
0.0873186801798506
0.0578985488235751
0.0733855192874821
0.118103800470302
0.154160638145205
0.125396995937726
0.120725216795328
0.0883671642914044
0.161809070461808
0.0794002373421148
0.124781187143077
0.0934130332369284
0.0771815083208159
0.118889647858377
0.106089503602713
0.105964368740633
0.0724744808852681
0.0790706050829306
0.12173477475179
0.172097554018557
0.114920083115229
0.106639638471934
0.106133231015003
0.0749459342704758
0.129760979256848
0.161944893016007
0.100519636784499
0.109626364677326
0.134179531361045
0.173162614219551
0.119517944404952
0.160708801808904
0.157662545234256
0.140743855511131
0.163151255063862
0.173040983721178
0.1354767949223
0.135942696860495
0.105800037270899
0.114773296559204
0.138923922968891
0.158131664365415
0.075519700280747
0.0852296128098015
0.183938582167962
0.084304682202968
0.0689139653889828
0.0818333382831766
0.0891167841582248
0.0755379016086832
0.0843647799530248
0.147571382256763
0.142302687161814
0.0821325329691067
0.0635543246572732
0.0575317074030107
0.0648637572662304
0.0957341095269655
0.0957202386998272
0.100078546397668
0.149018210838771
0.107476433844673
0.185011357560029
0.174946760950503
0.0919117382469774
0.112158601101378
0.0704059583036897
0.0778021223064903
0.110612628965561
0.153639133939226
0.184674820626197
0.111655677776966
0.0905979916038519
0.0976197879362816
0.0859811738729339
0.0863147280935235
0.0629017514359597
0.0758368186809935
0.0844910243916225
0.124130236754764
0.0737903113552681
0.0631850956065163
0.115804042296256
0.117717768319599
0.172904669281405
0.0834322250121459
0.0836062075018511
0.0932890384863402
0.0903919195066898
0.136036889032972
0.0886381688417646
0.0853588676663175
0.108025504038998
0.13825437595351
0.102322776839209
0.103102250294693
0.14917101234729
0.114847224886537
0.13254644519637
0.184370458111666
0.063304363120379
0.0714888119308695
0.0679181550653799
0.0902659894086396
0.0884942164332201
0.0746580360513381
0.0885432382684955
0.0754322269516518
0.151742878498449
0.238236438254764
0.115775543834517
0.0914526466729038
0.0736486701299113
0.0942288046884956
0.0887986458817413
0.129468953802017
0.139248442921595
0.0775252745204257
0.0984111620746629
0.0831142227756835
0.126840629571624
0.099450686868527
0.0624226935579844
0.0613562845663478
0.0737936000062406
0.136762386201031
0.174857977080352
0.0727630543173476
0.200762297410741
0.153451723895361
0.0928584164723301
0.125477095054003
0.0713402500746032
0.114591011220036
0.148240324258879
0.119416273159991
0.163552928087791
0.22199622232604
0.0934248646307286
0.171404230187623
0.151608940470157
0.0689931775621114
0.0682471462494613
0.0934903226141556
0.106352849884633
0.0746673899552813
0.168517019878633
0.137511671715554
0.124517883393389
0.169436688510167
0.0848957370267429
0.0724056665256855
0.0939028295351977
0.114646242292052
0.151410246845206
0.1926246364576
0.208678928173473
0.256295567196435
0.170406850544163
0.117119104149056
0.119317072747267
0.088915603649857
0.0710401588693081
0.100341996588957
0.0902868912530515
0.073674567201926
0.0808544830984196
0.186120993651013
0.117247058839427
0.215977995202064
0.124504756918239
0.16813899630612
0.176428294161175
0.135866730165078
0.137973713821394
0.155198873397568
0.219508726119024
0.106045686954654
0.185672510692335
0.162717128899089
0.161572974939132
0.208064642223557
0.111607567983917
0.192134806044721
0.0789679653996415
0.0720659866431543
0.0838864874971379
0.119094235998039
0.148971795345957
0.200713048086559
0.0914715989323678
0.153387889070114
0.101411178324156
0.189483583246458
0.136599749064905
0.0932718140911866
0.0824991196627989
0.0949084787905548
0.133644435078391
0.141553412182198
0.0973059457791246
0.0617603759040807
0.0530796367202657
0.0537829875186917
0.0633739590481975
0.0801613181536726
0.130670937992145
0.105250192255314
0.0615734292862788
0.0628392923389533
0.0713684925599412
0.0775240322788371
0.0558370478999336
0.0642076576201327
0.103888810603091
0.129414269024439
0.0828194617763143
0.113254173748201
0.0639181431942724
0.0753444749075134
0.198394580791389
0.208114024904705
0.139037008589067
0.14321583832049
0.138913036067498
0.0949121503733462
0.135727323144899
0.15053032329252
0.160871463754337
0.10397846441385
0.14612021123594
0.0700123826130504
0.0819873330117525
0.112134972163977
0.080264363483549
0.20271616210185
0.195293037176909
0.272498839557317
0.135094186733803
0.0927990989272725
0.227848643299163
0.182718855690649
0.0829074360593167
0.11559628178109
0.147266112995664
0.226329304529977
0.151065994707541
0.122581360057379
0.114749891593176
0.221148345710789
0.127285263441258
0.0863002312509676
0.0815402866488068
0.134508765470628
0.0965917079659916
0.0759277378312114
0.0823044818567305
0.0753970411565335
0.116961078588052
0.111210063889778
0.114334283837464
0.170916959210988
0.252608367807548
0.101987375829463
0.115313931916892
0.0943612249291266
0.0823426524226135
0.078033723086771
0.0952945420273623
0.12156139852775
0.138060647190238
0.252517373018633
0.169896012768366
0.0878193534312746
0.120213077361414
0.173803395495594
0.134437531798347
0.106342158856473
0.064964542777529
0.0834827854222034
0.0650212833082574
0.109257131841437
0.18791490778541
0.0933944472778585
0.0732548085227121
0.146558350666309
0.130973925178681
0.0724189707498338
0.058181598330095
0.0969801459622781
0.106667380695087
0.18875666885412
0.0915061150056795
0.104836815150229
0.151779601050784
0.132595573094958
0.0760283647462464
0.152987735074907
0.131962412266693
0.0883985033640951
0.0984197938435647
0.101636972308729
0.221160091253592
0.182426071128981
0.161352749550189
0.172367627271022
0.104750413484457
0.134796335030376
0.117921240929314
0.0894645482013685
0.101021228117908
0.163828973371887
0.115031740490558
0.141930655955329
0.106519551591753
0.101526827506588
0.130927610508754
0.111173738137033
0.123287879570098
0.0888486209550867
0.0792758616099625
0.0630077692817342
0.0778248423766829
0.120012173831263
0.147141894991236
0.0612111867850261
0.07852336778507
0.0699795936192536
0.0933352510578306
0.0895520924755811
0.0769807624539858
0.0837248558014321
0.0813860471693294
0.0696303691548242
0.119317305140348
0.189330048944827
0.123102089538176
0.0830799226522142
0.129280034681471
0.120708958991117
0.170086580640901
0.100340597208318
0.101004430060129
0.100352230214508
0.116566984618008
0.111014327724326
0.145372054921557
0.0857557392853583
0.150893659825708
0.0679179021356013
0.116816428507786
0.0991501736885018
0.0602297799786236
0.0595807149491014
0.117774676360406
0.211472104420737
0.130997398997729
0.106387330400624
0.174616941196663
0.10892895154699
0.181349234984333
0.138442610255198
0.280187951831094
0.156251991091925
0.29828655259074
0.175066538475935
0.246448674490558
0.0686265518187076
0.0946409714302682
0.0790491966372731
0.088845815445178
0.129954379655796
0.0776310789516537
0.123282443640404
0.15453003973578
0.102957347959151
0.0871884704817857
0.0973119475097154
0.0747070197992126
0.130323476583122
0.155190651162627
0.116020253742249
0.0902076549059485
0.0842016074574694
0.0882601812646604
0.116784721480031
0.193164051859411
0.18983731953803
0.187653970604469
0.0991295436076488
0.0882926476300096
0.11695862159358
0.0881462516027324
0.094927127218913
0.09199600511659
0.122155160677028
0.146860989980966
0.176903064646498
0.111689379603443
0.112905064443881
0.174638838672936
0.138047980326191
0.25682404194615
0.101558754122396
0.151086477147863
0.134447755891736
0.155147364367341
0.11749330812979
0.156101367664642
0.091576729982888
0.174476998951594
0.143265181231243
0.196750739180781
0.0708383516046904
0.190891008600565
0.102828664433335
0.125813655785175
0.192313897603198
0.153366196236263
0.124383843509098
0.193546765845225
0.233665926788354
0.18947144068567
0.210909860813042
0.149446841522698
0.0961951811281411
0.0751012267500243
0.10079707294351
0.0733915668180885
0.129576490416409
0.106328245418442
0.1959593906106
0.147697078271897
0.133621601693954
0.122268804709621
0.105574808617774
0.10041656454244
0.12312241624882
0.120710108633647
0.118115688959564
0.0747504181551771
0.100668000445046
0.0997166224862084
0.0622164215420805
0.055083874080327
0.0605449546811333
0.0790635447823128
0.121757154260705
0.126959201344195
0.174537548816512
0.111646454952227
0.14073087586299
0.123748082729906
0.123594249077856
0.119824394441454
0.182191783623034
0.165498732307657
0.173446509766025
0.202848050562054
0.101776246116737
0.0848250353735534
0.0647314100444494
0.0679805290237312
0.14341384269497
0.207922074584875
0.133756046832588
0.0946608342519941
0.0991029033845632
0.109341617175324
0.0839909200267866
0.162485048465269
0.100987544689958
0.124820978242874
0.0818405893904833
0.100046437173512
0.0637817971434727
0.115553863981091
0.148484311952668
0.16642207732657
0.126678376324189
0.0835857194889278
0.091369966466218
0.137956472400115
0.0690771558896136
0.0853594240225956
0.111878668657474
0.0908687519426247
0.0767942033295471
0.0947512342435436
0.157547592391931
0.104200138707975
0.110611349068219
0.0796408827002613
0.0987381662009174
0.145807449580118
0.12921574366491
0.222289244740157
0.146302174815631
0.123258328530756
0.0820331540804771
0.0684961253243506
0.0620148792143262
0.103579759944176
0.109829333462462
0.138579332189885
0.103785277077613
0.0967911088070397
0.15629008214074
0.150488580162442
0.108247103449541
0.107582648180924
0.176706037173198
0.14813936222409
0.141075328805745
0.0972650774419885
0.126096593475819
0.223711428049852
0.116258987082895
0.0705302128478199
0.0776516624496848
0.120231545970642
0.1057411005064
0.131981770495002
0.15522557342197
0.0833867090573019
0.0789567960951537
0.106073470992734
0.092767744130851
0.0897424718575094
0.141477000875328
0.110573669300037
0.119191652746405
0.159823501541947
0.202852408483846
0.246212432150567
0.136740539461726
0.145744438451525
0.0837229286657449
0.0607257571595967
0.063658054054793
0.087972471496137
0.118687226170337
0.0893245314971567
0.11891192865389
0.106962344193223
0.13516410809992
0.0896529771560554
0.0681051586621673
0.0741866231516591
0.0733284069586788
0.107413008060481
0.12572975154379
0.197582178546423
0.100251286181007
0.0753035440320428
0.0776388847443051
0.0795040083399856
0.146960117856445
0.165950427715758
0.0733310972095065
0.145690046420488
0.161605867390867
0.106100464843315
0.0850676191546155
0.0735977850541812
0.1105021475244
0.12237069577649
0.118045223953481
0.130618901831238
0.0997315080633189
0.133719058675809
0.174774604328799
0.0989517212854077
0.107059133573538
0.103419664024051
0.107986157368401
0.153203938258994
0.219884597773174
0.167593540133601
0.117179624003397
0.195511541227421
0.121315146551055
0.0978396559347619
0.137007244698602
0.140461798344382
0.121191172530265
0.128381635654977
0.0943314737257215
0.133032577378395
0.0717343352920867
0.132039680335772
0.130615784992085
0.0727739601935587
0.0978942159105744
0.0748031740010066
0.170112088648353
0.0985238711322745
0.117559785215375
0.0894329226583837
0.144104713069588
0.0862914545643852
0.0635502197466384
0.0585059270645393
0.0820167027291489
0.0925433911126613
0.178353073804705
0.159184575398189
0.0837727726420252
0.130717335409534
0.10302002031708
0.0879017506650931
0.0910524579505773
0.0735989280211869
0.136765433331515
0.0768045030885974
0.145925650571904
0.0969399606118184
0.108311189921095
0.0985805803394762
0.164242683627776
0.104134259516364
0.0911062769057295
0.156586176143314
0.149530615130871
0.088188910983673
0.186658955258191
0.140644631055862
0.19369292952618
0.176366976552536
0.107133893839973
0.0856680350934566
0.096321594009775
0.0974546209462241
0.129462494232198
0.139024952632719
0.0609027919317639
0.115795801246639
0.102860499889858
0.151206264760837
0.0821239651515016
0.126330203145511
0.0937657833416403
0.0804883021309409
0.217105362626753
0.130920793835301
0.189773714396029
0.181875230019612
0.140202208652535
0.137019632511061
0.101738174856139
0.137979248475195
0.117522080230109
0.0786879912548034
0.0887919455826232
0.135375032329175
0.0739438848349036
0.0669701565261813
0.0732799789583017
0.0728667269120839
0.080574722697303
0.119214256246075
0.0857401586607345
0.0992786589380216
0.0788962327438328
0.125677368137728
0.092687791993323
0.147451456982509
0.145155201606719
0.2140675364713
0.158708972745232
0.114833833316153
0.0638331513324791
0.0655352575756666
0.128484133959486
0.13538539134848
0.128758094134093
0.139136573839048
0.117102532847411
0.156081829925537
0.129100120855587
0.190764989698106
0.147968701957538
0.124233304404355
0.138750303669512
0.244363434130365
0.0719804182743467
0.166708004154456
0.251547201931259
0.221914029892297
0.133697989579697
0.0892656124486742
0.0936775446700471
0.100805119548955
0.0953304228551946
0.0776143433782517
0.118066791744945
0.0741785156126061
0.100531848726909
0.144015445016412
0.157624469797742
0.159916966777919
0.159052377129031
0.122289641508768
0.134348963856501
0.113327788514641
0.116291430489515
0.0738776005665991
0.121976176027492
0.157001922231954
0.162493920430638
0.0939742636557813
0.0843450363446477
0.105467744968271
0.0841236123080055
0.0835458328257318
0.0855722358966604
0.153680413544577
0.172937798691116
0.143177637311191
0.141325244348461
0.197379716914205
0.199885134270841
0.128038371352396
0.0988491111303087
0.100898994432266
0.0911573990287025
0.168486200394632
0.11972990604668
0.0819179199406808
0.0970418033591772
0.095205619600782
0.111840441012935
0.156334724999169
0.125884479496568
0.0765214448739897
0.0637811019167316
0.0813457983661296
0.104444632884768
0.107578642596029
0.174466968288398
0.123659722279942
0.0988435718148
0.113918795363259
0.0839059658113179
0.156715234902011
0.176467053233301
0.100436519667377
0.0773680310571683
0.11927102417393
0.106349478703121
0.132981246427957
0.218575827994502
0.0778843291699828
0.0959096040621882
0.117874261012943
0.103809692026574
0.106308138455721
0.168626333643608
0.132385095379736
0.111956379569033
0.0946240510413368
0.176085139229463
0.209046292119537
0.165285533178911
0.112481836319433
0.100807170347817
0.0640896302591425
0.0822083432504626
0.0845556076116375
0.116992225011131
0.0962884660901009
0.0903643210111172
0.0721598554104531
0.087208729674071
0.0989536638949059
0.0848103091731002
0.0870832777039755
0.108219683438589
0.0956550692402924
0.0813043684217398
0.081998887815135
0.0701466515561448
0.0833972445888989
0.115762133657097
0.0756491566865303
0.145170608741536
0.107164628708226
0.146897798780349
0.169866950280381
0.111298302216282
0.080554740465327
0.0840096514724982
0.0935941715835303
0.142152447631128
0.111720254988127
0.0970017953265649
0.13749045832392
0.0740866625298448
0.107895561272379
0.215203002956259
0.103769145024491
0.127346078320399
0.132808913927862
0.103635616626878
0.0756855175180371
0.1834887126174
0.144137143494283
0.119548377613689
0.117715766124604
0.0894050569303691
0.0967260318155156
0.0602213387910651
0.0763280779203449
0.103940333680636
0.120429314210821
0.151885778508677
0.0717166632777315
0.0853632958328149
0.174706406816917
0.191668190037883
0.245585022567312
0.13705067197544
0.125846665007173
0.188413338735116
0.328424933868725
0.295402697946388
0.130426976239454
0.202743671410135
0.182654643893807
0.1256054921145
0.0886101287334662
0.0758265763837632
0.177236826401948
0.0897577773009328
0.0993775337431673
0.121545834130891
0.0868082448202742
0.105815953838388
0.134618674694602
0.0905512972133785
0.11276385547885
0.128497104796371
0.0722380981566717
0.109290338037427
0.135856694671161
0.157095162113042
0.126098796112194
0.0895567873633992
0.125212403065747
0.0796796740067496
0.093711452513339
0.0899649223412979
0.169606804643827
0.0973952383744459
0.149148487667768
0.0821935967318339
0.0748255605363214
0.0924298038480273
0.0570735675884533
0.0671047080254241
0.0700655982515475
0.0894667690019692
0.0886902163597939
0.124044690282211
0.107828452132077
0.116673039729876
0.102442786261735
0.185025377641383
0.118250013493635
0.172282126611421
0.10040376333801
0.111613724157466
0.120116901270589
0.202018300346331
0.17585810673449
0.115121975813201
0.0751294399147547
0.0800522588210973
0.103355540998473
0.155755590983787
0.0952909195973427
0.229537692311355
0.154595835950946
0.150918286481007
0.0894312013921258
0.172447407809161
0.173033209393373
0.133714138407016
0.191700949113929
0.168071352635329
0.0878769417370159
0.094488810047112
0.0967923258233728
0.0738051195215608
0.118157145831873
0.115003796080822
0.102630075278929
0.102062987216304
0.0895078469136637
0.0923792926334726
0.16912108350126
0.144351104606752
0.0732096311088985
0.0846041952357748
0.08258189954851
0.238760938592352
0.190731048700699
0.161125229504427
0.113433716146484
0.154338495664522
0.0803159301414767
0.0807647500784892
0.172914818850069
0.121070351399854
0.125623708437623
0.109866099099328
0.0844912127469468
0.0908284263278188
0.0963537143156815
0.101183205751257
0.0637107356002001
0.0554581180621747
0.0603468973074497
0.0613858145964421
0.0639668910228215
0.110722585202981
0.178343741476595
0.137851151968015
0.119990001305805
0.103606928253684
0.172166839190867
0.160810565955871
0.12137579916529
0.182315718870447
0.158642497360856
0.0922472505163922
0.113634581950311
0.203242364535599
0.133146949692298
0.100923833501873
0.119653826241095
0.121783014735162
0.132116880888199
0.11902752989715
0.181818890081235
0.119419332506229
0.128230513502942
0.120630818516356
0.142824152662364
0.137723897571491
0.126012445395973
0.115848411525935
0.0804174823442407
0.0797301062382016
0.0615406165477185
0.0955798837772371
0.0680430601412919
0.076349167987073
0.0938350763882006
0.132685930953688
0.123405884452513
0.096889527990721
0.0944032451135346
0.0833560327366003
0.115477411762882
0.0806153722331534
0.0722937477209928
0.0649313605984752
0.0629040920875749
0.0792755353700974
0.113594702737062
0.0773118789868056
0.0893025039103171
0.0808058897672422
0.0746660163305848
0.138623456535857
0.0822055939622581
0.164399507406948
0.0849386159951632
0.0784191053986721
0.195839372457039
0.284154382800134
0.163085960473832
0.110738403840923
0.119908499909397
0.0998260973567783
0.0954724457498315
0.0737978483128883
0.0700890334709089
0.132289688116109
0.0970689399546067
0.0604519207031117
0.0705488187291479
0.107810844607027
0.124382966731793
0.117588937288803
0.116718621049502
0.137476885605634
0.150461573129614
0.108593860825881
0.0940440612401781
0.080748433946118
0.0905372979321738
0.107149854743293
0.113281422248816
0.136145019847697
0.0921584601561435
0.138190324159806
0.182784485184185
0.200943504239865
0.0967435119364514
0.0558556435295252
0.0724973600713414
0.0857074505351227
0.124994785065123
0.0823520499394626
0.0871583102746691
0.0735069833236473
0.0967653887889267
0.170747816502886
0.0749003193305438
0.166274749669443
0.170282044994866
0.173455566448041
0.152574202490555
0.181017112192294
0.157172686801572
0.12636293408943
0.108284957871994
0.109875673554003
0.0853301551663415
0.125893364278609
0.101152759393964
0.0897411324170426
0.124527863349365
0.163503697801448
0.0879064613470085
0.128605271856385
0.110869113495964
0.079219348515466
0.10566038534535
0.094418961205552
0.100196842547557
0.0892343519742958
0.066128065676868
0.110202633242304
0.107160697937499
0.110214319485273
0.223023054343697
0.0951435783883427
0.0717654071110592
0.0948300663909009
0.199584378916017
0.129173803669499
0.136550724168154
0.0771580843755802
0.113534476694762
0.0652381322896525
0.0617187158899302
0.0610170770473371
0.100380265714636
0.122488381746919
0.0962271290917165
0.0780812302747043
0.0809878689228865
0.0573115410986286
0.0996177005840411
0.0647370783406398
0.0551560356534999
0.0612654503757627
0.0710526201119394
0.0810143816300468
0.267941315283194
0.220392273415708
0.213331864069285
0.10696895066639
0.0847090624561466
0.0990048739303689
0.17437278671132
0.0891988250216195
0.0993368906234178
0.0999587016935768
0.108028172723175
0.119427117678281
0.0949713383584236
0.0870267852325322
0.176741812894122
0.154973748596776
0.119343861392698
0.145399734754199
0.186920955166729
0.136954860355727
0.112751099059647
0.140293393474138
0.0949803331322036
0.081478740957477
0.115883957991394
0.126241248895437
0.125545850304198
0.166106822606833
0.18669477397934
0.143242362948196
0.190488438687392
0.170871008053145
0.0733429896657471
0.100876965778227
0.0772990145738901
0.0712174798958079
0.089220819907096
0.0702916869534818
0.108234348308732
0.0982702844225366
0.16174531299827
0.0968299554635258
0.0717324581706669
0.0858151039255123
0.129465817669612
0.065004046748859
0.0679613436171628
0.164627482864429
0.155377797643808
0.081223308317773
0.111871530390923
0.217381002634441
0.119229368617792
0.147396426739608
0.061104747500636
0.107373051952206
0.0709635584861299
0.0568378110553089
0.0647669090580356
0.0945491453919965
0.0610893545654845
0.0632437966318185
0.137618709312848
0.121672678745415
0.121830433668696
0.181619596717013
0.0902110045091535
0.0987421837183596
0.107906932067382
0.155010185040866
0.219183855675924
0.118986789081324
0.0912184554259881
0.141834230529254
0.119828992893616
0.133139361153552
0.138078414878046
0.288156261559766
0.142588053848259
0.160205234660436
0.184460131723995
0.17304486493163
0.0995239414481602
0.102871282815814
0.142762561677911
0.0932210701056727
0.0694709794419269
0.138924441552558
0.113779827013644
0.206865258126666
0.149746731868402
0.180437617010631
0.261667589089218
0.277756691488083
0.117941748556132
0.0916277102216374
0.0871133819554957
0.104051780244288
0.12661549639971
0.094393031347724
0.0778505122808049
0.119283455165629
0.0876115182382113
0.0687592180783765
0.0768974498982754
0.0787051052211824
0.136729563815388
0.0684736553319342
0.0679186233641386
0.0717871512412539
0.0978417839116955
0.0746739889347346
0.11024805010744
0.10367158630857
0.0862331775156669
0.0753520998022543
0.112472946113531
0.176039296350421
0.195602358195143
0.113522037013345
0.0781982368223902
0.104739009981968
0.0936458019711287
0.0576895296353793
0.0664168358348163
0.172819360202281
0.11456415616709
0.0836892008607049
0.0667713002446048
0.132835266014374
0.225833233647511
0.182783448347353
0.111803609269983
0.119171407621771
0.0819185863883257
0.147914347870724
0.208138611334819
0.124144661473078
0.0919881525776801
0.110604947311274
0.147470616976958
0.110959416229831
0.118186219046802
0.10404756571657
0.0724130126024484
0.129674424262003
0.17213619744616
0.121991876486579
0.153655315282574
0.173843429398281
0.098914003545282
0.137178775981088
0.137220791274589
0.187104532736906
0.11497068382757
0.25671978239724
0.204167309668354
0.148263168356488
0.105153420434949
0.106455852538081
0.13874081611155
0.0993092041733385
0.145055652228272
0.10408388670219
0.0825483447122943
0.0950373943531811
0.0752578071336059
0.168582207691592
0.0903220403185971
0.158712680230303
0.141106227870703
0.112082828282866
0.139892118074176
0.0885710369473943
0.144672184542746
0.155287543488058
0.127868710962113
0.130653505702804
0.0822119958266996
0.0897791284419191
0.0958962318703638
0.104187753443505
0.0995476685697584
0.0668610474013863
0.0629391226708495
0.115784469421165
0.16738135754529
0.117956237186794
0.166787596563745
0.105435262533274
0.119319356230688
0.0828373109948364
0.142792783684882
0.1421098154628
0.0912429127381325
0.138640119951572
0.099384669180875
0.119596998895626
0.0991819733841517
0.0796524219875215
0.109802506302797
0.129093624027307
0.0989855350014348
0.10854570662994
0.0641518607140051
0.0594014045914055
0.0796753376955096
0.132487495591809
0.101498086728099
0.0969777169088069
0.104215216611607
0.117536552742364
0.100942070919403
0.0718873483342648
0.124099375608299
0.0704270985207478
0.102880443236985
0.0888638064261535
0.132278943686462
0.153316647980467
0.250091406116757
0.096079951170856
0.073697139266706
0.102194952966372
0.104643666081229
0.126775315455365
0.157693203362926
0.147888586271412
0.154936039889035
0.132618954082689
0.0849039372720455
0.141588587813514
0.132713649324923
0.12024345837141
0.0985525186475692
0.110328996938783
0.101054032213437
0.182441094873493
0.0755217457174955
0.136455941288629
0.108485692588742
0.0898335131030341
0.19529818452894
0.139493750225674
0.192064569668282
0.143398521518012
0.158735738374322
0.125966549654561
0.0731628911468608
0.105850981126872
0.0895697222707685
0.151756480874975
0.0766608198869502
0.113059014025181
0.0973528728758964
0.120025505078583
0.233881906428687
0.14682420569519
0.0659797965746565
0.10303754453688
0.105625410160354
0.170096524652157
0.116310142470863
0.10656854333719
0.0682890410354325
0.0668821454158306
0.0605886957552271
0.0599895318044425
0.0832384605855691
0.0824110803887914
0.104360903048882
0.0816784902604805
0.103790627462984
0.131258895935904
0.189202441134207
0.0998261762915986
0.146681960430065
0.200648863246579
0.140756546555382
0.155682864856156
0.12184760579807
0.14172732928764
0.162675943775431
0.122514898258961
0.149080037559931
0.117456206232198
0.164267458952357
0.125735558762969
0.130412232119801
0.11921184476809
0.18343426598042
0.100497338234164
0.197785454407186
0.092253991574028
0.133119822765065
0.127126147996943
0.121576762049303
0.0910458631378547
0.153957793383469
0.0980919446405868
0.139720780498756
0.143235872473275
0.115991466031011
0.133738844084088
0.0640853821024857
0.115884694405213
0.106917752805725
0.0820038980577256
0.0693247677943786
0.0861192244809428
0.131017655977057
0.0637363180845437
0.115837532718067
0.0772818201897618
0.235218743051342
0.189190635194357
0.171379720216153
0.103375573018421
0.133343352631173
0.11877225039947
0.108923895115916
0.169153097422799
0.0908536073117215
0.13772664286977
0.147272943028707
0.132810519997158
0.190109214500302
0.146275506589175
0.144566868287316
0.112486662316889
0.0966570468660754
0.0701728131989505
0.083299355573651
0.07756101542608
0.101035696150067
0.146146157022966
0.162819360126984
0.199155686356383
0.133591940424076
0.159046793452867
0.165599254894007
0.178252674634432
0.111871924652582
0.148947063067819
0.105969352568207
0.119014852565387
0.118822206525627
0.114726961351785
0.0862022173722805
0.121398744744346
0.143612870710409
0.125114541590616
0.116762194494643
0.0873648280116516
0.204428299416236
0.134794861874786
0.107082735064293
0.0863799000088987
0.0945259629985871
0.0765142555386469
0.0602628765660564
0.0849963490985513
0.113996266268926
0.142747480490021
0.0857294276064124
0.0699162632693961
0.0763875595592663
0.104808268189449
0.096423026956971
0.100513298029219
0.111555712194023
0.111613785886105
0.13761595104429
0.09778135494258
0.0884401255410893
0.0733855497199632
0.110115599026478
0.111027399207729
0.0821549281860874
0.201304973131474
0.167675313028283
0.140729366218279
0.105495468529424
0.129675893289627
0.157026405607287
0.0901416612403954
0.0664471014358182
0.104153385038106
0.161450933476498
0.135314556975052
0.130714529364261
0.116815503011316
0.136914744342827
0.112213879352378
0.101113797661998
0.143408458452774
0.0817182460023023
0.13382174497784
0.144127573462932
0.139527689412761
0.0963791383532486
0.1403026206847
0.230159718755483
0.077949448324431
0.0710951660279377
0.0759492236051888
0.0916664576857501
0.0925464881700332
0.0756916482336759
0.0851194973054406
0.0985619244839572
0.0915594072900707
0.113692961629355
0.0729432325866114
0.0830141639670675
0.0619069578181866
0.118936462606771
0.148336593794337
0.103346514399623
0.11989442149267
0.0567057336227792
0.0594650244229917
0.0848719916992637
0.121119206354348
0.0791332411441645
0.112323709294352
0.0852943786494524
0.0818778089053746
0.0910163489806338
0.10504271599996
0.100381871885566
0.124970614288205
0.107368007082533
0.129900096677624
0.105312246264559
0.149177652605153
0.158820947574648
0.0878579544856029
0.0706008811847868
0.087950570239074
0.0754154481341629
0.0721451075608797
0.138464507676951
0.0985515335965166
0.101567962299973
0.0953829074824823
0.126148335055789
0.110576564020702
0.0968327388170975
0.101680124427063
0.0690188305508625
0.0717716890358857
0.0983988931440809
0.139206062273538
0.14656588570137
0.19262741068944
0.142769536300349
0.156269890998969
0.067033732482015
0.083415065073579
0.0615404456127888
0.0593895491348226
0.0732566010918803
0.0906676078510838
0.267800520385657
0.168676692063322
0.0868326982666192
0.0638115576775193
0.0698768594932429
0.110233523374018
0.073860606917322
0.115617577216496
0.171424318645309
0.142576281919475
0.175136937943734
0.128411215093549
0.170450281214088
0.091521642998367
0.0905490887806878
0.115199698743925
0.14277251501801
0.0753121256752331
0.0680780222794445
0.0577328827766087
0.101246834648259
0.0972659265894553
0.146823608425307
0.140543043366184
0.237536417569861
0.0853661242095467
0.0852447334497244
0.147832593912265
0.216089906726299
0.0887657954227148
0.0977423331294588
0.0973005341744248
0.163561004654531
0.228806718854191
0.13672395506335
0.110450657779644
0.0937794215546062
0.187031446177211
0.165388007666869
0.242609268824877
0.0800311600989089
0.130475648259647
0.103317232669474
0.0922594534137155
0.121893380866318
0.159146793387751
0.0877655373679804
0.0760563001884503
0.0799151671694317
0.151279889752646
0.145861076615063
0.170241989617991
0.204620559101098
0.138882004652205
0.0725289863147844
0.0687068533902274
0.103227985033062
0.0862381483921694
0.086867825556676
0.0939868102877162
0.0959112409793872
0.100129953427738
0.0872437172643214
0.117783757711904
0.115260210592008
0.182044132439148
0.253804357905445
0.324014924237303
0.11666487826083
0.134927115297766
0.150022024827181
0.0994036010563753
0.0741967539918977
0.0943476001510098
0.108256450806086
0.0724860499290246
0.0918997127669965
0.0676192077444427
0.103429312680472
0.100692321050933
0.073488299146339
0.0753544283437439
0.106146332496272
0.131564781788397
0.171767377875399
0.109482803922767
0.0772987814195238
0.225263976019493
0.165782861887705
0.221027475934607
0.127666575910521
0.122229507385469
0.125320868972184
0.125234710345409
0.107830240008521
0.0644242133151992
0.131952534743113
0.0819307229716689
0.118371893940036
0.0957020412764609
0.0967670923785753
0.149863545459842
0.170165957032116
0.0789775442663833
0.105306912195576
0.181528703149145
0.0971437470862251
0.189965139326652
0.124450163389833
0.112432838306757
0.141069062490576
0.15874926993227
0.185275932153672
0.147552250506331
0.138838150710526
0.174898308353811
0.162594542153112
0.0642841807356361
0.0774301630989028
0.0941200486482297
0.103599403763721
0.080015000314763
0.0720303872947127
0.0861780290090218
0.111453333526135
0.0818738710182123
0.0661572336294848
0.0796531029874078
0.108874779016241
0.121688104758166
0.228968193352869
0.107959049218272
0.141713838356903
0.15589205851462
0.0752099723450003
0.113534012460927
0.0761638713982025
0.0800371206479195
0.14028211700621
0.125338222397967
0.0937181798595148
0.0720518946468313
0.110920813258397
0.18330783825025
0.174909729570776
0.151674598704426
0.143794768628837
0.0712379961908143
0.109455248538921
0.120810368568014
0.0871182683558263
0.0956562936988007
0.0863081896872171
0.0639208079123843
0.080505537638289
0.179621258741791
0.133757817951619
0.105463370455142
0.0863779399905233
0.115546972626934
0.0707797132661771
0.0692988741887923
0.131300995094642
0.138053219076102
0.0857312893660039
0.111623567114842
0.0960603371768633
0.145776543048473
0.143458782831589
0.167260781957218
0.136591186458704
0.124428201057951
0.0940365786283392
0.107980383223601
0.153461723522813
0.202930173413932
0.166726140365704
0.0804116581063342
0.143579414546722
0.103291413577216
0.0948200116336624
0.062910718131466
0.120994038930625
0.0864174332185337
0.128836843565024
0.114492866615572
0.094466444137969
0.111068613286347
0.162392386617808
0.135567602025079
0.100178369990223
0.161907861189872
0.11940363815399
0.0608086865833664
0.0807647743255193
0.074282588848452
0.0981995745060415
0.147893255753054
0.0683040591722107
0.0706265938557758
0.069508847189703
0.11172854430069
0.0953537240414334
0.179242894941045
0.1113195425074
0.0834565636135129
0.12227548575418
0.10612343806645
0.0876147261569516
0.116358846662016
0.0849571813999407
0.0897585209191086
0.12756119296718
0.177035220442626
0.171969192382424
0.115676200700194
0.121096487362573
0.123637387880308
0.0847912446031343
0.104902960134655
0.185912911856893
0.110694210572259
0.114692237971334
0.102295192608919
0.162658792723733
0.0960142592565334
0.104231743709238
0.148262120931262
0.167018506565251
0.146510769876191
0.153586364842617
0.0918272353408484
0.086658555113823
0.15038270157517
0.149118454940641
0.113713156739031
0.0661463471592508
0.0687229839863255
0.0783254801347149
0.1515991065416
0.181351958116324
0.125135437663802
0.171659427915704
0.0860406755675897
0.080841579782836
0.0671943190915573
0.0785934763226063
0.0653212403592468
0.0700004797514274
0.0922343826767872
0.110996836665147
0.10388787274657
0.162064532352461
0.145808433177553
0.0857348552392113
0.121726792503532
0.209265518238777
0.135775856513191
0.104677402258653
0.0707164726846837
0.0859503951047323
0.091861856946718
0.192774226856891
0.0969804079257121
0.116807313406141
0.0811830579227429
0.0864521899069118
0.101339854418628
0.116415129770897
0.0724188634379134
0.151682947318081
0.132525595585337
0.0704420671973754
0.0684545037883696
0.0757654917897132
0.0688451530429864
0.13433883929871
0.100602135734071
0.114786266090596
0.192653470574905
0.130581199931758
0.15287038510336
0.106570181945949
0.137465569319767
0.080317753179577
0.211982076060584
0.266457982946966
0.183361900466562
0.0929336688992056
0.0767551610694062
0.0978243536214737
0.0937476302479949
0.0652539431178498
0.087013897592756
0.139761845170277
0.0953371392299313
0.111660616412037
0.107250018761426
0.130345859458623
0.137962925823759
0.101775734142579
0.0883471919906836
0.0661673572346933
0.0545440322029244
0.0594422466435998
0.0963489470863555
0.111284845905853
0.118250939104762
0.135236336734509
0.108222997771595
0.0795177076992858
0.144673779628366
0.14925624773648
0.111620057257172
0.0941254030693606
0.0692130271937983
0.0673472349958589
0.0635697405755573
0.0862050551042339
0.12345340849975
0.100064011303414
0.164729241508185
0.127290238182527
0.129729514914503
0.0826201169678718
0.0896331170746069
0.117586777691277
0.0983273511519095
0.123151483225721
0.137001832501848
0.120459915949564
0.157506186167227
0.0852271783970883
0.158655139259727
0.0806805208678554
0.100735259671823
0.0914958070648671
0.0816823031559467
0.100836507914142
0.189676802122124
0.231093540281014
0.09206113569558
0.17386895355966
0.185371080987684
0.205676527607035
0.159067712668452
0.114927760525666
0.159254570292603
0.116999740800542
0.109050348094023
0.133849828861073
0.165962024565928
0.162924172944209
0.0803159690971065
0.0999578568616017
0.108141668325054
0.154157815547387
0.199240275937724
0.128464888940863
0.199088570021975
0.116428001438861
0.125624335671997
0.142321175559345
0.149777548813406
0.15108124608846
0.210583915357505
0.126591112932044
0.0978340728521921
0.121409953179652
0.124029318508344
0.191264339646228
0.113153005089912
0.177894509522906
0.134671987260448
0.153078356053315
0.118815242960859
0.117653219135251
0.120314618009071
0.0876449634546822
0.0923037048827996
0.177345588570978
0.173675810156628
0.226690608975717
0.087688962025381
0.0962222234512102
0.107061898663536
0.0741998490260433
0.0945461919749414
0.180055531813341
0.196764649521485
0.185721962401419
0.179294960032773
0.188315508920353
0.121626932772904
0.139562149557615
0.0729518207167303
0.0799262422155011
0.190254288097927
0.182479860446011
0.0835509713675857
0.0832115937622594
0.195866214137179
0.290406838206298
0.100981458012079
0.236696098081946
0.209757292804262
0.136209190085148
0.0987433974887102
0.106921884010124
0.130386032893196
0.168531034187739
0.11744620684793
0.0774306613719381
0.0788734716825764
0.0790458932652746
0.0916046342833645
0.122748574508553
0.0936131677888111
0.134247664738582
0.160972978602244
0.105287363358381
0.113704692875201
0.112667933151343
0.116560832713603
0.140662827086464
0.133324961392071
0.13702537581998
0.15554361238152
0.0862041204987324
0.0745978330966735
0.117752967298628
0.0901066402976296
0.0837921048601832
0.0790707687601158
0.126403858204352
0.0798800391042092
0.104748812648478
0.065337628887456
0.0741490702389868
0.0604745004478699
0.0868770626165159
0.0705797840271751
0.0868364090483815
0.0704665931083947
0.114678925691556
0.115657332542389
0.117260726401664
0.0774518474831639
0.0844519554185619
0.0713735254316141
0.117353365426916
0.0981363747658012
0.150389036154772
0.0713013403005296
0.0820638357781403
0.0693524872893439
0.06974771342212
0.0893938016318097
0.147822237399182
0.16007957234097
0.138973495614058
0.0746167932358234
0.0699872335829108
0.109512690466537
0.109702707051491
0.238936014900183
0.150970598542252
0.100043723951122
0.088143539112389
0.101721436571897
0.0970767469390829
0.19228338110176
0.126901497876317
0.11709130717209
0.0919714463663284
0.0702085009538244
0.100114580565049
0.10185776954853
0.15316240797305
0.175044233433914
0.0711334762595595
0.0880771170674429
0.100859740712747
0.0660231620029712
0.201626046118039
0.157599835352132
0.150776113005313
0.198972989852681
0.216371797339129
0.111112374910587
0.138865046909952
0.0834082096001621
0.114101724537625
0.0782320030570947
0.0972984031918018
0.0738896247135552
0.177328223198645
0.112856003055416
0.132076996067111
0.0943424190127547
0.0949333656037455
0.142328301648204
0.110961035543579
0.185349911103452
0.318356290514599
0.148556144161478
0.0979505550475266
0.12831594099326
0.121523539367038
0.124812898733046
0.114836171546599
0.0689281378587631
0.0948651791278259
0.126101811957939
0.221220399267994
0.262995571306075
0.252230189451741
0.113050407304423
0.0975193580004341
0.0851660214456971
0.090182516267847
0.0913378368090017
0.0992645705790205
0.0827239395540783
0.0871664505500228
0.0765475648465547
0.0872123596160325
0.0944277863335776
0.0954321295982946
0.0720291059868628
0.111336191572692
0.0579073304599361
0.0707541761144858
0.0929992861944875
0.106930456790701
0.101903546881914
0.0844092231284686
0.109924064191348
0.0976015293948707
0.0846017521880098
0.0881415737809912
0.0986186632807922
0.171002270699119
0.171114428983584
0.0782473024286218
0.128844094407443
0.0756659681481986
0.110946502939795
0.102971894831963
0.0940046021989621
0.104818817381385
0.0982716679109586
0.15025252368365
0.100417089646236
0.110584014167714
0.157630158133273
0.105045140471367
0.0643428438796464
0.082591067152375
0.0745919921857868
0.0896498946933404
0.0680493355565512
0.0719110952967594
0.109819521499741
0.177088960619775
0.0838916767780469
0.147473185660992
0.151450834610829
0.0867896415321752
0.19543507195302
0.189139170400242
0.130649772736273
0.109452884300465
0.0974186184268587
0.0667238270555912
0.0669309952031637
0.0690146723470927
0.0796328579453288
0.090227206415562
0.0718547858494465
0.099491566813732
0.100076642987831
0.0845693684292161
0.161718000917533
0.109185776280525
0.118063398435156
0.141624743552167
0.112565150608018
0.137788891725929
0.131491194385606
0.112727201111014
0.103224252772318
0.118582480611231
0.112871321203007
0.112689393075323
0.141848174513467
0.119609308733957
0.0852021493281761
0.0977275217011585
0.0650360819369157
0.0922682228476358
0.135950022001296
0.15516666489448
0.0768471336942174
0.101690048418603
0.0965607627575973
0.164412307854166
0.0974381886609902
0.145538711517763
0.107238759226177
0.106566852645748
0.075461374483038
0.0814052957560362
0.0830777525019816
0.137947909218007
0.153366529443138
0.0862912424398285
0.077141934886878
0.102399565179196
0.103007794551674
0.0843530051730366
0.110173809090327
0.179717117937281
0.172915255161777
0.150871157238331
0.129866448765336
0.176641656351499
0.166396797967493
0.0866999095002341
0.0671152152454579
0.184764855250225
0.149717312749626
0.066944480835302
0.0821147528926697
0.0771116951734499
0.176372125228295
0.162098454529218
0.114885612064517
0.123750554671236
0.0918818844634164
0.144844845147941
0.122583828287138
0.164299584731473
0.0906650856994073
0.118300253752033
0.111306970384033
0.113624999717079
0.119996226512299
0.187028804950134
0.223186807862732
0.169955377587037
0.112088994063738
0.156079517348214
0.0991181098935542
0.0760148044445401
0.158881274102056
0.0953255110711184
0.117866632163992
0.0886041950184309
0.0702282646831218
0.118301534416271
0.1175420276356
0.0956202030020098
0.110455518427345
0.102056830309943
0.0680951442731513
0.15423360807559
0.204470680171204
0.187670615672588
0.0959964949555495
0.0972250179696848
0.222235580866161
0.10049789740669
0.0975794586726041
0.0726559200488356
0.118498551282443
0.0954171034369633
0.0631865662230791
0.14194626872859
0.0635679118781718
0.0756385891406601
0.109885292210191
0.142111817419013
0.112082689477963
0.162890673787133
0.221000484460601
0.202916772166785
0.175821750635001
0.119647512387187
0.0720189531209868
0.0869684009621835
0.0564832430286004
0.0817189470456391
0.0783630464584674
0.117687426190711
0.161115625271473
0.10699486788777
0.0708608345975085
0.0900097753531191
0.110927222473977
0.181807036656778
0.156095558825853
0.126268341151692
0.137098591990638
0.128253111565276
0.158291619618303
0.0687862003362037
0.0683623884175713
0.0817754381295511
0.211266390503854
0.185132314203042
0.155166756907282
0.128268290188941
0.0763214854665211
0.106540172067994
0.0835584951354495
0.0880278325228005
0.186178671479005
0.13600755257811
0.16911016325579
0.128325340761387
0.150297274907982
0.108099031302478
0.102339230359717
0.171322525509469
0.15528352373832
0.0869857008164415
0.0751415107126475
0.0980534410170849
0.121874511472919
0.136672447983519
0.0699593602960404
0.105381444802604
0.128790848240622
0.0704590854809407
0.0660604584726631
0.0780938849694015
0.109378752752356
0.144050112489122
0.0744543251910848
0.0682305395065297
0.128386473924674
0.104507809500134
0.150429495480754
0.168138312705337
0.0962705396152931
0.128257984398283
0.101038247037412
0.185221132557921
0.0731996755494948
0.0840164676193654
0.10304203310644
0.077235745480719
0.13641846210104
0.124642190152019
0.122050494293719
0.0850736565726066
0.0771224035160125
0.229029303466442
0.0819665609048533
0.135324372957764
0.127833550139901
0.0785927252904543
0.105962577215745
0.0952917529224223
0.0963745694581739
0.164699218361939
0.11305577736716
0.132897971372718
0.113445887685923
0.15348138987963
0.101294884932303
0.0973165705090942
0.0942319476068271
0.249781468942352
0.119480765028955
0.148710101594481
0.139882202928484
0.117535377816712
0.173777638073053
0.178668329911871
0.168434167743496
0.121898053433466
0.124638891980944
0.125809105016682
0.144919975073919
0.116039190744873
0.0723435493935202
0.0904192120185337
0.0646687218247261
0.0727904332807901
0.102151584015175
0.0869561456213639
0.0978413063571438
0.112632664168874
0.0991120270359592
0.0890921222693527
0.158627976152909
0.119532580058276
0.100176300249444
0.0843381401529236
0.094095151568876
0.0829330793117169
0.178341662881448
0.151443973224037
0.162727293054546
0.0953142190563057
0.179648498163347
0.0875647182254287
0.0597483718293931
0.165886892141582
0.115375743463107
0.111770473817848
0.095417559024298
0.0983885138520985
0.129997585651859
0.0847425514993719
0.126090337624972
0.0818028917863729
0.129252044155527
0.0909947206707321
0.0990728523760172
0.0834794341397474
0.0760821508612262
0.172599407356905
0.138343256598588
0.0980648055632468
0.0813438645264233
0.0813631319229993
0.0801535288973527
0.0710992498341449
0.0605107932600387
0.202458233510627
0.106483089392839
0.112644730527829
0.143091328038044
0.122980374807629
0.103693450114127
0.125774373032746
0.0762780619824294
0.0999856756119425
0.189542210460624
0.153299984993217
0.17316813141762
0.108908618018699
0.107892941210656
0.0741164968758912
0.106117764075773
0.180748709988082
0.130733906614646
0.11575798659097
0.228586494548046
0.239358653629346
0.128187487315915
0.203855110198628
0.0668043283286798
0.0832090784592199
0.127121629027739
0.0683449027105268
0.103625428483906
0.107452200974235
0.0803604033755711
0.0867612958985373
0.0829519302046746
0.126428464998331
0.148702808856148
0.115363971783652
0.190503024682778
0.0948190843065363
0.15917108818339
0.0984863779583068
0.123336228937253
0.1333674083762
0.0997549700594351
0.0927999588024403
0.140187314440207
0.205332955811229
0.10391425636393
0.179292950800802
0.199358200803823
0.253130947188216
0.143736265896852
0.12381030386052
0.122146609662997
0.137232362968742
0.142270095634342
0.103390328357176
0.164575268557834
0.16174646580492
0.0857441882605195
0.139253099075209
0.109306057901165
0.110477869753769
0.143137913726878
0.0925560618231476
0.10978686917315
0.125341107546291
0.0823892792263058
0.118233453488132
0.100617372915214
0.0803106241263827
0.0825811049714438
0.0735454203611426
0.0677677887204014
0.071750202424344
0.0772703154527828
0.0846046372779379
0.0949742035719649
0.0766438030973383
0.0714567413773193
0.127440000336954
0.0865666274305482
0.104767440666917
0.169007476553467
0.0915109457677353
0.103584517616077
0.198184863079473
0.100096317821228
0.109763241690942
0.121478562756633
0.0897199262766948
0.170908152864298
0.139833288972815
0.156497447972605
0.0888391870911552
0.133358819027788
0.107865958276138
0.0711895379328916
0.13591469843295
0.122724838630278
0.0701372186382521
0.0914530201598064
0.0663439690190605
0.0672051393134909
0.13896557218338
0.196558908115531
0.0838684751817493
0.0800473809428188
0.1041661898297
0.094664457112765
0.145315787402114
0.175687809252947
0.0844016827112135
0.0777860272375613
0.12490004178857
0.166684355099788
0.0886112971757559
0.089904623480137
0.241985297136564
0.175103541536493
0.23622111419589
0.228100607293928
0.142199718994558
0.17329636338708
0.0973096037077064
0.133816573961247
0.149365696681577
0.21178918675578
0.159255647647403
0.0995317298663664
0.107659797856824
0.195369558242918
0.0936668900327562
0.159866414628826
0.0769256513177672
0.083777473042978
0.0830363657075015
0.108070219649422
0.17184693965191
0.220763476887336
0.113411694196462
0.0734797970161536
0.0904206082211885
0.141734765262144
0.245351773191822
0.0910864360534829
0.130267424107052
0.0944397054107542
0.115372211618551
0.0966568177319932
0.0640932202383194
0.0778006533819842
0.244005135573733
0.110081359707906
0.0962639411375001
0.149474068556706
0.0743665509734423
0.110563158272639
0.0980821290104557
0.0876481758991857
0.0886662582722145
0.107583840455867
0.106996717397873
0.0814368580406083
0.126577466344331
0.09483409661753
0.0763839841047603
0.0762783190584572
0.0840872506036464
0.17132622550851
0.119002668397054
0.107052988149532
0.157716273240186
0.0891276701699781
0.126269350218958
0.0737590455506478
0.0945793235672141
0.0935921471393429
0.114016360392484
0.0988587741966119
0.0987291357803117
0.127051744080984
0.180118977754727
0.13719192659337
0.115488485415844
0.154318085773333
0.160189977882659
0.210510907248178
0.102813255695564
0.133901683445668
0.0775660028652582
0.103538559490172
0.0748241569629082
0.116744083205512
0.15601840596012
0.167354411423999
0.0943110121592909
0.137948238843208
0.0783377580990268
0.0766235338741771
0.0772503198666857
0.0859127460592094
0.0729648964130258
0.0798077720191624
0.0808988512017601
0.117192007495753
0.069813699402313
0.204859092665933
0.117918404236144
0.0976209459308984
0.0862196696929514
0.106957394591862
0.155070449706938
0.166777864313862
0.235018326278322
0.179460713800998
0.0865466392405015
0.0748826760293378
0.156758233378023
0.10027022075284
0.0883637358606652
0.122741693753176
0.26871428411451
0.180845986707708
0.184986821485488
0.103873025667135
0.179154525753784
0.0820756012487517
0.112890519720567
0.0799832145950613
0.0985158030907943
0.118185693239994
0.171801455838204
0.115249080193121
0.223165858645574
0.273488672594256
0.118646295125154
0.203070432490707
0.134292342380455
0.106533480480449
0.110942004269027
0.142720590059286
0.11573820629761
0.108427973795742
0.0926077991295523
0.0597084882020273
0.0558798943002333
0.0828848689833002
0.0649241738655872
0.070938837154104
0.0711549681433505
0.133425554004322
0.0785431930210775
0.0760841029534841
0.0571981843060683
0.0743781720605546
0.0887477579588514
0.0889445679845245
0.0792284726887537
0.0995241010858114
0.0643525141275015
0.165995014983704
0.0992944436324118
0.124241893225487
0.0876902695980946
0.177597159058897
0.144889071174161
0.152341373173038
0.0916373242148185
0.101417506661284
0.0920858510369972
0.140412397224638
0.0783765277969005
0.138529959450405
0.129834815997651
0.0764365642358547
0.0876473344660295
0.0855598026403408
0.128243672136667
0.105643643653456
0.136847855548084
0.111237845055912
0.127203090805164
0.0856163245648577
0.108783849611684
0.220013722653853
0.176649380981735
0.119508969275645
0.144953466169234
0.13360785509376
0.10100957065464
0.0870790693678826
0.145038734490609
0.0767644330921343
0.14435898335595
0.0834436824837767
0.102288206953542
0.10545100788188
0.0735151166988253
0.120648054668669
0.121980098048284
0.106051485229537
0.0771002245526337
0.0740128736329577
0.12615905288832
0.220724416575423
0.213868647299678
0.128706452308085
0.1626328371951
