0.17
0.12613253489367
0.133731088951109
0.127325754089781
0.172665504956116
0.142216301482662
0.0758958454177334
0.0706283905564219
0.106403801161575
0.0916182062473421
0.065961967712042
0.0777271872279993
0.0663267243758502
0.0612413390807773
0.0659401006988156
0.0970287806886692
0.0736023353745458
0.0775208599783586
0.102676834938948
0.06519965885697
0.101296426476789
0.0862771416433146
0.0848970530546892
0.0934549268560032
0.115770743606663
0.0794124918477904
0.0768312894166332
0.0830824247444645
0.0666688183760966
0.0689542576093171
0.0616529699923511
0.0634800072451108
0.0666738370337835
0.0821741831844962
0.0671470027747501
0.067904273520039
0.0748458915374403
0.0918027180133818
0.0907898747445665
0.0976401895997046
0.0673520958988467
0.0666175030157261
0.0888899853152565
0.111406393664113
0.0770124495287424
0.0804233630660857
0.0825031378203354
0.0771804872764699
0.076584022619692
0.0922382324810629
0.0654145640151874
0.114908252296113
0.0978831370528114
0.0725311299606374
0.104983916058014
0.0813517186477015
0.0938191376350128
0.0906066544200849
0.073537008467087
0.103985906269995
0.0793123232448165
0.0625544459306255
0.0821860990664894
0.0784066000328517
0.11844721410088
0.0889088474657769
0.0810137269070014
0.0947212820510446
0.100201557565057
0.0685457088399806
0.0996709032748398
0.0777507775690786
0.0665895244845376
0.0657997194871378
0.0768729212163346
0.0706809459847935
0.116328992492803
0.0866655039614942
0.106994775746752
0.0969129692047485
0.0774682427240168
0.0765102467688431
0.0803791012893302
0.0794230909846558
0.109521707867962
0.0939196304647692
0.089597806859772
0.0736598352546029
0.0768774610207348
0.0719241813198935
0.0910624560230649
0.0629018245086826
0.0896234443365872
0.0833625480907631
0.0734880231881868
0.10359937694458
0.0958531091451929
0.0826906429457038
0.0898111587287593
0.0736865156999241
0.0641116747847837
0.0645181841345211
0.0717603882309532
0.0676575977845025
0.0719126787413804
0.0807249853858324
0.0834534775332475
0.0880987783191039
0.0707786063313686
0.0850773730717224
0.0768523517501136
0.0743470758032302
0.0866280652846815
0.0928729194073686
0.0833182714761064
0.0722714013013048
0.0787556174283619
0.0822795809772903
0.110664343241264
0.107487494928405
0.0696864460126442
0.116105922532479
0.0919892194270095
0.107508729897348
0.0919261674719082
0.077537650545358
0.0730140678977829
0.0816314003813108
0.0805747048486048
0.0907675831788735
0.0845519583659345
0.0886596344315536
0.0983688761716751
0.0906762008743818
0.0743365452011896
0.0985373684895376
0.060956450270021
0.0700592899006946
0.0818064358817817
0.0875489286533971
0.0702942165680241
0.100192962173791
0.0769372704320194
0.0943012827339068
0.0623617944205701
0.0898730948475888
0.0625887586957655
0.0582479208796054
0.0555092906002261
0.0708136340471554
0.0662486009225587
0.0926510652311825
0.0739854614860044
0.0833001616424575
0.0675685070215877
0.0667863360397741
0.0814065415958295
0.0695762187048967
0.0780886757606131
0.0672881914321444
0.0960751262015851
0.0736530230280323
0.105489675386957
0.101377877435093
0.0983550630380058
0.0762172713435916
0.0744603618357496
0.102474157455608
0.0727123623616171
0.0886859216719167
0.0789816072457908
0.0833283185816836
0.107838970163549
0.0919474270619261
0.102978454553846
0.0921190737093264
0.0747546067195699
0.0652552189940821
0.103776688836085
0.0789301192129494
0.0688356113991698
0.0756710025121077
0.0904461010901387
0.0937667435081883
0.0980960276703116
0.071205427008467
0.0724806623383199
0.0801331338309264
0.0761395312929764
0.0916621317450162
0.0707010776761502
0.0736706921849035
0.0700700983823665
0.0788606026545871
0.0803984513338771
0.0910951648745987
0.0788209819965896
0.100601152142162
0.0758095523823052
0.0735566368685625
0.0944871898732286
0.0745904129902245
0.0607979663486999
0.0765482702255161
0.104979457004458
0.0967139737208465
0.0944156224478674
0.0854765404210995
0.0787468680296648
0.083039770169951
0.0698579486628737
0.0947840106332409
0.0813710307308928
0.0826041007468243
0.0764520683419779
0.0973066250402136
0.0837825606767846
0.0841859787496558
0.0794774160273173
0.0713277472214826
0.0573866863179836
0.0555716486009554
0.075821424444842
0.0963090305052604
0.0756948082029474
0.0831727191066383
0.100301061652253
0.065115813896137
0.0708046790331839
0.0604119020027549
0.0820649033382459
0.0701893225198472
0.0897315129356138
0.0747337249963349
0.0743618947026939
0.0766236945149654
0.0995543975719989
0.0924912454238892
0.0736001143721347
0.0766402120907904
0.0783938927601268
0.0734917114839367
0.0596266521488419
0.0641135738387344
0.0731773098855108
0.0710236632110888
0.0818923771102837
0.0683623619062499
0.109409240998388
0.0903772535968833
0.0843661080550216
0.0833041023734041
0.0668207435918998
0.0816025061580366
0.0811107990955547
0.0791646306203868
0.0829054111839666
0.0966173705120064
0.0657154402728989
0.0868657689160318
0.0664574627593221
0.104061868037772
0.092855453024182
0.0864516336083594
0.0856241383722953
0.0779940698737616
0.0864718234655884
0.0789463890658551
0.0930125236714961
0.0733888084310839
0.106976816388293
0.126744296364627
0.069381787880651
0.0789735128647082
0.0743154146945089
0.0664694960731881
0.0840164802622129
0.0766544132365679
0.0685639043285555
0.0971579195862258
0.0629335724046396
0.0897010699312282
0.0798227313435947
0.0811350057539616
0.0786620194774205
0.06029237662675
0.0542455375005113
0.0731739573288146
0.0740783965521328
0.0690270396031086
0.0819564048370492
0.0632489040177426
0.0850569612518564
0.0817819662340045
0.0716273669459856
0.0796158410196412
0.0768729496536797
0.0745165428687606
0.0880702870102026
0.0758561588147452
0.0644437878570192
0.0714858102199366
0.0760874520240739
0.0642416447442522
0.0833328170275332
0.0940026136707387
0.0857243747581257
0.081411218275039
0.0979365960137105
0.076550776098122
0.0752928900946619
0.11943713593029
0.0930348552592086
0.0771068566655404
0.0850826411554409
0.0791521327086755
0.0954800232325959
0.0677375229125223
0.0999982485100634
0.0922227348756975
0.0853901217240805
0.0863414853843009
0.0874220952282458
0.0869770552880762
0.0853452245951353
0.0716007984462139
0.0764351951166714
0.0647409146815372
0.0690702010368975
0.0771821165718531
0.0626752586526196
0.0789204827795199
0.0864908380054842
0.101463124321792
0.0787062436533118
0.0773698633327998
0.0925920029737749
0.0843841493850569
0.0819250378046399
0.109148158049208
0.0881349135830569
0.0874958611235966
0.0705163280864552
0.0867539432418024
0.0962697025541807
0.0945679921817091
0.0944296609457304
0.0957142871339317
0.0925735935349838
0.0874315763563815
0.073887712801225
0.0914917241478609
0.086912790468218
0.0701148410078888
0.0698209850169897
0.0590417294469717
0.0787245273817526
0.0889883181474669
0.0671204436950159
0.0925343610808522
0.0695644361015534
0.0721219903014132
0.0965934084369337
0.0810550723573695
0.0954088482042033
0.0855408928294676
0.0933850751349179
0.101277923615516
0.0708499338357339
0.082464936497025
0.0798673859313966
0.08866186766427
0.0759843623135638
0.105599149412709
0.0964938307012895
0.0720422823792121
0.0792788885961261
0.0664946676523184
0.0836430652309037
0.0897005358447492
0.1130952755166
0.0857466573900035
0.0946758234719116
0.0758521308225534
0.106348918306739
0.0891441464646333
0.0940630132223919
0.0796700116927335
0.0811336721017725
0.0785095931055414
0.08057201779692
0.0870228892988145
0.0848328656447307
0.0884247937545145
0.0577777500970576
0.0870279550851488
0.0642069959633007
0.112012214733797
0.095222966006214
0.0686563464980954
0.0718847137007323
0.0705505700946058
0.0728963471761316
0.0701851912427618
0.0742976294498002
0.0842347629845481
0.0793573227383795
0.0689963027625671
0.0793987408308734
0.0687473620502876
0.0672516545073611
0.0746341684141613
0.0646047695094695
0.0697394867027344
0.0652738791256461
0.0653987750332344
0.0874282224819492
0.0938838158189449
0.0857415377242756
0.0977741931721728
0.0869427035653845
0.0757225966593739
0.0983387740290316
0.0803625173404794
0.068396814630811
0.0878560184831246
0.0970970671494835
0.10766899139708
0.0967219755312564
0.106497935607631
0.0948684091109454
0.079277893518482
0.061769541806526
0.0800621734233419
0.0770841709412557
0.0830336817005221
0.0800045740161418
0.0720511612012491
0.0686910910800855
0.0664454914009695
0.065542948399171
0.123930993484199
0.0660793050178817
0.0779541823295279
0.0929676427389539
0.0824072076367995
0.0996576935093075
0.0794176515666436
0.106018579379619
0.0892732372567261
0.104269983320269
0.07396670534409
0.074711225369115
0.0857445689675433
0.0671917774301047
0.0691052093570617
0.101579222471856
0.0604811172079482
0.0895632630605794
0.0665772377729096
0.0721375209549999
0.0939963417534883
0.0721810518297399
0.0602399215299308
0.0744251046526871
0.0856449308742625
0.0810117265596527
0.0785964881241073
0.0649092278316148
0.0722770739964726
0.0750426568879276
0.0870482670624428
0.0899139991222446
0.0858691809015492
0.0846105133959151
0.0928901701759128
0.0899022012953268
0.0986292157246179
0.0763744675610605
0.0753894159382092
0.0714039208385665
0.0896797751390114
0.0756320150004431
0.1069286492503
0.0871938795539528
0.0759449127320526
0.0882010552928228
0.0728330944071059
0.0663273053816573
0.0743115777370211
0.0899056692543307
0.1057667464202
0.0704873218982236
0.072562619187696
0.0881990187420037
0.0683613680119386
0.0799926763226614
0.0940870074614823
0.0927518998312656
0.0691814618588395
0.0995262184273159
0.0888191099685672
0.0925380217908798
0.0941696293481352
0.0920433569408092
0.0943260215348156
0.0779123748075477
0.0738474619050268
0.0984445908069979
0.0953827142356534
0.0710953153320352
0.0818836822300905
0.0655067953580272
0.104151644756231
0.100689593387177
0.0650952473095858
0.0829769900732087
0.0602931213262433
0.0743946857215818
0.0644001898423304
0.0869553315900566
0.0840922628484008
0.0913859023569944
0.0817391940347443
0.0880820624172282
0.0656338346756868
0.118022375623133
0.0824463140714436
0.06845394169456
0.0928760014908644
0.0619993420270406
0.0748519169694045
0.0831522208515966
0.0975033092083966
0.0996297503585446
0.0757566272147137
0.0869242233969649
0.0914301233948455
0.0751568682839957
0.0847448826977964
0.0978371129327702
0.0731119147587252
0.0771823810274225
0.0628618554285482
0.0868146852230277
0.0886162852601457
0.0767795934354271
0.0823082003721017
0.0857217176119475
0.082228944422247
0.0776221992592026
0.0801923171581641
0.0716336208400433
0.0796720386645071
0.0761629683640928
0.0635487321034503
0.0805309959470334
0.076220965221861
0.0787850781167393
0.0883422918999505
0.0884095459600643
0.0745593160356697
0.0970119517188981
0.0909770700387412
0.0638846340539718
0.0728558496407996
0.0652087953192368
0.0756121872566529
0.0769543770810873
0.0689222549691365
0.0687875772794364
0.0705728555322869
0.0648797177121009
0.0788539538157063
0.0837667688441586
0.087873489040609
0.0796211530136718
0.0800543510948815
0.0956179086886862
0.0816578289697166
0.0699815803276728
0.0595494151966148
0.0790452624312044
0.076863143319232
0.0847407033966901
0.100468187556374
0.0802784570914815
0.0953806614600663
0.0839148828302568
0.0824794444576188
0.0755951745483012
0.118635433868548
0.0771757470333735
0.0893975916078523
0.0796482827603784
0.0791083848771264
0.0570678425618706
0.0627809376974274
0.0725500879534938
0.0891615691590651
0.0846189517316481
0.0714870873886035
0.0701476770633
0.0854354630181477
0.10732128265556
0.0874465383828064
0.0789265075969327
0.091634269957818
0.0759180763310748
0.0797770056432414
0.0908537888558127
0.109678904783314
0.105524470671383
0.0948209305309056
0.10060634157486
0.0850431397942277
0.0938194735639532
0.115785069253448
0.0995415266057438
0.0644957918063464
0.0724517710484013
0.0774767887879502
0.0777857637826736
0.0841356455457296
0.0830278459076465
0.0699631640488964
0.0791505451371235
0.0820519595134341
0.0828259997433232
0.0795689868807722
0.0943991114787827
0.0881233523291519
0.0972832370200501
0.0958244353835337
0.089760335505868
0.0774065000524312
0.0969277598276469
0.0794124956364537
0.102106964480364
0.087869502642757
0.106781287919925
0.0789177920087991
0.0804992773434977
0.142326497050203
0.0780413265522618
0.104300676561335
0.0804665021100392
0.0904842460467992
0.0942720419496742
0.0866100460659212
0.0729453969583009
0.0654854222265387
0.0890406046286005
0.0827791163191568
0.072152915804902
0.0889694386728847
0.0770563975046945
0.0793191323914664
0.0862684864960129
0.0802884358228547
0.0626579765490801
0.0721704513837481
0.0890242890877639
0.061895300989316
0.0750089675528324
0.0787026891812726
0.0832003940706725
0.0745476761665758
0.0736010604714357
0.0960097288009965
0.088991643131475
0.0676007049463611
0.0897393750331569
0.0749275277382869
0.0811271620650469
0.0920451706992589
0.0676804369723749
0.068984297029767
0.0814252076451442
0.0706356889422659
0.0837406406774626
0.10022083415719
0.0629112455205488
0.0772551320697343
0.0967551046179555
0.0662433384888786
0.069530167643063
0.0802189826460564
0.075125107207314
0.0909922487994923
0.0861668246939039
0.089834354348108
0.0936643091887105
0.096519264315581
0.0962802594429046
0.0759196696200017
0.0718410395313709
0.075009728905772
0.0767654661965054
0.0795459882685025
0.0757348624104056
0.0860282624880857
0.115258822797454
0.0958677493057673
0.110909400618994
0.101279466826292
0.0782927585771642
0.0907740098644481
0.0764873134681416
0.0845293689895264
0.0869098862110496
0.0945658902844713
0.0791335483341888
0.0670394027943565
0.0790458688329152
0.083919305007495
0.0924601538517829
0.0959131987002207
0.0827283789308891
0.0998848718317364
0.0841263946471809
0.102783494960984
0.0663965579056795
0.0812163888446778
0.092051947560349
0.072978750336786
0.0633746266064445
0.0598240711606629
0.0740640660807629
0.0637432514895399
0.0806691966504253
0.0801874944458514
0.0814601058153425
0.0883183495756568
0.0721597935057741
0.0803342461238783
0.0756227216476652
0.0861690222594967
0.0861075156212058
0.068791241947023
0.0712131391638689
0.0859255953536618
0.0653666434020766
0.0836845359790153
0.0733038453793774
0.0801176982108085
0.0704177296422925
0.0749323298185852
0.0793176860713091
0.0743355563908046
0.0557615989908287
0.0545367044827572
0.0855622427406031
0.053929975709555
0.0568753558501545
0.0547939514472725
0.0670417228598983
0.0710487790878853
0.0690697982373448
0.105469881121624
0.0764330286886908
0.0643587873839239
0.0546689174022555
0.0869744285049162
0.0892904725989067
0.0854007940225304
0.0673084341433333
0.0972684799036431
0.0826281936500073
0.0758417644311965
0.0609884388017519
0.0593923886286002
0.0787681686263188
0.0691473536414101
0.0710861070204328
0.0770406666162057
0.0833028776378976
0.0892452863373656
0.0983511074382154
0.0812439185466248
0.0858394519373306
0.0773619684285693
0.0807537590750204
0.0705006040222022
0.0638656540686334
0.0839921326197481
0.0861013154293352
0.0664876519928937
0.0769984982493122
0.0997321202392497
0.082609816253874
0.0843738415162217
0.0854725577972959
0.0947879547383271
0.0655352907028158
0.0841646000196951
0.0876430876752206
0.0914029721960529
0.073281495335882
0.104661708129273
0.0708970500381373
0.0676497245009047
0.0702626213580461
0.0750059373705351
0.0732919272384998
0.0856766444107246
0.10314167305724
0.0749710379433837
0.0770459125746662
0.0859451381681332
0.0624266976644106
0.0735924402470371
0.0660747586957411
0.0746296947692277
0.0557851893679522
0.0918141203772784
0.0814886371268944
0.070443164843007
0.0829126383727678
0.0751224114026494
0.0739522218144755
0.0979974092031399
0.0830484645081302
0.0779061775779801
0.0743298954050838
0.0615719301649853
0.0628472045492394
0.056534062586516
0.0666814629580956
0.0698362811833085
0.0763643473648668
0.0760147977111826
0.0702022802824253
0.06286804823809
0.0687500984799225
0.076362520703503
0.072848790861338
0.0856832291673786
0.0805426167630551
0.0851828705381496
0.0769453088659108
0.0701028086991289
0.0999721599964989
0.0959474523061966
0.0836576384418389
0.0785918248385426
0.0824681954850123
0.0845276904088496
0.0998199339272942
0.0982104537787792
0.100694123990172
0.0922064552656147
0.07798620596599
0.075383044199654
0.0706407934519071
0.084467505025717
0.0815938804529361
0.0797038795440635
0.0837202315550786
0.0742850160402461
0.102113485450459
0.0689565693299656
0.0970179666211934
0.0938377327404644
0.0765848283800586
0.0690655737448578
0.113552073001302
0.0640110515805996
0.0777771710221322
0.100517919288516
0.0790356163278162
0.0866790360131186
0.0690220439227791
0.0840799996528376
0.0933695551736581
0.0777746812969041
0.0763584898812478
0.107826604380399
0.0875494610541855
0.0570757406987599
0.0694520598950226
0.111188937956868
0.109206504203554
0.0862576272602305
0.0900272390359277
0.0660691284954458
0.0870815001969246
0.0943691686070895
0.0885604296363441
0.0619760236620393
0.0746037329332369
0.0989572107103426
0.0775882203536319
0.0919775983185092
0.0768283248736843
0.0879409703112219
0.0810826653746805
0.0694631399115983
0.0791833562392408
0.0729027496009223
0.105602273748309
0.0734204995789769
0.0725377783890475
0.0780466168022062
0.0864998496663486
0.0772585533130859
0.068194434989846
0.0643735378876337
0.0731303157108837
0.0884502283801084
0.0825000211984181
0.0730092340628371
0.120125293035835
0.075508572880225
0.106459012314401
0.0810734865224393
0.101453675526421
0.0781261201854644
0.0924140100095372
0.0837020021128428
0.0733017176410483
0.0656485184150178
0.0589275378727163
0.0682882010566514
0.0689172709782925
0.0752403297288926
0.0779905995661901
0.08535999221698
0.0813268586114824
0.0825821437257393
0.0717911327937124
0.0783185744955808
0.0889428873424495
0.0768766509864757
0.0750215031541423
0.0862094676979746
0.0754024411350146
0.0709539497162673
0.0862998402231935
0.0736494185321659
0.095750350444104
0.058648922328986
0.0687425662192754
0.0608377372793365
0.0737945502599024
0.116821028543361
0.0827589363858972
0.0678040963158767
0.0901310533550725
0.0801303499797184
0.0806528309993934
0.0787154539719269
0.0742862344937069
0.0811939341905066
0.0783858907599183
0.063355118779523
0.0948339393332038
0.0807973180437321
0.0878871054327074
0.102905204685241
0.0748323018549756
0.0807556526017205
0.0889418403678774
0.0730222512841108
0.0611052914763319
0.0681655314038629
0.057358597793872
0.0696733245686637
0.0695385215329238
0.0923078734090623
0.0657127762320698
0.0594675938338406
0.0668840800990797
0.0847191516807241
0.0954920562625299
0.0886473431350787
0.0772404149934304
0.0584646490177559
0.0538800528644766
0.0613798711098646
0.0752444129132265
0.0825920040051422
0.0818118877354807
0.0745638572764872
0.0762433530160784
0.070725968880954
0.0751047039261909
0.0851451058393979
0.0827985881398705
0.0999450931809792
0.0698535720200683
0.0668421084528946
0.0671774725565936
0.0639505387261771
0.0802206765397794
0.0689253747296998
0.0935295445599645
0.088051032398203
0.0761897031100994
0.0982787305829023
0.0877838800222018
0.0771382429803382
0.0658605461299587
0.0696654181338616
0.0809240686410121
0.0779099814958823
0.0649644347764329
0.0991961571729603
0.0802010364977426
0.0919946074554431
0.0940026236274839
0.0892980305216058
0.0708600107492972
0.117896946477223
0.0941916016178535
0.0664107672923076
0.0664399109374797
0.0976999350896915
0.111051478100885
0.0704912432791534
0.0709656546533741
0.0713787811277532
0.0729304892277807
0.0682669400776385
0.09336081665725
0.0820028341987809
0.067037698272357
0.0560369841678195
0.0660417576593031
0.0799588433615255
0.0691543298925199
0.115933374001182
0.0735748041870781
0.0680061254430566
0.0678010687118315
0.0795797924235602
0.0656981387695386
0.0567716948046911
0.0751876065879374
0.0909171693425601
0.0687737612829585
0.0693513631607633
0.0857306232575633
0.083047362783514
0.0829419627483963
0.0877601404665442
0.0750714329699643
0.0908988435498497
0.0761400125627044
0.0861622111899667
0.0848634456782851
0.0749672662992596
0.0855970481370092
0.0793371960360503
0.0640093669310043
0.0811929653653851
0.0853928219851586
0.0700150783438401
0.081910185393376
0.0819619094801467
0.0897166406784622
0.0828754304169063
0.0956013306611239
0.099517285640736
0.0771956668307451
0.0904501772002451
0.114977885583639
0.0770682738315004
0.0919976080945796
0.0725285966028691
0.0772598730152887
0.0790194225572647
0.0659171562257605
0.0999356794603348
0.0859741704267857
0.0984085209884564
0.0844710280897487
0.0907281829150004
0.0649378520313991
0.0929488903383062
0.0842341847033701
0.0848690303404684
0.0894491817595858
0.0638229499241129
0.0652711350880364
0.0630930105796934
0.0921990758450659
0.106949211699769
0.079275684401803
0.0577450019963626
0.0579050417874094
0.0855302742164601
0.0709950920335225
0.122269464593901
0.0799218445537947
0.0781819281643203
0.10338704273002
0.0801321036523756
0.0784265735855034
0.0840750867562786
0.0791855543432734
0.097902595438353
0.069721514651957
0.0581258660450513
0.0724685415912508
0.0880817328165475
0.0840655213371508
0.0797562242709357
0.0934188745536121
0.0770087428223166
0.0730693100588392
0.112596204932103
0.0762126505580783
0.0599503909988434
0.0586567822074853
0.107646329987283
0.0759371761103795
0.0801181648772028
0.0938782519534956
0.0724556038417137
0.0771539912509027
0.10285679023913
0.106675682822879
0.065668209402261
0.0711723247041738
0.0638536494474632
0.071492001636738
0.0662037659801157
0.0808667200299375
0.116155976290418
0.0936668652018095
0.0867310788559576
0.0883583059069913
0.0961655339881884
0.0859431439191008
0.0955036710830268
0.0814904142350494
0.078700570540056
0.0810690707921377
0.0888770059315424
0.0697136715196254
0.103298287773955
0.0849987238835708
0.0786387557551725
0.0812793053851347
0.0762112404255905
0.0765599343339336
0.070529187457991
0.0784290529928596
0.0991648451988295
0.122705989496312
0.11445775716309
0.085645629349825
0.0859103043449146
0.106916669872227
0.0813059374511412
0.0857024193469056
0.0812150070846249
0.0659756252258004
0.0770139261669902
0.0680419391842564
0.0766049847744844
0.0813304675711409
0.108677833036005
0.0820710959237296
0.0966610972495721
0.0874362024763281
0.0751515365852967
0.102932715571807
0.120628732897672
0.101280799940429
0.0864323995424678
0.110233513634836
0.083895847162867
0.0672273844259001
0.102144942798604
0.0764697634800253
0.0683310431277827
0.0784504391135422
0.0692446692408264
0.0872066762209106
0.0810370052116302
0.0898695063402179
0.100790933897569
0.0912826660345626
0.0791269777459024
0.0834776314540314
0.0751770507584907
0.0642961891127638
0.0706546453475864
0.0729523259092894
0.0767036946114707
0.0743023264372966
0.0862849637617817
0.0757799518121216
0.0692277874536064
0.0632426680090037
0.0844763754854214
0.0690031855222156
0.106025959370565
0.0812517591850559
0.0765381886768839
0.0797415307398445
0.103687730355713
0.0786501939372274
0.085665604963816
0.0730946103635316
0.0767482065207135
0.0667146828707521
0.0719302553025135
0.10626436682903
0.0860611096400234
0.0723759444050879
0.0726052860955093
0.0827768353635107
0.0698493791134746
0.0835673130925106
0.0799038471684769
0.0714515939260445
0.0967573978721749
0.0866084417183562
0.0695912517818754
0.073539441218977
0.0601155652892839
0.0691676034838933
0.0803088062670425
0.0856062879230132
0.0868305673976761
0.100574932951069
0.0780174141485012
0.0807415170537662
0.0788591672625753
0.0700213618891146
0.0754526281586923
0.0839772613437101
0.1129846186215
0.0806948993187369
0.0889591478381113
0.104169983770523
0.0986530954219214
0.110294411447881
0.0955808811096514
0.0920481414345154
0.0852033990464508
0.0958566438012622
0.0832988441523336
0.0774364959289907
0.0821948532735042
0.0640190995266439
0.0803078996607417
0.0881131060794159
0.0754027420359479
0.0878626128617822
0.0695789805973048
0.0804070011283057
0.0667958060669537
0.0643665929642053
0.0965628580042507
0.0812685895073368
0.0771615378299765
0.0818676127377814
0.0735087073201998
0.0862546469982951
0.0721630621324085
0.0687354245570792
0.0679554931116859
0.10103494121303
0.0971732610537836
0.0841447166484555
0.0658928433822072
0.088448566321682
0.0796788310970598
0.105684925760443
0.0755553995238368
0.0585062619728164
0.096641527506399
0.0976742802744179
0.0974521311868903
0.0689454322854119
0.0818148349088637
0.0851845214927726
0.0895784289530606
0.0686542568958202
0.104260494160957
0.0783608354558337
0.0855685555131562
0.0658081131171192
0.102127819366175
0.0710093228767452
0.0730585109210678
0.0836548226067246
0.0632965909185636
0.0741285243038564
0.0825956747841937
0.0946639330512086
0.0945562802636402
0.0800944197064131
0.0827145039107419
0.0800401986497615
0.0746937480583174
0.0681226009566639
0.0780562182165957
0.108606818011289
0.0611265927855407
0.0702379745196316
0.106761629006355
0.0872220600779415
0.0628102922098327
0.070432240560541
0.0873979719492277
0.0731903551841226
0.0847669640740769
0.0611673392774292
0.111407716794874
0.0822549848928048
0.0727777621401795
0.0901216806951292
0.0812645089441014
0.0690781782778077
0.0656294322610655
0.0965147158328316
0.0933579954530477
0.0928915035768248
0.0952016055039524
0.0863794990783387
0.0919829105222999
0.0731873168772056
0.086606124315611
0.0598899669151059
0.0837223041750303
0.078023293819357
0.0811995062275326
0.0685553312997371
0.0846386299869965
0.0922187299709503
0.0730812214485062
0.0783319613907568
0.0693719824312475
0.0780088340715249
0.0957538917323434
0.0979292844319967
0.071983812470195
0.111898633492706
0.106204052714707
0.0818536392898313
0.0864696719391631
0.070897143731227
0.0955174909749031
0.0703189260387479
0.0860960838840409
0.0906907503679573
0.0604147584278298
0.0822095018062344
0.0683563409912748
0.0742406302273069
0.0762269800927019
0.0956185964031823
0.0742842590791154
0.0735924923828719
0.101008664147771
0.079698625831093
0.0645623814274401
0.0778392281918492
0.0679498163333428
0.103336288093622
0.0711712495084726
0.10806433591784
0.0825329870419657
0.0706755314145993
0.0973061332915809
0.0988564348238844
0.0653639841261834
0.0705544000769366
0.0784184717979559
0.0948334616336992
0.0736910201343248
0.0786353616276085
0.0725034341931526
0.0598490989130625
0.090898678785694
0.068731087906081
0.0830572554547741
0.0565252146963928
0.0856332771383113
0.112934038690362
0.0660777768330531
0.0764749683855667
0.0745937201690248
0.128943564483801
0.0895498896049199
0.100557221522013
0.0901744095696729
0.0932222079019668
0.0883155105089413
0.068844234411879
0.107485923538719
0.0608560005872632
0.070241689725085
0.0627917942432628
0.0551477731427589
0.0738242089647007
0.0888735207195371
0.0828370151810054
0.0995819717296166
0.0675690714452193
0.0818533012533133
0.0673683619596347
0.0812032898510811
0.0897524695283062
0.0939629763889564
0.108007915976889
0.0985479113818979
0.0541611789690681
0.0831654536044594
0.108700903211495
0.068385331742519
0.104785428969332
0.075160827769446
0.09058132204576
0.0807461880730378
0.0931155118561922
0.100408614942323
0.0662178750108529
0.0822251924258006
0.0656370670594867
0.0847938854730843
0.0713272244559065
0.0756654850236952
0.0758421539784111
0.0927560326976207
0.0752884709268643
0.0691990244314824
0.0604983977837385
0.0650072031432185
0.0927696619539823
0.0782903486544194
0.073296951923596
0.0661370384572043
0.0785391229241852
0.0815117067346682
0.0777928009358041
0.0922596405149715
0.0858910064674482
0.0852024100183475
0.0736546253950674
0.068662267120061
0.0737133156126605
0.0615213077533901
0.0759992561501909
0.0600854396908656
0.0760477088058942
0.070492399598199
0.0824485313324216
0.0814756423282486
0.0740148020812579
0.0781159909977061
0.07657891144076
0.0841277804654729
0.0894627572514092
0.0901095912134638
0.111871078216359
0.0907289162116307
0.0664813263465952
0.0905725204496442
0.12420341776713
0.0730993849723081
0.0778438460651161
0.0929758124008049
0.0704378691853548
0.090878128295583
0.081850935703746
0.0947836373826621
0.107439866189462
0.0853681975860696
0.0768443664141975
0.0913435385378313
0.0630094585600525
0.0641588571502803
0.0739027120099497
0.079013124283107
0.0754913816053365
0.111169917958138
0.0893459326503255
0.108720681788054
0.0742543303110252
0.0553533555519458
0.0595377170781359
0.089208717672594
0.0822426601674451
0.0774157191548005
0.0622452164617086
0.0683538237038716
0.0668521234286534
0.0638127849345312
0.0849781581000343
0.0946122900058152
0.073049303941495
0.0875204442513735
0.0747873824640868
0.110648753855585
0.0959697702387539
0.0799922561211838
0.0737002544372395
0.0719954648286327
0.124747795293138
0.0905016539024204
0.0643655558218399
0.0705857209059954
0.0809117491181045
0.0813791985575728
0.0871408081376695
0.0753005176079663
0.0869777307546342
0.0926584116041582
0.0946864284012339
0.0801838011945536
0.0835762583908134
0.0677132241257386
0.102450496272095
0.072369909663563
0.0748439429016606
0.111758894978464
0.0750707813819135
0.0907816399492699
0.0826852821293708
0.0988579310805217
0.061843986650444
0.0856845395584644
0.110824434671212
0.057140205866913
0.0682553145393474
0.0886040345822716
0.0632701104859396
0.0549306242237954
0.0796240458345666
0.0777087583737455
0.0897987916082712
0.0954979722650564
0.0754581523254418
0.0641695537483103
0.105989009644344
0.083129273234354
0.0786209898816634
0.0787301706161001
0.108125388398862
0.0742794172130223
0.109720464229028
0.0709086086311733
0.066644749846628
0.0956441376945109
0.0686739488365311
0.0758791965605036
0.0991293070683438
0.122526283599511
0.0935311176376702
0.0855243283584695
0.0886330640455945
0.0740351044083741
0.0723532900073279
0.0867826893598335
0.0709805158220141
0.0766162481348303
0.0771539732917428
0.0778601848851565
0.109048880475909
0.0777265386080358
0.0951256732573968
0.113125932477062
0.0925990779003573
0.0814733899932063
0.0820482636669412
0.0656990656006978
0.105300052312018
0.0856259844124654
0.103672586465672
0.0903332346782393
0.0865853621722108
0.0917439615251803
0.0634623161238191
0.0772673679065219
0.0690909325731374
0.0645157487277726
0.0763601300813063
0.100377918963319
0.0795686734421613
0.0718523515149233
0.108660818179552
0.0679334274254403
0.069178737336563
0.114464649973512
0.105993476882057
0.106298879379443
0.10103613248487
0.124286702944076
0.0684784132436544
0.0813034000418479
0.0976646201791544
0.0800522558394503
0.0870859782910397
0.0731394688908447
0.069345491285526
0.0930432449746292
0.0969994310451914
0.0739742657229705
0.0725603370751246
0.0899149992187401
0.0801014897786728
0.0896107901401465
0.0711759630073332
0.0847731104174351
0.0662711045532542
0.0903313877441311
0.0852257691389943
0.095272376178773
0.0810883107297475
0.116788996712012
0.0990740412781193
0.0745549915883641
0.0841809900121869
0.0686733350662188
0.0836440162411002
0.0792114588551715
0.0888061893950427
0.0817471793970247
0.0706247071525494
0.078816891526036
0.0693065239080937
0.0806149505113821
0.100673044716008
0.119374519177893
0.0806037096415095
0.0758995941480864
0.0721781030323789
0.0716230635014364
0.100447026058132
0.0938383626104857
0.0847052911730913
0.0962791835372152
0.0678533301483134
0.0821553443080992
0.099336840625679
0.0697135054163024
0.0833420571212799
0.0805971636365559
0.11444907926867
0.0635504052101015
0.0770113298385997
0.0562723584670486
0.0558371980874143
0.0877727444979928
0.0660412234495272
0.0755929938623069
0.0663349596114478
0.0808031947209811
0.0740062301516222
0.10412518475943
0.0776051584273156
0.0680299345403334
0.0661517790069959
0.0675064596489194
0.0645781815443893
0.0685984238003697
0.0916885866335895
0.0849154427571967
0.069739654342964
0.0925429029768371
0.108624608168201
0.0714805360646738
0.121572975859014
0.102593278523968
0.093331292603128
0.100169462070557
0.0699764784759337
0.0691297517503274
0.0888159263817344
0.0733603390159707
0.0831770840468185
0.0686337006770026
0.0692370511427174
0.103794823600446
0.0857767246383523
0.108416750527731
0.0698606726915341
0.0602193148552192
0.073479914789897
0.0808061473721828
0.0738931707967664
0.0816210738826558
0.118295766244496
0.0637215007209179
0.0726341634051601
0.0845269592226197
0.0701942907496733
0.0914462902974206
0.0906901104606369
0.0913055499345384
0.0827689807233148
0.0823682883154416
0.07765082549481
0.0784857826074077
0.0824005617557489
0.0839369837953235
0.0665723467805436
0.0795344221235033
0.0843582534553997
0.0972803871426288
0.0720036435182798
0.0748978111115709
0.0875431215728161
0.0722472872560151
0.0581577281410917
0.0950417172851482
0.0648962530335826
0.0971212185616673
0.0679507728870195
0.086944152804834
0.11142555564343
0.0860900283067315
0.0968487774061669
0.0756909967714944
0.0965273427832953
0.078019206455423
0.0799328769651402
0.0935606116466218
0.0829530673331637
0.0785606225632385
0.0653787406614412
0.0782911337857312
0.0914933119119034
0.083597979216155
0.0846242958416726
0.0835946435490095
0.10328346295237
0.0891174167712246
0.118021512890743
0.0949581701748235
0.0711253001878295
0.0891327806032912
0.0891640187734197
0.0824633218587724
0.10861184562065
0.0957335526886873
0.0800680684328722
0.0971517300565442
0.0914050658308051
0.0763430036052221
0.0867023326864067
0.103986625599063
0.101363823995991
0.0826167920029222
0.0995554795857253
0.097731331682946
0.0702018686785405
0.0941669810361404
0.0905027277129969
0.0871104806678055
0.097512930698978
0.0913191423487015
0.0782890387138198
0.0962567770693728
0.0953708778135554
0.0726253057923617
0.0834142060256828
0.0972740067597482
0.0745624437682227
0.0972869452209656
0.0759051885880037
0.0759411288673102
0.0768613755583068
0.077728806000407
0.0627193902156047
0.106039046951343
0.0833780854596346
0.0632851172767614
0.0909838765035632
0.0872038938097436
0.0893139656656809
0.111070362814005
0.0682922308512455
0.0577810917770729
0.0870939704464169
0.110154102243959
0.0989600649823201
0.0897534489141434
0.0652571853115524
0.0677615446282889
0.0812762563986613
0.0701147154087454
0.101890335338767
0.0946552550577864
0.096347031062756
0.110248364119973
0.0966022717140099
0.0919083113519956
0.0968862298338263
0.066780510283436
0.0957262142186475
0.0941455145953501
0.10320090849676
0.0767057974314579
0.0668714951455477
0.0611108796816689
0.0795031273864033
0.0847458031844698
0.0744949291540065
0.0684571881558336
0.105397965210151
0.0782422910580363
0.0630928406451199
0.0828324695735378
0.0747894705551504
0.0675541464141514
0.0688964406966198
0.0863560045562415
0.110723835779419
0.0830128928860504
0.100400347593383
0.0842227566759841
0.0867654923090263
0.0768695620534288
0.112821910451765
0.0837225310276198
0.111955416150021
0.0606494225395677
0.0806689647042059
0.0826319962974515
0.100196049778542
0.0790101003178096
0.10939104607804
0.106594455033165
0.101475933864039
0.0905094868870448
0.0742169635027896
0.0883656918332327
0.0921920412577612
0.0765385654248837
0.0785276913160688
0.108330812053668
0.0833119811991371
0.0754484844735268
0.081300744921204
0.0594506518218583
0.0668726853787331
0.0730642321222867
0.0947174445538796
0.0915588581563632
0.0635484837779231
0.0579783725167416
0.0657981012893306
0.0678368140510536
0.0698656450907568
0.0740580782625961
0.07434224551258
0.102045845401865
0.0838914974556526
0.0785063730129419
0.0723632694188739
0.0650482454807358
0.0964439449862219
0.0890294820127887
0.0762084355555433
0.0695437047964226
0.0820677126289514
0.0819408090983669
0.0591755604175446
0.0578462987432443
0.0602620885849355
0.088989138532334
0.0734895930073688
0.0753249149893603
0.0777673586183069
0.091086161592679
0.0805257880459858
0.0757072767221343
0.0750325072226845
0.0827307572278575
0.0711093854925062
0.0958033766319048
0.0804371681597212
0.108074316558262
0.0903549305268582
0.0836732104177442
0.0858184569058503
0.10443689848823
0.083624948830927
0.0816897324141796
0.0882268209503785
0.0715269748129532
0.0671367693628111
0.0955464351041855
0.0901675139561946
0.085164484277827
0.103153086999799
0.0919009371521698
0.0854710465063351
0.0981985592460191
0.0848286081956038
0.0809007351501148
0.0640449754305408
0.0872925417610373
0.0944214014441597
0.0825304415477613
0.0874050238737767
0.0851490466775288
0.091255373413374
0.086334392577092
0.083012550264323
0.0788401045070535
0.0783252774187563
0.111303193275423
0.0650142771334296
0.0932859615857514
0.0847044179560773
0.0862157056566247
0.0738773258388161
0.0884702889386534
0.0604898796900893
0.08509401275824
0.0756323892502689
0.0771261018272693
0.0866675462810993
0.0763933949564874
0.0687645785211498
0.0824132857385018
0.0618837000670906
0.0737847326198368
0.0678141478228962
0.0902546937243318
0.0825243058743932
0.0787495092869807
0.101497864201315
0.0791893291393663
0.090397734553891
0.0900328759886346
0.0559388521017887
0.0776696804677253
0.0580386204588546
0.086421415943183
0.0897058535367661
0.0799251812080945
0.083246686594914
0.0919782150100951
0.0854919083944394
0.069031807726086
0.0791132505514561
0.0733543499042715
0.0692275030713458
0.0854153760312924
0.0733595063983391
0.0643735120435559
0.0663119680029923
0.0832131123369002
0.0991317951402849
0.0973320602453298
0.0753047451704635
0.0797152967449607
0.112328150506656
0.0952435600577297
0.103846923727354
0.0815368939527967
0.0838647034873014
0.103239929989612
0.0812599600660154
0.076284217558129
0.0675096203405295
0.0799333913921644
0.0722137786817293
0.0761682713426882
0.0690657564517459
0.0623886042172298
0.0862855666853488
0.0608006225572148
0.0885153750737491
0.0788605928378748
0.0702327738400568
0.074273719117459
0.05710581320782
0.0574883300767866
0.085236972265595
0.107273443683375
0.0969072679267765
0.0679133633700989
0.0726057106420591
0.082808894015196
0.0633154436185586
0.0769536752189241
0.068400202648291
0.0776920690511777
0.06925094232376
0.0744185223769957
0.0903139127818762
0.0626619065803621
0.115639367609453
0.0709128558719326
0.0842440762654416
0.0728577923171604
0.0941207445246535
0.0864801936441207
0.0946680816349051
0.0761715209953102
0.0939947201444406
0.0987864723010163
0.0592146349843861
0.0740120183780418
0.0652765640759152
0.0628100214108817
0.07787805727727
0.0743575134978419
0.0943846940221817
0.0816665761615443
0.0661151595059616
0.0800683474324008
0.0660469078701752
0.0710303376968316
0.0799358734057975
0.0763306160389192
0.0571485860359054
0.0796750292526931
0.0935638054172675
0.0758962425024804
0.0603442425898729
0.0974878908977612
0.100852012770475
0.0667913689602153
0.0655162776752144
0.0835590518994049
0.0710941186011591
0.0787117489720628
0.0696886347125334
0.108179011748975
0.0909167390027716
0.0724988417239148
0.0799864221869513
0.0790766202686865
0.085366882775901
0.0739701672159475
0.0786558392929286
0.0801620045607885
0.076480996329443
0.0765538993653042
0.0647868904216987
0.0911325309596514
0.0704530182058061
0.0777363483042932
0.0679539354466573
0.0846240659723771
0.0691297979147265
0.0915126791016399
0.0783479608391659
0.0991351415189408
0.0640795000960892
0.083491311398551
0.0889739540611218
0.129311095005538
0.0773375613255947
0.100390483730558
0.0698029145270967
0.0831854131544457
0.0699966128027871
0.108964880153011
0.0887471420015651
0.0993044322452723
0.0731285813190552
0.0801729000834115
0.0908786352576573
0.0773529457890496
0.0892618942258385
0.0740168502268021
0.0957733239244452
0.0748155479422113
0.0912283145645316
0.073707227573167
0.0861185465160526
0.0908776682083413
0.0816082556138239
0.0848035131613924
0.0646326803261841
0.0784369149374768
0.113683742605509
0.0758252312653544
0.0645487939712723
0.0687095380021979
0.0750936976085994
0.0705333251918692
0.0820396066382995
0.0893978134925601
0.0910278297543693
0.0753191558511298
0.0696974470081808
0.067450947640975
0.0760934299568953
0.0873051982281982
0.0754419946097355
0.0797412509212431
0.0890380940060354
0.0568723958277313
0.0552377308020864
0.0782813172659564
0.113981639603186
0.0973103685604136
0.0992165539856584
0.0845914765010222
0.0713165314066417
0.0848631541021301
0.0752545692516897
0.0949899068753406
0.095575299457068
0.0983849858645163
0.0673156515362731
0.0786551078381891
0.0731929859204385
0.074291474745983
0.07095690968472
0.0719860371295443
0.0699796552596486
0.0849889441079169
0.0767665982859647
0.0766259893029822
0.073211068761937
0.0789599295056091
0.0788808916993902
0.0848775118241905
0.0747858388936038
0.0721007151346296
0.1142819742991
0.0741833600823574
0.105452441973912
0.0826391201839578
0.090984173255178
0.0799065342416674
0.0884236261939879
0.0852841927828152
0.0803737922611684
0.0851006526311586
0.0611470627120693
0.0622282772804048
0.0779031456937702
0.0772605572683619
0.0834031856928412
0.0921522610367393
0.0839758314539546
0.0772294041620871
0.0772245606252751
0.0777430543244147
0.0697725096459823
0.0822871178077113
0.0721898928664597
0.0937525928704528
0.0680903396819396
0.0763788158987818
0.0715387976021533
0.068651346296031
0.0684331009216887
0.0780437379639125
0.0899519844194806
0.0800311583503799
0.0906163946045295
0.0942271733469885
0.107402218272246
0.0759263504150407
0.0942237987778816
0.0905611861322187
0.0836192581010148
0.0857449107982097
0.064490703990708
0.0840082065959713
0.0881296691644744
0.0939784525228771
0.0892180116039621
0.0657196465508816
0.0675867518503653
0.0763170735790544
0.08344632041117
0.078230150046548
0.0979383457799286
0.0842181617593827
0.061501507438354
0.0609620677974481
0.0623074638525184
0.0588330490333847
0.0973157808028957
0.103351309970887
0.0757002811451898
0.0744747915578957
0.0736416855218834
0.0785920279445708
0.0805881094838221
0.0672791332904987
0.083282659915984
0.0992653836150485
0.0690822615429342
0.0769976271970144
0.0761749204996295
0.10885532943617
0.0698145097876942
0.0875073140340794
0.0734635192801956
0.077326715698515
0.0815892187427216
0.0786623319054193
0.0971614391998739
0.0759823567111794
0.0899567829496861
0.0865467566784093
0.0663070931383168
0.079409852776555
0.0952028622663964
0.0798523440639314
0.0789442801005511
0.0946738965095724
0.0789381853391348
0.0913291000296245
0.0823028488915174
0.109138720982859
0.0733159856774439
0.0923531988942942
0.0801339747069804
0.0864549422565294
0.0824735051666901
0.0797954103260651
0.0778057016548632
0.0763979250708891
0.0832648898449643
0.0723248940692265
0.0897811299602638
0.087965487510497
0.0950399325289774
0.0826509623152661
0.0697560551221132
0.0831339617693794
0.0958465819671006
0.0856059704556524
0.102877089803561
0.0800778245542633
0.076802981221163
0.0806683326385
0.0896517557459819
0.0794604172489284
0.0725666127817422
0.0739837577610732
0.0681208404967319
0.118080603515436
0.0875034745364134
0.0662764304037357
0.0772446792042877
0.0767841768791368
0.0879228463395341
0.0782335936997573
0.0849107128674189
0.0747339541608866
0.09341584759638
0.0806096960489445
0.0713540245171732
0.0896324530908918
0.0712547008376603
0.0866022380159786
0.0674588840342955
0.081998938872886
0.0915112274131932
0.0823515993619815
0.0641847182643409
0.0812101727793794
0.0649274596839401
0.0825709674920809
0.0870904128947862
0.0875167803446055
0.0845481867671414
0.0884624837138759
0.0768064488512206
0.0765303453278972
0.085756903835026
0.0855797301490424
0.0658838267639018
0.0641665252955974
0.0785047097128106
0.100129018351987
0.0757677429261499
0.0965499259231388
0.0680396137620457
0.0635342354013814
0.0608970595561391
0.0615521576705607
0.0741457647415042
0.0578784169539722
0.0685503855077726
0.0842313674436099
0.0768349523166168
0.0753585408418051
0.0856661099898913
0.0777108839279693
0.0897507302193026
0.0843391508736176
0.0632925383725429
0.0828709540477494
0.0647302862484746
0.065836269686357
0.0984984778256963
0.0781039518215307
0.0937001779690996
0.078533610732506
0.0862646852793817
0.0872798407107503
0.0823147347155908
0.102031998776576
0.0832499620433435
0.0846199557025178
0.0624900528153393
0.0751573092042985
0.0874028933176541
0.0801097177790196
0.0748865270752953
0.0711505625209233
0.0796041991973994
0.0570278306776726
0.0681670708334195
0.0685575964251114
0.0760635046119684
0.0669966394896499
0.0951917122197815
0.0690603429907874
0.102337395307261
0.0888810616564655
0.092323045657527
0.0832330651652219
0.0780861587025245
0.0840178252599257
0.0812958916966534
0.0886385300135605
0.09127261710299
0.090702628245912
0.0855715159900448
0.0740935434922491
0.0738872230154152
0.076944563915812
0.0946117356331817
0.0689135729369602
0.0789289239589244
0.0900695999333721
0.0942295660366883
0.102068630003959
0.0910852878247359
0.0657555289538445
0.0783698554132508
0.0943923664421867
0.0963353650649937
0.0785000755482528
0.108920016872892
0.0781260843617913
0.0821023623097066
0.0861665801730838
0.0831359666057951
0.076288400751473
0.0735885876248524
0.0784068042681247
0.0742417549510992
0.0984190398509518
0.0817321537112739
0.0827306055489108
0.0974510021003488
0.0980883392659521
0.0888907233858299
0.0798435722015691
0.0942485491396758
0.0948969782329536
0.0645886060606333
0.0897227670254962
0.084083530488109
0.118150660899192
0.0772505605158243
0.106607379649825
0.0802947283711563
0.0753872141754221
0.0689859863633791
0.0775716472155538
0.0587522495477079
0.0612310373806012
0.061947712256358
0.0813240530649215
0.0720675657078457
0.0943137263365208
0.0779081250325762
0.0964184753298904
0.101058561074907
0.0660610459937069
0.0575016216310367
0.0613218303360579
0.0754965569976293
0.108801237704223
0.0721526167232143
0.070993218242129
0.086967241576724
0.0754582339699999
0.0761541384985494
0.0692264799051429
0.0594319845800358
0.0719601025403355
0.101634264790226
0.0649326708106377
0.0552672137666503
0.0559677946118977
0.0641329703836573
0.100194877911863
0.112192135342864
0.0857099679568385
0.0848009889096623
0.0880470750409414
0.0720189262609806
0.0795481829262712
0.101089164912801
0.0814466321753002
0.066830508835993
0.0682343300061989
0.0824877488311565
0.0610984927776505
0.0793608574343835
0.0879191048225099
0.0887590341106961
0.0907224479679296
0.0909476128402622
0.117181740807814
0.106312592274418
0.0917292070089148
0.0621834206792098
0.0860398694435511
0.0889380103878738
0.0663942808604435
0.0639395940388075
0.0710246916069696
0.0738315160241527
0.0895953645867635
0.0987654068437762
0.0787962402097405
0.0724390431725122
0.0870360229287664
0.0938632101769869
0.0817483913882448
0.0741713210449589
0.0726547860916589
0.0683026850641575
0.0809010778951111
0.0688232445089516
0.0973487243549993
0.0805554067877515
0.0908748824706967
0.0778687989449805
0.0847281270907241
0.0829758303588793
0.0831102558807653
0.074158645251363
0.0804268893484139
0.100921525476927
0.093137856435361
0.0944597081394648
0.0849746127692653
0.0838103177223552
0.0690784538007812
0.0881127853350657
0.0810359390246904
0.0812218723438526
0.0895242886177514
0.0700425055217259
0.0967711164084097
0.0726018156993889
0.0873164426674784
0.087660098940996
0.0822510424549673
0.0886791520601961
0.0734564061568543
0.0875852188125214
0.0569677456221221
0.0697831870535793
0.0724221473403687
0.0643986242620598
0.0826709394353103
0.0855751047033317
0.0621170138279716
0.0996135638487562
0.100813280803343
0.104766372500263
0.0724680237427425
0.0628044197639634
0.0948570158442112
0.0847971440213707
0.13318780173955
0.0808019886414149
0.0631158622181973
0.103233763640584
0.0666566250074528
0.0635385364170721
0.0743062996495404
0.0912421781325496
0.0567996887145973
0.0543974990786941
0.0605234318562486
0.0722507084485294
0.0672972944611385
0.0798962015881773
0.0739933538345698
0.0995905172854641
0.0984003096423288
0.0661768350259429
0.06344876195306
0.0699824811088709
0.0720900927576174
0.0865423651645845
0.0822894090802951
0.0747055514974398
0.0773649530217128
0.0884433855973514
0.091316546589375
0.0734275594111946
0.0876360616784875
0.0889876016720139
0.0918536058260868
0.0799670666257393
0.0736274570796141
0.0742189623599781
0.0860138859176374
0.0932293087651334
0.0716762939944574
0.0701739946796215
0.0730468083227924
0.0723488455856609
0.0810276826587825
0.10875360497192
0.079762826274666
0.0823954465549906
0.101112814629177
0.0692569431585862
0.0818783296063015
0.0673094420950889
0.069996002806721
0.0821079763610483
0.0791180364574112
0.105433828193407
0.100759843312391
0.0836518216796423
0.0884932244370342
0.0800826576968148
0.0959160899645872
0.0677052498458552
0.0738869190367594
0.100613527891196
0.0771183893717392
0.0726832597248788
0.108830746545295
0.0737915555368052
0.0717293305505496
0.0773378590239268
0.0979739709042633
0.0952524597346786
0.0859327159073763
0.0850486505837185
0.0810687698000495
0.087341268400098
0.0689921712996574
0.0980638459611259
0.0661367042012574
0.0827116819457484
0.0669508289082162
0.084616340701008
0.088527792459179
0.0693516842443884
0.0971035039562054
0.090729684219476
0.0998746581505282
0.0803199564762806
0.0703696225175332
0.0843329381913965
0.0872176458415329
0.0827191965126187
0.0808918292425029
0.103342532854495
0.073981783968593
0.0841436722272391
0.0915759665476761
0.0861096947817636
0.0730668782878431
0.119582045515955
0.0872404719570208
0.0559030514032799
0.06277700223
0.0580658878229292
0.0834309929969146
0.0666820767381615
0.0893666664092416
0.0800695912479202
0.0714173437094544
0.0873267382705507
0.0684227761745255
0.0859001639474966
0.0762215835873199
0.0790785108856448
0.0896911762396779
0.105055103960705
0.0881010806059466
0.0626349515664266
0.0731445240025888
0.0762131506132134
0.0676142851243468
0.0737194346337037
0.0904684752332087
0.0775032386872749
0.0789156953645035
0.079173203162979
0.0997778712788894
0.091501161944781
0.0983019420918933
0.0896554041735246
0.0997290865688791
0.0810186285572173
0.100124087725799
0.0610266543668266
0.0641357210224122
0.0714351951244337
0.0774334943856213
0.0810648222897395
0.100014372485911
0.087331063940696
0.0931848822418807
0.0807881391570709
0.0993963360324884
0.0836638444781508
0.071654131360323
0.104531728852823
0.0789549809225415
0.0982218906751606
0.0831791902791203
0.0740899367223706
0.0771122777076286
0.096489214329553
0.0883288640725881
0.0761011743596021
0.0616040033430933
0.0663889383034969
0.0950146973338403
0.0934013326341199
0.0679153995216648
0.0651383354382019
0.0856181981844421
0.0980227637080535
0.112507519907344
0.0960703040831531
0.117559812289934
0.0921777234306443
0.0951455513432312
0.0712174215411311
0.0903045098777548
0.0696972396118652
0.078777184276571
0.0823481348109202
0.0904779247190796
0.0701326968665592
0.0785894842065178
0.0682084848849598
0.0639525189950716
0.0831493722808676
0.076911248635822
0.0839931083129619
0.0679675785496825
0.0780370428705034
0.0815362706725846
0.0677764798253121
0.0743697689813012
0.0998193232531811
0.0689766745549656
0.0934391441862489
0.0714901048469184
0.077114867374599
0.0778005847808917
0.0801708040969853
0.0697033976695798
0.0837625063405039
0.114466374870979
0.111775595327286
0.115850010829547
0.0896977375722844
0.0779220195702847
0.0679308450214308
0.0754723753666391
0.0681710112685643
0.0754817918454892
0.0948413368495643
0.0703179452594762
0.0697482098180781
0.0707547829934546
0.0799853065477149
0.0722778238846044
0.0620514309679192
0.0593344781803531
0.0802620559302226
0.0924912336634856
0.0844319570339004
0.0874299951383529
0.0847082307705757
0.0892800690789464
0.0872675570423903
0.0695608351621046
0.069008679172082
0.102187884266214
0.0924846833722313
0.0865325454320532
0.0720159104030869
0.0735030301250768
0.0890510981283106
0.0890249666204924
0.0674728456639508
0.0833283346913864
0.0684517254759639
0.0940488677984231
0.124093557998849
0.0861665217693198
0.0804267725442555
0.0897251057010269
0.0840269357724298
0.0921112278396149
0.0891031526290161
0.0891208019558363
0.0843485427933706
0.0717210536771382
0.110291999349547
0.0714411435289911
0.0670670885702033
0.121143998538317
0.0977863044240616
0.0909350215237115
0.107265242944944
0.106376607294225
0.0704900488377294
0.0816989542751059
0.0982582611285693
0.0947156994778658
0.0815987292052014
0.0814893011235906
0.081943903645957
0.0792540835745494
0.106732964304746
0.0915592941381992
0.0853242934624126
0.0991106082086456
0.138223378550679
0.084914076624142
0.0784511264093289
0.0946287731969511
0.0976340737057426
0.0898171312812328
0.0932775508644696
0.0743160791731343
0.119124665375814
0.0794877652472873
0.0799757129140942
0.0856947125953838
0.092149273586664
0.0992022552866256
0.0984417406683831
0.0845772400466004
0.0696971457259255
0.106855351690868
0.110803743788828
0.0725495465603719
0.0648193266036628
0.0813362700696395
0.0742168366897423
0.0742893219493479
0.0641066829066755
0.0741539869552523
0.087307802512849
0.0613378885819664
0.0788839601468096
0.0829181753258368
0.105463667915714
0.0725157016619283
0.095197215001548
0.0740198222394583
0.0690214713731122
0.079502783406822
0.0813615113456283
0.0786587353741557
0.0644613554749184
0.0751334258597436
0.0898758160554337
0.0633748511174492
0.099253445870831
0.0953171383694197
0.088515778994261
0.0954897871057296
0.0714879848528391
0.0781261445046702
0.100241622452789
0.077489992438523
0.105617742879715
0.0804478965007719
0.0725683444193283
0.0638078956130656
0.0684003901112502
0.0935710865678087
0.0869279498143181
0.0692823082401133
0.0599769501760949
0.0722909188138847
0.069403453187206
0.0603446368817295
0.0574832376359731
0.0779054259675902
0.0902324200879493
0.0702798606351323
0.0852474497653243
0.0687869570047146
0.0927797070332374
0.091957668501481
0.0608234978481515
0.0687198663527619
0.0790312438576641
0.0714789586559777
0.0867575530341414
0.0927886217855975
0.0726707980460161
0.0837290702078511
0.0735948745019848
0.0703279721509338
0.0799283050015553
0.0853635725163328
0.0736515611179534
0.103914354489371
0.0862909451707899
0.0783805066872048
0.0725591084402273
0.082846607625985
0.0807999774416874
0.0679797235809819
0.0791277556782042
0.0667331751783754
0.070965128880408
0.0839679647806335
0.0624834162699571
0.0954206906352933
0.0939387808843216
0.093459610253944
0.0873066945407823
0.0705202061168049
0.0862221127907429
0.0769096875698622
0.0979687732696507
0.0695077727428196
0.0810066901311671
0.088695890050571
0.0986179863529753
0.10142362982553
0.0888380268171008
0.0849538010172279
0.0891485761293751
0.0826042559379262
0.0828624288345248
0.0670058548504546
0.0801343291472223
0.0675874626520133
0.0874677174907217
0.0853943963741816
0.0705145511540925
0.0849391167431706
0.0768519842158058
0.0785956544539339
0.0937892134145471
0.0812660802302674
0.0818190391002699
0.105244298831014
0.0772561419364624
0.0692381438256549
0.0860511063420958
0.0845962615288335
0.112577593556607
0.093113801438826
0.0758410129978355
0.0888727457150231
0.0683696162240798
0.0773291012130341
0.0898472791284312
0.0822737904013328
0.0775283161805537
0.0780754906873401
0.09544897972839
0.0905436407782018
0.0689139318330363
0.082500407092642
0.0921170762795059
0.0742165769861228
0.0954880649799725
0.0830236867941131
0.0854731859983568
0.0723690398931851
0.0747189720857375
0.0960097130010738
0.089563966427502
0.0975049798939036
0.103151952136111
0.0792752497816875
0.0772739870367857
0.0861410666900682
0.0803125983626667
0.0828755306951142
0.0653509406226588
0.0874830905739287
0.0830575094588334
0.095019446860027
0.0857239454085596
0.0945322868432701
0.0752238416734897
0.0975801257232015
0.0977489558480438
0.0719681588682424
0.0792345538850402
0.054546786451561
0.0598771049955313
0.0617056714111382
0.073795097632491
0.067985105441584
0.0677497143210236
0.0775254641829568
0.090150379592356
0.0908008603612941
0.0786898776408391
0.092980021603671
0.0741981922365553
0.0864595836823785
0.0881209946388054
0.0745940493234873
0.0716396612497325
0.0663209194434637
0.0709107735267028
0.0809667965114528
0.0797110454006228
0.0821028000638483
0.0868796746283745
0.0709166968092633
0.0833292435549772
0.0949900387735901
0.0723292387127944
0.0723091391570045
0.0678539615641957
0.0925456078807306
0.0939434085652974
0.0857237231311146
0.0719294991729931
0.0781838446067703
0.0779878514633469
0.0832236670700417
0.0965708272491196
0.0834807897340492
0.0975842032750472
0.0740148190704814
0.0832243015759564
0.0877368663535709
0.0688322689466264
0.07746400761026
0.100114180084975
0.063879786386226
0.0813970814800506
0.0842228736936059
0.0783092687237854
0.0678004527905354
0.11789321434326
0.0813034464668571
0.0982603763906152
0.0677951460279663
0.0757311384466353
0.0917192456767373
0.0782912234162189
0.085502113810082
0.100621391845972
0.101882150294766
0.0847253700573798
0.0727061048740677
0.109131312379285
0.0872032162272546
0.0859747103361535
0.0744854996799384
0.0696962986403075
0.0846974366347072
0.0932434341458785
0.0869197333298113
0.0719162248877233
0.0737024098393428
0.0823396686407847
0.0594482687878207
0.0612321787227934
0.100012884108779
0.0890627127652537
0.0645319596155853
0.0833718942069062
0.076013203236047
0.0626107401814369
0.0610235996141152
0.071586427480969
0.0842006114046865
0.0779410326293797
0.0772384074631239
0.0613176435241232
0.0710211908153726
0.0739214625542539
0.0646510140840959
0.103816521861286
0.0985163611141977
0.0789770481448778
0.0777872897593399
0.0701797246737384
0.0595351795735444
0.0703888589787218
0.0772735303111875
0.0766021176801271
0.0920667197050308
0.0921573540280355
0.0668565574104117
0.0638588555106393
0.0851869557136927
0.0981335901361792
0.0771785186589768
0.0632275144411779
0.0695972231852446
0.107307865925988
0.0815479308071144
0.0744696384770097
0.0724965922413906
0.10779451081926
0.0791139932322211
0.0921310974143437
0.0640637435660659
0.0678994632943676
0.0937701575589532
0.115760399396355
0.0950905542289152
0.114226238795718
0.0745403507537935
0.0673744271250461
0.0917438354670881
0.0719136561474038
0.0954983875829192
0.0858813125025657
0.0983173003932539
0.0918527024510664
0.0884302172034047
0.0959279410448302
0.092637189659959
0.0791369733467967
0.0816117565999875
0.0985197346417486
0.0701575003127261
0.073296676908318
0.0928270924222947
0.0761389459215498
0.0684413152388388
0.0728513815764998
0.0728193709119192
0.0772734371417929
0.0725863037424574
0.0838754701888557
0.060434385249127
0.0820833743253403
0.0615802532331552
0.0774851795411385
0.0721538284679106
0.075937609605565
0.107629425901486
0.0681626795134977
0.0642844756685521
0.0961764057788181
0.0868084856479698
0.0720209704732641
0.0851266369256492
0.0757970820136401
0.0724222534744464
0.102709579195853
0.0775447348756893
0.0782474878473898
0.0841702215813482
0.0850520045035903
0.0688269914747297
0.0827396478191016
0.0860844956447507
0.0743426253882311
0.114537792345765
0.0851703974061524
0.0982083673138609
0.094452286736037
0.101819489745801
0.100760282220837
0.0767893183842224
0.0770495529882292
0.08253255373256
0.0902535339181453
0.0703302740836312
0.094328359445399
0.074264265649236
0.066700724987296
0.0790915885658872
0.0673599166504284
0.0794335982078504
0.0959374369962999
0.115570348901953
0.0812780904308608
0.0714590831777786
0.0673346545473203
0.0910149776014031
0.0753688628252599
0.092733322392679
0.0692073874661669
0.0930556952142473
0.0708500108155448
0.0962767353708132
0.0584336216498953
0.0852537239408478
0.0817086777254111
0.0925430429962881
0.0610674210717697
0.057749338534392
0.0908985235570289
0.0842059768574321
0.0770375584647779
0.0783927298718021
0.0657472703212338
0.0632777305323013
0.0962696679259075
0.0811187813890029
0.0824414512511378
0.0905018334764499
0.0681308098134251
0.0842530155497468
0.086649348413411
0.0842686890605023
0.0798216522089222
0.0818408831366365
0.0668187521740818
0.0694445549420351
0.0976590629624047
0.0995706338835734
0.0832589039557428
0.0851361238404256
0.0862522417497199
0.129297445213601
0.0826199630722224
0.0848798061771012
0.0784581724216375
0.0991943654498301
0.115593280606579
0.0648995149143055
0.0670184401614325
0.0657187522504489
0.0763947695970741
0.0909635307915642
0.0824392765914292
0.0727648884804918
0.0945763408628642
0.100586170204004
0.0867495460357745
0.0819281562302736
0.0985386926903791
0.0908797587080928
0.0900349797462904
0.0762601227993966
0.0741840311484797
0.0839474688546517
0.0681912479062474
0.0801078985171632
0.0990918689257077
0.0818643015475248
0.0749575929067465
0.099469761008672
0.0780373347470018
0.0964155604719648
0.0707487954636534
0.0809620616588745
0.115513105304248
0.0917637345846587
0.0866408391926033
0.0772182629936269
0.0741196423277537
0.0647220989996996
0.103784771184065
0.0877961473932572
0.0793618484436993
0.0999408808809804
0.0946036946244772
0.0805409596387156
0.0886667645070488
0.0853304871788349
0.0733347118634737
0.0885078175770367
0.0804205122729204
0.0908559995172377
0.119574518751031
0.094900629127129
0.0982603874425542
0.105568335520066
0.0856072529792725
0.0925335716907947
0.0723613542295305
0.0791601630352932
0.0993460213418007
0.0929453979869713
0.103788856755183
0.0825963359492214
0.0900648536213448
0.0945996947683687
0.0630146133840272
0.0766273803811908
0.0768891234797268
0.067850856575036
0.0645476452353453
0.0720704577569618
0.0788146805263198
0.0945517207628687
0.126571494915999
0.0895349141549609
0.0808049562285759
0.0708930730318957
0.0694531333923529
0.0857224604363501
0.0896210429915163
0.0945615629851378
0.0903209830965293
0.0893390844689391
0.0724428282597645
0.0866039871473218
0.101166375828949
0.101806227055576
0.0815174287588865
0.091568110859806
0.0967427804458251
0.110660540564611
0.0976366511368207
0.0771835062073175
0.102100736746486
0.100223138774915
0.0739163257515656
0.0776605378167213
0.0806399541360288
0.102321121614697
0.0753851698116926
0.0662958624326779
0.0912609870058677
0.0906755070648981
0.0974206290561662
0.0966592744119366
0.0821799845539284
0.0786001158268173
0.0969304123205429
0.0979987005176899
0.0743079959601548
0.0830382904606284
0.111273412731539
0.0886752712608972
0.0947130489038605
0.0745488207440301
0.0883426565330836
0.109804794661256
0.0746842704496598
0.100946219707215
0.0827560694469407
0.0754521390901349
0.0894713273351354
0.109901434440923
0.125238284813853
0.0900574783372442
0.0872384245383017
0.0756843808094956
0.0694187315882544
0.0879443900494119
0.100983715537572
0.0996774288937053
0.0812961058888695
0.106445188007375
0.106418523209147
0.086697350966525
0.0766611091446276
0.130991813420272
0.10567817036936
0.0911625483987152
0.0854592518205868
0.0864985899923771
0.0971377682616028
0.0793264846150519
0.128965045192404
0.077153733183619
0.06471384098838
0.0684002687697741
0.082581206773293
0.058907438043516
0.0717207534389986
0.0769413691076438
0.0775478921366073
0.101796714823165
0.06789997572191
0.0734736936692074
0.0966566259293355
0.0673072957274024
0.0640343448746095
0.0857880795520742
0.0775288201870163
0.0678973026148002
0.0683311675088326
0.0879989694756067
0.0749570223314274
0.0732443540010041
0.0853810102750109
0.0757500366763127
0.0757286293036733
0.0846065834489601
0.0938720411231361
0.0975572463714083
0.0898307369558411
0.0911640546094966
0.0892658624658263
0.0826931019009552
0.0921150449384416
0.073886715008608
0.0833878731189809
0.0788108165720522
0.0879337445268946
0.0940021173570936
0.0844919375781448
0.0798443742843725
0.0922544979351326
0.0824152296038241
0.0878205843502152
0.0599964547119903
0.0818462050467494
0.0910167128370952
0.0875814208293084
0.0666028764197098
0.0579279997717142
0.074105137990175
0.101298889461254
0.0877703729868031
0.0824162710354934
0.0769319739431793
0.0773837426009783
0.0802172259357798
0.0955087155850384
0.0886889748327441
0.0842069235419707
0.0760818618856216
0.0632926113345261
0.055927463026778
0.0677394767611179
0.0800491422374297
0.0753328564534739
0.0681491813838938
0.109670821103267
0.0854099309171057
0.0974573848245063
0.0966326746068082
0.104582730853456
0.0757831466622732
0.0796764835949988
0.0624689556327482
0.0706590701045728
0.0666146748428299
0.072904536647774
0.0697585501020646
0.0793270155292076
0.0785454732854646
0.0669379593710817
0.089511566003076
0.07263546037347
0.0841690223414127
0.0952889275886693
0.0767831847559681
0.0984355455950265
0.115408126674608
0.0874640061459264
0.0934628009625312
0.0903316277416251
0.100514935778283
0.0668131880310348
0.0876634179213715
0.0795690254198335
0.0831845083102841
0.0902486226407082
0.0837614469415406
0.0670490716982132
0.066120417633725
0.0853781028761459
0.104247504068378
0.0758536753792841
0.0621988052919188
0.0665699180397905
0.0775212871059505
0.0825974900227888
0.0644246737569999
0.081349848044819
0.0756768552378833
0.0820231382165432
0.0879772819605032
0.0626495421706168
0.10826577024599
0.0760479339413189
0.0949955055658335
0.0812110424827858
0.0826094402447317
0.0948191792824565
0.0710845001270181
0.0963531670024329
0.100593392138798
0.079304229870533
0.0977152164064119
0.0990682198658302
0.0960636597528102
0.0794569437519347
0.0671859905270903
0.0618741691733409
0.0672875125457462
0.0899549088374672
0.0842615533907489
0.0709210964508314
0.0948592514568347
0.0669677727216023
0.0717720227652322
0.0841099611182898
0.0883065745748779
0.0745893638682792
0.0711713693184714
0.0717952439981357
0.0703016538929876
0.090429888671454
0.0673141825796142
0.0792853791832056
0.0791573747837418
0.0764514052762128
0.0793515259493054
0.0640669204912676
0.0940457921318844
0.0748542442895748
0.0747975345232397
0.0686020839435181
0.0766195412597152
0.0602648273405261
0.0764653459290752
0.0792187914779247
0.089004289135424
0.0898378264930584
0.0847283880867931
0.0873723622400751
0.0832185275138592
0.068871357117146
0.102555127431069
0.0720119586703179
0.0794724772800077
0.0737741233801549
0.0722415342693807
0.079055041443017
0.0806180342602176
0.0731123662326521
0.0886607088926864
0.0708881786424525
0.0814729190402957
0.104488203457014
0.0795494961139967
0.0832961832871009
0.063288072741063
0.0664853296697647
0.0887747515201536
0.078114462672634
0.0916341135064351
0.0653832202842219
0.0853273212168318
0.0684645056797581
0.0848689966752046
0.0874629373816394
0.0835692716501902
0.0796797115868498
0.0746104483079457
0.096987736078919
0.0771080958683478
0.0882760906880344
0.0733725611815403
0.0803955330261177
0.0911557157706698
0.0899609371396838
0.104317800942177
0.104219185790986
0.0693186869426422
0.0737943914838189
0.0617044682931954
0.0755937931074027
0.0683223142787312
0.090164065473816
0.0946106242478722
0.0582079466088551
0.0703146582290118
0.0920825630599406
0.0698623105928804
0.0790031531281436
0.0827447986585539
0.0734040550512212
0.0795631299619198
0.076940194804394
0.102000638441005
0.0855125166849489
0.0611325644845746
0.0675958859175672
0.0703402263251613
0.0738345351767661
0.0639370400401063
0.0665815490184721
0.0877991739327665
0.0640406935105947
0.0825836965819574
0.0780629365144326
0.086125287593841
0.068104766928036
0.0798231029734874
0.0801657346862701
0.0757306923816193
0.0730839920747294
0.0860756502481297
0.0803840201596225
0.0732869809939062
0.0758697788434375
0.0650716235830334
0.0887700864138796
0.0871461177655026
0.0744657285097563
0.0686519996892817
0.087169132682005
0.0834654010957286
0.0794446119964472
0.0859362599787876
0.0772350079265446
0.0803505354874446
0.0903119610914864
0.0968288567851761
0.0815651440437829
0.085713270301787
0.077985626775837
0.10784302014489
0.0835592607618375
0.066678199276412
0.0900075407670603
0.0765155306816025
0.0622288543411384
0.0700717892585661
0.0839718742957409
0.0841774264824395
0.0947586756592223
0.0862935014273073
0.0873264423852281
0.0942630534070266
0.101524582829549
0.0893068224542397
0.0658856726756689
0.0832965745865393
0.0834513419034005
0.0795353241881665
0.0879839637408962
0.0735574277793221
0.0866863687302963
0.0846323808855138
0.075685282300734
0.0700231888264483
0.0811160773660014
0.0809736345606983
0.0685114473996762
0.102502765383186
0.0899996200261386
0.0968389912912425
0.112171496785934
0.0804763842070293
0.0774670572100215
0.0912097218200601
0.0758509565631183
0.0938583236492556
0.0984178745936974
0.112571607184459
0.0755358436002684
0.0884967168157541
0.0725378043859787
0.0781986494442291
0.0790231772228445
0.0893909452885783
0.0875822316540507
0.0672106500375462
0.0767766461281585
0.0774684618658696
0.0847860382296981
0.0673251536998722
0.0615968428592672
0.0692598736686709
0.093049421013394
0.0685949059437116
0.0836690226442169
0.0742402652085143
0.0809985782297553
0.0748756897853204
0.1092577507015
0.0758139777918124
0.0756314480581233
0.110631682490375
0.0878973333013084
0.0720742161176148
0.12589259337857
0.0833212438317488
0.0736588605397757
0.0825347055089427
0.0613245558079103
0.0759987069985422
0.0781640859921788
0.0611186457148136
0.0929974750184689
0.076684384525911
0.0597714745791992
0.0687348497354453
0.0731904571304821
0.0616997363775144
0.074186694661713
0.0754261188000418
0.0895634934746029
0.0915832857628854
0.0880492067908343
0.0782358085078023
0.0636337836614599
0.0616339233566551
0.0682931215307423
0.0621292719243159
0.0657207063327488
0.056325275044028
0.0700631672694664
0.0796916735436419
0.0650542614611726
0.101134904479821
0.0688257275182307
0.105483642106428
0.0954098575125838
0.0905146094537796
0.0720142874969564
0.0992388881223307
0.0876095247629911
0.0973354682387845
0.0881757121553852
0.104566330546062
0.103002631845852
0.0879331631361116
0.0686403098321837
0.0598827237995015
0.0770553805096418
0.0899613069370966
0.0758054696006975
0.076428180516126
0.076893274878545
0.0759324537121532
0.0851818792225608
0.085975607559983
0.0984693816863378
0.0593146043898443
0.0613504996548311
0.0606479085879016
0.0879432212022147
0.0854311606806931
0.0644064401150087
0.074138746540458
0.0885797381551124
0.0788926028994963
0.0944955181591178
0.0816015962015266
0.069511916552962
0.0893891141043953
0.0927582121370258
0.0794377703054728
0.0908143877680405
0.0829308636377476
0.071449814623998
0.0772362337057085
0.0610858521306464
0.0732112162364211
0.0833149097036016
0.0643831611871651
0.0775101530832432
0.0894956963246287
0.0646135761953112
0.0738892854765537
0.119604928116004
0.0896161682318438
0.0790381209808432
0.0714923242149873
0.0763816314569012
0.0748080546971543
0.0793261311351451
0.0680091779474885
0.0897725973132156
0.08979395681662
0.069693828466337
0.072888695829781
0.0847915559641576
0.0911482439311431
0.0776735666582192
0.0806934434166009
0.0882962988152143
0.089670732095913
0.0747446473400887
0.0732625055122121
0.0892422789500057
0.0738010254034632
0.0707388795088276
0.0842806263139046
0.0851445067556031
0.0630235475864727
0.0758562303654673
0.090552353284426
0.0967697339402006
0.0767646215582128
0.0711948004873495
0.091520432725778
0.0762613396584476
0.0768542668493744
0.0666313977486774
0.0823803891544013
0.0799567322356187
0.0787192195236736
0.0755842374042451
0.0705487643364438
0.103336155421392
0.086693148708551
0.0790342448476641
0.0904115231207786
0.0829752736700694
0.0883542696561685
0.0897805056773296
0.08671470394645
0.0762899284363923
0.0900518965879391
0.0911089317234277
0.0919714223929118
0.106761174186082
0.0991316917846864
0.0912539601658906
0.0873323832960947
0.0945300906246253
0.0853978417731947
0.0680689131858562
0.0789041672527951
0.0632112323373332
0.0860657923007133
0.0839641272106277
0.0908219382736249
0.0701959999215857
0.0727706858057396
0.0646935039410457
0.0804511159376516
0.0874420622661714
0.0821148336763103
0.0942113071174032
0.0856554531454172
0.0948732976235556
0.0768873995818644
0.06054332039753
0.083531455812312
0.0609153451008244
0.0568531961345647
0.0705905731092115
0.083135074410428
0.0733684093739476
0.104414389365883
0.0691778139953446
0.0730046808722223
0.0741352393190022
0.0829623770927542
0.064991571173204
0.0592569630349092
0.0957260854921038
0.0806231521063163
0.0801437501701774
0.0774571428186508
0.0704933048661436
0.0813670781232934
0.0644808823913733
0.0837671396920973
0.0900621905750929
0.07980128899764
0.0877430771851213
0.105607454889267
0.0924900824419798
0.0932309436806028
0.0907436876594513
0.0909059732395463
0.0738647424045643
0.0863316953343874
0.096533133484773
0.0822415211268865
0.0720098772742125
0.109650328657152
0.0758258287894635
0.0709677587780672
0.0795582127975949
0.0725268613851944
0.0853283873488417
0.0890976542623263
0.0616613149784186
0.0834848555687769
0.0787207944343874
0.061083125834013
0.0708980080035939
0.0696975942498827
0.0615521417521212
0.0817465391316299
0.101048726344434
0.0735355857741149
0.105883796195314
0.0779217540162171
0.0825907273816661
0.0923686610504991
0.0876254769493151
0.0707417111912871
0.0688606448987923
0.0957749486804664
0.0844490633350559
0.0864406959424948
0.081705899606408
0.0843052197624514
0.0610094887759774
0.102099666766061
0.09845667620392
0.0798475204123936
0.0797964161355016
0.101081880833472
0.104504610139418
0.101146742804278
0.0637917030690233
0.0931296258714559
0.0920529812604235
0.0642169066852693
0.0634519473916649
0.0761541575899169
0.0785414914209565
0.0596321824358024
0.0839258180228469
0.0919384265096755
0.0644290601713225
0.0752223759816948
0.0844820085789681
0.10750623075943
0.0797150239337542
0.0676282435160602
0.0820525832730854
0.0737948715583777
0.0995101357254893
0.0771404516802657
0.0926147901924874
0.0913696207091936
0.0822510980821028
0.0583866150498076
0.0881272075180642
0.0664139687006825
0.0830172513492729
0.0751419691378785
0.0788815459220551
0.107217553708413
0.0953555365125962
0.109230031785046
0.0735889347542465
0.0895246084294597
0.0888559380651117
0.0955895112115548
0.109888101828772
0.0785176567188391
0.0631245631684939
0.0963659300221117
0.0886385029155508
0.0800783113643344
0.0836345534243669
0.0885372213365456
0.0754741197194126
0.0619542529175203
0.0655881024285301
0.0672480503588862
0.0903479698208063
0.0641113982108491
0.0735334305569893
0.0691257115452771
0.0795155888135803
0.0841407349572627
0.104384107309751
0.094780560239535
0.0591319581037644
0.0752348908770353
0.0959466524881948
0.0790339438352201
0.0831458486986639
0.0714063833658455
0.0688221765521974
0.0817219981806378
0.0828052550316608
0.0718459108186035
0.0741644136884382
0.0990090948533597
0.0798268987282915
0.0650407918914356
0.102786646857559
0.0949366620931259
0.0963043793705932
0.0971029034734553
0.0814428614603023
0.0732472805360379
0.110844971628148
0.0815395754865921
0.0892813500756481
0.0826853686975271
0.0756751097347633
0.068093364399268
0.0834716018356244
0.092285061604287
0.0959587690077391
0.0656009693431595
0.0651554690547952
0.0617187608228463
0.0579317670928733
0.0721121548672737
0.0846084166732946
0.0948536510280945
0.0687211478230065
0.0795714187871794
0.0887019658431972
0.0839715497753829
0.0706072901186232
0.0782248034767935
0.0770802490662219
0.0729938414728098
0.0761958485670266
0.0656992372761573
0.0621065809506767
0.10065826075626
0.0761467211694005
0.0883386725148965
0.0616524928274326
0.0697509826441436
0.0785913680323903
0.0772095331392798
0.0895755856049205
0.0771218196874075
0.100281888186376
0.0815395790583807
0.0728246743106178
0.0981746049355662
0.0910566661980628
0.0903381182498542
0.0628461729306339
0.0754413376236392
0.0830795916503309
0.0684163422743651
0.0812265031649041
0.0686823312508086
0.0879020291488222
0.0879892763571733
0.0864416709106712
0.0750336315983825
0.0834121856147029
0.0831791287488922
0.0990024019599945
0.0762045312108386
0.106971120061999
0.101253531540535
0.0815413645836129
0.0733349379386649
0.065269184140916
0.0783110085022111
0.0677574515311031
0.0735004491894267
0.0646953889095309
0.0798726104030707
0.076364569306408
0.0947119027739386
0.0913864470426859
0.0923759058949808
0.0661415246061857
0.0866683399511168
0.0858050864806099
0.0781253969154756
0.0688020400634424
0.0847434412550916
0.0694742726476509
0.0596906809074464
0.0860212906929091
0.089235251588165
0.0999306458442103
0.0993851037939413
0.0715461691193011
0.0724877482359069
0.0715751898347267
0.0852998156065745
0.0852177140077714
0.120944858384357
0.0662184222538372
0.0719513459581
0.0703166655241118
0.0593897609373536
0.0903625674316026
0.0909362312648054
0.0714754937357984
0.0633050200717407
0.074889182679387
0.0821134116627777
0.0599228649703333
0.0908543594814121
0.0937638144712244
