0.17
0.131187307966899
0.138539913802384
0.116167599681879
0.133439698028923
0.153830966687529
0.128205980662152
0.17027354185918
0.138917421661643
0.158934504153117
0.19085086850597
0.203965807387167
0.201095501165253
0.157708648545249
0.184651262468684
0.238507593031789
0.13815785158968
0.179703973437545
0.166743922953454
0.206038991972489
0.184418015338885
0.205782889494133
0.203266743163129
0.19939645157742
0.167129494277974
0.168641507473716
0.183035461455231
0.161654831185955
0.199769194112382
0.202145987390587
0.168470594298875
0.167806045028998
0.163068881256601
0.213781717655894
0.213850451125175
0.186719210647277
0.187638606592207
0.201354841086203
0.181147714498157
0.199558976447518
0.17846194552085
0.14219770848642
0.200007736365307
0.22936650164223
0.182562049523795
0.186897712427685
0.200137441615418
0.201301596168065
0.226716483871181
0.195059523343177
0.177212435131632
0.193201310578285
0.171401518807852
0.190163007737233
0.17615122768643
0.186565511371877
0.184805759966278
0.174094272767628
0.181450459343824
0.150322841282492
0.196297728217043
0.192483000369852
0.213142145630447
0.191948409991365
0.166200116477573
0.163384635909659
0.154032526853395
0.177176778642291
0.179378428233192
0.192950592131127
0.19443674019484
0.176929150932447
0.181317206098647
0.161113958465811
0.177706819047631
0.169770464416562
0.150593525928031
0.165937289123418
0.157211612115964
0.170877608105191
0.156747617156549
0.156498770768809
0.151207354156325
0.170767114393833
0.163669199695138
0.195096102112534
0.1491662931038
0.202947558244112
0.18699036102066
0.181092592415858
0.207352698699289
0.182585553335123
0.181514722602705
0.192424598345215
0.202543260129164
0.203145904310431
0.14113910236851
0.212685705603397
0.161057695134672
0.178035247451117
0.165088923371124
0.150667850145738
0.158601723183839
0.196235386759974
0.182808611469078
0.196177234509841
0.166147881308965
0.197010158461913
0.197551439731787
0.179158546965005
0.223372543249651
0.225742586186527
0.193116142470405
0.177975127400398
0.207945545778392
0.241372471506737
0.222410890324204
0.172780615879655
0.222825033860731
0.174831599787381
0.239260468462398
0.224150191104722
0.174406563765415
0.164075490178404
0.160484251595597
0.142569599240934
0.177987320919539
0.206534810282913
0.159396024632942
0.161041730591917
0.159215978838958
0.203141629979013
0.176702127754869
0.216238077778793
0.190739706718324
0.154949693775912
0.165163902713784
0.173852115564227
0.218089414399738
0.181827510551221
0.215662097317109
0.205346383613151
0.190366863781225
0.163163112908383
0.197619688478088
0.197616201603228
0.205541957062967
0.192299026450666
0.188551610351516
0.162612983959487
0.163341096947724
0.138869728618449
0.178132308427312
0.185438064827793
0.172339293160676
0.189800137152277
0.181482263785922
0.157952488842795
0.14757530967828
0.144044589136322
0.178787310605339
0.195582419412653
0.178521033649359
0.197373263604983
0.207297812314661
0.189676996940678
0.199397229337401
0.211694696332311
0.170828613157853
0.173469309734989
0.198835406992243
0.1530961232989
0.222244490505121
0.217145344897757
0.195926929925887
0.165521039851526
0.198343495168544
0.183210102639519
0.211127903028857
0.191118384742727
0.2001962718534
0.205445319911569
0.180613270411673
0.137867252536114
0.199373207008561
0.148180776029251
0.193032341296929
0.17469185613455
0.16384845307488
0.17549886190941
0.164817937435368
0.183758171651804
0.199061622867798
0.161539960451325
0.196770507166311
0.212842254515888
0.162421229262169
0.161257556282746
0.230658188430485
0.205541787523983
0.199193152112779
0.148539590647286
0.200850179136941
0.211116477590322
0.17024427573852
0.136211050628138
0.185976988392592
0.168373833482133
0.263473189413093
0.220719875434219
0.152777438663586
0.168932218643644
0.171279510049783
0.146609130048188
0.202472642756631
0.165068388917888
0.170302312851327
0.166992936166643
0.182363978972487
0.155032010320179
0.148028310237411
0.167311087488796
0.184609239053932
0.168235734882493
0.144980068136955
0.155698448437997
0.215877854502895
0.20117306104202
0.170646564450788
0.142878669923883
0.150222137397264
0.181331866980781
0.162630735506625
0.215637088767542
0.205979584432904
0.157283280192412
0.216004395467601
0.16469598975224
0.13071084706002
0.176940969212172
0.14726242292157
0.179205677627086
0.166454562548745
0.159284432663421
0.175430560313744
0.180861547529836
0.169000332569839
0.187145930431018
0.146879055179174
0.172455979948305
0.149304117818735
0.197564492501009
0.189224391723985
0.184352949476318
0.181798207023204
0.168920440871381
0.194590265078786
0.16892111572508
0.143753808257458
0.192023104761326
0.168688764096548
0.199568337654731
0.214533974033579
0.203853869471812
0.188638335168011
0.164724671127207
0.170576606961158
0.186956893850712
0.146466225860203
0.20483652670188
0.148025698356021
0.191649763977782
0.1868350573682
0.18021525811309
0.167237621716442
0.188745036892384
0.188431709073856
0.168651450962413
0.145187470290167
0.160699755715652
0.194073147963055
0.168262995752482
0.188506666640576
0.130537227138506
0.139166736092992
0.177671645525845
0.152977549171846
0.177897134552104
0.145788677379489
0.194233911864319
0.14144967742842
0.201186202644022
0.162457912542662
0.171926633833252
0.213840532482412
0.179696137108254
0.201263165345797
0.180388009234804
0.156255983496427
0.200877339701882
0.175514052942063
0.205988616464185
0.144123017106676
0.155071173271953
0.195272742705909
0.171279484810577
0.139654335154766
0.166473287796149
0.200191023168076
0.161530431755376
0.211519183626147
0.178514174017689
0.191436160232303
0.21143801479077
0.191646909805997
0.172619331204488
0.162432984505877
0.169716277486332
0.20265239688401
0.179581312827445
0.184347206373467
0.121167377401714
0.140422476968132
0.135857678234427
0.17957103762831
0.184039756299811
0.183919517381357
0.21122467554115
0.171525103825736
0.161109307870989
0.205122827910863
0.164440172397778
0.184874415489645
0.185130564985118
0.154064184557354
0.182591633702826
0.192740803143625
0.178435294472061
0.244785660442986
0.154401905290607
0.187589781777663
0.195529486680704
0.196639620465145
0.204177075177833
0.16100063677801
0.207688103097158
0.171061220578225
0.207820277910911
0.171750421056932
0.165904880755429
0.175291029848785
0.142244471015
0.158746663624953
0.18640125479623
0.20616437313662
0.149504501931518
0.14680965078429
0.150641319697439
0.223551023371632
0.171669573746465
0.171574966265519
0.159595386747626
0.161745457170775
0.20924422838133
0.164989357362306
0.150703132554177
0.171551073108884
0.156268881552806
0.189781157765414
0.170706550504998
0.133303482699304
0.155716922217175
0.153555295763931
0.125254967245938
0.169169809080861
0.191020313752514
0.228807587804237
0.172339428538468
0.175234537104715
0.173891158862774
0.188558473201051
0.150768669632749
0.129633147778324
0.161856715799955
0.179559803847692
0.191028382416213
0.170520961975525
0.201046200687458
0.201407248690611
0.172956093548244
0.18760020882649
0.170398882616127
0.168065893600307
0.176673540925335
0.171809999359862
0.19701557231906
0.163624031293796
0.157358641850418
0.152558830178209
0.177681956134024
0.209264062829312
0.169417707759793
0.154623499463515
0.162552191926428
0.161587024591749
0.192978686173504
0.140315539634606
0.187766097049185
0.192174778675042
0.164449782979402
0.163939863243658
0.168471871646682
0.163682688136366
0.196572501288658
0.192282880958949
0.174734202378474
0.147045306781848
0.169119954557272
0.19940144322159
0.181929006718586
0.15963659997083
0.173038474936884
0.172097589313154
0.177857165484575
0.173590616650749
0.229479001106396
0.211140390039443
0.22120729313774
0.237009954675189
0.194556188560015
0.2016429641435
0.213498866168192
0.192414901964447
0.143664320549387
0.173845509733047
0.225216083680462
0.152395272130107
0.164415119798829
0.163823310438741
0.179721892291226
0.1962753112898
0.172524389826017
0.158189621508569
0.147526086353662
0.209232367286654
0.162933817778949
0.165568800780851
0.14584562009367
0.173934662638273
0.153954817703655
0.182330150164186
0.182205173618281
0.178066572973837
0.200802654424206
0.176394662779766
0.174782109136882
0.19589494288969
0.185020124645301
0.178673226667832
0.180804391111171
0.177472915628905
0.164744225148023
0.183067613540574
0.173456822447664
0.171622756311601
0.127937816919276
0.164071651906535
0.213181398845034
0.176494270900915
0.212729467558452
0.236732470233359
0.166036255296548
0.149912427775415
0.209226794673344
0.166357978325757
0.208680253132623
0.214219630472883
0.197821141883867
0.190942644123737
0.161641984573015
0.156798734344397
0.176011697491652
0.105671532505164
0.15525952427446
0.178291445132429
0.189851688155691
0.144839243660748
0.18401984501879
0.14757764058273
0.161017970605271
0.204430295720476
0.164934817456152
0.177822328329211
0.181813537618815
0.167550436215564
0.224276519951119
0.159224690405409
0.150856670872411
0.16152118521473
0.177026857295258
0.165802591527016
0.165608606395828
0.164461734597368
0.18895267860758
0.202784189526587
0.144006791709428
0.208538495338201
0.148184879082466
0.153080798051564
0.193321649743102
0.156574911707999
0.193065853122786
0.204338760682293
0.186431241398267
0.192766133848518
0.171919488761241
0.18638492071896
0.15277936645489
0.243367966038715
0.188246864524503
0.191595178235202
0.192106186068954
0.157782050050416
0.171450077609589
0.183341206777513
0.191860851934806
0.134955985358742
0.147532580892479
0.189698945806848
0.17893127626606
0.192097573539875
0.168235338455403
0.181004581135706
0.194814960180701
0.159242061154946
0.180220961887162
0.151926257465645
0.229367939822226
0.199159749953398
0.164822923731245
0.204563069652442
0.208721372546491
0.148894011826755
0.186950733805074
0.17859456484412
0.155451709730335
0.1748255116358
0.15346183728843
0.22015200243252
0.190859759011661
0.125510246410073
0.179606196764716
0.133686125843808
0.190226179204166
0.171407206268767
0.169741963314619
0.193941110982875
0.117376984667459
0.15535958564303
0.175500586451645
0.152219931118882
0.206653980793852
0.189673729450151
0.197609383013047
0.188961406355111
0.156124964942654
0.14296974333367
0.181422218665934
0.160885166663898
0.165706230991366
0.122749245656883
0.169743818501666
0.176505825874699
0.14471616514164
0.163645081139723
0.149415394785999
0.161970963858429
0.150444478073528
0.131975558957639
0.123573364204901
0.133556286889156
0.14635450113018
0.171617901336572
0.147284397472991
0.170305238717674
0.195657964108429
0.206458883793749
0.181541525063983
0.173893389422005
0.163800644656076
0.187747361639076
0.113992645904056
0.187766073983957
0.168621429250989
0.160926354518327
0.152049589230124
0.15324600730072
0.13903518442728
0.156382809536466
0.17446524706195
0.19490122717479
0.168936842749539
0.161895018635098
0.174883088234301
0.234620884260274
0.207368388547638
0.183896604868254
0.168328103369814
0.216339428107021
0.200603026736462
0.149438149412485
0.191617749713117
0.195001846041224
0.150640122238865
0.186269312329807
0.164771681819235
0.168530452527858
0.165424008276705
0.179472745370775
0.177866181386348
0.197505465563665
0.207666002380705
0.179568982304124
0.186578595251611
0.199689090690029
0.193527156128153
0.179199283739899
0.221940092273092
0.20878575518867
0.210590502853154
0.222614786272859
0.159506660996479
0.176862140879857
0.213025823173809
0.176588662639816
0.185943736991229
0.203993554079969
0.198013918612053
0.166866091926722
0.185449367795631
0.167941820778866
0.1992803498617
0.174909560814001
0.176235253968604
0.202679338414415
0.185105197729233
0.240116988887498
0.190517575129114
0.236483577963883
0.150620401323077
0.196038672862326
0.198975572003163
0.19800255284289
0.201789585034618
0.170324894125004
0.157155808841233
0.201560186218793
0.17139704517483
0.194690121320659
0.159715203404577
0.17086131152298
0.181967220192836
0.213944710200559
0.188179426525484
0.231462056819542
0.188222526741271
0.194438575919347
0.214866418531359
0.232537322189525
0.153523515301475
0.223271629935444
0.208635030554821
0.15877768322953
0.153920298306728
0.238508108684136
0.131285374216409
0.164793032897877
0.209487146823711
0.17795065762114
0.192074507717735
0.182060818574822
0.202856392454671
0.16127138984729
0.167465608593545
0.158636183160722
0.189241670608819
0.190300883909971
0.190187161938573
0.200757696656087
0.134809844568462
0.173685095241419
0.170731699422466
0.144038796202807
0.167294081322604
0.178940775770494
0.182923178723277
0.212948472157303
0.171833667840307
0.171780631719259
0.195283041798433
0.173105872824575
0.172885200735221
0.227962824073124
0.204739737493432
0.131571447074813
0.150116137857485
0.210639178716412
0.171899055261279
0.187569636625761
0.179636845262098
0.199958703674411
0.204295767677355
0.175743942481066
0.182284300602272
0.14725870238602
0.183760672429013
0.182929822541631
0.164804399111821
0.176894951821488
0.195518401378538
0.225303527049209
0.219727430643288
0.220148737456672
0.18479524965537
0.207782925941049
0.146074543021561
0.137142435113027
0.183590782404654
0.184660163110189
0.212355537056442
0.166829457219818
0.147807669916494
0.166556029095617
0.168931303435553
0.177161523783886
0.165830994441943
0.156120675744963
0.146474319268503
0.160021812122524
0.229529887271019
0.205258142274726
0.171329565628168
0.175370477991045
0.150160796984732
0.154203090361794
0.180903927720915
0.19359098767452
0.219584172387646
0.196088786669461
0.142439401265716
0.1946838297288
0.163851553493219
0.184720279984596
0.175915437309683
0.190509006275249
0.163284012085575
0.167639525001987
0.170147644514749
0.163774207734932
0.116157082536572
0.176140168440322
0.149907571039797
0.167395300380375
0.142580730445179
0.191083794353201
0.17192806673822
0.155792579520405
0.134010944485177
0.166470632420711
0.152758680494537
0.17087505457258
0.161756962174847
0.163084067753894
0.145022725180337
0.149300884169091
0.139162234023411
0.171534151874559
0.16240966062925
0.149129021713727
0.18136243599568
0.169939019833023
0.194753015225701
0.193933140943045
0.211430124335563
0.191401782247836
0.127614273606895
0.194042229138252
0.187168095535208
0.166647553758447
0.130418748468696
0.157983336765719
0.191657262734073
0.170946620659617
0.140731354186488
0.198160947159486
0.168160103491576
0.167318060985505
0.196454883893525
0.17919394504238
0.17277143214909
0.217905247786572
0.171493378948831
0.200436095014379
0.224182723708394
0.203506403642384
0.141552275581754
0.174964507575535
0.22588032758881
0.186348505904393
0.210243840746643
0.223305121568545
0.207221146617736
0.160896523719597
0.20572159399984
0.187017857805995
0.195076585151506
0.168114274879661
0.184581343587165
0.191139959526453
0.217050389016518
0.188128339826976
0.180419541597325
0.166501955079939
0.16384849530275
0.162185162344115
0.16401797418128
0.172934605197887
0.157823318377117
0.196589915059729
0.209549704935366
0.150280337021225
0.182337928009686
0.15266739922977
0.200530064149541
0.162683785268186
0.186969754530488
0.169200973771526
0.165470791144156
0.17425401199461
0.164041413487547
0.153914728229755
0.186016364319937
0.193546998948567
0.169976145605658
0.134584366992612
0.183335264929209
0.155100335139489
0.183288441921127
0.171408182393357
0.193595976540152
0.197159406245867
0.183199219847405
0.185751131115652
0.174927342628771
0.192621766564016
0.180945258990866
0.212715202800729
0.189305573702913
0.155608449280457
0.172782654396086
0.153763609753966
0.196706602251803
0.185628066600798
0.171379695857977
0.134332011566028
0.170616693661067
0.222908677109722
0.169675795961281
0.173207348978712
0.204561092482055
0.136850953323927
0.152456652158942
0.162503389349232
0.211470155428082
0.177053106320689
0.178694887538198
0.167684805063033
0.173014981809687
0.159952619348269
0.194493933293028
0.156231123206685
0.152240365699336
0.169356497325323
0.175314527767863
0.153099662193311
0.179130157401279
0.148906270946409
0.208047568137016
0.170606780487156
0.150656535051519
0.206174181319651
0.171990841595239
0.187727132633459
0.202838192213942
0.170318881516613
0.205514249072942
0.183041232172175
0.128495247493188
0.156646257612592
0.223192858212837
0.178576533379306
0.236991639004245
0.164242850993624
0.16847065648881
0.152716377048836
0.184800922587083
0.160646092163501
0.185500885592098
0.172952522510839
0.161850671569373
0.179475443341138
0.167870881802059
0.125989198734408
0.158473411403191
0.190544681226809
0.174711740594575
0.190581282629323
0.172043916789575
0.172509977406057
0.148863992915313
0.176217679007723
0.186169639124286
0.159839676131591
0.149017785087289
0.16200566045018
0.15540321197386
0.175525381264439
0.117687204090226
0.188313303517951
0.180671770044552
0.179485575023972
0.190900025745928
0.184085768400275
0.184406695257158
0.15260737309918
0.166330401210764
0.13103709216273
0.177005791976185
0.182191989704404
0.155320522996206
0.156278084706064
0.180646463706623
0.169969126049551
0.188549907096954
0.145140741357177
0.193456294957349
0.129962579491732
0.164824597960834
0.150257049390643
0.192685168780647
0.181582011703526
0.197904145338074
0.166783692195924
0.156080593490871
0.185226928545822
0.166506902436983
0.13942271100962
0.177250926509536
0.16519374527641
0.169947302997085
0.132834613994875
0.172168804204798
0.171451725884195
0.185594576499782
0.197015552714893
0.16588977745519
0.178621944649193
0.196652794549359
0.192934980613964
0.165492266888805
0.190853379916794
0.149176454957573
0.159052145177979
0.160855355414677
0.2044894669482
0.160244300636423
0.175037872687422
0.184689455729306
0.153387026751936
0.206705313096526
0.174486659922994
0.16588287755071
0.19193623108323
0.151131211704926
0.184274250546309
0.207796933769103
0.196722454364601
0.199119827847358
0.181584022915712
0.136186329637061
0.197657212598356
0.179672458180496
0.176347463461339
0.218657060943636
0.218817237788325
0.225464982686984
0.181314705100453
0.157808825150368
0.170704695755395
0.19833127023841
0.20460648350777
0.1408017906932
0.150553213254268
0.178569290832435
0.17678482717817
0.166293241834868
0.150299211701803
0.197990173185895
0.175846386980151
0.194191040953506
0.159987090570778
0.156767981009423
0.157163345677736
0.192064998275554
0.189739393415334
0.169614054132235
0.152537952502485
0.176974499407122
0.18858735897338
0.17990805689607
0.219451500077134
0.208941314494229
0.178276828500008
0.133033768889586
0.191175956293116
0.186583422103844
0.181414886830628
0.147314388160422
0.147523954284857
0.13137424399669
0.162631467758677
0.139366054250169
0.232991885627263
0.166895625924326
0.189883522733657
0.189840022380668
0.192206585366938
0.165541454194301
0.209022768725638
0.152170014000233
0.238251973997341
0.168471062681089
0.191188101031306
0.177987623550678
0.160648098040801
0.157542624791581
0.197306097220294
0.19197166359646
0.183008057709147
0.202671102629281
0.168429654165555
0.212034342273846
0.176349182971147
0.145530615755981
0.177217907451403
0.166943776066625
0.198518016312577
0.209801248250428
0.212212826712582
0.216094867387169
0.169714932608056
0.168821686589992
0.192242967776495
0.163869814894067
0.167338718252138
0.17040930290288
0.164646223638581
0.216603220656674
0.167012026095781
0.166369076835718
0.165935098882464
0.184315813747762
0.173713400792425
0.145256480902406
0.18530540596128
0.211741517055663
0.192433907805787
0.196773727612829
0.177225021205669
0.115866375292298
0.178439501101673
0.132859813798596
0.12925842054397
0.200274070336115
0.15297059576827
0.158387386116946
0.164866364477597
0.146363882198353
0.154445136804645
0.21274986665854
0.175857829689878
0.173204434047276
0.170188308877702
0.171933440700606
0.133720032140637
0.163391641182138
0.170979275207837
0.160792164910199
0.18432865652701
0.162884121281817
0.183671947758432
0.195637702149707
0.214441951573384
0.169683209835108
0.181254706268215
0.180960138079133
0.187163304554924
0.157421162693642
0.224251480858857
0.197152380036323
0.188178645341707
0.164222134705242
0.138266132314322
0.135244912979699
0.14227578013534
0.218205639878827
0.185327413164935
0.182096038637688
0.142833608293767
0.192767558010212
0.211941032648199
0.139358947645358
0.123548162811006
0.174410341308903
0.148864618430662
0.164507186767563
0.20710859778561
0.21619757064907
0.177910215025126
0.203366844744563
0.190506653372983
0.215637073726254
0.209000338325787
0.181784896136063
0.207307838069267
0.15588323470528
0.210601727240208
0.192655758308353
0.183386735735824
0.156339705642666
0.185571420713654
0.185870229275286
0.16628445384303
0.144391542031686
0.185720941210027
0.195601271587173
0.183662117398701
0.224445246784903
0.197548314886854
0.160703855297147
0.16395637357749
0.180452730105696
0.187981027082653
0.200415718194267
0.228868662264566
0.200935213738162
0.212163698574318
0.189266136462696
0.199457256106544
0.191970560726971
0.204457695837181
0.166306351622128
0.226197128812867
0.161605717799044
0.196303761787915
0.231791453574118
0.173516560708903
0.184496994034756
0.189362207513001
0.15938418631188
0.186127584539433
0.18328970463198
0.199099051609656
0.174789523380458
0.182862784802808
0.157259407155303
0.123932091339522
0.170512134355344
0.144727443365453
0.178533284554821
0.178034189700389
0.149485090598647
0.18422988719334
0.192326262356976
0.161822157553234
0.229834461985241
0.217688561053944
0.177263812808852
0.216066278491451
0.213062091715489
0.173259118246598
0.183622565558126
0.162504519279083
0.194879914207458
0.200683558580525
0.192803663841814
0.152461150126663
0.130482067565856
0.167341423442348
0.143875782419731
0.202950232388216
0.186354799042047
0.153880857508801
0.198647832866728
0.158039027189595
0.167468160187012
0.178779388612051
0.166052316466271
0.182083303425091
0.183390440571062
0.155574641670741
0.179088787209836
0.153691524178559
0.14993267376133
0.179146614383916
0.152356866086254
0.231834887977295
0.177317857628735
0.178583625429821
0.222460335553034
0.210511551961971
0.192516341505847
0.231903131443151
0.164089244343107
0.169758463645967
0.186772596284085
0.17687413375304
0.102142462104789
0.153473971379716
0.193170471364184
0.154960441535606
0.136456818549277
0.172128462614334
0.200782054127622
0.174016343904508
0.152254652864318
0.186056951558006
0.176245575613351
0.165497045086164
0.185954441213035
0.180197362682947
0.160806270647373
0.172190648357555
0.136935579535514
0.179545528879701
0.204926092736785
0.200901139606756
0.213679805013602
0.160268087544855
0.176785457211049
0.166957514989541
0.164576798863145
0.195773963751051
0.141449933527761
0.162110232324202
0.208249414598535
0.189227447060368
0.182566987872621
0.190325283637128
0.179918689054217
0.151836945912482
0.160179263736729
0.157313033887702
0.175580411105202
0.186552886501764
0.21823458736509
0.228122624414392
0.225804460222618
0.186393550537273
0.210485039009528
0.133255179055066
0.154789794430711
0.16119423519433
0.163594321050564
0.177236725423825
0.153485693106604
0.16221266710731
0.179911009594394
0.190385305745109
0.169063884950017
0.117680462930401
0.146867974507403
0.209847736935892
0.20911415028193
0.158427465576061
0.207091739214392
0.164864580442093
0.197797449208088
0.158700129070236
0.145946302922726
0.151686223460619
0.178532513895405
0.144525464729689
0.161878390518905
0.142643457395923
0.200093342386006
0.166852793609924
0.129454992280391
0.200776991122296
0.184764070812262
0.172816391994177
0.200284450125783
0.147005210545073
0.178389913422711
0.175939552188988
0.167770642575494
0.191551734988863
0.183481659302176
0.155674533768047
0.138149218456606
0.139377928933338
0.17245216274555
0.194223900103249
0.167711143963885
0.18733788041153
0.206117265400991
0.160733919651362
0.135310277373089
0.175134293579651
0.1808131150807
0.149258576543371
0.166245811976625
0.182516947945837
0.198595737445068
0.168586184298513
0.175982648017014
0.196973795212463
0.211881241918586
0.188878030271984
0.20111199544049
0.145964242470056
0.157326022711097
0.186941232296017
0.180620651798358
0.174262849578517
0.194190672085864
0.168319286424401
0.170052895389153
0.146839173310189
0.188449614000134
0.190107399105939
0.153655744220946
0.154874313048485
0.169713408535755
0.186391671016945
0.172899686631056
0.154048869853953
0.140922489696903
0.183715504161297
0.186161460870614
0.173575504096091
0.188661078540625
0.143838525817406
0.171958995498553
0.166671288411933
0.140815622929872
0.144090909445465
0.157183100025825
0.146609586191031
0.158344015847706
0.138946259765259
0.162366410496419
0.136032418636452
0.203245020428259
0.151336492041083
0.175463344548193
0.146039961312557
0.141844024989611
0.146447409150067
0.162578320102812
0.167620370476027
0.155171297153184
0.188790497966609
0.15740771328369
0.161574596705759
0.200708667729342
0.168407573081334
0.236181298619577
0.154840508235975
0.170972140405471
0.182746865298318
0.161110064704288
0.203330616156679
0.182238518269794
0.183145480767189
0.1506305334657
0.137362014998312
0.218732237672901
0.171012447709732
0.187209182671957
0.163118356119411
0.187767951049467
0.181079823273139
0.173010892903484
0.20250418707479
0.192070578137856
0.135115296821018
0.154875919835813
0.146876280590935
0.147962850136979
0.152379547018937
0.227727640789561
0.158437218112231
0.178589898080489
0.149485525440853
0.157594745500862
0.174462682512091
0.177310632338235
0.143983335678223
0.157208386740966
0.17279515197411
0.162645108817567
0.185654554217392
0.186791827866999
0.194680441067099
0.162661770888797
0.176259567257829
0.167644627662514
0.153567745751903
0.1506331437888
0.162025470793066
0.179208319173528
0.210943937855943
0.168475633269978
0.19714873825825
0.188806158337601
0.17978542971185
0.165780450900105
0.223021384051224
0.193556011734457
0.20031531484262
0.222838293021249
0.175572947168905
0.141086315826617
0.136697741630618
0.178091171270713
0.217465992638151
0.152900129983074
0.168685652624081
0.196637900342707
0.136349651505729
0.186378683959678
0.168225910630167
0.18576554150403
0.161742224570529
0.189721218998862
0.168436282340066
0.162487354770513
0.192688514654663
0.189179482334625
0.190113246974714
0.202850394115837
0.189331298401745
0.192022910297848
0.16113076179525
0.19119804746257
0.162636405604579
0.187551689850567
0.165055225317526
0.231224256945894
0.21975507095506
0.167598622867588
0.169573510850651
0.169151244900014
0.186449180684613
0.176885155138643
0.139890600021483
0.183525938324775
0.174721407468192
0.147456461460449
0.154164301185419
0.181566587395048
0.189383238867626
0.205989747429076
0.210902508889664
0.197613772814303
0.190336726548786
0.15375908239184
0.163885238047768
0.163381447398142
0.170549739708548
0.151016337541214
0.136132881600953
0.172041400195687
0.14467119387846
0.168197710562383
0.162370704041445
0.209621445987528
0.196875484655946
0.207970975649962
0.178442763884072
0.171176920764385
0.192658065575291
0.185675745704971
0.199654024495555
0.201957248155861
0.186931146622816
0.167170566255928
0.173885970713956
0.184037201815569
0.192137139181185
0.203281607219844
0.177338147180884
0.181107164978279
0.195361392798332
0.191318608429917
0.198962134723899
0.115886736120544
0.179932913212193
0.202473865817183
0.171895095254275
0.101674033979655
0.159875876235105
0.215549708367332
0.190097208888137
0.202519240868839
0.175395926762546
0.150573845997869
0.163458177490603
0.172601112304428
0.216428606546061
0.180411201660511
0.192970495080212
0.182462396436653
0.188954445189087
0.161697737646545
0.192483329290557
0.168240999398282
0.161228906582453
0.145608369513349
0.188483999018596
0.185239424010183
0.185021580157999
0.162272127960945
0.149548885420691
0.204305873009361
0.192309159262421
0.214693267365955
0.192370644653614
0.164818062080469
0.207560878568965
0.15256381975488
0.191988272506428
0.157385017627421
0.19420039142834
0.128318426786231
0.14892954237625
0.185703694544302
0.163301800289877
0.200528511310675
0.163463670097218
0.192642747520856
0.176913339273791
0.176345772783048
0.165343841680889
0.180214836096058
0.19910208531782
0.191610096358758
0.190536594075667
0.169427157637232
0.166235940148401
0.168376893245123
0.183248973190929
0.187518068458543
0.139134533279822
0.188006560856369
0.165659904157908
0.160009846187253
0.202266426645266
0.198538057523861
0.186123691076363
0.130200200105468
0.15536325267924
0.169504417699562
0.176259794814735
0.173014469909858
0.171094630343219
0.240490490826631
0.165456626962989
0.169416296360503
0.154658179271528
0.166459946929617
0.175516618275377
0.193414325224003
0.19210233436085
0.176388501523366
0.1708598500942
0.161592643799262
0.165628861545055
0.184080247255832
0.202074799414291
0.154450920151575
0.172660890189556
0.177911139055863
0.173707911107832
0.178479009308763
0.187783533141878
0.20597828742461
0.221467238129161
0.159235001616906
0.180276341576634
0.139850184375195
0.168356514686892
0.168297353791537
0.201439653710827
0.220621070740377
0.210834488227444
0.161852678700579
0.184936912115707
0.170253079624324
0.158160766768737
0.174656194561998
0.190829208745954
0.191750885894605
0.19902106839683
0.177307767045003
0.184049843515142
0.202229177123591
0.177794511022547
0.194628824224164
0.236554136241179
0.188863116020792
0.213585801548087
0.145597693798191
0.186102955819659
0.182717865249802
0.161925568749662
0.159513129038194
0.197969781270986
0.18958946367905
0.189079144476708
0.174282567599992
0.193624716573042
0.168671661690574
0.212271638465545
0.164964523105393
0.144842106886729
0.161555834635823
0.205093404202808
0.185106134598105
0.148635766933015
0.149071297993813
0.148156365065351
0.142017475305229
0.200482413023479
0.183041309374968
0.171818082593678
0.185208279916832
0.190935705115752
0.165896381112795
0.176705505667445
0.174075154238061
0.184946522235034
0.208419532173107
0.196000606323801
0.164489192683618
0.150196035789982
0.154960407422717
0.184808264767592
0.222029199949072
0.172074180829954
0.14898565936131
0.127364594796756
0.160349274563321
0.158081560109047
0.155019137488033
0.159330704017945
0.199121019095736
0.179228776054121
0.191139463921553
0.173710347879938
0.177732304888484
0.194614870465175
0.182580026724993
0.181930118682738
0.17433414542671
0.124823228695074
0.149241683579718
0.151017171926616
0.21361575910748
0.187937925190409
0.160571584181021
0.217321126553862
0.195087782461494
0.184543420644217
0.169835124020319
0.210921867748161
0.150908711140938
0.17361557430343
0.173205267377749
0.182793128431732
0.147534861458001
0.163970415827479
0.144448641658046
0.234252984653845
0.179132432968105
0.148627930675398
0.153060075148088
0.179166485242071
0.152199405943322
0.198378573340106
0.172615722017333
0.144560085500645
0.195351181416329
0.152365389317031
0.180080347118191
0.197842071909087
0.165523589765627
0.171819326828014
0.171127138232967
0.156683059575788
0.166369733775459
0.169745034501741
0.178187365536896
0.172953373408912
0.171838983134156
0.195069087239715
0.164076856497744
0.139778436794741
0.164833417667486
0.199666487414472
0.196215979442077
0.16453649825378
0.202328118352463
0.184843375976737
0.138388460852678
0.194976434216499
0.194573235897249
0.189370744739907
0.151475791946726
0.185910889516092
0.171176088852011
0.204727414806437
0.18820156825299
0.207910669691278
0.197716522269201
0.195386643371298
0.199753822588398
0.210421463140207
0.176275573048917
0.204911910540536
0.148709347602705
0.168206821782281
0.210976416441192
0.189058021763754
0.138754616950198
0.189385622391763
0.168938880016462
0.126474175082374
0.175098727257078
0.168581053651448
0.195444829315594
0.16723972548826
0.187980942655127
0.227774524222001
0.148911251488658
0.168730492416519
0.181456795400905
0.186760524046148
0.139687577473309
0.149920193077041
0.18583497476092
0.202507246550609
0.194189925690202
0.213693575335102
0.201459914624465
0.184395441127548
0.207193474337534
0.212267822195333
0.188718920283566
0.15457938516952
0.184095047883734
0.161945909067946
0.15674810807675
0.182844899755105
0.173826484998248
0.155880463174061
0.137619498633392
0.191522479497663
0.19123170035025
0.199092804408765
0.210942702005891
0.181285291277452
0.171780504252074
0.165776119856815
0.18433183434469
0.145075367725063
0.197415667050276
0.162355277474309
0.217042182883139
0.14369139860846
0.1928464786368
0.186063651245054
0.175957772233704
0.195982675367455
0.204405015246705
0.147151196056001
0.194871802964609
0.183811364525178
0.189771301501419
0.164508746290103
0.175472260070063
0.184167696462951
0.213249846791703
0.173135228146562
0.198403531852588
0.201779909631415
0.173864858432447
0.171536164676692
0.168006873371984
0.19041740103002
0.148530225414429
0.213821395589503
0.194054867919204
0.152432788507071
0.166429295322874
0.1868035861651
0.197007263141694
0.206060719286857
0.128103187806123
0.185316875542177
0.165783228524501
0.189507704406272
0.179893699604906
0.216807835313552
0.202500502602314
0.196609721309411
0.204098516120219
0.216694485497768
0.187061326040267
0.167300103677787
0.185462735391018
0.185522794309745
0.150531960286701
0.161875272018917
0.167290365213478
0.190748353477087
0.146477247985445
0.205679583980131
0.233233420504775
0.192709323957413
0.148024835378193
0.165554278531477
0.182456484789407
0.184127457679148
0.209554700914377
0.148552031725194
0.199345324780893
0.177195686234383
0.215394745340371
0.181429482409822
0.167932456558868
0.224929806072603
0.231437958670839
0.149327569889336
0.131264185389463
0.182585883206448
0.175429604875583
0.199393019530942
0.178107500610578
0.158083145111167
0.156965621753586
0.172451489722387
0.161318315543242
0.185330908035678
0.210177870436998
0.217401073141603
0.193136619951153
0.199578060167903
0.21522870860581
0.226081920124012
0.145704934239516
0.179097015648642
0.185877207904899
0.192304645662368
0.193707671095842
0.142439872886215
0.162553226342585
0.131949540359597
0.158559710234128
0.186190995952968
0.180164197932726
0.181672412239493
0.219531460727856
0.183772804639884
0.177332438385968
0.149848733714069
0.20428759409605
0.160648788213259
0.189271927078224
0.200887649290825
0.154764590223234
0.195242904724513
0.16666231954083
0.211497855757033
0.189873466247501
0.144780051122853
0.174557130361576
0.150188153282781
0.178896010543588
0.132407763587053
0.15584083448758
0.180283961239703
0.175648499694413
0.155371930761315
0.224560506650571
0.120707015903706
0.129462095393578
0.164266286083715
0.18530552487635
0.135091858198705
0.206673656355812
0.173130457127698
0.188167262169278
0.149671108996049
0.211792009635336
0.193494306552035
0.207945559578797
0.180544909784091
0.220945879782759
0.1989669967204
0.188998972162657
0.169131427903865
0.192580370415216
0.183013945577384
0.150789939409181
0.145208735944615
0.155330065161688
0.167866154748942
0.224668836067307
0.19356632000464
0.145208064359887
0.177420879623428
0.156793513678618
0.164444948111861
0.176776312617888
0.161729386656911
0.158227989059469
0.163653171344835
0.165772876941809
0.190631666150253
0.210734062813106
0.191790233076692
0.221915479080083
0.197988405324046
0.195742203137081
0.151957995973111
0.181870905764554
0.16768490667316
0.186650203330298
0.118007488426104
0.180242005216085
0.165442244424143
0.192817691359626
0.168902186683638
0.19413696413262
0.194385704134811
0.151948530320025
0.179601764202866
0.209151079189114
0.222505042811921
0.178475170016595
0.159437262175501
0.186327260783802
0.211797455949072
0.225507367092819
0.214619395565614
0.197828858947627
0.228090279415457
0.178594492344031
0.208460241387809
0.193133125978059
0.181377183187491
0.194898182553435
0.179871540722778
0.153286352278895
0.204712372267407
0.188346573477924
0.162358921924141
0.146571322920576
0.18193918269339
0.202619854059906
0.187292364917931
0.210959560706987
0.209352109439536
0.17442032690467
0.187042023562034
0.188865955892274
0.174240804336614
0.173190251645921
0.195536677853982
0.184119486819344
0.170291299681936
0.165948614780868
0.164867824254443
0.157708534722708
0.142172471575398
0.19995950765542
0.202781532398906
0.182323875836529
0.155060510269909
0.177404618937452
0.198469532281098
0.163608549522295
0.21149206718474
0.173358017895356
0.200631723986523
0.190624807495104
0.165200552654736
0.15705044384406
0.192540034677927
0.215779231729622
0.154476777329266
0.206228808075106
0.206834108486235
0.168499997853284
0.182214933528931
0.18103763096747
0.195825172756245
0.193941857266022
0.148128464250275
0.20133416375386
0.178379242394413
0.16886840134826
0.181541807896611
0.183459777466392
0.171010040879892
0.196645132191186
0.172093312561863
0.210728226585477
0.181393155668359
0.139037481718505
0.178526639560364
0.168008698115866
0.170538668737174
0.170096246154167
0.207587175730267
0.211109409668971
0.205438812457501
0.177454141530132
0.157305504547603
0.170456809001894
0.230620117389113
0.164156601360666
0.182047790823867
0.15691527688753
0.213736492270028
0.152464552711346
0.147953582812403
0.148608468817022
0.208841500550358
0.232557756803971
0.191826584802487
0.177405542302042
0.166183861628063
0.185043574887838
0.206267710307935
0.207068096662482
0.171574576814996
0.183381381943969
0.204004112127507
0.252148786262656
0.197501604721166
0.152377994648953
0.170492705489322
0.170726916415049
0.146875712321747
0.186328560095841
0.19738979910851
0.181999893090799
0.168354235390357
0.177810600815854
0.147362510356644
0.177432404837693
0.184304550721865
0.176460332878389
0.178048226227391
0.16263911256822
0.116928433229795
0.142285123419737
0.190306481387602
0.15823736587386
0.181490036741862
0.224085273696849
0.196419633874822
0.232947948293434
0.16510776012949
0.218900519624419
0.173444994129714
0.16542003749744
0.175458852821532
0.193074575066931
0.206008204880822
0.209058679607509
0.187579277452755
0.17350372468521
0.151143315185676
0.197594386811554
0.241710775117758
0.164761507557896
0.183437778184155
0.184293143534748
0.171187365958116
0.169205884061942
0.176778156434368
0.177695238557913
0.164963817056485
0.195963610500288
0.212532001297387
0.193748786681372
0.19913974066166
0.216968028428301
0.156252714483568
0.147867871655089
0.169703652732878
0.190064579782486
0.161598551290945
0.17184795029704
0.204737417547333
0.154435159127911
0.227819385186442
0.145648439329405
0.195325896512157
0.190087899473748
0.171430531166457
0.199805373796868
0.175793988024712
0.160516734724666
0.162034832357257
0.198726295102946
0.180016040433831
0.185568351584928
0.19664451613384
0.193870963774556
0.193719922799724
0.148485923434003
0.140098546088035
0.208517241773632
0.162330078084047
0.167277763264966
0.150977485467504
0.183179439963399
0.139480572450732
0.181073491215099
0.151227740660627
0.17132522240245
0.204731730143291
0.150656496724389
0.191835778119232
0.176284492465483
0.166753189581053
0.201021140907374
0.196017043881683
0.186099389622412
0.157381704217915
0.200288055549895
0.160747460677483
0.179737890801108
0.168437705735531
0.157166418433627
0.167397741646599
0.180817072778326
0.150453492644342
0.18614207496935
0.192174554482978
0.20275764270516
0.191374810381971
0.193635145273712
0.174887521553875
0.155794135413556
0.184807425898433
0.141783664973201
0.17082982811559
0.159415903929892
0.155467726443629
0.143930683386979
0.165071256054874
0.204315885012097
0.22780086216009
0.194914352259266
0.201781483230444
0.210817266751329
0.145878897723456
0.174967413645711
0.192462663686763
0.210588660425128
0.219198721831266
0.178789910568524
0.189621023353185
0.178249917126925
0.152402279379533
0.167771737962411
0.219318554956928
0.213143990442206
0.185009757505128
0.209141426006164
0.220098146083604
0.174719463186372
0.215732135938269
0.174852639648631
0.169079263576647
0.180040317676159
0.177320515955764
0.189193077148126
0.150968007498683
0.190619417602374
0.180423124810265
0.176145457598426
0.191225140104843
0.168759516215513
0.175318822434298
0.2055043849207
0.192044266695711
0.179647108257964
0.15409277145348
0.179178356359924
0.152451032657878
0.149739823844321
0.150540796563402
0.192526069374497
0.152781924770003
0.142142164561811
0.181243636683436
0.176495800849798
0.167045067364582
0.179447135597903
0.153935497787871
0.176069061979785
0.192089453107373
0.191213179498802
0.167923339302402
0.192004171195021
0.163184099394961
0.195944725666958
0.230991176834015
0.173033715063557
0.190393379937627
0.193126637182955
0.162875984927942
0.183202178297726
0.163147858354307
0.186254499286905
0.193307690543546
0.16365627839597
0.164043456207791
0.184398407978027
0.206113125948039
0.175230360900336
0.187123903603439
0.193591120261388
0.186927979568046
0.162029346073036
0.181045563403181
0.143514641703322
0.124451788437106
0.13130354532882
0.169666781222368
0.192387377303062
0.209863789807063
0.224579154664618
0.153649244205261
0.176049312488665
0.140759294386021
0.178515572041168
0.181907706452864
0.173531321620443
0.172180572781056
0.123458395875021
0.134068395329781
0.195799282651737
0.190472328692788
0.207507721803113
0.196591847231461
0.151110353328672
0.187802119260051
0.201890679550673
0.193943910307266
0.17909062454957
0.117787191368911
0.125173601447421
0.162109611086721
0.168600731864884
0.196578472756139
0.135865020246657
0.147001843525113
0.142405822564791
0.169430155081545
0.176416570078716
0.182770527701912
0.20118148437393
0.176153762451573
0.149190305100351
0.180667104071709
0.147253364292135
0.169131369480352
0.215215635902607
0.154172637379642
0.193929520721393
0.214339315066007
0.176538539692046
0.205920821018094
0.164254247317208
0.156550778371513
0.170509049484254
0.150160059362746
0.205875437707913
0.165303246138437
0.159604077117081
0.140436584993461
0.208649685461899
0.184680675151514
0.182786832023282
0.166851475055377
0.211777832202518
0.204150461573169
0.12506232198185
0.172916260122398
0.177813106594885
0.13442735644545
0.153146876194219
0.153044701889308
0.18136513982652
0.215246404004572
0.181051736753972
0.167581929757917
0.18301447652181
0.139304430531809
0.140156326370876
0.170669754061466
0.172105191795767
0.247510873019119
0.244974408169035
0.204864211851597
0.196757638249764
0.15683303798981
0.156076746875303
0.172581213505275
0.15728189325943
0.186379288911412
0.205085323559033
0.187934042940674
0.184885108789981
0.181968190391132
0.137175248292798
0.139925823993929
0.205361113401642
0.174505135678455
0.176037269936954
0.161645051519992
0.157056810215288
0.16838245579277
0.201715430862815
0.181872362856964
0.198674727353649
0.190381319373702
0.175235189835555
0.213126522841613
0.218727759596324
0.210905733279196
0.168723212769368
0.159931480539127
0.136294497842931
0.142922786636487
0.217564926599376
0.167727569496964
0.187882853958366
0.17489197919408
0.177070102215389
0.185488790890003
0.208729092291209
0.206327603786418
0.1736574498773
0.176943315493312
0.164847167445621
0.192507888170244
0.196281081176433
0.175705314580293
0.140077835687124
0.194964987338006
0.216105238370746
0.185476461557676
0.157225868012734
0.164691852141182
0.168412067852005
0.183736819790292
0.146917779552457
0.209080887817487
0.188498811644917
0.130999565469163
0.153804973244742
0.140749796379586
0.162332438680222
0.198934179860255
0.170568590929875
0.124232422154293
0.184508343350864
0.166891967705415
0.179195122889434
0.178031631392234
0.206288607824838
0.196734800327946
0.182583892959251
0.191484222610247
0.210573060398613
0.174423362061628
0.180156580528597
0.21025312155803
0.162910996227212
0.181021065000879
0.186543544187968
0.206093914493588
0.202317583382983
0.213373356755424
0.15865235751763
0.183650168346387
0.117874472843
0.170393479951035
0.173739797044097
0.153540330975664
0.169254313251827
0.178362209273748
0.162060520400097
0.161798780672806
0.157990230461227
0.166915563023271
0.195359314998212
0.184700713552351
0.186519196820992
0.178308237807891
0.190811524488488
0.199347677761865
0.218185430466528
0.198278132303748
0.167584575807627
0.200370435084657
0.208980922755812
0.190280541009856
0.207580556195192
0.19358938415669
0.165059986178123
0.195653643901039
0.195681767554256
0.159539811460042
0.145474144633012
0.199644912210012
0.169274024252571
0.190309873174902
0.174953040995818
0.165536974306177
0.169574463572623
0.20880711054965
0.201153093628197
0.189338225627951
0.215404238836619
0.189048578758992
0.157566575477659
0.198148100211623
0.194269034392288
0.17974804311987
0.185567889369199
0.181548296345529
0.176976448690637
0.147607690346386
0.168856734178702
0.190988444192047
0.173159840722021
0.193341019036023
0.155341129884226
0.146765450263259
0.147176432914496
0.197139307330067
0.163950518686832
0.185966385304514
0.20467982042651
0.198159312918448
0.19817810909642
0.201049199289489
0.158899303843444
0.205939835925656
0.172538530410271
0.173028772109412
0.204801889417005
0.187735147067814
0.154372782804161
0.184930702388053
0.179837956941817
0.209373239269507
0.192219197044365
0.22041365944413
0.223619475454339
0.211528800628616
0.199398350216378
0.241539024686626
0.210152297025307
0.199318064224917
0.178363429979784
0.194920096512795
0.188738208878595
0.211731619292163
0.195828562347118
0.174682530791401
0.199044223081154
0.22828176342182
0.161802164999311
0.168878177423599
0.18168313831635
0.158273007537207
0.176257809811465
0.225290734701455
0.169532851146237
0.198022261597407
0.196579291373103
0.186173290245162
0.181606623974999
0.169336878027965
0.180297531062276
0.182069399011849
0.184316433119278
0.183076735391633
0.223359483148058
0.172498132912234
0.134549093317049
0.184632685124245
0.164325506328517
0.170389177376345
0.201769973892182
0.184666928950053
0.134984161361764
0.149703919380519
0.149298580437873
0.16300338414492
0.178470199292627
0.191457159337838
0.217672940417156
0.184546326484653
0.18362489634378
0.154554313093363
0.20623056983932
0.129933970686904
0.197412397131622
0.167928871791157
0.209032875983118
0.176746100628404
0.211078101513236
0.196252194455217
0.224198517346052
0.149316560153059
0.186941960067504
0.166673273111787
0.219875292440224
0.167856052568458
0.180288752787687
0.176414433672904
0.196318584165131
0.211091674693522
0.179628398975438
0.178664013788454
0.174095880986007
0.176138534735899
0.133046904723105
0.167908539629852
0.187723305387175
0.203540614352399
0.189905408677183
0.198329750197054
0.199216504832803
0.158511084144847
0.180761351774689
0.163587175378657
0.173031730398395
0.170277930403039
0.181344630682683
0.192555184792193
0.175275652268189
0.127573681863457
0.187153378192256
0.192482985011744
0.148128185719147
0.155681782976803
0.169795735272244
0.169585247867639
0.137734949927792
0.158776295251093
0.206529551870018
0.162041735833341
0.195881081190992
0.180509944187929
0.163213367119226
0.180101115383446
0.193424470220702
0.154680910837144
0.138684237491205
0.122525202467587
0.185606670242948
0.184579341829165
0.157002621579253
0.186711352819609
0.227407816107671
0.163039236900247
0.190766428983896
0.162268062511295
0.208680941991886
0.196993130359992
0.144970445903341
0.199749408820506
0.149599530415153
0.201683108111464
0.143118932837085
0.18027351593648
0.183594352638296
0.234730465095681
0.202669760131312
0.160720927356154
0.177856205107821
0.170533200384044
0.185687841765669
0.203796661031995
0.160362277417811
0.181927182494402
0.202493291512478
0.20198789178836
0.171380592942935
0.188731125810772
0.217908142732692
0.137729180156479
0.144427563238076
0.20297383965658
0.178750233830329
0.194857511313563
0.174158575507932
0.184469809881969
0.192846409578185
0.167931577177374
0.180145042595946
0.14822902521032
0.192273357170099
0.144478785873762
0.202604700371896
0.177886467353954
0.161894166959127
0.176825163201866
0.156911397542253
0.194020851719442
0.166127529354742
0.153499936743241
0.166906753374227
0.140856606953872
0.173814965709324
0.162051911455563
0.200654732919315
0.210529712237577
0.165230667216417
0.189393659176766
0.167168825012318
0.138729019132221
0.174211888327721
0.204826210256334
0.185302316200777
0.197297695330536
0.186318453236276
0.180430464692237
0.16734425402174
0.155479448669021
0.155415436613249
0.158264875903042
0.177492958256976
0.143546039916967
0.157409982673213
0.171597269883241
0.217853103554311
0.187324576043428
0.151854355544354
0.159258038629977
0.159048590806305
0.155381231567606
0.111813947172004
0.18009371038559
0.189002896203579
0.205611022204246
0.200376540091224
0.186277323460029
0.182764038506231
0.181903964646466
0.201150344056825
0.156552297812529
0.219673543256724
0.179197535024247
0.153590132669366
0.14380236275449
0.154513307654571
0.191590497065061
0.181318186385711
0.185517468934792
0.169283171923322
0.164716361837757
0.163592246609934
0.180576872304895
0.19386658178898
0.141362221622109
0.190061037055725
0.171637314702511
0.16880345285461
0.211182444931359
0.182362272186381
0.176871366454906
0.176391472434593
0.198511403164566
0.195848763235735
0.181011494788343
0.198289268793286
0.160359916119616
0.144528401970653
0.133393946897571
0.177000917857172
0.22027597076946
0.205033994525393
0.151171513340281
0.234991841703343
0.171057760537723
0.183901738298284
0.144311481505421
0.191583119785678
0.217306787781498
0.18336638638411
0.176141983521423
0.182329128831867
0.194189106381104
0.130930042570899
0.148472078715166
0.200822986625259
0.171277871613476
0.159404440329624
0.184476543247924
0.1926081807508
0.193363637461479
0.184700379126655
0.154101639033632
0.151619863618556
0.191535434642785
0.160325953208122
0.15269780814052
0.184010006299592
0.198293394628526
0.184132922613301
0.202050172358879
0.169326695894631
0.193989742670757
0.21868790538469
0.243507929729537
0.197568022142615
0.180886231366716
0.16509546819348
0.202533910880063
0.202961233984478
0.177572095807588
0.205411726056473
0.149153710935237
0.199302034307807
0.185307555145456
0.185703896344317
0.185290816367306
0.202246213878612
0.174294044266346
0.175897321367216
0.158617938509138
0.207615009805302
0.205614375958503
0.1881023891283
0.171297763531795
0.205358144140825
0.19094942942487
0.183382183285046
0.206845399602983
0.197561533519197
0.167913005882667
0.185468790701684
0.206417037808403
0.1916189404714
0.179922514282983
0.189818652764907
0.162250262082103
0.182017216952498
0.202361316586553
0.150924993976517
0.184523104461714
0.185621823260006
0.153629608101848
0.164810179520123
0.173976081023823
0.147753330273874
0.198770299612941
0.145390557822269
0.182260177869273
0.204164453345253
0.176209562979874
0.169279035244173
0.201271059020872
0.153829446412214
0.191970160639991
0.203145796128379
0.149553846301774
0.185833098400334
0.131891846374538
0.154671596249468
0.123243947637955
0.172116518604569
0.170640458081554
0.179178827973565
0.183554567300955
0.223100855113202
0.195519340184744
0.133903985802837
0.171661897548635
0.187974573226722
0.17447453084887
0.16150729412652
0.141691737430029
0.170140928689086
0.18263830129337
0.211982682217275
0.185848197987678
0.157159034340472
0.16280169673776
0.214102759804414
0.153783181803002
0.177311363103276
0.228658909534404
0.179429669622245
0.153373776433954
0.173080185958988
0.185019500743723
0.145008711756349
0.17394896182701
0.219325856827857
0.176634302286419
0.154149236558237
0.146955534288854
0.136639150521397
0.143507882867095
0.156186021218932
0.214930658817223
0.140261661080437
0.141594281091533
0.192291050170015
0.204577676184848
0.186426777563794
0.20549339861461
0.218314321560662
0.217357783909719
0.189911152132691
0.166591520734854
0.160898604782318
0.20121737456377
0.175577185254105
0.191024420116869
0.230132224477563
0.217051983980485
0.185441772210859
0.214783837559703
0.157174951705472
0.228214354094794
0.179115997048741
0.138582703977432
0.155038468843652
0.134222813306381
0.198429166311494
0.125216876886255
0.178952148979211
0.182562372244312
0.161069895957071
0.193547318458505
0.212722175620126
0.202573797559521
0.177452040951638
0.182458148106222
0.172647246375745
0.244375341105272
0.234533140745212
0.225632402852018
0.199321367349951
0.186041215860983
0.190671836500197
0.155146727211153
0.164097405939972
0.190212213509148
0.192188754128
0.162592146162542
0.237138073884971
0.183396459228188
0.192660454129469
0.202570709226459
0.179855856753156
0.147980609401044
0.191933979653723
0.191132316660644
0.141584665324534
0.168803235042768
0.190837876287317
0.135588213171017
0.219579290436333
0.206819437015702
0.14228046936041
0.132728750860156
0.183108258682661
0.218910272275037
0.156528840963694
0.17368632013137
0.153237514492416
0.184339019318531
0.192727460029623
0.156443689536911
0.154567747837558
0.174078189950068
0.120976249738966
0.175035470038865
0.152365802779312
0.162799859878167
0.175911651850037
0.166092371364709
0.168990367836676
0.169490739393632
0.159759794679195
0.173942790233785
0.223275928536456
0.18622208721838
0.169143235142678
0.172098833061143
0.163217755135042
0.143861166952771
0.14955014054539
0.147994599159605
0.188957292879263
0.172977089750609
0.139229736943018
0.17814790064933
0.207331683714112
0.175780723907465
0.170245496680802
0.130136133681423
0.211549573495999
0.191764808326465
0.177768569209148
0.191576957747523
0.204185873152603
0.214878344443598
0.196161261573329
0.171081672417389
0.176829191732588
0.113916131751491
0.130195672984688
0.19111235707928
0.138008831270247
0.198707673904897
0.188097756092444
0.165571062262029
0.183232885023896
0.204694721792686
0.213451301851551
0.161783164174097
0.215514809102089
0.166209266437169
0.192940823226613
0.186398295990268
0.143259959454554
0.145179798983111
0.203622787662535
0.139156657852541
0.191196604203152
0.175260714600283
0.177386670258181
0.173444591602189
0.147883741801568
0.204196158989979
0.162056011305701
0.140354333011328
0.135478090422914
0.173510467358023
0.201186578281556
0.162850293902207
0.134287874717385
0.148583529809693
0.171459559640124
0.166416231181972
0.170175564550407
0.201914182142225
0.177018714119649
0.186710336426301
0.120827647552715
0.149740654329883
0.179919653006962
0.161395679025677
0.218301624106489
0.178272198034756
0.184210163886064
0.179730156221595
0.175845235902102
0.191503954334718
0.142520240775214
0.157739025633074
0.150092867690837
0.168470294790506
0.142609044946722
0.14401225314642
0.190204738945938
0.222095210027758
0.160084828495593
0.174478898848102
0.173866370683691
0.135372668337795
0.179088623137981
0.160898514263622
0.173192355234271
0.142333245335067
0.178230395329617
0.171081742752232
0.173291615680052
0.153820729385266
0.16248747943415
0.1775821132328
0.194152641687703
0.169711759755007
0.137914201765841
0.172109016803311
0.137660330824127
0.175351954971224
0.208040351291658
0.207627216381414
0.189315809838011
0.232860022214113
0.187326581990535
0.159750955460658
0.14395264181996
0.187346810448147
0.223146788272928
0.215355851598469
0.187428662389425
0.144534674099626
0.166257322874181
0.182271188951374
0.152956241944519
0.187247498171995
0.188236448079549
0.165093477604284
0.202158342164763
0.151040663689464
0.168107217052936
0.158319396025571
0.17230153835532
0.178115275903856
0.168547360265976
0.184425488044057
0.15890971398388
0.165745951707634
0.144138040978823
0.153517682889261
0.173364447502064
0.21177454318419
0.170353822791328
0.11805070312423
0.155648241393069
0.202801498233902
0.161264403183959
0.155212383582995
0.181889405214708
0.176278012322611
0.198992385291975
0.204269180584593
0.201496817996226
0.194475168478223
0.196897970651513
0.193969539463842
0.200048575303637
0.181323099098566
0.192754868314634
0.221171524510197
0.250958701325523
0.205113979308028
0.188518864759466
0.18074644315907
0.187633724507201
0.173931307200329
0.188993521794465
0.173302304027515
0.183572901076514
0.227607018164476
0.177424758442313
0.197715836481667
0.206514732539802
0.216672121562808
0.146579222052694
0.183627540217088
0.207145550127182
0.180108046656263
0.162428729243255
0.184855494091239
0.189436342186602
0.191047651538272
0.172240211618041
0.199515852777595
0.209385538075429
0.183299711236152
0.183903173528061
0.184987947671427
0.194778704946739
0.204547412971863
0.200915244995889
0.182678740035478
0.157632712527135
0.176074525199648
0.15808661099587
0.202354443412306
0.213133461728425
0.150947139166253
0.143961334230762
0.145681687254123
0.159639620200928
0.145573212597083
0.150967492888652
0.171168924523235
0.172582631275352
0.180363448430035
0.184836093664103
0.172413956546452
0.175508445801762
0.192406993345012
0.203485629518464
0.214198877467423
0.177065896560539
0.179308967184919
0.22780088749771
0.212677569469296
0.168943181095475
0.231499287970183
0.199702994788009
0.171102703518416
0.183657047019111
0.199847799793699
0.171255385888236
0.193998736319842
0.170535434888169
0.128265247258266
0.14734592313584
0.15781561030477
0.198702179289829
0.202668837077386
0.252291164865864
0.229503764001976
0.199137751354363
0.21262248563448
0.18522507918621
0.190011260844393
0.168002387424126
0.184923066495303
0.185377982302661
0.251765881883222
0.190234474573938
0.185138362525544
0.140479100063561
0.176207326650602
0.213536335657157
0.223536400597821
0.196219061688195
0.209389508842225
0.17495539213738
0.15873913285503
0.154865155511391
0.21488895814525
0.18545884581901
0.179814799590994
0.158256224750472
0.21989360089946
0.165355932648976
0.154785042575942
0.154874890406899
0.148430316009746
0.219283687809419
0.18451212697223
0.186690832479995
0.167553983420249
0.164943504334793
0.181917215698367
0.193870368158633
0.19281499199545
0.16216005883842
0.165289969528935
0.157373560755736
0.186469340149795
0.163038215993944
0.18534433699462
0.190257198687133
0.198773406358786
0.164331788930395
0.162933885620754
0.190501432600492
0.193241589783323
0.17536340853669
0.236954782891833
0.164025513200373
0.247993357298027
0.211880638940125
0.205312273963481
0.178847491983695
0.226338845243592
0.248444154557599
0.188373716778509
0.166657055976652
0.201700894788502
0.19578903733499
0.183978822059991
0.184139841536803
0.180344723940731
0.165501524005823
0.196292825336013
0.209748391532598
0.17937451468573
0.193041368317612
0.225404874811953
0.172054501556136
0.186734454010385
0.237232560318909
0.219530032775835
0.184317321109782
0.180776486305614
0.175977623196208
0.159139261241256
0.234131864595637
0.203684602548779
0.164152152359343
0.170790707829871
0.203298607039471
0.195361520098389
0.193117080279161
0.185312308665073
0.218213636570846
0.164811495425352
0.180798629515887
0.145641641498758
0.195932845981328
0.177482838470056
0.197361345087427
0.180504231467124
0.16601404707768
0.194606174295076
0.178779505803679
0.212029722502684
0.226293745502588
0.221461738398152
0.171170173047815
0.194624097018057
0.186703060241378
0.224846848711029
0.161628749543924
0.210084656912256
0.21669141761721
0.219646135847789
0.206257828095606
0.221678256719018
0.204914612646451
0.20815011509202
0.1822470075351
0.19498111172897
0.220506314729281
0.150002538761903
0.134752291085431
0.152354206376938
0.159254638789607
0.168718721594936
0.133831176597808
0.177226625493661
0.194601983323868
0.211641537901623
0.131879343924649
0.159121101399391
0.154520397557426
0.175609000453135
0.199229824390655
0.178117002955324
0.168443498255326
0.201893207455624
0.175668974910732
0.210562111389351
0.192652464940983
0.191541517419574
0.21120814673659
0.206157655139692
0.191385238493811
0.154753734117797
0.187317535852009
0.205935241331045
0.226454213067543
0.175869169850454
0.195744982971868
0.18917753474592
0.180046082879221
0.175015588827382
0.185767111763202
0.204679672877393
0.172598492478804
0.135198085139983
0.163627056909027
0.106729317650742
0.129969776905302
0.139548179959083
0.193615064233687
0.166751171290047
0.15379542725661
0.165424922594942
0.151524641596618
0.112589876119999
0.14012494795604
0.172163798611763
0.121045230899964
0.152819399084146
0.159887791903568
0.199240086206404
0.18498568857081
0.151283668373023
0.176751891916287
0.154674978914264
0.160646453746071
0.12376180217563
0.178195595816233
0.154102991011491
0.157506330028933
0.176578078183823
0.227344878724628
0.154723557775499
0.203515090859322
0.174119624107437
0.187397052958362
0.232183639749102
0.188695875733379
0.170631101246158
0.201121498548384
0.170573772561436
0.154679176737557
0.206277155155245
0.203949514585389
0.156314380889665
0.155989046191796
0.155759331559411
0.190822865114724
0.183549543110886
0.233093778966573
0.162482209856614
0.162327906883278
0.197327259437254
0.188196867269258
0.174636586316234
0.235163595340461
0.144232465928496
0.206220326907099
0.190109591735455
0.187405381847808
0.185129947991684
0.161558904940242
0.175005622163786
0.187360077580733
0.171363052105153
0.198884455173875
0.16832356302708
0.182700626541523
0.156330080326925
0.180058215882139
0.153596641394357
0.250909505099415
0.171241137786289
0.195097891548426
0.167034529646583
0.152358963568177
0.155213464368883
0.141094650326963
0.193950388114474
0.22058600834088
0.157883568581953
0.205654820283493
0.188152871885089
0.208817356068357
0.198458134500212
0.22888534732406
0.168267833600968
0.154853756287252
0.156228239965079
0.120119605965216
0.187218096158451
0.169662459518118
0.17060810884791
0.155240977294734
0.175369483982368
0.222464121666915
0.16877018700913
0.164716718814699
0.181095776945402
0.156228161159872
0.118704197473493
0.178438625908603
0.190262582987586
0.184845009528974
0.204561954779433
0.23161303070075
0.183660628320317
0.174003955602445
0.175019390337462
0.172381396242173
0.156550440990161
0.154518222250755
0.190051133482442
0.202482049527395
0.156411267713542
0.186855691416471
0.191917961362042
0.182559368692025
0.199131099286851
0.191347728090596
0.204490747499365
0.17710346182678
0.181100105472441
0.145698860465655
0.193876705925473
0.146321911060794
0.183131246457226
0.196190570237333
0.192522793721597
0.171517404678734
0.182959700054734
0.172399302149421
0.173897542011381
0.187689740895049
0.201586386008615
0.193545556780844
0.168135329699268
0.169030550568955
0.175537684738309
0.156173081007404
0.184587943513777
0.192154038469563
0.169660266771563
0.154304003061158
0.150203042595275
0.182327801466619
0.200792051085021
0.203899522338198
0.176461145333829
0.16559943568534
0.164909464353083
0.182849892829399
0.175308371708386
0.138988360454942
0.199254822616211
0.170641444765104
0.153955631766153
0.159939389325755
0.188138416698912
0.163003177812305
0.186287608937063
0.172784896388342
0.141859363516563
0.142046358456645
0.152397004504064
0.143976728115511
0.191146228648912
0.242644324779339
0.16868614092037
0.212557920703827
0.145042395281215
0.153279862402094
0.118605492208522
0.216870360777042
0.20016285751699
0.190946104485558
0.224873024220896
0.219535568019667
0.20077782348892
0.175463390022702
0.192902405684298
0.16717043850795
0.193712369175072
0.160893488688206
0.19418004706965
0.179995284597006
0.155252343521813
0.190644580398859
0.200713793073377
0.195104730862895
0.164554443111224
0.189606244332347
0.180392116608767
0.176137861961497
0.209092372353107
0.154851172421353
0.199059211076455
0.182511431954604
0.157869882648734
0.160660309910114
0.169833140667024
0.177557493233753
0.166040966954695
0.191600737126049
0.138683266135832
0.213338192532613
0.191888730311714
0.188599239664419
0.203008670810869
0.188230784297971
0.222882896072821
0.187927255933093
0.198275333090101
0.203422141369527
0.172221942389069
0.173128495386658
0.149540736683611
0.146874091969681
0.188832238010794
0.148180895570085
0.17507950676711
0.188469762860581
0.180087152003318
0.181776956555186
0.183006292578975
0.190215262905441
0.201133277812269
0.186695295909049
0.165346185162065
0.186282519918375
0.123162002483543
0.140880373652865
0.188162170747752
0.170261207238597
0.206754237310539
0.227781480445168
0.178018101728952
0.190478349822457
0.189529207838926
0.164558301903784
0.188492502862168
0.16370650502788
0.155963021500122
0.207559899876916
0.199323963289851
0.222665550284947
0.205391379181465
0.208250495552996
0.226038477135732
0.20532437965286
0.162777999153919
0.210582175284388
0.152323448517531
0.187191998813246
0.170067200589251
0.163715048781729
0.191069467364633
0.167740609556352
0.14600050229228
0.193819604070155
0.191238177907762
0.206551295635391
0.170911132997258
0.19378771556182
0.172765800466411
0.15387522574543
0.156577992654062
0.180784841855717
0.192810052985141
0.173749140390066
0.177635927152482
0.155482468833034
0.181246803680449
0.168995498094129
0.196266517594964
0.205358947459664
0.207340222709244
0.187635008201996
0.170194395408643
0.16530282660114
0.165811708467288
0.168798019789348
0.151129717787478
0.190795012176345
0.171445223300671
0.163469113532782
0.193663286717179
0.140776385294792
0.167108875601229
0.194563982473431
0.183614735497248
0.129091064906666
0.138770689402832
0.168299954791928
0.140707009490239
0.19301970263573
0.161531783342329
0.175506268495112
0.19349992475411
0.19676055271548
0.166166671116165
0.161696136492546
0.153093586941093
0.16349316977301
0.20668868576923
0.205571822965645
0.154661888204093
0.196491482588631
0.174405805626022
0.195792453835857
0.209083384586226
0.216508186169271
0.202736122897002
0.227674617537892
0.196461994705999
0.155739772115469
0.173972067822211
0.175067395902849
0.188602724228322
0.160662612214508
0.246378355726687
0.210652467528154
0.173375757143652
0.199168484922355
0.141582518224559
0.198454997078905
0.207024723493275
0.191695102513842
0.215103665869368
0.162087844362227
0.195821446616813
0.150017969451903
0.176784940818103
0.197324759816225
0.161423280077289
0.175921044671361
0.191205146089139
0.186141286128332
0.218095427324818
0.205057416958966
0.184546693870444
0.185461151337568
0.138874617290177
0.157208605318348
0.180757845683608
0.196255649810731
0.171487321739487
0.199183950960392
0.18321427370448
0.145078041295701
0.178670802582712
0.174566952503675
0.165811465827265
0.153531116468308
0.150915952562242
0.165451833403067
0.171559065282799
0.171185186720604
0.160951472323182
0.17222897667981
0.178236646451032
0.194230631767605
0.208985552892618
0.190626757978502
0.154790792432721
0.196231188733651
0.208247450089484
0.218307990110766
0.208741218822972
0.148853893528365
0.188379890088984
0.189436213090996
0.183326956603874
0.188645807534918
0.156618307634331
0.163712222997839
0.156681549393944
0.169606282396284
0.149483377843938
0.159713287092247
0.177034036712665
0.178549092524915
0.190861644620041
0.151620536031919
0.20991775853971
0.176766569607646
0.191843685554478
0.166629808362972
0.189236294103384
0.158191936839179
0.201188275683134
0.152376607310159
0.184363901575718
0.177064253240727
0.158701365692745
0.189255091423691
0.193172009522771
0.156889363329692
0.147245741252225
0.165196542827463
0.16005605316218
0.160063807746629
0.172136244897503
0.14898314748842
0.136631549217393
0.106076107540089
0.142906662062795
0.201011104551214
0.170895693095535
0.174655100080356
0.19187586616739
0.158944671146291
0.176533577653756
0.203804775898326
0.209739359347218
0.223831590130603
0.150287721381049
0.22069001762153
0.165013593860039
0.155257372891316
0.127375803045141
0.178851869673537
0.180583076043311
0.204859650952052
0.15970044991762
0.20570745247628
0.150280322944453
0.147897978037407
0.147290227886301
0.193048614835774
0.208383993239147
0.1601864290328
0.139083531499087
0.170699684167247
0.157915628078691
0.152261877017829
0.186259182365108
0.181355502444345
0.19564911844368
0.170023429397628
0.163645653283244
0.204487049022211
0.153247957044569
0.171731612175083
0.146079440563533
0.182676473180219
0.218422720819992
0.173038584450893
0.224392391766662
0.150930418192401
0.169615432861353
0.16532181182475
0.144223728437335
0.182675890010367
0.194103939973296
0.246694705408584
0.184111476302473
0.173971924030383
0.174342510701731
0.213422700260147
0.197582879126232
0.182831889419048
0.179185278420088
0.169759560888547
0.191050560700859
0.163468993936582
0.177794319189712
0.145262486095325
0.180945347701321
0.161061223746343
0.183979388328875
0.163460995061434
0.184312757917722
0.211275303034277
0.188778147048186
0.1787418413417
0.191679778644454
0.160699370870965
0.112847214849915
0.165225090884053
0.182121145835565
0.156140458203567
0.173369780784195
0.174503140752362
0.18152059393077
0.182930598479186
0.209808763044478
0.228440770670361
0.212720713887693
0.176327446130729
0.208516478664462
0.206057655780009
0.194410709451871
0.178926869607234
0.19195830906948
0.193869420537064
0.137231236522788
0.178923200061026
0.164069687541024
0.200670567898287
0.201174530284469
0.176836897199739
0.178676854398741
0.182992538512608
0.170782761444135
0.151337629753009
0.145430120766713
0.152383695344963
0.152109946540393
0.139172132872333
0.190713865766222
0.21098897544869
0.169078197061903
0.159088347317076
0.193562618011354
0.183839120303672
0.194778909477349
0.190640134144904
0.181247434283182
0.189206982031608
0.169623508739076
0.187232201436337
0.178385582984435
0.205893127815332
0.170595425396746
0.199703982275794
0.192976014028367
0.192722615227998
0.205411891903029
0.168155278567984
0.159384709381759
0.179226466758334
0.173165382797328
0.209780548266362
0.161494303549133
0.175587296272406
0.19954069350318
0.169579683473582
0.160299223196622
0.180823379293735
0.195746601101029
0.151699387348858
0.170237263095498
0.188650660833251
0.149276102091068
0.174147288528677
0.124023932782815
0.148437233623968
0.210892461689839
0.187047638647761
0.200365460947202
0.197282644767085
0.191682898266882
0.18655200310441
0.189716285265803
0.139092979323628
0.190231475051274
0.171578438544971
0.174703735305934
0.207280407457672
0.179891018520005
0.150529204969435
0.167079556693033
0.162205073181689
0.183427945440946
0.169715546521286
0.153290793337777
0.172919768446805
0.141575640803244
0.199877397229937
0.179500655738126
0.194925335227601
0.184747407638473
0.169974930361621
0.156316698393779
0.168861366022742
0.1344107317727
0.177155007676636
0.226502204806385
0.201122849023424
0.123062819213144
0.140439352942155
0.18214236635744
0.19839484572633
0.171164687071495
0.180738621629477
0.177774782128978
0.159992900851454
0.156692083875562
0.175629942613619
0.185252435509477
0.163655219631934
0.119092649632738
0.146209207076344
0.196105763799912
0.143194150814011
0.177642651536352
0.183479690103988
0.201192320676819
0.1932210407905
0.207661654367121
0.157686592638502
0.185550596455975
0.145411580993831
0.172009986957778
0.180313575269606
0.177517068943886
0.225661564095185
0.195616475600463
0.201557965567074
0.204648452685075
0.165067941253948
0.189368451287148
0.174481749629027
0.19643500482907
0.148192363974829
0.209374881592345
0.18789049882723
0.160301004467175
0.148356981497914
0.172136723288357
0.154745856529346
0.168300823600408
0.180353295887371
0.19471124431248
0.157966262775191
0.131459957891668
0.131678316433921
0.140432951771467
0.169986292081696
0.167762361892259
0.150584558947869
0.186096615543801
0.211614924849436
0.162236286280323
0.149769941932904
0.152539093614215
0.168009840063613
0.182031140665451
0.177091716494745
0.190043411109033
0.17560662432834
0.177075229643257
0.175939066268249
0.172959328308142
0.199028723254608
0.176728712830994
0.151797961224639
0.204169742754787
0.201303385821917
0.16888669736599
0.12274337904671
0.199860925499427
0.185053288270932
0.150068667095563
0.195833566883649
0.213380363530438
0.174867745083549
0.181146858631779
0.208934659906946
0.145597093393225
0.164881260916715
0.177479890083963
0.176490360082134
0.189295688958587
0.140708404346087
0.173437252362733
0.211208630637243
0.171893179077399
0.149234064886863
0.179348812727849
0.127728723607048
0.186378174214892
0.179125296409242
0.174902817515212
0.183666175721747
0.17422893781123
0.15307777724318
0.184212582076725
0.173533518085573
0.19410510932955
0.199159293308588
0.167530900505831
0.176915884431236
0.174794734454365
0.228762171515563
0.174487869756389
0.211504598366108
0.181518018718465
0.172006689109076
0.186175159765288
0.171417221576204
0.187185085656345
0.158828713864951
0.193281684825574
0.165968895372141
0.169316888254195
0.184228722761197
0.166414795011298
0.156296590894991
0.167642954457414
0.197102254402706
0.203538815056424
0.149748494310394
0.199085333554228
0.181620610199658
0.18751741991913
