0.17
0.140742124237635
0.117275107638462
0.101574437391593
0.1898280311178
0.188428469592001
0.212581516840717
0.208624938035216
0.103944132698576
0.135716602321656
0.171826533323773
0.135128816044827
0.146970676068028
0.202782011675785
0.134609070162702
0.24129928315672
0.172461497086962
0.183843383258747
0.152284224288768
0.161531927487637
0.184584279128457
0.164167884861035
0.181672234186627
0.157735423017781
0.132650537777963
0.148751724291744
0.169747299866175
0.154532674471493
0.13512687340569
0.124522193520974
0.173662570754605
0.114292628468328
0.183544725677071
0.11168918530009
0.163180743161638
0.153260563328808
0.197830807464208
0.133752062355555
0.151008616111601
0.11422947628106
0.168158388298499
0.116716771981869
0.110592156516791
0.130310702796515
0.137984484019019
0.127751506209807
0.142771926366414
0.16630857487911
0.203842874598279
0.22933294126475
0.141541674924175
0.179272865972708
0.106895893359696
0.208367008977656
0.195527749566911
0.241701890809678
0.210358840072967
0.202658600606237
0.21910304159299
0.239384887629947
0.245924301390795
0.203138308891214
0.215347216538258
0.194401793792756
0.186096389459781
0.213393974999481
0.198887534055306
0.211310226379915
0.203946868471818
0.117947810971814
0.128508273714734
0.1846170523676
0.183766748192563
0.243330454404678
0.172798899893025
0.149006661005993
0.183592678701029
0.197562342665716
0.116754650474326
0.14105577935939
0.172925839187924
0.170887681162325
0.186791727414338
0.14957630792706
0.179932074630043
0.138434860136627
0.181272627029855
0.176279243846836
0.231679994012259
0.144070878270001
0.294296168059721
0.286994255775203
0.228512727974355
0.191839134366728
0.233855842483066
0.188142904687873
0.255231234337162
0.164571060219637
0.143702391040524
0.120429448827391
0.199451041107454
0.17787096612787
0.145386522852127
0.14048556994911
0.168881804912444
0.186893309232644
0.169906799034115
0.173437025896678
0.182370198256698
0.234242037021063
0.181102366157648
0.138358277318863
0.180793466158002
0.203576875751706
0.169502921447862
0.202145329797727
0.289980785485131
0.198181339909307
0.212366607219243
0.160135654516989
0.219913209527437
0.231665945572045
0.181072468229004
0.174639432557191
0.158249351587702
0.190513927171765
0.162728187208509
0.175049032821277
0.16564024536768
0.163386318527656
0.198728941689023
0.186030893823798
0.148929843038994
0.169503420484734
0.158959033707746
0.111059494970979
0.109193872959458
0.147401283925106
0.126606080941351
0.178928380127961
0.184756080879
0.145710219087037
0.146631171265617
0.177979722729752
0.199010968557673
0.171400761134189
0.196533716816646
0.228966780518213
0.180514434423705
0.194852321828887
0.167009607352016
0.135786650220589
0.224656284776523
0.146542015769789
0.153227870659717
0.157042820697077
0.134109287572542
0.192383725618417
0.21650734341939
0.18983647218018
0.138496191842304
0.191251260760862
0.166595634047308
0.16301613507659
0.131824331614164
0.197714390082102
0.200981839498862
0.148704037232605
0.184226182079498
0.170912198651622
0.192474756283619
0.207190658497785
0.241392222466179
0.18186390912604
0.260044378359443
0.213370760030241
0.168359311804077
0.213674518342607
0.175792367139084
0.173954694028868
0.269125256084279
0.188316661862334
0.12326551448001
0.134877022608119
0.19705157041484
0.162763119856501
0.151938126814572
0.161450116390691
0.157776668074109
0.132098681558477
0.161116787998223
0.179158081650577
0.179706866629994
0.16166596686137
0.15770784281323
0.190008613384769
0.176824566847004
0.177739345247484
0.187927526782938
0.147978414558734
0.12689340825185
0.225720233063865
0.245764509850991
0.208357633009553
0.168270973943353
0.159727455348623
0.137934031373343
0.182868720324928
0.166899325997886
0.153437681852705
0.22192424870359
0.170309156741498
0.166031896110583
0.165514896654514
0.158221252564459
0.175640674017056
0.167747079207652
0.181278100331117
0.150735553993104
0.216295980983656
0.181203419275396
0.155502464990149
0.120559710445398
0.171139975481642
0.185662292853511
0.215067034360832
0.247443482985071
0.236879005279057
0.183466996677378
0.117185697737855
0.18897578274463
0.161548169150487
0.216040771111072
0.195115572371519
0.148648488318652
0.194875429259234
0.195150377430653
0.170827279035396
0.17719438255804
0.192705383461116
0.177720397126355
0.15991365604742
0.14096295177264
0.140725905988779
0.189611809846211
0.167788176038658
0.180236135491921
0.149043949325219
0.183262808596464
0.191140087794109
0.220282333292021
0.226534958002527
0.151301267222258
0.164230230649169
0.142991953382412
0.139527778686182
0.15057477738825
0.18026193379167
0.201212331544911
0.141638243889698
0.167442436737222
0.203625899440524
0.139517188702593
0.192516914782655
0.1828403186041
0.169764906324131
0.145497435371347
0.131268827952695
0.245691598697117
0.16407142049657
0.20870713353819
0.191666659469315
0.17260961549806
0.187555619973939
0.197062452736795
0.168271487829078
0.178554637419101
0.139378831075271
0.184486589491752
0.145249775653557
0.190301618846555
0.21713025723031
0.159442577245158
0.201137131808519
0.190275750388444
0.164692663751397
0.17706537297827
0.165629458186445
0.160878160739026
0.187474010545773
0.188889917821462
0.160177034279314
0.206857980138448
0.197735357312911
0.196965416691335
0.164835829753323
0.169014335163347
0.219920946469552
0.173282584447891
0.084884972912066
0.215626911474205
0.185475132256323
0.183886307371633
0.159709535072601
0.179924581051107
0.138417252345943
0.13682130817805
0.154553513380081
0.180507134996952
0.200707389961327
0.104120369457645
0.117873455588749
0.224254862252893
0.220985450256726
0.186307356441536
0.174525318804271
0.201201722678187
0.183280922989202
0.140789924441297
0.157648112384655
0.215657969487209
0.189075394184401
0.197790740103764
0.149750667702059
0.13324599579392
0.20612159863747
0.180320849274117
0.186405988037473
0.157757701530774
0.163978537365969
0.18644766121188
0.251626158673004
0.216927805305885
0.177624856787401
0.234664495211502
0.169263811183972
0.213094167967124
0.164249941612027
0.199560941831977
0.176060744075127
0.201509466782677
0.0909007593157715
0.161272632963942
0.125321992108996
0.163312512079311
0.129414143800777
0.160815600038302
0.206984440108702
0.204746488510675
0.14972538085434
0.177249864601148
0.121704669365901
0.261290424595188
0.21395455924657
0.145456223069428
0.190294210594487
0.1788534093233
0.178985060981368
0.180874869398908
0.123461546134692
0.154721029454813
0.146537945673989
0.190516232265257
0.173892403232947
0.165048053128363
0.198719066935108
0.115470914561792
0.270768970589438
0.163951297830152
0.19240752899298
0.176026000076995
0.173496498017023
0.110108283662855
0.112037758662248
0.216324496740735
0.171599798633163
0.141667932264975
0.182963192947722
0.167669633546251
0.161203077105406
0.179922047995261
0.195628714579996
0.139368204516148
0.197503744503903
0.201356735157135
0.125330843299267
0.180559305266576
0.18251392124059
0.132603621607929
0.200169071070375
0.195860871349723
0.207330757101206
0.197789910650017
0.132662412850995
0.176582626009467
0.180117796040642
0.152069138877446
0.210254907100346
0.153334285815954
0.186155726343854
0.123127683023057
0.160134399692405
0.181163455658907
0.186935467802098
0.15075412898032
0.172620521042712
0.156313084503021
0.153025810853792
0.173134166534974
0.181384506228293
0.130776124272162
0.212624509141031
0.247209452607829
0.271686094256225
0.210881739835707
0.273564020284066
0.199962412893837
0.24212386778782
0.234466196213818
0.262649228709827
0.211453209509247
0.226046481715397
0.234907853026189
0.194473065112196
0.220225380389445
0.184655584941079
0.170961252978836
0.19930172262608
0.183626453008448
0.184220409481458
0.147330567853276
0.174614354837696
0.18048970947401
0.134732638969431
0.158472598208699
0.172287570407464
0.165721507443365
0.157892284536569
0.160858098512337
0.162883766566027
0.141309923059577
0.19218386180253
0.16026834230706
0.198595034847504
0.170713745961768
0.183008609488696
0.19106605442811
0.145233356224903
0.151014215561606
0.146329309057684
0.172934360136959
0.218288624842511
0.2040173955521
0.151623147252314
0.167156828565039
0.204381337706569
0.216589477253536
0.161638177165004
0.17377661629211
0.13502771564451
0.188667831442391
0.154790318538705
0.169270665842339
0.165169252160004
0.166714250639735
0.150647546932564
0.156786872075054
0.117976900549697
0.15867799961792
0.190243960968135
0.181566680754018
0.153327094937801
0.11197868211892
0.14850014030297
0.151004224192114
0.221645431020082
0.183397280117438
0.164068404067422
0.164424895989443
0.162998873417929
0.200809837435724
0.149110810814149
0.173307524314173
0.196398534577142
0.157633599558781
0.158073052171355
0.191535485555764
0.186949971009891
0.179384517027573
0.15176932162711
0.153521737936532
0.128754796045772
0.171063187620008
0.189373516630252
0.16967067202182
0.150719146562207
0.182423904773905
0.145417043132816
0.18665286521722
0.173323108906548
0.149506022977519
0.138822036848795
0.198677354980179
0.207031249949326
0.181842122663645
0.139154520538874
0.213336705345433
0.156660063877185
0.149920829422766
0.150089011685464
0.164028443600765
0.182447531403588
0.166769041354874
0.145326198445904
0.191960410421424
0.167023948658718
0.212187815424741
0.178192187579669
0.139397761078063
0.169258850300452
0.248232373432107
0.121439791950278
0.169682179669318
0.17628015640693
0.187414811929823
0.144551665515599
0.139335219514459
0.197400080501404
0.167218838382239
0.188547384174559
0.270537685532891
0.194925918897713
0.218101982995737
0.290190326916344
0.275166226448492
0.232734745347749
0.213638964080119
0.172197089329378
0.124694848355184
0.207248220503696
0.148763262687945
0.130651508668488
0.185389183912694
0.258508472115348
0.172890022406317
0.21940519398868
0.194897980348419
0.14626578967977
0.134241087274491
0.144995114753931
0.220508019210715
0.144300573766361
0.227625749224824
0.187557416484966
0.194792217665071
0.211820151850746
0.227865386435786
0.204770598234419
0.256670276834717
0.263818745565879
0.181420618892386
0.194780433561998
0.259810500957253
0.196495309002351
0.174294469250437
0.225592014632893
0.221575086749607
0.17129135901396
0.181346212975137
0.230166317517331
0.220801356988854
0.261182595919814
0.180001089539233
0.137100005374933
0.134610559155478
0.197640675798961
0.182869050456366
0.189243612670462
0.15897927303415
0.241975905913086
0.176195678144858
0.122401594801523
0.185283205957118
0.195403236069946
0.1588822869106
0.164628006798889
0.16948232879244
0.223138497304999
0.14034549397998
0.163095600113154
0.167266764242455
0.178646007628623
0.144221895886215
0.135310536577531
0.171351504043599
0.130000641076453
0.155795600577827
0.153888249237949
0.169339304153544
0.194530733652775
0.20380094042469
0.168656468419955
0.165619842882829
0.200846980014601
0.17827867670615
0.191990811078851
0.17059009163894
0.17049450622983
0.153299635698284
0.167439913037501
0.18729978072081
0.164928243083473
0.201430219553893
0.177647132550909
0.16463839211045
0.156862045658901
0.144123172164813
0.18768983420426
0.187913894437682
0.135250877063971
0.171964408354365
0.261948767273405
0.184699132380628
0.204376525211349
0.208209688379934
0.133956441876699
0.204082214550171
0.126445412724117
0.154942055824706
0.182917561006468
0.158245480842975
0.142261395150967
0.167871270696839
0.157130012942682
0.136110330672899
0.170420479027122
0.19375804310722
0.208961218701205
0.159912999672165
0.172070433348442
0.163800045925867
0.165283194299372
0.144757480101264
0.172922228745599
0.158387427570055
0.194809783836248
0.12169972192479
0.156196901632232
0.124800767681441
0.204647387584801
0.135557487944484
0.181364017600673
0.140953314378934
0.282543387130541
0.196476519226701
0.193876354417643
0.148367312268788
0.184520506949454
0.170395242356506
0.186971606244416
0.15237376922907
0.203779012383031
0.202509710755649
0.266094531797859
0.174062897102162
0.246989136738513
0.254228153702818
0.275704806693871
0.179868958548913
0.158088581006624
0.150948213834702
0.117816452276621
0.186532859702709
0.220376274142075
0.161047789327124
0.19605067187101
0.240592066344152
0.236406698651359
0.279332909716267
0.195279931233375
0.147121765023826
0.131280435416657
0.164213332345933
0.186081997867953
0.167453025097405
0.180435989213708
0.149848921573392
0.197826028640116
0.195949380617626
0.131457495218158
0.184036096377426
0.176912809786587
0.223049833075514
0.139683626691348
0.148963728596803
0.138167470964144
0.178092181108113
0.135150539219809
0.157296912520428
0.151196974469614
0.175481894614653
0.160337157232801
0.228835170568649
0.222705482683299
0.129987076170536
0.220911162279232
0.140786100840885
0.198006527328482
0.169897816672465
0.183789712197364
0.170483660847809
0.197190535275233
0.189311214545962
0.170519930139884
0.198776407719583
0.165038435538413
0.145220386662827
0.169937038881219
0.163102163805722
0.12577971683228
0.160541637949902
0.127184172427107
0.14386152931579
0.174608224999563
0.21509235864712
0.224881197330963
0.198789396649422
0.246416043532132
0.273328005920355
0.158787789387564
0.194653052911619
0.160316670028082
0.148042490456798
0.258542560398231
0.185042836805228
0.164589018746349
0.171949778737031
0.18890156823005
0.168851627147181
0.116279562395601
0.168246388806426
0.13686590298532
0.174784440818403
0.153199423365962
0.170240499875323
0.15554552910732
0.164613333287661
0.153033546955358
0.17574464980806
0.130479500481138
0.185292274824608
0.206067000384891
0.125074857128398
0.190886853457999
0.23253902131142
0.222392135904506
0.187992150261312
0.177127286434174
0.201341414935628
0.229172449526138
0.178455327500724
0.236192676770958
0.120395394896238
0.191943784899667
0.18085722306733
0.195536964120673
0.146272525617048
0.152581984035457
0.172859008231617
0.153227625795157
0.154332946481854
0.163400135467392
0.196030920204539
0.219600980245404
0.203573015270886
0.123003532439294
0.225060702995166
0.183382093637055
0.173287272555256
0.152912151973347
0.173769687170609
0.166767839454123
0.211286339619157
0.170652018476674
0.171083934684275
0.135306538666752
0.182450377990869
0.198409810215423
0.159999758522691
0.189395392019004
0.236632963321867
0.20866468316526
0.225873430714343
0.277665780209478
0.175321374449688
0.194541916421206
0.190629245785576
0.147637022693118
0.119462917113601
0.141267555822409
0.205951113261788
0.157800753552837
0.19913492210913
0.158060641340419
0.202543364159947
0.15953931132006
0.167878503722608
0.184188190826135
0.128556584304622
0.168324403555654
0.190357966385534
0.145277130320827
0.124905411581212
0.173043038725854
0.134775406590105
0.202912542952394
0.214044166211455
0.209666905616542
0.130041760448099
0.18480195014317
0.134876007750376
0.164880374614417
0.213337802496979
0.177886267239577
0.168726948039512
0.187809269235788
0.164831238668836
0.127009132709175
0.150642708580848
0.157745449188885
0.159046721059695
0.196671652247216
0.24442077816758
0.200499502704724
0.191825880502546
0.182266198363198
0.174920046091686
0.190744188949296
0.139731156006875
0.165226181446568
0.181778747786897
0.15384119035788
0.145654510440309
0.142165815897178
0.16732900711007
0.266345689938702
0.277710703458068
0.209484441263692
0.23754526749466
0.20741459234036
0.170106937553524
0.168958442162013
0.164617916922512
0.127852089782536
0.205771727298136
0.180255444667569
0.190714749197642
0.207219853727118
0.26650856183239
0.228950260604898
0.15940312068973
0.197714857533277
0.119878368701607
0.195408189530107
0.173256065303326
0.135067990283758
0.203918704674152
0.217107523537795
0.167135588654101
0.148452843885272
0.216957783672104
0.225966656637187
0.133157535736967
0.140758619903019
0.167546701414948
0.18750572794979
0.234870979502279
0.1576690460949
0.26842920078672
0.314343611583131
0.209965315820663
0.180292482302381
0.154064264010287
0.156431962991239
0.20874188756821
0.184476212173368
0.246752573187126
0.220148105539494
0.21260668834997
0.215809414393681
0.151391712428158
0.176854265729534
0.173760779688271
0.189906531574493
0.217379261016561
0.245714894265176
0.252207778248863
0.193090644456627
0.205713787012393
0.187494956679212
0.229197417718171
0.202314066567711
0.132810045576391
0.226326596399465
0.217839404087137
0.21070864690443
0.188541732555225
0.1261216810209
0.225442957313638
0.228234758318247
0.238979515383114
0.174573723737061
0.231994370030404
0.205652118079919
0.246307768461942
0.211187276713629
0.216965921968148
0.161145591187656
0.158220914060707
0.157125696438755
0.148864270997187
0.161663750802395
0.226610271845511
0.157426411468385
0.185719558353145
0.135383296599679
0.19415450762156
0.188754689377574
0.203439721348218
0.146177156497973
0.140228850302479
0.143919385679157
0.091120737707149
0.144266034360867
0.18198575801577
0.148254164855047
0.131549060261761
0.189679543614792
0.179150724396305
0.22500295489066
0.168501270876491
0.156782253450744
0.190023626648228
0.188311544956825
0.222052285107155
0.165039718304987
0.170011752846001
0.201711360105
0.123303447781821
0.191696349642244
0.134081688532791
0.174220343673256
0.181140514496901
0.194748646664008
0.183952027497067
0.171037924087455
0.175397312005643
0.200226707602771
0.243247290831739
0.22176024448827
0.205269149165846
0.172173828333146
0.132242354862517
0.21079393362989
0.193905908360398
0.157098466835609
0.154821786077273
0.109309661809618
0.190658730498809
0.133204225249166
0.167510375893481
0.122039921919436
0.163915272304963
0.1413653177906
0.1901154794733
0.139016565650375
0.168666368113754
0.144192827100215
0.162079405347521
0.163328335879842
0.203292093060454
0.179718595758295
0.174802529290238
0.166449122557951
0.127044196428212
0.176197406356508
0.120074107714482
0.17131228998924
0.179035216611438
0.149146648901918
0.159887737154559
0.161985654127612
0.150353037805788
0.146378815187034
0.17093763506422
0.144185332289397
0.116294894096861
0.171852462163707
0.143540453032282
0.136767680775469
0.171856958270885
0.170153994800888
0.17659226290598
0.163968864967252
0.163463648712586
0.144411089290862
0.188663430777653
0.147826754900767
0.158193245149667
0.177346353858568
0.198388947857233
0.185986511697315
0.201733981294447
0.15288899827957
0.14976170886514
0.133743466673892
0.113217726293694
0.153232473883751
0.184926719966286
0.143044729217993
0.182066254748397
0.139651137855329
0.222185579986726
0.145633359672462
0.131525852968034
0.149710498152569
0.113555259172161
0.205444216659506
0.119700780273415
0.178992286039742
0.125840502806738
0.177173016807922
0.219591962516465
0.149858513144756
0.194921697333833
0.183907902323046
0.190691460767859
0.179970269903994
0.152514581817287
0.163073406165793
0.186613956148229
0.165196635288998
0.103782878086136
0.136513160580374
0.212988447721283
0.187219191203607
0.149293334433702
0.188100458265358
0.182213864177386
0.144272218172553
0.16745609268275
0.187725316834307
0.186387301522421
0.159615867960683
0.188862683064424
0.176013179387643
0.201316582993285
0.189905928054042
0.198847267280726
0.25485853643019
0.19674496643502
0.175123490587136
0.146065797345791
0.169564435527131
0.232443923684173
0.203709029253741
0.192234010401322
0.115028969143038
0.194030028075121
0.239740419693821
0.239525973041264
0.206640099458719
0.218525427135666
0.217938867799895
0.17949863998119
0.124644984336512
0.121349687990076
0.15648960964606
0.220633085596637
0.189876148482579
0.168394311617884
0.171513001484568
0.161874564660486
0.158252053437293
0.200241350667372
0.192036246864748
0.133113085560784
0.147153290258704
0.163157518122448
0.167160453506427
0.132874759658776
0.178821873099979
0.170701616664434
0.204280970300221
0.128892279049601
0.168747931021634
0.223262584332913
0.252218930477165
0.137912773834855
0.207635714300987
0.211850406155639
0.205619765441941
0.147991026374016
0.133975455826201
0.16049897888808
0.171557031905052
0.157114597961274
0.180425872294275
0.169083465964749
0.173449591892833
0.142313061166563
0.146937155426403
0.15156486509508
0.142345823374392
0.17791875728531
0.169029010857732
0.138401589952441
0.131389395750459
0.146800252995769
0.18314458330929
0.181043596528823
0.1357778928078
0.126142527654307
0.125145068968844
0.174898231766061
0.163536101203603
0.152918407198542
0.154281155343267
0.174936790068017
0.153781211200561
0.0846187800381843
0.176901477112126
0.113611063975897
0.114622737804829
0.132577383131042
0.156671756414043
0.263211322403412
0.152468529654193
0.185970337509142
0.151713255783065
0.161437123193398
0.181043823978876
0.24234795652011
0.203037113903162
0.185658981930567
0.189793433519562
0.255898180406209
0.244141409949729
0.164592341612558
0.187282435261929
0.164318994918216
0.209685396756378
0.253967876868209
0.195535263303961
0.232802208933706
0.220141603378789
0.160456605526748
0.125402352992511
0.167723312796478
0.194864813265366
0.144652265091793
0.140479908971627
0.14848215713022
0.163677036791181
0.158615756789845
0.179952787395022
0.127036364512001
0.151600019426013
0.152057046964744
0.153926201174088
0.208467776383569
0.252617009639732
0.294597399840033
0.178911624003116
0.16037365067714
0.165413307125004
0.179251822889415
0.17556767482251
0.159685074907533
0.124605672256721
0.18306437663082
0.162277422305493
0.269754027040119
0.202863376469546
0.186766574672241
0.213599786962148
0.184773676707323
0.26717112896195
0.331036505952951
0.165880058886589
0.183311805966179
0.152187408634057
0.164650754672378
0.144055267439267
0.130024694258435
0.147812166694779
0.161508422370164
0.199531796428352
0.175650019523934
0.166533992739183
0.153818727278878
0.161265081279879
0.126466271219334
0.195038652221834
0.233119932993144
0.184059616213849
0.236294856111687
0.173545004040417
0.128142660006198
0.165562920681792
0.181010618682928
0.141896747248398
0.204833954133192
0.178273346397906
0.176648904221489
0.133105478229258
0.210327380202562
0.157412854760851
0.211632443641041
0.121188471115832
0.155763279799391
0.184435725421778
0.205485902461772
0.146378373086929
0.158126590768017
0.189270884381049
0.160615505365262
0.187271575362552
0.222367043689134
0.166343472322961
0.190077454994159
0.226363935702689
0.17943781272715
0.206274203893342
0.19039630112693
0.134811506726739
0.192519786191822
0.105802099299375
0.15680819534092
0.164393399182536
0.185238499826431
0.111971058771304
0.137110217900338
0.145876838259017
0.138806123784681
0.177518643249516
0.116734454965904
0.119450555714149
0.211940747739136
0.133976245954722
0.150299905999131
0.155887556400596
0.17511248589077
0.143026252056863
0.163175898109156
0.185984865931156
0.168942275664319
0.183719456241188
0.186228697648032
0.188591107113193
0.147085378313345
0.186352950716391
0.144838949010947
0.20347460991972
0.173559039367033
0.16449430485043
0.161711557589501
0.15448456984049
0.155034165510932
0.166553503569422
0.201145807054381
0.160850707295277
0.137343999894312
0.145655680357085
0.222637994121529
0.182801907048401
0.176859358958408
0.157477588919495
0.16793883238736
0.145645170343821
0.139004355298644
0.133059960787422
0.177626469979482
0.118127931599632
0.165869026580015
0.20668853991112
0.228454977626092
0.190201571874923
0.14904532794148
0.10021337955544
0.149345664621737
0.172737419123611
0.181809665898052
0.148242944683621
0.121290277933685
0.201552896853156
0.189413905074354
0.182893031297899
0.224893402074754
0.223359142018801
0.209409271487346
0.149804901895252
0.157459018570184
0.163204773058635
0.215292400117318
0.212959835462501
0.129380011643818
0.174103713372279
0.154089060279004
0.14555780262489
0.149560558165735
0.16887360986094
0.201450345220956
0.144655820220356
0.159079904921411
0.209831871950047
0.209818000121751
0.126470799123904
0.174018676398664
0.164574371252353
0.180341066646271
0.158787293429423
0.170055518687231
0.144082686898581
0.135114559591449
0.160683260318495
0.168426766343913
0.137297461538016
0.18014773466436
0.116183468921726
0.159579104171689
0.154218613271673
0.200934196230086
0.153091531879172
0.171601289151687
0.235197895327813
0.16082474003618
0.175075646188
0.117234901368806
0.30258813915973
0.212688595072318
0.142381683701069
0.200090879363454
0.131498045957671
0.198643889210929
0.180248005114551
0.199498898866351
0.181149839459131
0.208899732981868
0.230419785113417
0.253534267757413
0.191956129662569
0.170492907209142
0.251039567948362
0.213592345869705
0.140038370740794
0.185176897886726
0.190557234332955
0.138045659531069
0.187564776167968
0.205853824949007
0.240577681354686
0.177892788953297
0.281382308790854
0.225414402102759
0.20719200851492
0.24296635597372
0.20553187043819
0.190729563286992
0.231209701995979
0.134426766204366
0.142932259515409
0.176905707993036
0.163297824599515
0.194725317391407
0.18625297790822
0.188187178604013
0.153804576836812
0.163198892187525
0.158943097237158
0.221707840769824
0.214006206903568
0.183925911426391
0.16013747796758
0.248398869629781
0.150828717675486
0.229466131040238
0.154253981827349
0.212960811714083
0.202330876979899
0.158298516392928
0.10302597022274
0.150234661975266
0.149695151176158
0.25142898343143
0.144762826699443
0.174975577743906
0.221707168657976
0.180695093896607
0.170375248686007
0.197062708044485
0.174966082007552
0.197473260240209
0.233954968868369
0.145735215683732
0.181437644187526
0.202245488538212
0.234193718393339
0.172323466127758
0.168399777039002
0.170874702710032
0.26069734384705
0.28619747715646
0.238329449497361
0.22048386833005
0.226880842774763
0.242188778747439
0.209724957450169
0.169125786990505
0.17121207720372
0.183320393911484
0.137825630241794
0.147166024228169
0.162215958923722
0.13588558232846
0.119257087810775
0.239393895920319
0.152238709090989
0.240427128113305
0.216199998650419
0.267845946614968
0.220766496969976
0.336717503355591
0.26910359871377
0.164799738559691
0.135188073158712
0.188760410495725
0.204040791700838
0.177084862369716
0.152442766118881
0.230000954289449
0.207060643064059
0.216978210114752
0.213616340309006
0.163414819737859
0.183903023289237
0.17144952029196
0.192266083826672
0.163955089416333
0.12649268036616
0.17314338926618
0.116937385657697
0.144284183374865
0.189043226000588
0.152386968333938
0.212444769949047
0.156620136864552
0.142176799339513
0.161770259979645
0.174688049553106
0.2301265764012
0.13259085275396
0.14645663465254
0.141382160258513
0.177820126238652
0.148696188524376
0.123140880567856
0.144009303451021
0.175544149335147
0.16879714815639
0.138168085307546
0.127762193388053
0.20312032629554
0.232166025915665
0.128173478915384
0.163456147646228
0.198238413946717
0.272189214003276
0.180479398231893
0.183017811738016
0.161066049270312
0.172560985909222
0.146657552441529
0.166574268638937
0.23823908180834
0.171824449025814
0.157405384278086
0.195646701755763
0.163338886069517
0.13007812137941
0.177785085525998
0.16105089975276
0.182729606450036
0.271744941223808
0.245336242417447
0.220090008051835
0.180493328195717
0.162793504108161
0.1862996505732
0.185508217192095
0.243965880473005
0.16398996819667
0.193957438396058
0.160188366937812
0.0889405837891821
0.0903750439666683
0.135629707812293
0.134269107430577
0.172292914661733
0.214456940239192
0.207450585276512
0.123239426848902
0.147447284081005
0.125655054678099
0.219829652181946
0.230021855900391
0.203307935790291
0.139111673138137
0.178380969850903
0.209314558033971
0.131170082540106
0.144587980369287
0.157893954178556
0.169852947274322
0.205477129347868
0.150936181839942
0.211820334094348
0.145164640548252
0.175184025102013
0.171705972993761
0.166808161789832
0.157538583236451
0.163217994424351
0.182562948100601
0.158273917698653
0.15920880856985
0.113008148654104
0.175343853720918
0.198595731327078
0.222608536867949
0.144628898655048
0.139123160685651
0.169984471092179
0.160003354280133
0.185591595111311
0.204848905349844
0.189624348422886
0.206868377462184
0.170419012079585
0.126528929342104
0.134292907504608
0.179370255392852
0.205725508753208
0.223228961229146
0.137287389356293
0.225114610497606
0.200117307211325
0.174233273498827
0.26077372634114
0.238458733074949
0.263314235609033
0.193762137926882
0.193270488472567
0.107713198673818
0.219944470491207
0.160006044139626
0.177708936285298
0.148117422982818
0.153445373725202
0.145804849781277
0.127449353746151
0.193103476523609
0.201440274793677
0.19417098922275
0.162588405413889
0.174210179757559
0.157948350081161
0.157400528447452
0.134233127958134
0.173149264076947
0.174460402003191
0.146625472654018
0.143501014109033
0.130148283495487
0.13305604947269
0.216647886858809
0.194668740228889
0.171208390856452
0.197450854389905
0.138852413289769
0.156907868431946
0.134664681376391
0.181207868990798
0.185164773432332
0.171201378175211
0.127832018422093
0.173577440506919
0.246348158365485
0.18626726775974
0.239121995028975
0.245202234432017
0.165872429619255
0.180190320314328
0.225436465994518
0.164050819943629
0.229391153476481
0.164591420144584
0.198661824198701
0.213463101032205
0.204532140585812
0.198319749025954
0.177794768390464
0.219406652867321
0.155679609198644
0.162023207976379
0.181177203189007
0.13872649376571
0.208483137833361
0.132576316282422
0.172155767511985
0.218942594256307
0.205215299623725
0.155700873251346
0.17867285247517
0.152546238138833
0.225144815423953
0.244707598646426
0.210204902192677
0.158747084033919
0.126638647604119
0.158995231383085
0.169164197431306
0.156255792118408
0.211765654707894
0.211475499372491
0.175507095211834
0.217417061961116
0.158198809909981
0.235713693109708
0.226120845042366
0.204682505642
0.221617862873393
0.156226621374683
0.21513087076962
0.210398724292147
0.187675396105493
0.167904102546711
0.088495059685675
0.170787244016617
0.18033869195553
0.20941866405408
0.222217333566372
0.210569640164407
0.183701176149421
0.207805634111611
0.176976624655987
0.17434235936712
0.12067133857893
0.200167470855297
0.172738923532138
0.214628916454395
0.216798686871741
0.169891709077578
0.154113389426879
0.167332848366081
0.227380057726749
0.136052645028156
0.194836845952388
0.194407363929276
0.180311775670396
0.225379452750497
0.236010047366595
0.217803492466748
0.248183407139534
0.175998431377999
0.151807914809304
0.178978675330158
0.15497476892459
0.197226999472141
0.136191913606194
0.166067595403398
0.178846314657737
0.17666813421723
0.166027640062354
0.208744971884661
0.182664738937371
0.180052589727605
0.142227017421148
0.191535379595878
0.143082650051741
0.100992205152494
0.1411362201227
0.244044232993029
0.188427695062403
0.179978776961344
0.159680532498898
0.177542433089689
0.168492144985175
0.213701414173149
0.238960718913243
0.15757425847829
0.195661342217515
0.16936264946532
0.173669659163786
0.141677600046232
0.189614013951107
0.155746645220437
0.250489284428972
0.281407240915607
0.206303313784201
0.193964490622562
0.199419936677723
0.178936953576337
0.290497582310828
0.256645071026481
0.238171666138568
0.165177203412172
0.14086308952941
0.206479786398428
0.153466077451387
0.186276119703506
0.207783558588653
0.208173207956861
0.265777258773151
0.216899111280741
0.229350356602305
0.236064551001793
0.292308938043337
0.202397740520255
0.149362525263601
0.190356851216366
0.255857223720176
0.191164711890807
0.206775427427843
0.175385998705701
0.169138607189199
0.177827653463113
0.227357602296017
0.264122808644875
0.15901049893058
0.144250195969738
0.190145222194804
0.214037761437769
0.218533858863683
0.210225294407072
0.155598143462167
0.132806546434853
0.155202061075342
0.224851562731744
0.213143051216501
0.180474582515684
0.208537745500451
0.162103447708702
0.225079020206264
0.239356261554498
0.230409903280437
0.141410699407555
0.201606828849645
0.149607201046247
0.180156179369702
0.171309333432653
0.206451910102393
0.233525351249281
0.206700253099084
0.213227718182625
0.216455426219684
0.182068921768845
0.208046051853346
0.168650743331083
0.241919990132381
0.204281315883826
0.159986997243968
0.16728745298
0.148544072969287
0.209125018405407
0.15501896337711
0.156098765705365
0.280243060799872
0.154444750633274
0.182710408806795
0.194770788141864
0.167268938264184
0.135788463304202
0.156945077176672
0.175939698683461
0.166237257364276
0.177155005277067
0.207370474100707
0.208358577698173
0.215596858701882
0.166712638526119
0.171526525692561
0.157529199426854
0.193709232045352
0.174665314014791
0.173553676884723
0.167965887958154
0.169778570357804
0.139224908550376
0.126969903590427
0.231650779630868
0.177913889991508
0.165277231359353
0.169179377371698
0.124728606788436
0.17279796736285
0.142615463155032
0.142267481327102
0.229498262871524
0.146415372346345
0.19655041297346
0.182255512433501
0.179830369845825
0.195524138375567
0.166834719901591
0.12431144997535
0.151738734849751
0.133374644200238
0.146280135944465
0.16127598815702
0.274158077904998
0.172518669931745
0.195225909887019
0.224287270739025
0.167584514444757
0.230229506929622
0.152219777174934
0.126814176025461
0.151900962956573
0.153873265631991
0.186287647603326
0.192900720361155
0.143081228066677
0.157513858649957
0.162315999081034
0.193905278892694
0.210134953800019
0.175388263166275
0.148206360984169
0.152885848112796
0.180972884361405
0.175562018123217
0.113797020124447
0.168263298932217
0.203268080491789
0.174637985113843
0.181861363730271
0.0958678431332551
0.152714889085029
0.210368488827127
0.301301362513029
0.16054313083555
0.233366300439403
0.130513243923333
0.186997924019006
0.130133962939087
0.176056811550512
0.16751238989069
0.2327390330244
0.16455427671064
0.187814384209413
0.212143524497959
0.242585502002193
0.132914730475698
0.118956540288319
0.225599791445195
0.2204499033106
0.150014235533958
0.206975204700499
0.166127891547965
0.19036496500748
0.158668142592533
0.141035583134179
0.160478066823958
0.175223761971418
0.143927983307148
0.128424673167366
0.158658400391612
0.17694042315898
0.150397464753313
0.190797824429347
0.194106216889819
0.161083008177396
0.140014772237006
0.14555178411229
0.189608347197969
0.152859853054377
0.196957776427745
0.254795308338436
0.199626654580628
0.177971408437416
0.148294936335506
0.165222272517927
0.155628668016591
0.234889559744915
0.171740535238522
0.178448685169314
0.217255427418719
0.161309727782407
0.205478284639707
0.205951143434983
0.188392124818288
0.211933180628906
0.2339655113797
0.238016381056297
0.203408207194328
0.190574408541252
0.202575506282825
0.240601985375615
0.220548917017031
0.191653064686488
0.196730517095897
0.142502485997362
0.193177756158117
0.157420871637864
0.209829987867438
0.218656718750591
0.238936299541927
0.208383475211935
0.173725212186742
0.155021952321448
0.147966231188996
0.116251525315144
0.209154529306684
0.14271603998833
0.13308602176898
0.128636265484817
0.202530306290756
0.20129841960624
0.196531675769721
0.155406464462025
0.181098745155897
0.126341970433636
0.133012635887952
0.1615504914999
0.174292107852553
0.159598092519591
0.12387822930992
0.145556685581916
0.17633564001238
0.175087042719682
0.148174017914325
0.184785364321668
0.258557628124529
0.168602608952037
0.153080457568393
0.163886053658656
0.194847674343059
0.214534828658032
0.196120853495214
0.197000557216904
0.137686223322276
0.112189514150638
0.137598897773863
0.180744088884173
0.246246919783293
0.206024810706414
0.124462064482932
0.210916477633364
0.160059231446938
0.196098754979905
0.160173667523505
0.227624315809311
0.166293578676145
0.144646573323166
0.175447197639606
0.204076339245678
0.176787325046392
0.153777766394023
0.162594912926282
0.107794003749114
0.134598587924194
0.140407348768837
0.133601168496905
0.150454273880536
0.151969314998575
0.14213954461938
0.205783456367941
0.207531006945973
0.225744510781087
0.182941484224889
0.162776604240441
0.165184695835708
0.176302497732848
0.167326749799217
0.147247190250894
0.14441189387843
0.125836978416499
0.16889615015549
0.19600197066648
0.267849364395732
0.157186032566201
0.155830949367356
0.155611374571758
0.142837725206981
0.160477586122968
0.200051957844792
0.167727702851775
0.239186975973448
0.187382701260415
0.154099367594398
0.239512575663165
0.161593967348766
0.214827373095752
0.205395019242656
0.202695057937643
0.155004984510345
0.149209344899041
0.148280817708948
0.173133824745635
0.130315098442769
0.20364114617455
0.168254211892002
0.150497597137951
0.176480719530854
0.16678050927305
0.170127387584933
0.138186746569637
0.165711431045736
0.156314072076975
0.160243927355051
0.142355536181221
0.212730558232267
0.151916296388051
0.227214663416952
0.176871277484264
0.181296006633963
0.116355678316776
0.15364211230829
0.196455029289244
0.16933133404238
0.163358301491007
0.144699647877137
0.189453860206161
0.186108302250495
0.142166590785766
0.162267847244082
0.190272447167438
0.127246055447175
0.160897172186065
0.15123951650324
0.195448604485304
0.16307047382066
0.148977674253452
0.156831121883055
0.157384989739141
0.181554818417215
0.187095759677701
0.159015823317084
0.145117906939507
0.160745944316339
0.192869166580271
0.17189807283922
0.173149600979788
0.132198194007153
0.140943430803593
0.163251718127896
0.164441034235379
0.127291114481929
0.191198272969636
0.204409576619027
0.302436780414803
0.228958951489132
0.253608789879709
0.270130068824235
0.262477199876406
0.260777307698838
0.153668623612266
0.144418088498829
0.233975734215519
0.1583089756252
0.170540482214927
0.211409456885868
0.21543830311054
0.199912235416286
0.200236245901574
0.182380268464777
0.180707607784094
0.191889255296971
0.155242570366729
0.171503869288785
0.146108330999179
0.157464738035036
0.208962965178347
0.17254045335107
0.230403130428611
0.208681232290651
0.168543866641102
0.17840561100282
0.143385439139524
0.129984863345393
0.129851046762602
0.145462862969866
0.250285341528976
0.170381457244051
0.203608865769145
0.199478464965622
0.203897771142965
0.169287963171486
0.22297719479901
0.181365503267944
0.260969505818934
0.179795062466394
0.179198173909073
0.185877034508317
0.155494910448104
0.151205224690107
0.243518184899127
0.20052884618427
0.173279694098847
0.266460803763503
0.262058554061353
0.12996870235235
0.130876418638803
0.148419269033516
0.140362576612682
0.22789900805462
0.162539421778921
0.153600566943258
0.166736429049108
0.157844112961505
0.174604855839676
0.179080690554555
0.15330321139463
0.174169819213228
0.187165114550377
0.289365186656447
0.212656948340416
0.118368235679888
0.148066256702372
0.153346611031991
0.187921409366052
0.143825401786265
0.15192615688371
0.215964187623197
0.203884825663161
0.234084608792252
0.162862078714915
0.112239898711741
0.171777011360754
0.216310493974258
0.121675930696947
0.226303945974621
0.144887247374407
0.253668591742595
0.201079849931879
0.21442527230003
0.22462298719133
0.225311060214956
0.193541627825861
0.236449625888897
0.130199241690773
0.155676690114569
0.166063483948021
0.151190089625256
0.15079073150645
0.159252257931287
0.174518762006451
0.174833499318059
0.209498574259482
0.220160529404315
0.180736379953793
0.157331617965684
0.111786523247065
0.17232819377877
0.168427398492226
0.147895412190272
0.204332773714147
0.247113551855285
0.151361529060678
0.216943529140863
0.189090474907995
0.103948522853456
0.209707050618538
0.22867297924006
0.168763207108424
0.148986137556057
0.15161065023242
0.13494094472609
0.165380717791855
0.222493288331994
0.144449373346719
0.155404743520378
0.147277709941826
0.131984629997065
0.174181144644178
0.145640027280679
0.132049956095263
0.180997415160072
0.22518405395138
0.273831500351297
0.164731595486002
0.127602707478824
0.211195724016209
0.186702830027198
0.1829474933403
0.146744118702174
0.202701072934644
0.190968883850399
0.207760693126202
0.149010989087342
0.138674750169095
0.154064720446597
0.106857369657269
0.149100782811114
0.145565941438703
0.162689867118203
0.150915742639349
0.215893980624802
0.147399145237874
0.151068342633831
0.185821742979829
0.155105258310471
0.198676408526463
0.180488686436044
0.173521967557366
0.193101184668033
0.18740068090755
0.212939596631768
0.204963634986267
0.182566677473453
0.184995430972643
0.142219230483738
0.170012295031372
0.134888846128724
0.178122066538236
0.140297982641778
0.231625254519125
0.234788331079477
0.197245102949059
0.285751414228282
0.192333483814539
0.185655974629562
0.211090881482368
0.211626807305356
0.192229692528041
0.207780972558059
0.203614671219035
0.183469143757579
0.139103306987567
0.186034742958162
0.187712311359584
0.176616313717007
0.186969023500422
0.159773436401036
0.206819216439456
0.267385439382648
0.179021563202211
0.213306825528947
0.17570879597831
0.202311895419534
0.179798018458892
0.184103367668253
0.203142136327506
0.177689778903176
0.214315365471676
0.20730148620147
0.123654981289544
0.138477956555761
0.151407286329932
0.173497504184459
0.250417655873594
0.134305100619449
0.178765247973683
0.170333064641723
0.165461542940386
0.149085259971686
0.177645913187795
0.148005593508065
0.191092253275556
0.2014704571966
0.20283424106965
0.181185716538357
0.221781930957426
0.237509266381757
0.161982172625569
0.140785942067051
0.158504696152258
0.171446789406863
0.150376252286033
0.163923627324271
0.193362800234327
0.203601464838278
0.200017727019161
0.127039699193022
0.202742795655251
0.244982905872732
0.217423699876523
0.164603244748051
0.166067275733278
0.178253238275129
0.189263922485083
0.159441029730847
0.168838283645839
0.214716235808313
0.21571058653858
0.229308809223683
0.120346415479889
0.153252645299057
0.166263800176967
0.168607628409274
0.177761098687597
0.221575400268182
0.199635939588613
0.183801189787611
0.203077658028558
0.159913933567057
0.157022434264455
0.154173634098382
0.145895033496138
0.153068547064444
0.160957961867649
0.27002160064716
0.173941141464157
0.128525999712488
0.186108407774465
0.192065490703535
0.18693832960684
0.154579040457708
0.186606694741636
0.210909559000627
0.158101726943186
0.156705968210141
0.234265052299239
0.17770969786559
0.207907196085156
0.222052067713044
0.204903566515116
0.180885560255549
0.148627538214348
0.170103196413305
0.145190163184023
0.140107025062448
0.18863871241404
0.133397097746508
0.147161187760081
0.16751971420852
0.20785548259233
0.189157626773881
0.240300320624443
0.107138459664105
0.159061393087337
0.190872273989798
0.205609380864153
0.222852035462544
0.212784186478537
0.168895772157487
0.165364631703298
0.23538545639623
0.119788891767418
0.144051287459488
0.134239827457397
0.13280655773284
0.115116626241612
0.182063383250905
0.186859084960557
0.14913211687847
0.153750980562572
0.131964458347118
0.162449686126445
0.152580383662974
0.190315639642502
0.150851560132664
0.222332241339247
0.166956996874754
0.135155848092695
0.178018441875421
0.155498865062628
0.18839640905444
0.171124022243134
0.178983736162663
0.178774497157134
0.168015412209778
0.174603480376925
0.179458228984146
0.173186608552652
0.21997888563791
0.148492435337382
0.139542658926041
0.162385102746515
0.149955101324696
0.15403979460954
0.142918418197925
0.15663072851249
0.178094568430344
0.194047694517642
0.160752062269573
0.13434027516925
0.163328554402277
0.164790006538077
0.166213647057649
0.20662371814721
0.246827197136577
0.179016318364329
0.143949249486436
0.155766998082407
0.159768180292204
0.125484408869924
0.170636180705062
0.163343636148724
0.167694394802576
0.145867479825174
0.16022313708279
0.15374702739619
0.15453651158561
0.152761938611896
0.231200771695239
0.172762301810587
0.138672528285338
0.138565313935557
0.149613648954284
0.162060887415891
0.200779811572288
0.172152602682624
0.139777132381968
0.157203474293849
0.149258537602451
0.167054715836737
0.151506056525687
0.150374335510921
0.188446492737001
0.186768802825888
0.157830091998544
0.169988845397322
0.154298196803796
0.179927341120907
0.179426847548366
0.18709700429127
0.196497135075948
0.189713770308051
0.176759677174491
0.172748341517119
0.159164413979525
0.152483687706148
0.242170675519492
0.158414509971842
0.0848377341163587
0.196839568397564
0.151050212889321
0.170755837146744
0.175762505367372
0.228339481159434
0.206674212073789
0.114038229878361
0.175678995377434
0.130385199515502
0.142322484966078
0.136034702874773
0.165339069067826
0.15830901947877
0.150751798749373
0.173324282584109
0.15478555176375
0.167249550198454
0.140933580995711
0.1164062362045
0.131351979440928
0.156909157453712
0.151405418843601
0.167694640326311
0.167210917464677
0.199904833040217
0.148059675229756
0.155169228969591
0.147194145302354
0.154233678014581
0.189875966330953
0.141135962775797
0.109733484211906
0.21152742057076
0.183984045128066
0.121671842509597
0.17812123511321
0.142129953959951
0.154343962810666
0.172871011820137
0.209817481670548
0.135226413353912
0.196170317803605
0.150262012421551
0.142288918283854
0.137783382631889
0.236867681285144
0.219052942337442
0.159494446801067
0.142498651034504
0.173266424008561
0.21939454639063
0.215047394453484
0.186505409864433
0.190508359413417
0.205311633355733
0.219129866706311
0.216133543432891
0.114207258512778
0.158332736962846
0.177685437122043
0.148464973641609
0.19200248822684
0.153547060788858
0.234726426894803
0.22424757102001
0.186603391494004
0.189253457411663
0.166807356617715
0.217014878991818
0.212657122354436
0.240410449429905
0.2128219659723
0.210242659367432
0.165459379475029
0.153581314860149
0.11882066191727
0.171196073550004
0.146102666935239
0.154059036102373
0.142156824706459
0.164628105143041
0.1583603934012
0.188023492626424
0.143026110697418
0.200955092365319
0.151572146693879
0.141345175636495
0.12408222089796
0.234491876913722
0.181136179466806
0.150329182997224
0.219820908520666
0.143267265786952
0.163499139250713
0.161727909929039
0.122649769077192
0.193064742423859
0.175223720365838
0.185838303458412
0.174636091354297
0.189343516234209
0.200025459593592
0.151072831790404
0.177620014856467
0.24034341936097
0.19657102685282
0.258576384851164
0.168185523210921
0.201943412139672
0.200079074358917
0.224373894493611
0.222290958158501
0.164517377158523
0.190933302917449
0.153160179118652
0.162688665849541
0.220397112648957
0.182713148659705
0.1694638200207
0.172481033425127
0.17734549686421
0.170399310933373
0.123512961292596
0.168539943503976
0.145172027721426
0.155123352911372
0.218798212696091
0.167956215075912
0.12812015441142
0.153409073386441
0.133085582110735
0.236804009623839
0.230896770011852
0.204396070914146
0.169481996947907
0.181814274237699
0.184895212427735
0.127509267829767
0.140504944802022
0.158446655316397
0.213751065616979
0.181221299488938
0.149157663145631
0.219339269763646
0.258346479763851
0.268424957498035
0.206664873083377
0.152340562712149
0.185024176221876
0.186671204173051
0.122506374634225
0.131542033221669
0.161082089912561
0.114742823804612
0.149202548412237
0.226391014532604
0.102949777379993
0.158186255432335
0.170131636263154
0.183510150150699
0.16865383727124
0.241165877114184
0.197759993500957
0.199325859529432
0.195238573781388
0.174508095508779
0.174896153060509
0.130464425127111
0.127312084299045
0.19589435704428
0.194921732858877
0.151166178883868
0.196106775120902
0.174493887426682
0.165052088827621
0.15323253059793
0.156658043491001
0.214239513365711
0.156744144665484
0.162865733613061
0.157475469937103
0.22142458021469
0.133581131445702
0.192024142644276
0.179426505700149
0.237356400218437
0.199279396477833
0.234282653000555
0.153208299535428
0.184414607072163
0.204950668372327
0.197023601189165
0.197612677481353
0.240255942254684
0.135332903634321
0.119883446599038
0.153533701769336
0.129416521835006
0.114708984475442
0.157053749414205
0.180200358153602
0.138250721645502
0.170877123073329
0.178582187345569
0.262381378387326
0.194122110509213
0.209982696864573
0.253035177243548
0.117225113040139
0.162484962231615
0.170784248695475
0.236455178791363
0.234990206814302
0.239007433533719
0.193631418859383
0.187151809352979
0.178244399309118
0.180650815607497
0.152760895796481
0.128954511164457
0.176261057223571
0.227175837174707
0.196507580785298
0.151075412228697
0.154136043293794
0.167672852856749
0.2046505772628
0.152431879976756
0.206148000718777
0.1632226762228
0.154974874149656
0.133551002192432
0.225575881395227
0.219126711662544
0.201105598875818
0.176562594636071
0.172326412273403
0.199375421604879
0.195027436459198
0.201414087596384
0.19372776821898
0.244030314924658
0.246926936823846
0.185543622017181
0.191551424806938
0.161982282984796
0.149878747415871
0.225337022719493
0.234195498291254
0.264758640388185
0.231753502898394
0.213210321860982
0.128467283638428
0.114506302290682
0.158860508250118
0.130145465897981
0.114723236744412
0.130793036272422
0.170793978534522
0.158332299124189
0.237387610357271
0.204217145787718
0.223379320470778
0.225332459418573
0.247828462044963
0.221290190519727
0.195714374272542
0.166591831207483
0.183281151339379
0.183311341933101
0.174902888264694
0.200429826140878
0.162514328750629
0.212498041357303
0.158042956583404
0.157694650908452
0.199967184091995
0.180243481183007
0.137299234332115
0.191808442610711
0.222444398155944
0.181729515195729
0.244807890196317
0.292952607461779
0.176677587209339
0.194444076208452
0.254762487662563
0.189146328347989
0.20276029963328
0.176838444879261
0.185136101380078
0.14752731723385
0.227689598005195
0.203303330262839
0.1836755236511
0.211524247286238
0.139657508368321
0.214652972123756
0.221970025438227
0.127953146981235
0.157526901418512
0.117301942533178
0.195963597101474
0.215089066726006
0.200503681180821
0.215640832941259
0.199991194830092
0.246018927506569
0.184926744197577
0.162465147545636
0.204246055220052
0.143714006592192
0.221775687653679
0.204478274203266
0.280200574600744
0.190566240843611
0.150039274457703
0.14480912863785
0.13784970262536
0.15813671125777
0.17096342999789
0.186510936934765
0.186922273699511
0.157960537287953
0.221713998615206
0.214629701781645
0.14283013364783
0.178106620762468
0.169390627301068
0.187700771427218
0.229487854362909
0.117404799908181
0.161802449571843
0.197298029252012
0.162131899369484
0.185793739097135
0.215124480120663
0.149123352631891
0.175310788839009
0.219136942923854
0.167629726113872
0.122130691488451
0.186599598933242
0.212405704904739
0.170496294250036
0.223748035201347
0.187162891643476
0.255578914722158
0.192898762807671
0.134313890928136
0.135115435235013
0.22240229742286
0.197415104349334
0.189240578266701
0.256916139926187
0.230049779865482
0.205587582905252
0.165791484263875
0.131736476974895
0.227587963267109
0.230968769890753
0.218164563200514
0.208934636287269
0.164997525694653
0.181181608359851
0.130750031477056
0.188769269090227
0.134678267461668
0.150655554286718
0.19534493788755
0.291348362525323
0.180058048314275
0.175251353039944
0.207745754230226
0.165724605884429
0.177098179654594
0.163502445565147
0.115246603650062
0.159653576537723
0.240170176934955
0.253054677145104
0.18854534052194
0.216621850564206
0.217693693040162
0.158958123656435
0.169507483332731
0.150886326088096
0.178953592821398
0.174008138479468
0.153054789336537
0.196082196112351
0.203273546825517
0.195420743310575
0.200510994035283
0.159216623113612
0.197535808309661
0.190455165738487
0.175424247213569
0.146403450356378
0.150111450186735
0.127131456477203
0.14077548635148
0.180859436302277
0.156375552924221
0.149284134975185
0.165289958412353
0.259924667153859
0.226728297081101
0.171942820268684
0.204425650094858
0.145579661380041
0.159640078045691
0.124630495460908
0.184589206808419
0.224522478029602
0.202779576159956
0.139032173004251
0.168971184030577
0.16726886648296
0.21417952533025
0.136411939034066
0.14082001274491
0.131969079895564
0.120798997002558
0.157146794391417
0.169654028258145
0.149888518737732
0.126682181638805
0.201080756552939
0.192025226601731
0.185351678497357
0.20555818885429
0.24749732862328
0.12654543611802
0.143586434980207
0.133440089411034
0.143451184873516
0.179856721665402
0.17869191996984
0.146009438138041
0.163275883899146
0.168620028711855
0.184304192995742
0.141247265389879
0.188973847364884
0.139085470826793
0.176946267360756
0.126248140346869
0.165254994483447
0.107447983144791
0.169092291988227
0.168392079877129
0.180665888781132
0.142921796536578
0.184759990663902
0.193643173632994
0.178327051415431
0.152325051082026
0.136207602935623
0.224228149186955
0.213886877895129
0.190576454453309
0.222900971378646
0.218486363065039
0.187697052871195
0.202917633025516
0.181036244178929
0.201237138004852
0.183015598962934
0.189148535923887
0.13713609017399
0.19043944043461
0.160090366685478
0.202846966281416
0.150371360093545
0.108274891448616
0.219593277008996
0.239893477986045
0.270731294854349
0.292873447221562
0.190131737552352
0.153360123062933
0.178123402058265
0.142853392747121
0.168981431464514
0.188905237712732
0.189833341313535
0.177574305087572
0.171739117253815
0.158660057142642
0.124290418115644
0.167739523251613
0.213342666405518
0.196983228868985
0.21712478146926
0.195440354210849
0.236346421181547
0.216632521795109
0.144095045671129
0.158924404052049
0.189872370736351
0.247914689457066
0.131541879253595
0.152012545793641
0.181940796693468
0.235126510117104
0.228221104206794
0.146261516011353
0.191712724755814
0.172900868642044
0.204234828219156
0.181494368500011
0.174827224281741
0.125312972067776
0.175294689316609
0.188082234038514
0.147599308720328
0.148816146031134
0.141931594522584
0.187485513272967
0.187078522412637
0.188248188120182
0.174615353714907
0.196945162302199
0.203439554393286
0.14169628172435
0.145137567646247
0.143284661988304
0.176549375563121
0.178208202797197
0.198979587005682
0.136482191377388
0.142780481041328
0.144213494760527
0.151280758590246
0.158955614705365
0.144635520805309
0.159013662397873
0.20113384411401
0.154386008087444
0.206481382176561
0.183309101425123
0.249492358782246
0.190569462324672
0.190863181138438
0.242384159762521
0.177156786664246
0.184404740534573
0.191325439972817
0.15808406466373
0.2217582698389
0.186534224341842
0.164074753436692
0.208211077759107
0.152781296718705
0.0974299343672191
0.133377735884003
0.170494152110461
0.158535900583714
0.172865267665781
0.163993435650703
0.128255835108702
0.164880713518365
0.138048663732968
0.0954194524810438
0.165795980544285
0.125021859550768
0.170785092987286
0.136680644124858
0.15841052666345
0.178255388609446
0.144236281670109
0.146616027687713
0.168417507686422
0.177790056668829
0.182785621304453
0.18772550824258
0.11781782561914
0.174380383592985
0.19386168138761
0.168065463189107
0.187131382679281
0.140668394123306
0.153713242956434
0.169099473692284
0.160783506456412
0.192923416487201
0.15368965589615
0.12349857178662
0.119576897407984
0.145433935946883
0.173815591528853
0.188730058088479
0.184502009979663
0.164872390887382
0.191139761607339
0.28492190380684
0.196818426809617
0.211637014429501
0.264409886830271
0.217544787299322
0.206562438727964
0.207324742540609
0.158626260999359
0.177747511504513
0.212853449710253
0.132737298334761
0.193142316418023
0.245853177277096
0.18862665459004
0.192312277693094
0.216220863783966
0.210109733066286
0.206256070650447
0.199677972960041
0.185945181260914
0.114754968422522
0.16041358176172
0.147673387811694
0.132941243409335
0.18312783085019
0.144636356601101
0.188554940179446
0.140748891631296
0.157056750480432
0.129580579835695
0.118714922166392
0.163405016514987
0.150456890374421
0.150101061172257
0.113085999282722
0.195021263351795
0.177934788540166
0.214008517701816
0.159261844064978
0.211189760736679
0.196277449580259
0.164460068048085
0.204567041934933
0.215026502070802
0.147233054157499
0.202661670038261
0.170710392389401
0.218287549528784
0.211290234527511
0.198102541357059
0.169174627452887
0.187864809798122
0.175641785394271
0.179451476889454
0.13647286587545
0.195365435188837
0.175770521280399
0.132997531972061
0.137959975676325
0.152018808453276
0.175243236380063
0.243189893192208
0.320760631025733
0.279967873897417
0.230618667816258
0.216409604808513
0.144676907548181
0.215314982447314
0.136268337806794
0.17991537646946
0.152615652507037
0.174577225904014
0.161218580806469
0.142588233758579
0.144155938938259
0.185423616119939
0.151511773509429
0.1068887858806
0.147439558350072
0.17701221873355
0.147589453695499
0.124649419070515
0.151291918028009
0.199569956400401
0.184652620730239
0.199278122067508
0.1284683475625
0.182533581005007
0.0967541032452198
0.144693843167752
0.136539621782814
0.121865043453383
0.125679870705879
0.135037413828985
0.147819963050899
0.211712884890639
0.133311940336232
0.153929234566942
0.138256404919133
0.179586831070091
0.145377935665412
0.170810640751587
0.141089697995394
0.201628931735264
0.152024331439957
0.170610560390538
0.160723807060442
0.202704955535762
0.212852134039917
0.149084874621371
0.18282324247789
0.180761571681301
0.144132267781724
0.208366376300297
0.163439715714238
0.16681639602981
0.23856475388803
0.248935837246827
0.234844637705313
0.249976515013287
0.187927855489571
0.210865756407525
0.273116587055253
0.194309553170792
0.195182792416864
0.161150303485691
0.128492520719968
0.113314934407242
0.124791137904378
0.225586307309122
0.185158342475377
0.160980654509149
0.155298067310308
0.140876749526668
0.206562607351569
0.192101079567623
0.178624619553341
0.136287565772973
0.172920548481102
0.151583435758444
0.11443210062589
0.166527450731973
0.179726771411771
0.147950859223066
0.16811230144624
0.170506290744776
0.173170962821936
0.150126832893857
0.18740759969627
0.16616573698088
0.197397804212131
0.149136090684993
0.131414356193746
0.138606073506017
0.145993465618626
0.133453872213713
0.177805509593466
0.162844249923748
0.133855776246141
0.145301667301022
0.138550376729356
0.220585023615224
0.150963655413531
0.143471243396495
0.142369847040867
0.144560219842241
0.140897991884614
0.165160367122629
0.139043667150116
0.180015951813421
0.196770965740735
0.211125240697096
0.190539880233775
0.148162782379037
0.132796525781324
0.132978357597834
0.17166642530805
0.178953841782472
0.166240629661622
0.137262178856456
0.161463169096474
0.183450720432957
0.145661970945587
0.165032531402028
0.166545957511247
0.166825461543731
0.192270499115283
0.156079698791056
0.154224198241271
0.193262341983655
0.165671581721556
0.190648953325094
0.149056719339841
0.178928238747081
0.241003178650665
0.204286823879073
0.223586774668243
0.232878839100306
0.252082245152766
0.152673038532714
0.198815897876023
0.194969204951782
0.128479279529832
0.178022965825958
0.177034117898392
0.120999701482796
0.194622341904839
0.148555673119063
0.189595165092191
0.232787747773472
0.170460600235811
0.17563557595915
0.179471992526906
0.212567679797296
0.265973904493555
0.178552058793541
0.158506167525317
0.165593858420787
0.154942811999177
0.188687810212826
0.14261694327467
0.171212479243279
0.127311927924487
0.152001375796835
0.173398636423747
0.210821606870236
0.260745505125583
0.261059261142127
0.192658169782809
0.155232630251445
0.219415143742887
0.205206330249752
0.182960560217604
0.206008886255581
0.132193506712624
0.158838146084119
0.200760623229669
0.181321176595848
0.107317396149765
0.157145409241524
0.154895810801207
0.130360763549524
0.150973986604544
0.192381780644814
0.211802946764583
0.166660033341397
0.139625697773817
0.182961914712873
0.121938228511856
0.142936393197461
0.172694731602221
0.153108717488678
0.199659332648567
0.170947580340622
0.151435793140362
0.167887338613456
0.152319186895123
0.147530350784498
0.188061313164508
0.195307595853892
0.151719449013887
0.163697148931002
0.155781484022975
0.154531855846555
0.17331456171857
0.120444329786281
0.197510864185024
0.185058016690653
0.180542688192413
0.174705961830157
0.181573136073031
0.161540465263463
0.205693476670469
0.152051934980379
0.153475876002921
0.19817883330239
0.157669293130411
0.185955654496683
0.169931796920079
0.115658773436998
0.188601438735596
0.226207554971705
0.148627928119556
0.15315161784606
0.195365456840764
0.194521735818865
0.209020855214898
0.19118664954048
0.183528555351753
0.217574059288272
0.207665029939477
0.148062038455539
0.226854699888127
0.20296356604578
0.189249417511129
0.190168011671748
0.268447720767779
0.164938739790789
0.118292637119818
0.136063681346153
0.143010679161609
0.186756488118279
0.227141941582627
0.182333632301804
0.190548449934935
0.195198769313977
0.14020119074071
0.119409027528123
0.129682085359037
0.128040649134097
0.150999210822611
0.136785766824294
0.178325436213443
0.203480957128074
0.21346337687358
0.229012123942669
0.255782139625693
0.131615561051619
0.207695565073072
0.135032918866504
0.148576603336002
0.19236914154128
0.188662080570508
0.167358403605375
0.254379380114409
0.166100505911313
0.11231944474125
0.183408001577936
0.230630757300956
0.22441789430021
0.185209306400046
0.235234878697821
0.140777389220137
0.164039995659161
0.206498338704978
0.16706244142763
0.160698764628304
0.173068683169149
0.165854648317603
0.151905191205686
0.15048615863435
0.19696440734968
0.170441878713237
0.178175134786761
0.123214888916465
0.163718362647178
0.223992589613887
0.173271578870957
0.169164583548598
0.152136701045924
0.15200748714293
0.166459324047279
0.21924963524958
0.127169934493082
0.156473871561083
0.156235313423106
0.146007970057506
0.179535486767003
0.147754963579513
0.131100191730792
0.121593909853969
0.180366651230522
0.133339785180585
0.156100992521162
0.126189858038492
0.190116411114739
0.160278541376655
0.111909758543735
0.146946057022647
0.117900154924679
0.15872723898207
0.145168916108161
0.197859348077606
0.146940656899407
0.126877546498713
0.205132291666944
0.168741381560905
0.116115127618935
0.148078433328748
0.140662972768362
0.111900329236549
0.142790486476781
0.150972932480772
0.181065467836514
0.182793730160948
0.160902962080472
0.133633410914608
0.166799161365629
0.159606174899209
0.167306423013799
0.16628619998233
0.195288450861568
0.177163149444001
0.150943346175196
0.156965202044251
0.15416043612978
0.157508958366063
0.153938265664146
0.157819136233861
0.171572016140417
0.126364472430704
0.135441211057686
0.103168069373383
0.198230768064469
0.170538335277323
0.154697111073806
0.139184372686391
0.167721461664329
0.166813128614274
0.174861246178225
0.15733901025578
0.157569888719888
0.178840208437917
0.218183229011756
0.190864972710043
0.167281052692418
0.223914549816604
0.186466003408973
0.127244337615996
0.18341569468791
0.179269646858224
0.225753321267265
0.186970318445237
0.129924235962774
0.137471889404939
0.144124416276575
0.137393878623713
0.142104478257679
0.176090683558595
0.161164877063689
0.198767895806127
0.174984702470355
0.153609933908177
0.173717815594172
0.181027122745812
0.162102399242903
0.164333526090718
0.135240080739287
0.231907459194058
0.200668480092283
0.183728517724613
0.173132058345262
0.157666059556392
0.196404852386044
0.188701254767472
0.234209143391434
0.275290486894004
0.214705987469672
0.164401234686558
0.22486243875559
0.224500078496906
0.190624728725276
0.187339643452021
0.119316865853309
0.138877558675837
0.217524455466247
0.198225675431726
0.205325678503233
0.192480950343044
0.192644976913959
0.22551811278816
0.190615138342409
0.177141832418186
0.218121451162921
0.166863426809577
0.208162142511659
0.29191932657446
0.254913629712072
0.197588462455828
0.215087690982257
0.225043937182825
0.12871611925983
0.144407749089519
0.135489597566701
0.218568704232936
0.175378018615133
0.166899344462967
0.186371902762749
0.177979672262989
0.224378540852604
0.217782548316132
0.194566970332872
0.134343739044381
0.17465046942462
0.176964887175434
0.125210105889539
0.13918190709208
0.172700120040113
0.111569015013142
0.146647067848
0.125732345602769
0.232439696316012
0.170493184221804
0.193416433015608
0.193343432338966
0.171293124567063
0.162041964450461
0.166507324098221
0.181587607449501
0.213656246324465
0.223189652134499
0.263788601930592
0.170097202048992
0.176472797423221
0.235895749099467
0.250247051098542
0.17835403019537
0.202203789147166
0.220817940913586
0.260910072586121
0.133264589673943
0.231467813353438
0.199893311961101
0.199709866901589
0.119290779192026
0.209864776645269
0.147986103739018
0.23888752896396
0.16137442436464
0.177023882398841
0.169184652855242
0.153591182911572
0.155944773437805
0.178587179656702
0.135785658541
0.215807442775634
0.161014421511064
0.219051311709664
0.158530013136271
0.110981592966477
0.128979557648209
0.21115252673628
0.200637282633826
0.200578338704479
0.243499857401459
0.166716412888734
0.178160994348706
0.178714710052592
0.150709487177523
0.159600420966249
0.183844615837915
0.168243635002262
0.152225375007784
0.228383880619457
0.161735559547271
0.147014458876976
0.156830936700298
0.168938175140544
0.156107992327867
0.155873823486317
0.135097174266856
0.148896921887402
0.149368963747965
0.158732735450593
0.207676209782163
0.155519174003402
0.144232796683005
0.151818204009529
0.171099570935558
0.218293294731751
0.105851079734166
0.159888214142811
0.151686301918959
0.147270523987172
0.185107852304065
0.237801545674121
0.176174329720748
0.163750678482863
0.191166560610306
0.167474549359233
0.161464577740888
0.206490211959759
0.157109074338457
0.165775196208819
0.217622957695397
0.145399739063424
0.178828144410085
0.164203490597678
0.156330145353325
0.190975183251893
0.184682321346927
0.145047051184165
0.182329665709426
0.182864625784472
0.165881960115638
0.16929351805817
0.171456539924013
0.193636697190809
0.258919150870101
0.211933557460777
0.159815403820806
0.192618286090733
0.158143157189766
0.217309143111573
0.14245833162713
0.168127600722864
0.172117617328377
0.144814247090223
0.177529503929239
0.176649247875287
0.149532961535951
0.165818105561891
0.154248550875629
0.136514308080327
0.182449530037523
0.182300913647705
0.218600296639888
0.169285671816403
0.14236826527775
0.171253405783459
0.144079086071603
0.176566785734043
0.231308539438191
0.274216299354712
0.205883421950723
0.262003702235484
0.245516451220617
0.179960825556184
0.154625523474453
0.193126241498838
0.177145098157538
0.170051545953704
0.170827206838142
0.142134679627217
0.134596857998118
0.123903020140857
0.177848349975393
0.183750450180369
0.155705199738112
0.175228435531889
0.151634690715329
0.140579244027574
0.173772574963896
0.149440346730831
0.155613909226233
0.101151415126885
0.158963048158384
0.168864706483861
0.176161436923907
0.1243734588389
0.177159968515224
0.184536935280663
0.139861044323584
0.138141442040424
0.204838537140367
0.197538873121226
0.233984719597694
0.208868111209998
0.188366716014416
0.135623836901572
0.262915866662286
0.190199300091381
0.185989115297876
0.166713230398871
0.165431193519601
0.149707211663424
0.163036665547072
0.178184355435931
0.161606214113818
0.147171616248342
0.125179264434805
0.191679648223258
0.138234997810437
0.172936021952373
0.135052679193836
0.187723357084907
0.144097573946034
0.151581461285021
0.169770453545285
0.197932763672697
0.163087403369345
0.173812757343865
0.159521025491644
0.187078052451974
0.155967489846119
0.23428731774111
0.186819372318413
0.203492030727666
0.197580610178127
0.161494641427721
0.136206387777005
0.141064972944322
0.148468053024495
0.20747063344735
0.163389105461088
0.109795116627714
0.147866772616661
0.144876668535199
0.14963461690952
0.205861001840541
0.200531611880131
0.175751237165229
0.16240963082471
0.165317489391476
0.120250201870412
0.120904105420298
0.167672246888133
0.21173053173203
0.143516247989954
0.183530046588508
0.141273645804185
0.185198998802427
0.177889256884838
0.17034562058547
0.170321715696175
0.167975163203054
0.124497622263485
0.162491327574409
0.171027123081153
0.158402923935364
0.184677204951547
0.261826311144168
0.198423688454304
0.188518906379024
0.162644634265573
0.159290977255415
0.162827092519898
0.20554408413659
0.110979035231531
0.183736425800948
0.183360231398248
0.195265923675817
0.189850507782262
0.161546760616798
0.169325811056607
0.167987485030524
0.204583885396737
0.214997901743261
0.191326147954528
0.181305604916618
0.133189840069146
0.171887345445951
0.202539198580656
0.17537467608206
0.168397550775967
0.137220891515655
0.181746505991371
0.153462219277989
0.135943903563489
0.191575772950413
0.202680044982849
0.206815764750267
0.166965263897118
0.13642430688687
0.130046135750007
0.15289720288305
0.159824138384306
0.152845397059058
0.123963157025018
0.148156681233634
0.226870640389273
0.280819524816968
0.188237345820447
0.180192521759809
0.149415489528955
0.12852823323934
0.149745706260001
0.131542774467811
0.123400107713972
0.192002715352584
0.129300934592773
0.164800592593752
0.204641892380166
0.219702525055811
0.170303543868211
0.23138234811805
0.156690516468182
0.216590212136884
0.209449944861954
0.179747192542091
0.181567552867273
0.134555139211393
0.143559759694666
0.144542019737852
0.145340020010425
0.136136849750475
0.192677505365744
0.150185969061802
0.177744517316194
0.131072419505211
0.0943117351480413
0.151472426442377
0.143017692000524
0.149432185678329
0.146603588410972
0.163706161944975
0.187464577482609
0.160784019937289
0.15059010432525
0.148356643258903
0.18846711910148
0.175105664513912
0.148242993183059
0.182932755438887
0.205121800786455
0.162612643763976
0.168832103148365
0.235300381940524
0.206166091024228
0.193955599344206
0.110284987356252
0.16628333430328
0.132645168754071
0.104663088311718
0.13844241847424
0.126291037592821
0.174239544820976
0.162701385302881
0.168651248292064
0.130087951672
0.165605497536686
0.125065115351565
0.160106323845897
0.0905188679246158
0.102237474845253
0.166929108196472
0.207511067771038
0.175974362124409
0.189774538803873
0.165224969980403
0.16985873645993
0.233091161050884
0.228068006500953
0.208426261793352
0.190593015285415
0.163838036572742
0.154132848120948
0.132159515525778
0.150726783197561
0.133151535799598
0.175390980567934
0.124227917047527
0.194258332638765
0.202963709231648
0.175034019166656
0.181085091073549
0.161834476130017
0.197945819944329
0.164361324366045
0.163388493499348
0.119953256822861
0.196094716155742
0.150047878841904
0.150233233701976
0.128477034999355
0.114984277675377
0.170479384729
0.168220319983827
0.153985779903486
0.176386915727373
0.171530391539703
0.142397307988084
0.165017532576305
0.153732656646233
0.196073981438771
0.179550595439792
0.210628803197321
0.203456296193156
0.169614568140488
0.0910280960121849
0.13915912274262
0.149837709011855
0.162058182597082
0.198716173990174
0.166580282539513
0.190378383874732
0.186110583154662
0.167555310307369
0.148497152498675
0.177773311637122
0.103455732922435
0.175015807651649
0.1951608161955
0.215848666206383
0.209639734120053
0.14721769045473
0.182778542211423
0.162844611067086
0.165525821705643
0.150508186067642
0.1479089076429
0.172868012070328
0.140554625003119
0.172623165989953
0.11724799858959
0.150019373495119
0.152050561583985
0.146300506727446
0.15725902874639
0.1626426853103
0.159377937249626
0.184339299813327
0.166837804560774
0.239338620584094
0.221684031310365
0.173733302386831
0.204888964280756
0.183462953491259
0.144313879239643
0.151288015587836
0.192150011641674
0.174972892307304
0.172397950125836
0.212149251717675
0.19229238310606
0.194673432876399
0.112358330588368
0.116726189143356
0.140952428531476
0.146204023173593
0.193083185585429
0.181856495586937
0.0971008829236816
0.187784660191412
0.176657026248242
0.185814487675463
0.165456561732075
0.178649568765846
0.205457190608382
0.194200666144957
0.214929390588556
0.214810001947123
0.128178815175316
0.192305861765192
0.158311827236869
0.191953820606367
0.225956667782085
0.18585275080531
0.188013615644227
0.229350312184526
0.217088724019172
0.181420017727
0.183475100689375
0.177732149847052
0.239242992356348
0.21242672641081
0.20768806892195
0.233679520004536
0.182792953745793
0.205268687220275
0.143281232058116
0.168673578434447
0.194237676293477
0.191656860728424
0.148297707773166
0.16659298123529
0.198912142684855
0.190262896835705
0.144719285744383
0.183123974782044
0.144372351310503
0.142186926736075
0.183500512456033
0.202020186523965
0.15536250252063
0.205498830583693
0.17272712357123
0.178511189437603
0.240276883991798
0.288147336660354
0.18942684509237
0.164402313199545
0.144209405289213
0.138677110265728
0.14670758634677
0.198965216657683
0.17329421996817
0.205215826484728
