0.17
0.0919989513124471
0.0964036525638243
0.0925240637202755
0.0786284455945367
0.0656772228206251
0.0627322629357802
0.0710755984789116
0.0571095364480501
0.0725710208393404
0.063463199872662
0.0536541732484574
0.0549012653212186
0.0907318291388692
0.0989231241288769
0.0788499229725483
0.089479286335442
0.0920571001596257
0.0866014123738539
0.0797690722916614
0.06348491189169
0.070383071190372
0.0775491448113058
0.0907616487600647
0.0755349926020277
0.115714299585795
0.076613170287143
0.0957317925538018
0.0975482993336859
0.0924079821630743
0.114610423048878
0.0879494274570028
0.104923458888621
0.105030590936202
0.0912290745283423
0.0975192886500568
0.181749949622585
0.0857590344620582
0.0922260647903768
0.0854598077135298
0.0722315572620546
0.109527993433201
0.101361872345189
0.0905992612608042
0.0990071510849534
0.0903669161096125
0.14536338954133
0.12372169507967
0.115095680314541
0.0950087027678061
0.0924353173660895
0.0875957508102636
0.111904993833444
0.128092274882746
0.0909213804479336
0.0792182487147927
0.0755540410809689
0.125804279894131
0.0958278342088578
0.0839166473387456
0.076375415081786
0.0661214784886045
0.0756617780757259
0.116383254556234
0.0965828567223573
0.0817616688688424
0.108454392971728
0.0925586128864732
0.15017684283475
0.116743183013119
0.110699461334945
0.111150397528898
0.0979653984373924
0.0840898805498179
0.0793093281198961
0.0930116208102498
0.0980710248403828
0.124204801913994
0.0782181273033272
0.0819776666224136
0.093162868033585
0.0730239373363319
0.130015204465054
0.0773953980787751
0.0834282354483606
0.0950703501067114
0.0915113253515272
0.0648561383414754
0.0825057448240214
0.126181006766188
0.142553334033277
0.0922367651838402
0.0865220870423418
0.0970771744325544
0.131762340775792
0.117317362159131
0.0866209017367497
0.117192257971268
0.116821423187096
0.0965844706591028
0.110865199071623
0.105549128993847
0.126033837431721
0.0791548251776048
0.097388983567876
0.0574496290412133
0.0633434005265594
0.0644241617421169
0.0617448796614397
0.0731757168169075
0.0749728033927562
0.084736336153792
0.0676845667348714
0.108116439639698
0.0878871339365766
0.0853908588504614
0.0918327768252747
0.0822638874795115
0.0812025863726448
0.0969308233889134
0.0899662411206761
0.0937606233196788
0.0613922339959278
0.0871128689146321
0.116611284851857
0.0893631958420922
0.0990477688282273
0.159924266970195
0.0909551594715481
0.117744200222291
0.0810525089727359
0.10547752241763
0.100529033687515
0.091961897966758
0.107163730361269
0.15890755735352
0.0907794892812511
0.0991338984106308
0.107041689786981
0.124738195228399
0.0821173782330605
0.0954367997705469
0.0825848101155602
0.0713806630300133
0.0900959239284677
0.119668342168319
0.0886995676464897
0.0964911426953859
0.087205390711042
0.0958755151479211
0.0789102706279018
0.115041796635039
0.0950117027782453
0.0790608158047043
0.0747273451733477
0.0913899417459886
0.0895280739255404
0.0768481016610937
0.0952188301834621
0.111351678670236
0.0672281527579187
0.0651764731824787
0.0845028797050333
0.136603800490396
0.0716875183688129
0.0845632360163919
0.109912129051039
0.108927123075931
0.100579615583578
0.101986318352117
0.0884359240875339
0.107629820468028
0.110904580395074
0.107581001063446
0.0697142579579225
0.0734283431642929
0.100837230493014
0.0968003719736609
0.107923757256774
0.0988074812880038
0.102458172719764
0.07669773708608
0.110896168406307
0.131810914067737
0.0860065803717156
0.082317850532462
0.0990572884704571
0.0882726018678492
0.0961712521463606
0.0857405763851685
0.130924242680672
0.115834416224049
0.093002745733646
0.133836159200002
0.0792949404975221
0.0949605546124622
0.0827954352264448
0.0870558888624353
0.0950224118804299
0.0718485815810985
0.111557153378898
0.0778625541614161
0.0910851448228279
0.101874749285824
0.0674555938776986
0.0860735219787548
0.0978622051759687
0.0904537149214674
0.0971194839329783
0.0721417048398679
0.0833518515850347
0.1153226683223
0.121596678201869
0.0876488615072385
0.073715830600215
0.0689537710245407
0.0853425313561845
0.0858214182184939
0.106501808020367
0.0840688242090315
0.123198547639458
0.0908383082960518
0.0936376370559532
0.0966506522422579
0.115972730492526
0.127402699471155
0.0972670934670595
0.0941498456191157
0.103064921182594
0.0749935754608958
0.10515273201677
0.0814997024553676
0.102757940012626
0.102472369248375
0.0854731950121504
0.104580528237715
0.0841152863712127
0.0639895611333693
0.107971758582251
0.0863701257766713
0.103447747692278
0.0973678496392829
0.0820417447098016
0.0814800753674147
0.0970092014744461
0.0905011633822231
0.108109902465389
0.0694581218610546
0.124872948539609
0.0883047754401744
0.0813817505499853
0.0899743486013252
0.0669833024729515
0.0987291959307786
0.066912721846187
0.0773427254258619
0.0965247036406655
0.108292439770324
0.11230573756817
0.0980602672983183
0.13626833486182
0.139774234505052
0.118469687976651
0.0808374728724609
0.0824036023632342
0.0975127418952024
0.0796110322190701
0.0873415053835129
0.10307937909215
0.0888436036291044
0.0755930410333757
0.1232024993608
0.113948811838667
0.079312084696643
0.0748767390625216
0.0721571680145824
0.0712672322071788
0.0933642304374464
0.0851184815435921
0.0976057915997757
0.0876050539246511
0.0744707437921385
0.104565454393113
0.0661134662870158
0.076104701216496
0.0785052595224618
0.0597676768484292
0.0613961206975619
0.0598312886167772
0.0800867474817899
0.0955113611379848
0.104469787386862
0.110628480123182
0.0936023453941584
0.0798902673807259
0.0899207146732222
0.0815723689673507
0.111815924338676
0.0874804082625361
0.0732033382763014
0.0697883906863058
0.0699341777223209
0.0880688083375053
0.0766906749021704
0.075021337047923
0.0894962489359645
0.131198056854119
0.102632882748248
0.0902615273494924
0.104431152822749
0.0991993959870428
0.0907405616917459
0.0769524561886315
0.108620624080696
0.0824289251768165
0.118113374483498
0.144970475468355
0.113321888412202
0.0773999782356558
0.0723898788409801
0.138583140450412
0.0996279750725324
0.0955388366534249
0.109428104549962
0.075049061301752
0.0963912706274342
0.120788257123808
0.0836808493408767
0.145490719735974
0.0589502096022267
0.0640971703609318
0.0879135708387435
0.0947748609978797
0.0708275958447745
0.0755815197666613
0.0962852557527217
0.110339572592593
0.113498245012648
0.105461229098677
0.109997964775168
0.091703814124627
0.0838597734010241
0.0876712254640076
0.0634409568733205
0.0620339673045388
0.087495212711089
0.0799034744638636
0.0783909559999589
0.0796794773725239
0.0665547365235359
0.0987441473373589
0.0873738893631905
0.0809253335353255
0.0876740580123651
0.0769341641455104
0.077283490768365
0.077670609827392
0.0800746091405722
0.0753748051705002
0.075611711131731
0.100771515442353
0.0925183564904038
0.101572299241682
0.0822436494570508
0.0866204779395771
0.0960289117103236
0.082341853453188
0.0815289129083429
0.073487125051906
0.0956823467101841
0.0895505237929546
0.0959077886574539
0.0894538042946414
0.0856389094205561
0.103567845009075
0.119846312569986
0.095530699340994
0.0948678794918337
0.0831028855741744
0.0726055460490918
0.0974981305979791
0.0957883210486228
0.12318043093298
0.0890296802555485
0.0701037815465535
0.0923029890756204
0.0991098213924404
0.074641414612858
0.076845235839645
0.0834174456597797
0.0917753388157873
0.0669622634113184
0.059619191074841
0.0654034773781858
0.0986086637320535
0.0825859101925793
0.0782681318775224
0.111473801504381
0.0974324238226619
0.0834437155961783
0.0816561150419289
0.0705341408327141
0.0742534228762154
0.0636617440446495
0.0651912937942851
0.0704126788342188
0.0858116261150161
0.0628018463138274
0.0751904546961274
0.114843071048919
0.0865280290825134
0.100147109707828
0.0895022833260646
0.0977906573329769
0.0727673206981161
0.0583700310594136
0.0657876999588055
0.124639540637756
0.0952799420727259
0.0873688372554962
0.0717057168175427
0.0798705932723346
0.0921587597480228
0.0973952441921874
0.0792392628716793
0.0898393024236232
0.0829939094439537
0.12336278725096
0.112256042812037
0.0839518057239009
0.0956687039080302
0.13139232244346
0.10273099136513
0.0952662079666348
0.163818195446279
0.110809477836081
0.0951094741647979
0.109481922485779
0.0759603311803608
0.103490197129964
0.121199505656099
0.074331584940349
0.0775719573710945
0.0677749391029092
0.117406884789356
0.0601669412599999
0.0662323473338693
0.0581775204821601
0.0730674562570311
0.0718732391297382
0.101386604581377
0.10181461912636
0.0754956712544815
0.0695300099044011
0.0890366765349169
0.11286222556787
0.088018574473851
0.057265605130544
0.0630386096640245
0.0863378689290231
0.0934943277852193
0.0966806936649293
0.0732942512793443
0.0664138268168908
0.0763859963368892
0.0729199396621564
0.121737794029131
0.122958344918712
0.0868829744129962
0.0909999821844002
0.122438300590298
0.0695511521605337
0.0776969307270056
0.108844603676527
0.1089671815868
0.0836694763783073
0.115003122902091
0.103120014302486
0.124620706524734
0.0804937116838734
0.0800636488409283
0.10346640618687
0.0995400729592017
0.111307255780575
0.0973039796208313
0.0798433938273881
0.117848689018141
0.0862949136322024
0.084879546508956
0.100450849199942
0.0810198579942556
0.071719247566658
0.120656626435336
0.0632804981714538
0.0605518763118563
0.0581009928422998
0.0754719656637268
0.0624457570160853
0.0701175070184789
0.0641845586389498
0.0862098800671342
0.0796127543912439
0.0966908368255063
0.0679453864135983
0.0809691545854661
0.0766899891827415
0.0969767350932433
0.0708946666149723
0.0602701173851987
0.0723645946315948
0.0760414335248931
0.0755675711683959
0.0665956138762207
0.108862253578569
0.086396528180652
0.0652585052949912
0.104335342613397
0.0898201853013295
0.0892412295919758
0.0901441147242395
0.1063218238574
0.0815162999211532
0.0937765266531196
0.0673406801584034
0.0876131684818281
0.0806510016036273
0.110732824680582
0.0749093121894218
0.117608843622543
0.0824319460736458
0.0742458718157672
0.0837128732159419
0.129182587826199
0.0961082956874052
0.080742580638138
0.0996859065229456
0.127843442079303
0.0931889474026074
0.100070553264325
0.0759529199787597
0.0814136506131498
0.0968222301701661
0.0801303143067358
0.115494261947473
0.094316193959311
0.117235384329043
0.0986709583391528
0.0924008804801183
0.0924912221289794
0.0670437839602767
0.079518936949878
0.0589407760140269
0.101039099580823
0.103815230718532
0.0758249227077213
0.109769418158125
0.0973603003389246
0.103555628317355
0.0844547382366879
0.0998125029446581
0.0912487856414594
0.0651824368037917
0.0932878727124525
0.104514010991502
0.0797331586519839
0.0886691803539483
0.0803530036275278
0.0846831245173275
0.0780182703767535
0.0752337540086518
0.0626922626690532
0.0666332899374367
0.0935750165212242
0.0673325257885248
0.0887985195476068
0.0678656277215538
0.0624717765139364
0.0677516338093991
0.0873737162136282
0.0656133004574829
0.0780326312935515
0.0740738668389523
0.129574905045124
0.0878133464075176
0.0886235038463827
0.0860529403541646
0.0778265157049095
0.0698015055241971
0.081097206262195
0.0610043690127863
0.0859646136794206
0.113465730318619
0.0711871320891499
0.05694189997912
0.0645747686346509
0.0888980638760626
0.102786850489976
0.0916071998663236
0.0987950818156765
0.109256873388679
0.102239197232993
0.0746624679631078
0.0709616082192763
0.0832527288544088
0.08652404908954
0.120708289671141
0.0693973070157962
0.0659761848519613
0.0852267390896292
0.112762845686668
0.0647612039902115
0.0717215360256706
0.0935817885251546
0.0824677765564263
0.0713737382407204
0.0821226885611656
0.106503348700921
0.116840941263749
0.106058680310446
0.0898209532169739
0.0871648103934087
0.10321961626756
0.0850082699260512
0.0793071268593112
0.087141407551008
0.0925043985776819
0.0763532685532572
0.0670408487853851
0.098342972589517
0.104394599090295
0.0666717936141026
0.0860792112825937
0.0995422923830171
0.114030267698258
0.0741174088352571
0.0701473072664419
0.119072942878452
0.0818582210997711
0.0742444400626511
0.112015378914345
0.10649310010591
0.104344335871655
0.126037388958904
0.121041080761957
0.0779287064881274
0.0675870682205253
0.11190310016533
0.155763402333817
0.086766895317212
0.0751350506350359
0.11267950079918
0.0638369168273084
0.0872160749144366
0.098939982891406
0.0672270733801275
0.136948398433631
0.0936845594178014
0.0750844681075126
0.095726282763085
0.0878374242248782
0.130623148411276
0.089000745778166
0.0866385372137285
0.0995234374624595
0.0714174629613361
0.113598523402363
0.0950603419960278
0.0981948535781952
0.0765510405281537
0.0879213911702852
0.0861556175145363
0.0919092947006557
0.0747767152323388
0.0903323118910598
0.108248393359873
0.068561542150831
0.105548676066992
0.0998742955260489
0.0773436445470617
0.0964276010986856
0.0751703782534211
0.0987565004398745
0.0652519438647681
0.0799877869281548
0.081108856328943
0.122605410989772
0.0781027030187336
0.086391797996128
0.105480389685527
0.111547251704129
0.115203200608003
0.0707123786730555
0.0896788806810033
0.0850274900950621
0.0749474041070613
0.101083078594142
0.112109912044542
0.0951489270211789
0.106358064638634
0.0922488035635474
0.0912320913773137
0.106774055145443
0.0958608049565362
0.0838400400365404
0.0682369508968464
0.092415049768271
0.0797596890622821
0.0734960037124995
0.0842721039604063
0.078801070376416
0.108625889933747
0.0878130482264846
0.0886550769190412
0.072996116273291
0.0947499018640274
0.0864513904379872
0.0811256888440067
0.0703449199952089
0.0703110979271238
0.0833369211308086
0.0899575208192669
0.0669016405395021
0.0730120787064896
0.0906014184608775
0.0707277441572219
0.0745797676849792
0.0867350455326212
0.105584220101209
0.0773320781788533
0.0630037518006801
0.0720546779506373
0.0648921525297894
0.0697420331577374
0.0766083707339445
0.0729613316745468
0.0690153309873182
0.111746444519503
0.0918605405976644
0.083423735695387
0.108639995301644
0.0754304051727884
0.0829447784670276
0.0853935213775549
0.0716339262029583
0.0824504803565903
0.0726023457212947
0.10931532331078
0.0775840152371098
0.0860601609250977
0.100547570192816
0.116763810042883
0.0824507321706946
0.0947557507244474
0.0745023438458181
0.102745554009816
0.0986941364356344
0.0669113002129567
0.076717521492423
0.0780498754587226
0.0749874122816835
0.0951877924812518
0.0992819013129271
0.103441053316017
0.0941575109845257
0.0703211464676835
0.0841385979387436
0.125889937527502
0.0648961731417701
0.0805524180452871
0.112838780597553
0.0806635153520966
0.0930676577230794
0.0903913088559857
0.107845489071211
0.0826653344180015
0.0985791659564413
0.110693881058645
0.101438241372748
0.0941367536514738
0.113563808676005
0.0697190433652898
0.107147023624394
0.0945093776178775
0.102331312582444
0.1103793586641
0.0819497451658378
0.0943784773230463
0.0765710199647147
0.124168152594052
0.0795911675737585
0.100630941192059
0.0784213458528408
0.102726899900608
0.113584885415197
0.089429006958812
0.0983997909075683
0.12277003019031
0.095601758559475
0.0790460742350408
0.0991258276758904
0.0969309230457678
0.0786941721441848
0.100113152766333
0.072468786459942
0.068489020056071
0.0616581662447479
0.0947758425592474
0.109491645739359
0.0977214913443921
0.0702795929290425
0.0659795313046728
0.126294378842112
0.0691956919596426
0.0679255054976212
0.0809613922732331
0.124601574839993
0.0840763270814325
0.0849498512119299
0.0974317919283865
0.0717019137400809
0.0635323449457392
0.0744412284623779
0.0883289802290033
0.103753404831991
0.0964220453371944
0.107099954830193
0.108557953697301
0.0998322230885833
0.110094188900905
0.0779049792197378
0.0809601986942209
0.0933181262691123
0.0908492300605973
0.122299626287972
0.0822800499683606
0.106194752338277
0.144316249748781
0.141203431458313
0.0951936787748131
0.105968799348474
0.0944591610411592
0.0806277887740125
0.0849777558907201
0.110303830738112
0.121011479636787
0.108080985033482
0.0999289205969554
0.0894312900083022
0.0894302132511641
0.106533030747516
0.100533703072091
0.0838860910345556
0.0797553634493613
0.0968316744043342
0.0775072687472438
0.10441074854296
0.122718085313592
0.115253980458009
0.0878951383124905
0.120899979396542
0.0919217357488082
0.120869763334907
0.0942157275966188
0.0794625344853123
0.105059206369798
0.111289666340044
0.0816082093302412
0.0743891410372224
0.0880365623784786
0.0858313606866534
0.135358163017615
0.0850362527094123
0.0856189735354743
0.0888880493628261
0.0718009343686243
0.101467801672885
0.117275149083089
0.121224617123312
0.0816141820542638
0.0865630365319666
0.0816775196883172
0.0625947508103756
0.0789918218091236
0.101204834229859
0.0893181611175854
0.0926642478087592
0.0991491800862884
0.0878451899590374
0.0792865829999495
0.164607803397996
0.107472120269769
0.0863779029147547
0.144259520364728
0.0881554639656951
0.0953386323632103
0.0990217136922388
0.100178040483118
0.11637076697251
0.1272302483674
0.0838210794079876
0.0925895952063309
0.13451091072613
0.106763847228328
0.0698991879806812
0.0697981514077553
0.0582655823352908
0.0636144651725813
0.0755754057598631
0.0851204547957981
0.0744838040097647
0.0659138609091052
0.0709877463021812
0.137083346872725
0.0783309972787671
0.100040013373151
0.104587605616825
0.0887940453810833
0.113622258808863
0.107850046580694
0.0828312075971851
0.124601632956252
0.0872477271665388
0.0704674734000824
0.0737979264803264
0.0814027176396096
0.0679734759596658
0.0662079752749274
0.0663068613394812
0.0981564210691119
0.0699410151213294
0.0941829039463879
0.100220673144793
0.0761289375994873
0.061437680241171
0.089504341988665
0.0969940267395863
0.0706017374654186
0.0807734300445827
0.0797961865433406
0.0761428910893029
0.0941061756856839
0.0713199302507892
0.0662994290398021
0.0622330662776979
0.0645813091623691
0.0908981558914305
0.114965129913743
0.0966308049013197
0.0723106486872364
0.0650213890196166
0.0919599337594546
0.069420644746715
0.069981130121327
0.0590008430750706
0.0780440660847064
0.0930633330949947
0.0889918661919026
0.0772848561700887
0.0748430410732561
0.0995504341768415
0.0729992324962587
0.0794896901365195
0.0672560200693318
0.0848612372723407
0.0800654694574504
0.0670865352054442
0.0985416680092074
0.0973572084994367
0.125177323644102
0.093612759150443
0.111945719145331
0.0793869307784725
0.0838412197258559
0.0753860494045513
0.0613013207858621
0.0887830797802351
0.0835137913868619
0.0733474527220319
0.0776801338142227
0.0935982805218882
0.12222195905103
0.0762993304565293
0.0619734234588325
0.064733140519846
0.0995316258774882
0.0632624347464473
0.0696599653629301
0.0739551465450843
0.0862023800598948
0.0886705231394081
0.108220899271978
0.123668730430773
0.0788378557694327
0.0636425017430084
0.0830238165961563
0.0596404801783025
0.0722188345795626
0.0733567628201499
0.0713557842123577
0.0828894720006088
0.0885106654893438
0.0577806271328304
0.0649163508945753
0.103362667011944
0.0796774515434838
0.0898739966309091
0.0909718417999171
0.0896851183614888
0.0809395020641561
0.0772102716361212
0.0673171713658112
0.117083966208909
0.0779249612449652
0.114177413811401
0.105091759584769
0.0897920978681883
0.0713722465335163
0.0726487306398768
0.0885070320217147
0.0803221325847251
0.129098367494619
0.0695468046453346
0.0927128595315931
0.0932930613922085
0.0934216172494375
0.0837933979022213
0.0790891286328332
0.0607554882173298
0.101224183162816
0.0865140613521867
0.114683021785161
0.137555899290799
0.0892117164242034
0.109518256757711
0.0782313099361116
0.080622615986241
0.100068652003687
0.110583371124473
0.077521795169643
0.118108919733802
0.0926106977881903
0.0985030657889563
0.0993403358460914
0.076313320037581
0.0777653380892757
0.0793660475456395
0.12592024897221
0.089537619902033
0.11046146661275
0.065106998841098
0.0816920770180253
0.0782712828648222
0.0849824925741007
0.0804230359508125
0.0795436098989117
0.0853921589747856
0.0913671997559444
0.077368549627812
0.103286937333107
0.0807362556486493
0.116882236373445
0.11318943423229
0.0942536202958613
0.092423217241267
0.106320064337309
0.138805652271862
0.0717475927264544
0.104760262220919
0.0748588051561862
0.11870962566528
0.0898307824729697
0.112724544114306
0.0921010640889997
0.0867878965672417
0.0838737896848272
0.0731306949513905
0.091263073191709
0.0700750427105939
0.105466383483779
0.0934935504186363
0.106396489129355
0.109403495241083
0.128588915754086
0.0815989719448463
0.0906717119616064
0.0878647122529274
0.103933105593045
0.10694983756447
0.0865762272959974
0.0774682062046728
0.102694786909383
0.0760823402865594
0.0768467580309056
0.0968876897809261
0.101246222698344
0.0949891150685227
0.142322167539483
0.0814398572775301
0.0683425714325309
0.10803955006642
0.100558735045038
0.0977672268988798
0.0973474770347827
0.0699598080755262
0.0701772395324901
0.0989434818264529
0.0963555193095797
0.06852055254479
0.130150550176408
0.0958073544948588
0.0816705086779685
0.101575921731765
0.109335126400782
0.0723522068497321
0.074383348890641
0.0944843644829515
0.0750766934510881
0.107143729119331
0.0826245320218582
0.0866378548959609
0.11113038941377
0.116461097914564
0.104880433175379
0.104255868645745
0.0941399660239071
0.0938740922004297
0.092813470028619
0.0644010848689092
0.112123848017276
0.0832630113538481
0.0852873374374916
0.0996567875532905
0.0741611814644165
0.0927684874962057
0.0781843523608538
0.0843716053071988
0.091242094174033
0.0873388168298297
0.124931378119983
0.114936218034531
0.0833402463360845
0.0735437603048683
0.0632409153756985
0.0958443769514461
0.0955924279448789
0.0782594660430599
0.120371983151582
0.0798029929355964
0.131310317818516
0.095178653912454
0.088723391014822
0.0714926717285806
0.110684768730411
0.0834499717320335
0.0789269890322387
0.1000096477243
0.0942861765148601
0.0993134979766762
0.133368736937565
0.0990937554982001
0.0764747441591353
0.0879647554302948
0.138621272169219
0.0827927176405474
0.0828189636305934
0.0885704259465652
0.0951800243180941
0.0894834277138886
0.112326540532526
0.0995998003449398
0.108251688961566
0.0981571381236379
0.0831620146259182
0.0898423354407309
0.100211427839695
0.128913514926623
0.119451209153845
0.0897858824565214
0.0983449920677461
0.0862785438604454
0.0845270995959871
0.0901187303668067
0.0805165273920941
0.0897530591922891
0.0758315441251097
0.131048032211749
0.146598181449718
0.0922094207918458
0.0722482008688669
0.088426219580584
0.0910774207233498
0.0863984062918166
0.0875623553419858
0.0950187282794545
0.0935182135297551
0.081559841539357
0.0791146735402434
0.0848841839973977
0.0717142843498413
0.148354929229063
0.0939722109286059
0.0962755440111316
0.131846715984204
0.100561661091429
0.0893840546448147
0.110561616436884
0.115467948494351
0.0986838371317158
0.0894601185059366
0.0885453857392473
0.0594596209227296
0.0601219769858808
0.0740818007107178
0.106815423664487
0.0915923371542564
0.0940007567078951
0.114943621612021
0.0857173143319959
0.086834028294385
0.112704226682342
0.0901123822041338
0.124291339892256
0.109555719200153
0.0832757742945363
0.114430540600141
0.0985176740286902
0.103993252166895
0.15661119452788
0.119174551758088
0.0836752472193879
0.115989193451705
0.0702944176819701
0.0786428483275127
0.0610806004365998
0.0919393355420165
0.0721365235157752
0.109849908418355
0.0906536755743122
0.108311523503
0.114140676110442
0.113270397978051
0.127050644919082
0.0954336540165678
0.0935144816810923
0.0910881388263438
0.0939232931083669
0.088254750748097
0.0940938485070084
0.0935871022823699
0.100932512207413
0.0954807727156615
0.0864330905097081
0.0912515019148
0.0812177063490917
0.0765470257439024
0.101801878497459
0.0838466228952565
0.10729582161874
0.0794792788687771
0.0734357802509822
0.093684105370224
0.0804184622269846
0.0878650793826564
0.0653046841131759
0.0708665568615108
0.0575440589316262
0.0802786872518821
0.0552548782546833
0.074987729325459
0.0691813022780358
0.0715368815057875
0.0661174633832589
0.0612613698328391
0.0760449356128335
0.112276172126139
0.0695708229650475
0.076489998351913
0.114550531128274
0.0905989633165926
0.117624887178123
0.0868459397584729
0.0665716681318645
0.0685453777306881
0.108986249026675
0.0750513100156914
0.142615006467947
0.101203460396614
0.0696878956018902
0.0979875528255946
0.0831472220549837
0.0778063964608651
0.0937818310958641
0.0851816868844728
0.0667483965946068
0.119545760104172
0.0833903674023538
0.0778398586474221
0.0845772268049886
0.078636509684851
0.0804669021895622
0.0725974995868347
0.100340522591897
0.0660355406723607
0.0883991234329351
0.095475809951345
0.0945055252688041
0.127986179128696
0.0873109271488878
0.0724804982961787
0.0781889616148764
0.084755899146736
0.115261375934511
0.0883310100238526
0.105779896209561
0.123061919731176
0.0683364321575639
0.061740183519283
0.12913241597394
0.0993128960540264
0.0916349406887222
0.090664197259163
0.113973626322757
0.0852068346153537
0.141353598019395
0.0738045258625921
0.0732896768228578
0.0780001606862002
0.102847789027887
0.0851214296665978
0.0852902032242522
0.0862636974978755
0.0803182377886569
0.0845407533488365
0.0823312790765215
0.0628348214040446
0.0654098094587456
0.0871178319058383
0.0779994614570805
0.0672608077249674
0.0626449635036723
0.100600825198563
0.0898834695854609
0.0865180456940542
0.109180481850344
0.110986741803588
0.0637932647943708
0.0814597066407962
0.118355874454615
0.0816530807343334
0.144932147371401
0.085089121271065
0.10850866946159
0.11075384931323
0.109743111186532
0.100440744769263
0.0968435155484935
0.0929435022833566
0.0831708183961873
0.0825529554538273
0.126943492377172
0.0662564316159503
0.0892090413025765
0.0830431855355179
0.0655187356334213
0.110448698953303
0.0897260618376289
0.0852276291108836
0.0873420567235903
0.0873772560060212
0.0930645974245888
0.0729141437691367
0.0749016752964389
0.114758701978806
0.0658910454814795
0.101908904098837
0.141895196264035
0.0938928044351142
0.0925193151960311
0.0922512064459707
0.0852606025844552
0.084834510977066
0.0984976045249678
0.0849151103346208
0.0937077728593937
0.0810287216800663
0.0873616421925395
0.109825945707482
0.0882615952585296
0.0800165603171259
0.100892019767611
0.0922889414514199
0.108643834098732
0.0815804353142832
0.0967610396541799
0.12700180443757
0.0711140851964241
0.0833740880520577
0.0686242605826029
0.068539761900135
0.100780581706452
0.0957776739561881
0.0971387988683774
0.105614728727904
0.0926669529436362
0.0635806645620317
0.0664111362030654
0.0610745219524614
0.0876017668438316
0.0757986560814385
0.0822537205246278
0.0943316083806571
0.0902904413567307
0.0865969211423632
0.0966227056916751
0.0918499154985686
0.0911572207490249
0.127752024108133
0.0905715553079589
0.0717305431908138
0.0700806451156313
0.0559021949667015
0.0690868918843403
0.0781452357027302
0.0616284465479053
0.0955331391954619
0.0883632888697652
0.0633209538449805
0.0741404063543493
0.0958471127188689
0.0765596701993602
0.0773869230564561
0.0752889431764767
0.0648387689782387
0.0828295283683176
0.13038169867821
0.117739999815588
0.099126473926777
0.0700956002508656
0.105927614254292
0.103395236148246
0.115457674930026
0.0851640353072786
0.0598967650675441
0.0910740320877561
0.107830891926933
0.101634545617742
0.095236850067128
0.0796905631457768
0.0900255238746806
0.0815904582325692
0.0864488840805955
0.0797202653040904
0.097563562900279
0.0806093203504808
0.0926678236783652
0.0839027885625176
0.0822623134554246
0.0664514308676799
0.0684543444853278
0.0744630622364285
0.0764653093035518
0.0855342388386692
0.0988710997865743
0.115003377087542
0.0814672420340943
0.0645886242447396
0.0975139779467853
0.0928942832502001
0.112561610283409
0.124154138164711
0.147992006139575
0.0798764382990435
0.100839683539269
0.105454207281446
0.079363880951358
0.0810481462532276
0.111905797919888
0.0804602869725161
0.12113247949044
0.0874197631316271
0.114173226718721
0.0777716151421809
0.104924365356982
0.0881609149518454
0.118455832187347
0.114535493030809
0.112172019772664
0.12977909564248
0.0799519411078682
0.0795866922278119
0.0978813504181452
0.0895135673941358
0.0687243864689505
0.0658293614021826
0.0693814763698558
0.0977871510556485
0.0934189136620468
0.096743913709685
0.118905557447877
0.0772645634149433
0.0941812419437401
0.0762881918865475
0.116096055911087
0.0917098371809229
0.107408042880072
0.0723742091651967
0.106827991104937
0.0613474809096627
0.0779310163290839
0.0916411476684499
0.0748906764693002
0.10811586060225
0.0932896455889377
0.117801381390515
0.122463227510765
0.0896806778063969
0.120653676663605
0.0897347439229459
0.0807644075908986
0.0668550377104738
0.0712276634365885
0.101503820003323
0.11068637316957
0.0827749738499765
0.0954162232479853
0.104597023902849
0.125937429231067
0.122262703552686
0.0741532585487272
0.067984984553939
0.09497806585764
0.0663403499386503
0.0829552614050651
0.0955932042990945
0.092001087000728
0.0734110580690424
0.0756491764024133
0.0877077734193136
0.112985307061284
0.0743289829673353
0.0978011330660961
0.0822678146517476
0.0850473858017846
0.0849477759041377
0.0850963681607655
0.0875002811626069
0.093889414236636
0.0809841155893315
0.103395018876026
0.062866602782891
0.103446544100639
0.127443317167027
0.0774715447168846
0.134736535818376
0.0706103240252327
0.14687008848395
0.136620063256821
0.0796929675005163
0.0810021188858812
0.0726710432736658
0.0831300521619736
0.0786855127358244
0.0821375595657218
0.0742915761885949
0.093252575460431
0.0798316489031461
0.087480557714818
0.135107652097298
0.0854709962569427
0.100885961067595
0.0891904158953735
0.0866562522163176
0.120045675355091
0.0858500557890325
0.118143579741211
0.068521725093575
0.0683885496581717
0.058901655931317
0.083662236248248
0.0645409080394734
0.0874957273253351
0.0720163292141386
0.0772572511955647
0.0645464722640174
0.0907294244694987
0.0608087603931139
0.060464918891587
0.0775627749226496
0.0669993636892077
0.0695137812352402
0.0897450421300226
0.132386174191068
0.112133540249541
0.117140403024045
0.0822588467804104
0.127996817389689
0.124778466003154
0.0840347656444205
0.0892735712206472
0.104488735666154
0.0950666631305649
0.0733604003055609
0.0959586412064687
0.0871566071178155
0.101143947325016
0.078803180637398
0.102758426834534
0.112008953329986
0.0808610219232789
0.130248999587804
0.117064242975143
0.125222086356253
0.0866651170067629
0.0952955745620361
0.0916465593339759
0.0766929713516859
0.0747868219778051
0.0952484456184657
0.0680471849212005
0.0746074849136009
0.100099559229466
0.0769206593017548
0.0882811378563962
0.124518679865556
0.0948137915765101
0.101153001592725
0.094865482119164
0.068260627582019
0.0930160294311355
0.113130014805034
0.0851982065704295
0.0923378777138109
0.0942327358788406
0.113479983437406
0.100059877330721
0.0813366879974701
0.105551556447886
0.0761378290678689
0.0786423923504592
0.106244074679426
0.0990659181057368
0.0996864454966896
0.0994676637282824
0.103131782415647
0.0889739860418946
0.101549587826717
0.100968053849265
0.0800462029892004
0.0996931261162299
0.109874549435094
0.109193843129144
0.111343610880538
0.081345638405824
0.101493104106302
0.0709904379250373
0.06713875870877
0.103874348789687
0.103159538499821
0.142832904436859
0.0724474740122437
0.091183814973751
0.102941054201333
0.131262506650481
0.143374270157084
0.112750420491847
0.100613625717146
0.0929371217766966
0.085737458757237
0.0895137081092251
0.0967515194240105
0.0814543648990997
0.0865172616452848
0.09462836363196
0.0922197095107148
0.0921124322150957
0.112663049342276
0.110605040081595
0.104053728583134
0.0886789919583054
0.0788381840511662
0.0944422844375709
0.0993721734412058
0.12711970588492
0.0922415574201248
0.103519758259702
0.104402422070154
0.122079920067651
0.134045785033353
0.0877037573769753
0.0946697166293868
0.0979271430112125
0.0953129658788898
0.0750868641044952
0.0950185279023898
0.150494359713605
0.110095592312794
0.110510258306354
0.099754449712827
0.0624680605646676
0.0879518071142456
0.111589558264889
0.0928517600405167
0.0988503807086593
0.0858011540731484
0.0915027280159334
0.0886063990984122
0.0802063248350131
0.0898713213531062
0.123237078852539
0.0795420603748903
0.101217895518368
0.0922316416106317
0.0897005798709181
0.101434413787538
0.118090287051431
0.12220476601716
0.119919588864883
0.0859979216908291
0.0997488847331988
0.0668760173045534
0.0668932528467354
0.0872445842815455
0.0726520138981047
0.123985804101266
0.0883785269965917
0.104028300781287
0.0918299177826222
0.105860549748697
0.129151553649846
0.0919394232317795
0.0784684440487688
0.0821921505485459
0.106219924737938
0.104996064488871
0.124648161804186
0.0732904970282796
0.0776354262680557
0.14112017488313
0.0768088483429359
0.087582387493156
0.0919784228687353
0.0892170824428281
0.0783778687651096
0.102875957590616
0.0665125906419288
0.112299070526681
0.0797825251571738
0.0678762892843118
0.0843014749620659
0.0852995557886741
0.137659676490539
0.0824362945791021
0.0840449949377126
0.0713809756898744
0.0758550746795372
0.0712406943784126
0.113212551553866
0.13600999575681
0.115179261377041
0.0798510392597715
0.0610969790016137
0.096772671179323
0.0840822493082996
0.0875682371406606
0.0825619385111662
0.0696310500504656
0.0691043922919782
0.0983692384743621
0.0732185079852855
0.0960907114365357
0.0704591326674221
0.11153644669811
0.0657757304465674
0.0727038601103856
0.0873138826852362
0.138926645469249
0.12294748473408
0.0963835826273418
0.0997984210016129
0.0759838953473339
0.0663639566998049
0.129934561801757
0.0956648657639533
0.102264986333048
0.0775572344887865
0.0836072965757324
0.0921010646860291
0.130365676619503
0.127239491028106
0.108116172128822
0.0869072316223894
0.0939913954705865
0.0959267381295389
0.100689038244035
0.104846028077118
0.0715431200933267
0.0912315195591054
0.131362480918055
0.0877112379814191
0.11681715974488
0.0777774969901893
0.111158355647564
0.105906416382161
0.0957053599597409
0.0851825667496792
0.0899683701374336
0.0888202569907065
0.0855404643758521
0.0844091864173816
0.0780238454866146
0.0666598831490622
0.0964121599323104
0.0680418691935034
0.0809779293404627
0.0969093700014586
0.0769876075685388
0.0850517189921927
0.0989937637368627
0.116519144985008
0.0864581212808119
0.093165519391331
0.0979659452490073
0.0624117382968306
0.0641409401850651
0.0616611465818877
0.0886396196023606
0.0929972830452338
0.0807155942837412
0.0804725472585359
0.112635715472693
0.0945125575986185
0.119312891271654
0.130604999306254
0.121767050978212
0.100631117554936
0.0796526823787186
0.0948375543761206
0.0659787007482111
0.102182145762024
0.108227408550051
0.0831149976027531
0.0712784272060403
0.0655345776758435
0.0804529088879898
0.0871452944763295
0.0964178939056144
0.110280431029529
0.102144620161117
0.0624049554442354
0.0873180119555038
0.0876271985175062
0.123179681494147
0.0822791493876656
0.0672359802888808
0.101535714890034
0.0931400817680729
0.0836930132971814
0.0684980975564505
0.0624889219659497
0.0884759859691834
0.0642807727351359
0.0706756922693657
0.0825762470308906
0.0898164218287468
0.0991587744364928
0.0825542605166303
0.0996049478917824
0.078009575174495
0.103701103404576
0.105558420107048
0.0898281966413947
0.0866972890466596
0.0568580795221199
0.125243368874106
0.0805589808306013
0.062936282873804
0.120722484382042
0.081878614639761
0.0805222260041382
0.0968258129389503
0.096441693170141
0.0879160813061733
0.0989614198700314
0.0999624897414512
0.129326351960889
0.0727348665574559
0.0821316446439981
0.11128221065471
0.0920307946364585
0.0585359157641389
0.0594792831030461
0.0742812038169578
0.0594212262772329
0.0801712287369675
0.0656919043451979
0.0810240457305561
0.066780682653461
0.0751301879876975
0.0843778837915259
0.0958548907431089
0.101999217167556
0.117040871201789
0.0905230992189219
0.0864907272095226
0.0953277611633945
0.0901865565905644
0.0775029341545762
0.0728798127902648
0.0915102406288086
0.0696876574597685
0.0802615090857476
0.0857634094925434
0.0780578009982567
0.0939931392359112
0.090397371484882
0.0786009908319614
0.0848469074397089
0.083706317409528
0.0731123756192905
0.0920242359422851
0.0693711986480429
0.0746371065358785
0.121055303209214
0.0957123213251601
0.0773358277739942
0.0881069473232077
0.0959779758950093
0.11305596335772
0.0936208459035721
0.113530103413418
0.0892649171088324
0.103825410328203
0.0841323136251368
0.099441206481503
0.0879751840045064
0.0978908999587571
0.0673050276099227
0.0625685530509
0.088384117780496
0.117873217242502
0.0855949910362713
0.062432987057261
0.0780547643762775
0.0846252513827285
0.0734458813474615
0.132184651762941
0.11346503426693
0.135813485856818
0.14636952292539
0.106786794998493
0.109350204650564
0.116415627724596
0.0843893233997739
0.0656120531666078
0.0664482983720637
0.065846222927348
0.0834478542101513
0.0806626912753995
0.0628286344022345
0.106963720280233
0.112065495784525
0.0873359508145692
0.0740061334236026
0.0692133050877742
0.104648025739516
0.116285925219161
0.118782147788683
0.0893737370466648
0.0839491666113395
0.0721649379681844
0.108036218815369
0.11725724194922
0.0774028377009089
0.118380091863986
0.0964612938909679
0.102194808871237
0.106153323631133
0.091351382066092
0.0820943420291856
0.0961821390325635
0.057781125138036
0.0777569189379485
0.0777433141801526
0.0743824070535202
0.116716686295816
0.0815494372149123
0.0760414754768119
0.104577341684926
0.10082583255135
0.0698394758416487
0.0908540853072048
0.108577905557668
0.105007788057833
0.0707357198720937
0.0868563936935375
0.0909550699233742
0.0982654230294175
0.098977604468659
0.0868879843697235
0.0797637181537261
0.104631117001571
0.0870230712159224
0.10250958929968
0.101050067430147
0.0933606573536808
0.0939931041700735
0.095903806775387
0.106953083325687
0.10730663870424
0.114479005737273
0.11500481267525
0.110305176174836
0.0945144790049192
0.0808449515320971
0.14036672533986
0.106941003249185
0.118547750218459
0.0920568389896828
0.0786186303102392
0.0760414653403231
0.0874462189148482
0.0839312373388802
0.101927371244044
0.0706203353911333
0.0793894067439705
0.0808995530404819
0.101016756989479
0.0788674255911073
0.113196677996907
0.0962151238708951
0.0995383926650914
0.0956339902745949
0.0745217772058163
0.0773872784761287
0.121954508321755
0.109014080120595
0.0989880764962744
0.088417244786056
0.106642322047534
0.0820300325180533
0.0735271390169446
0.0834989028638357
0.115388797652502
0.0743825908144461
0.072643036324766
0.0634937500295369
0.0867910889964428
0.0911219776900835
0.0873272750046339
0.0902412818775172
0.0681002449907075
0.0867546007885184
0.123604006246372
0.0967764516628121
0.081447987943225
0.0751178575315453
0.0939694606531898
0.0755414337743033
0.0850410408790892
0.0830227856906821
0.109599513595052
0.0755846778982425
0.0989742798691089
0.0896492038533838
0.119008313651037
0.105231612095486
0.0820425020537525
0.0796242728812916
0.0808513468370747
0.0659412258324561
0.102369512365468
0.0910626080184327
0.0711302103225701
0.093951341083688
0.0804460182499029
0.0875247740767481
0.0654685960473281
0.0669489094933844
0.0957758890373306
0.0930404916309116
0.0736558476475208
0.0684228483741717
0.0872525979302305
0.0731972267580983
0.092425650417289
0.0935689546129564
0.130521015455314
0.0849834940009304
0.100374127173195
0.0933759620745869
0.0913237100239147
0.0905156350687909
0.102273891919326
0.114703783159767
0.0880859580112796
0.0850429434611332
0.106496935289045
0.113072600113238
0.0832798070637038
0.0912091978332972
0.0687938902292132
0.0837758426676538
0.0882389196090135
0.0649530058727153
0.082975355966584
0.104231594130606
0.0781631289270859
0.0884778823686224
0.0972534034946103
0.0854033867292226
0.117522005648316
0.0645890736875213
0.082096268439591
0.0761042091839465
0.0967797005017685
0.101755505852145
0.0953163603127761
0.0942047878549395
0.0654918969298191
0.0708364445994181
0.0799545864573809
0.0778233364629636
0.0635730089454397
0.108206064663769
0.0850794868814088
0.0738319347601652
0.0712210614978574
0.0937119076475223
0.102578221034241
0.072106985350494
0.0755239278109288
0.0689977714445921
0.0904084013667142
0.145686972882936
0.0789363184382022
0.0759950378999771
0.0887030717843908
0.0919079703695601
0.0724474909734781
0.0925911467595668
0.0782459942742258
0.0780624881239236
0.0704032686171568
0.107333565320838
0.0786988772314131
0.0972218155081777
0.102123624977214
0.089131274635726
0.0806466269487735
0.0898904346202003
0.0811116475305503
0.0825085139331849
0.113851849087749
0.0880812061236887
0.126055887291571
0.101905009430064
0.105096749186861
0.0792467646933615
0.107267534911599
0.11532131297645
0.0974211404090695
0.114000035826102
0.080576957709717
0.0827349672551244
0.127933708498655
0.0916811338613892
0.0761543884129494
0.101465116368135
0.0962679798029707
0.103014444894943
0.126628760318887
0.0894442679516125
0.0899634763326997
0.0877286310742479
0.0828416098462196
0.0968862678348697
0.0879365521420557
0.0860068549802328
0.102385268370017
0.0709601602988709
0.0825896820132924
0.0748204751865691
0.091126973260752
0.0996806594187411
0.0681559911055606
0.0742713201190826
0.0943815424193061
0.109204734029119
0.112770207027271
0.118901727232328
0.104958073517222
0.074722939221664
0.120435299500561
0.0741906836174749
0.0887422115629502
0.080137672060618
0.0982720216941452
0.0910780499700973
0.0619846563523526
0.0633488277408808
0.0805604851548362
0.079392141495293
0.0889141351103728
0.0872006143371551
0.134612872337995
0.101548615553894
0.111687972584212
0.0718309165888888
0.0875968852260908
0.0750435652371556
0.0980979679944298
0.107040151243574
0.072012548110066
0.106310398106933
0.0866309541642649
0.0751414511497026
0.0944629841229731
0.0934120699306868
0.0872593971646444
0.100911009979768
0.115280733019666
0.132455892309563
0.088076768966125
0.107267398198474
0.103745598506842
0.11486261141344
0.158612131505502
0.127093591314656
0.071738511221908
0.108741545728823
0.0997513836751016
0.102751671377303
0.088977746960494
0.0985949324928882
0.0719697193793295
0.0918258677660448
0.0740136529094487
0.098410359789988
0.0756122427106279
0.111940947872723
0.0964329552932614
0.0794429197343502
0.0926310627941573
0.130049095593839
0.079398007605584
0.115198755767201
0.108763666957909
0.0990667904099468
0.0646530446595526
0.0644705268819681
0.0953585559911846
0.0714853137069354
0.121513486585202
0.0935098180114802
0.0887901765952456
0.095831155802025
0.100571770193089
0.100594050972555
0.11431949766729
0.0785816161188991
0.0811047534616595
0.0874815570825359
0.0769175257897284
0.094851165671332
0.110277737836891
0.0942084827256075
0.0884743583141002
0.142441980994956
0.0782906115154145
0.0723854884062091
0.124405662519462
0.0849469159876615
0.0720085040482603
0.0815064357955557
0.101048277611485
0.082656047551988
0.082646223932589
0.0862206009204083
0.0753705655553926
0.0858292619488262
0.0577569532973741
0.0529204521078126
0.102941049191782
0.105799979256009
0.105037330172648
0.0970595744944039
0.090397087794543
0.125976595070873
0.109246027138689
0.075292129485532
0.0647739900918982
0.123835699562215
0.093163226689835
0.0688159598483934
0.0942047834948716
0.0722227193558252
0.105084772454577
0.0705809508477872
0.0810924488619745
0.0741275415234103
0.121598173131761
0.0828940585624939
0.0699914736913716
0.0864452694381571
0.0740339490877803
0.0783822805995109
0.0748055668339717
0.105213451216369
0.0822654677462953
0.0850452804244142
0.0813388057766222
0.0741339244168569
0.0897167734729742
0.0696520509833613
0.0730662010526127
0.0966609211222242
0.101450074528538
0.0816534868684657
0.0830272948838012
0.0877767842019046
0.0854349851854972
0.0887282493600741
0.103993289024071
0.083119431843152
0.080794617445575
0.0739302378461514
0.0911345878551541
0.0894962785947488
0.06627423940102
0.0713368954958815
0.0691195385059013
0.0944378763961897
0.0822821240784751
0.0839755264071959
0.0785537729823756
0.078065744063455
0.0931112873348794
0.0935831657720959
0.0961266283387357
0.0932325070114388
0.0946099535504818
0.0714208736198621
0.065432691690407
0.0607315259887006
0.0622620234816766
0.0744235695257716
0.0974833130863896
0.124374547190734
0.0889374551814418
0.127014519272888
0.0774461806762196
0.103059658122566
0.0891821177937265
0.113526823808327
0.0549900553230416
0.112330335796478
0.115331754001223
0.115245511735388
0.0693082911648834
0.0811480991219207
0.121654509273625
0.106717886563817
0.0900614875454619
0.0818509933770714
0.158623004591397
0.0814652031614485
0.119100033701778
0.0883710928979473
0.0991894345717362
0.11343175736138
0.111148535134294
0.0955636037563368
0.101584439139555
0.09275993840934
0.0694491879593012
0.0761321529231568
0.0981724359032662
0.0895166418482344
0.0788133585521492
0.0801729936018657
0.0707049030187197
0.0891829254783022
0.0802892686309941
0.0910519957750152
0.0994975372009686
0.0909661408477833
0.0832510391270435
0.0689377519969655
0.0917354279260822
0.077384861984903
0.119061308307875
0.0762926628067421
0.081271859423129
0.0964567080386611
0.0915389425038085
0.0710058927281765
0.0743867489826773
0.0793327474376013
0.0985044306061825
0.0828368625912877
0.0732718852984666
0.0887158483531464
0.0874931169170347
0.102547479988246
0.0649029656784433
0.0859059541184469
0.0993286488659329
0.108513025568771
0.0852369041116116
0.109782991660151
0.0963781437534807
0.082220133196445
0.0928805708166275
0.0803478448619377
0.0776018702818643
0.122829575987629
0.0972752683715479
0.0987579009313431
0.0866388864851284
0.0927617969731876
0.0926999247380511
0.0888014783365578
0.095142357504528
0.0914062111121197
0.0976135299045485
0.107434670349835
0.116291885738694
0.0848569362852585
0.0818734871780282
0.0999804004937494
0.0932487963600848
0.103817911668936
0.0738579903355522
0.0806133740124445
0.105065073613852
0.0984392460254023
0.108246692660717
0.0797818021244857
0.115674032899258
0.103915957362461
0.156133334686889
0.11731609553763
0.0807015098420607
0.0866424888704114
0.0856419494554075
0.105764253143374
0.0934794663693679
0.0750586060184267
0.0757165259170702
0.0907734149977706
0.0651767807876242
0.0582825617785783
0.0895384463006542
0.0810390683245742
0.103726309456956
0.104944869841987
0.0996271892854716
0.0875489900015002
0.0948635915645916
0.0638751628387331
0.0713116286929983
0.0793248030729641
0.121595555267527
0.101978188918565
0.0778870933551138
0.0996630161003447
0.101870829237812
0.085824250242057
0.0782028813153986
0.0934842668798724
0.0812128305127245
0.0908110318912256
0.111698314130768
0.0641230977999424
0.0870047313655137
0.0790852133216386
0.121730776108172
0.0815228774416067
0.112718302259655
0.130379530714339
0.0995500984863853
0.0765114251669204
0.0622699944337933
0.0816477405184338
0.0956363796994761
0.0821579105131626
0.086375742798513
0.0784265503335903
0.10800730939345
0.0876962778599842
0.123819480355496
0.105427495159793
0.0744398286683938
0.0906741980383946
0.0838610725108025
0.0999570654639883
0.0772053037218312
0.0822096079322765
0.105199723342765
0.0707448029646828
0.101678728763885
0.0624412306234252
0.0805921976357768
0.07938310240984
0.0978873781345324
0.111044074938038
0.114525965353652
0.0939538805094476
0.088522576238345
0.137198643894329
0.0993667655987809
0.106536510208156
0.103566016754403
0.124732202082492
0.0911668762135021
0.107116365190063
0.0880854552619525
0.11951213891079
0.0727488000071866
0.0709939106083462
0.075455643324321
0.0747507967989131
0.109295382359659
0.0789571653495758
0.0981275524426639
0.0759635923375974
0.0765613119659947
0.0839252230304418
0.0704938977242775
0.0802785190017943
0.130340069883423
0.0975742717790858
0.057080488007691
0.104184114271029
0.0891120021587552
0.108451890051435
0.0899767037626012
0.072492894760932
0.0804187997042924
0.110554680601889
0.0820721478451718
0.105639656167575
0.114585146175821
0.070833556319917
0.138752526077655
0.0876179647534775
0.099203328838586
0.0815967852422024
0.0651153644605937
0.0810370711926088
0.0792342698820693
0.0680864102971437
0.0743418451144361
0.0805215947990759
0.0657877002194812
0.0804133197425858
0.0823275303952182
0.0815061663169901
0.0775245835919949
0.0794775514169294
0.112860801020753
0.119787323122011
0.135985384236037
0.117980023862572
0.0831454655571148
0.113964297544128
0.0822973183924965
0.0920645125330443
0.0689855110206109
0.0731286179999898
0.0577145906340237
0.0663088204719199
0.0756068912525052
0.080346995741244
0.0893529816889916
0.100539650739751
0.0954267698536279
0.0666105565310713
0.105525628896623
0.1076226786012
0.0913931712346158
0.0961480136724984
0.0989599795731543
0.0915348768781814
0.12215518275053
0.0738706203757781
0.0707465426089987
0.0775425692490685
0.0913520284559456
0.098403625787096
0.103486317430235
0.097132129378814
0.0686033060482975
0.096355031747682
0.0927234425073656
0.0745656388625426
0.106956822302857
0.0884409719413516
0.0618062016193226
0.0884048519727589
0.0768038238884661
0.0847239495241771
0.106898081880688
0.131620941080435
0.0875820189689735
0.077843697729381
0.0689696628661539
0.113206911735034
0.0877150473066346
0.0764738977926293
0.102611116324044
0.0963213800488086
0.0756278333413036
0.0986495535486788
0.0641726891491583
0.114583923073378
0.0941763161265054
0.0730291247063406
0.0666380476740443
0.0773102833116231
0.0986136711446594
0.0817759133380364
0.0966288577912085
0.0787325248815407
0.0630800123186167
0.0893857158306192
0.062490321065749
0.0897213061894417
0.0792943913832272
0.0996587723324886
0.0686407307575977
0.0804025049787624
0.10245336042496
0.0871848978556004
0.0990315522206828
0.0756549375827871
0.0978269421873781
0.116261008313572
0.103805799877692
0.0878447845529662
0.0831161007502448
0.120763251638769
0.154894502903524
0.100705215235499
0.106060710209712
0.091429006734644
0.125963757632195
0.104556228551406
0.112922270162862
0.11031015306768
0.0815771586522228
0.0883121266025226
0.108427367709788
0.101406927132602
0.0806290240787978
0.0853588159097743
0.0914099290681661
0.0945944275687557
0.0727256457996479
0.0677733742088679
0.0644691745197979
0.115800036403351
0.0747600869167974
0.121563702099107
0.113204717304013
0.10500564223149
0.0777664630306414
0.0699281080150483
0.0781861075330681
0.0978088828949901
0.112243382894701
0.101953825329665
0.0885097092886232
0.098569342111191
0.0982842811722426
0.122224735861735
0.0854122418413361
0.1048647859029
0.0895525921793987
0.0836713214624373
0.100429381348049
0.0805250044488732
0.0791422046126091
0.0599987753381055
0.133053158298471
0.0835476547354318
0.0665788078143177
0.0663305887793404
0.107901279594208
0.0879249205357306
0.0929016563351584
0.0757363217128545
0.0741829779096375
0.10520356941233
0.121494016050354
0.0857058928796706
0.0941400749149099
0.0883480252831123
0.0864178642368079
0.0760181832353744
0.0820624520783181
0.0817079525755753
0.0792383628795687
0.0826445759481934
0.0811303858046558
0.130453141171032
0.0859874340958271
0.0643948804328969
0.103135430887876
0.0983235291327735
0.0814915816666503
0.0852342178485748
0.0994033128665276
0.0954340504082348
0.0724883453920113
0.0999899692021149
0.119238496169829
0.113918035783136
0.0975767052631178
0.113923413343462
0.0906326077881555
0.108541782316331
0.148130205594072
0.151348263560006
0.102210856860889
0.101039525607593
0.122859072044878
0.0791097923091898
0.0741046605417662
0.0835769541013671
0.0880607553582161
0.0863378886803536
0.0805737346314764
0.075948060409288
0.0617596714265216
0.0811695103654343
0.103852067664653
0.0934189124069358
0.0891976283873551
0.0815322061792006
0.0789386919498315
0.110318771871083
0.088248144686218
0.127855099553089
0.074046790155357
0.0834289715662082
0.0917070253856268
0.0992706131113381
0.108085332301328
0.111788131981657
0.100522418235486
0.0867796048015471
0.0761429744904158
0.09759221560463
0.105563549295594
0.124046580954834
0.0753531991990092
0.0763014536843078
0.0909769931363301
0.1503188367923
0.0953483901468945
0.117549125489324
0.0703408664492823
0.0880565066188764
0.0899933389225393
0.0767685844007825
0.0712560802667641
0.0770639786695952
0.117605001712145
0.108558059030956
0.132881075133673
0.10486395785916
0.072956992840855
0.0644346037162423
0.0829407192404056
0.0748537037212976
0.07006772193525
0.0950658879529695
0.0930864436467774
0.0951671792896286
0.0974263508090547
0.0703626104764766
0.0737478462544851
0.070530404062238
0.0894493083135243
0.0650170077579319
0.106246814858014
0.0665059084261377
0.076533620498283
0.095226296399034
0.0874966424601489
0.10539684174374
0.0770824390725717
0.0917992451000752
0.098380305524602
0.0845106384274392
0.108240717883605
0.111894720310347
0.0842950218062221
0.0809417034122408
0.121246629347214
0.0938146374549667
0.0752535012731525
0.0709202642449179
0.0658990922144596
0.112423162055983
0.0794071374049983
0.0791629951256375
0.0667860029852434
0.0619307778136039
0.0717242279410364
0.0856521021422747
0.0924272102525006
0.09163289019161
0.0852604681014467
0.103872674286329
0.091236501541844
0.0877385251034733
0.083602269232857
0.0712405969820451
0.113539877218326
0.107666030059175
0.0768124249596004
0.117786145456051
0.0914060226851679
0.0739137350771114
0.0676908114777114
0.0943463694503789
0.076849098178084
0.0839416484244195
0.075878049536216
0.0831873284243697
0.114798693665623
0.10643605574236
0.0972938843153069
0.115781093174991
0.0741435373868169
0.0738840550936231
0.0931277620629849
0.087600349971722
0.0622581201699579
0.0873721328747343
0.0891793974072972
0.0852524337056124
0.0979242929619918
0.090633830126048
0.107197998640529
0.0917505674499831
0.0929502789973909
0.0891156091997363
0.0908530725334216
0.0723487077512971
0.116955932529733
0.108823011872123
0.0914702972868265
0.0821819940368568
0.0843518525520199
0.116149591489566
0.104056848631191
0.0761404755957083
0.072099614748502
0.107851003134712
0.0862361437432961
0.0834616904886376
0.0981965184078634
0.103443493941415
0.0897395937357305
0.101627657037107
0.0890983966368542
0.0696302657636649
0.0701820940294317
0.0967424561541211
0.0755141613246861
0.076970829029922
0.10602768529419
0.0797326367017007
0.0800352852022343
0.0872002064121449
0.117407111125246
0.0689829130129261
0.0733368254631974
0.0784676608261852
0.0582660890946984
0.0717946786860717
0.10232599720764
0.103137504867406
0.0754586736060263
0.125384031079642
0.111609699647924
0.0863340586170521
0.0784523985813907
0.09912639063899
0.0992934515127378
0.119485653973281
0.0965508017783885
0.0911052655783025
0.0674459604476173
0.0970730676165879
0.136441247097253
0.116872503131842
0.0935927435138105
0.081924136708676
0.0636632636048724
0.0676724242978198
0.0945502475762889
0.102680824386153
0.0910160209284324
0.0936249195195647
0.117263761370983
0.10088734339147
0.0877248640293395
0.111530050534513
0.0792913809136376
0.0802279888435361
0.0696823009514195
0.112094117225795
0.0983155769621875
0.101050221536352
0.0803443288663903
0.0632040365739938
0.0668504161462467
0.101378715548547
0.0676121412056558
0.0613195657505943
0.0959668943022132
0.120250584375278
0.0775455536992714
0.0712781560137433
0.0793861385007113
0.111950164061135
0.0712827915161075
0.0569069604171348
0.0576628268545439
0.0905196864851753
0.0660658391088122
0.0677816394433573
0.0851241661290878
0.0703861913968764
0.0854024452820992
0.0849256626525656
0.0847804330960688
0.108801757080588
0.0743549284847748
0.0578811231166632
0.0563392233630564
0.0771891002828651
0.110417645863629
0.0875258813609102
0.100288741879141
0.0971346796564145
0.100185564973218
0.112120459239043
0.117855494905939
0.0966726493628128
0.0828686871292469
0.0980665811801454
0.0972883090462641
0.1145952542276
0.105901078576942
0.0815915965251648
0.109902770338446
0.0941868577064277
0.0669392791523017
0.0943568306659579
0.102189196211363
0.0971719692048051
0.108516061934615
0.0910168105244973
0.0736837352702334
0.0722000780618386
0.100407117525655
0.0961171560653201
0.0883036855181212
0.0971682955655264
0.120613056486064
0.092079493135144
0.079606605152115
0.0776417812644025
0.0814767651279368
0.0972807652737823
0.104484172229379
0.0925638893125411
0.0717694091504046
0.0756157031436874
0.127680945788186
0.0838635157744259
0.0685831895321033
0.0961411017495905
0.100938437270368
0.0987004235385173
0.0885686501109149
0.0873111198078667
0.08377499102086
0.115810343884009
0.0637291113146863
0.0627559872769625
0.0676297772398466
0.0912107730907346
0.0989914787104211
0.090098705748944
0.0988711279027212
0.0962519369700439
0.0732369350493336
0.0720647266294771
0.0970778591928438
0.097709066774681
0.0739500430396955
0.0902226323972256
0.0983774017293316
0.081383925716859
0.0609515080074469
0.0980868906003669
0.0614172541860023
0.0787897054300764
0.0854143617355797
0.0999588264729047
0.115615948264882
0.101796294568284
0.08372753885775
0.0865313917418432
0.0875814284728417
0.0832381278542412
0.0744568323920354
0.102124816801393
0.0904584485013776
0.0717121187241115
0.0815623032975381
0.109024964174517
0.0926628234126127
0.100782958664227
0.0987036351860166
0.11067053853978
0.0737220748452868
0.0795545490521433
0.121777213936045
0.08035060234718
0.0707900220986343
0.0872040733558866
0.0711345602586816
0.114658769088249
0.0631416407385009
0.0947830550947966
0.0694995113070708
0.0922594431983522
0.0913540067357046
0.0927282441927292
0.111434931450775
0.0618288560014384
0.0725401369864353
0.0755211518641543
0.0866838451477431
0.0726901472430498
0.0784795293043087
0.063235811130706
0.0736273597342695
0.0615076811463893
0.0642601496978752
0.119506538654615
0.0696594726286748
0.0740221485232457
0.086131667324432
0.0952577768489272
0.0689925434251153
0.077843307972801
0.0651376130249036
0.0755110303837776
0.0663520305113036
0.0584483909834854
0.0725640026119645
0.0723972491035617
0.078963340643846
0.0946824432174231
0.081723018813577
0.104728026281798
0.0860207292960321
0.0926867080232408
0.0635698534591039
0.0988952439379675
0.11066801578556
0.0770117871487483
0.108400918966451
0.1121449847986
0.0944047677125499
0.0953299505054536
0.0903001144561887
0.0970184486233036
0.0927554341221684
0.0714312134689108
0.0987987256981583
0.136982586114268
0.10084908125544
0.0864666460691352
0.0708193572659226
0.113340876702993
0.0785292074698936
0.0997470630995437
0.0978961183195954
0.0711185268890146
0.0631287930987713
0.0960296757699133
0.0847610903966204
0.0887597966053189
0.0989521546110656
0.118019720623495
0.135212718573933
0.100936094627307
0.10145091938083
0.0949936745151667
0.0917209193315096
0.086575443171992
0.0809553102391971
0.122755393680636
0.0871139401041099
0.102444591391627
0.079211192743491
0.0781222315960717
0.0854172886039193
0.0904644464500225
0.0935391886010229
0.0774343347362474
0.0714446385491969
0.0732995760022648
0.09706586491218
0.0774729045379634
0.099955892022587
0.0655784433281615
0.0861997965355192
0.0888769332306455
0.0930443345426393
0.113684315902076
0.109327998047818
0.0972530203270887
0.0940820610008306
0.0698015372650091
0.0749406603336342
0.0662747399075863
0.0706787089346449
0.0615883557399127
0.0829043709767853
0.0853179744263936
0.0778562212571771
0.0795050780606112
0.0838876115496629
0.108625795529885
0.105431215808549
0.101401055577028
0.113868464479525
0.110612999085947
0.0806399078592661
0.128846367174737
0.109040957933732
0.0974607395825348
0.0764771025183953
0.0921128972401307
0.0869924995075211
0.11616810396787
0.099758529863048
0.107994094432353
0.056357542265889
0.0608751405718856
0.0718106771765104
0.0707261211849302
0.0732339073514141
0.0958809104809946
0.0888474363110727
0.0845672179379665
0.0840539583613357
0.0999164500115955
0.091745706540806
0.0820772900817061
0.102499621318186
0.12959727358859
0.116137057802688
0.120017686767425
0.112596426827167
0.0799528083710086
0.128334685117346
0.0994690520443542
0.0832827681115939
0.122428767108012
0.0867847425552792
0.0840324370764806
0.0828019754372088
0.0680123617396974
0.0777254351458914
0.100378359785262
0.0812938604509835
0.0919456602659125
0.0729653331625925
0.0916518839529454
0.086576715604693
0.111788950820718
0.0782679541201058
0.106497524403396
0.110968372221132
0.0698750860684393
0.0831010879114972
0.103624056237775
0.107789132454263
0.128682009636451
0.0798560023641953
0.098451731573072
0.100920209572465
0.0864832337569454
0.0757977712962889
0.0768641835452582
0.0709151408126292
0.079546593085035
0.0759664789823387
0.0825703046052324
0.0924204258380066
0.0877289793721054
0.0959338262051154
0.0622184657906658
0.0588124100371364
0.058124415590216
0.0967578007264259
0.0891313401841748
0.112925123750759
0.0759663287233253
0.0944205397666548
0.0835879749055952
0.0700151425288007
0.0717532947388588
0.0913312583686793
0.0857002007179862
0.0687396679851098
0.0929368462908076
0.0903691633742141
0.0839835397874891
0.104731781974361
0.114340010235732
0.100182298552533
0.0901676133824326
0.0941566085562712
0.0935711623598496
0.0634025099764326
0.0866004627213123
0.114732915900542
0.100922955476099
0.107978280509551
0.110634638325436
0.127419908143085
0.12787652218626
0.0858022306370394
0.101295910288979
0.0695946653267363
0.100630449759254
0.0774456456406145
0.0944627948723964
0.0829998910389015
0.117649624687469
0.0859475161747707
0.117366977103913
0.113510236118228
0.11567331598112
0.0707643916849665
0.0833824149774524
0.0745737719878422
0.0938464800310072
0.110855936545703
0.087598589777477
0.116712495606848
0.100168471371463
0.101856943387568
0.10726008485498
0.100687695371661
0.0907163601199589
0.0788668596704211
0.0971240193602071
0.0800344633163789
0.0861631283030608
0.0881569154096236
0.0776762407185286
0.0805937288336859
0.0804057491719044
0.0914488976543914
0.110019647006071
0.121167637609911
0.0974915862972025
0.133097943320355
0.101120179109557
0.11379263791238
0.118271204763706
0.0976195960098524
0.0842297649316696
0.0908746236851853
0.0756771957959619
0.0858302662009786
0.0948689938933741
0.0921915522407966
0.0902081116942505
0.0774626607067046
0.0662836730313841
0.0685831170276578
0.101105994289317
0.0674865324077858
0.0901936554168224
0.0920906480019693
0.0760200693856369
0.106133541346016
0.0956730965445173
0.0674542468742733
0.0612157023127452
0.0760295682815032
0.066090735209642
0.0669870845837403
0.0669273001122394
0.105904295068533
0.0825985575913783
0.0805928733903022
0.0840289955595714
0.0917365634314806
0.0871717753107652
0.0957759643165259
0.10711176201608
0.116430506910802
0.11454217350235
0.117597837070288
0.0794207172411377
0.0969690762039641
0.0824449340060972
0.0769719162490197
0.069945936223862
0.0719390108310126
0.0973867152413632
0.133560729272801
0.0854129982988666
0.0660086868830441
0.110117307458731
0.102560819178183
0.0916314318430839
0.0660557933049341
0.112123144898498
0.0779868409814407
0.0976215756218687
0.0863315306539206
0.103556143368084
0.0809752396083695
0.0698668435990379
0.0705563125358135
0.0649657947117746
0.0954033128045676
0.0914890653284527
0.0881798724921065
0.102420857760395
0.0755207684668624
0.0859691538544934
0.0818026024285728
0.0755452381571293
0.116636165247472
0.0796621967578518
0.0931349160093265
0.0955795445068646
0.129510311764596
0.103345829934597
0.0918274618296813
0.117003260952522
0.0953747025684675
0.12437134315626
0.0956593158797419
0.09654656904195
0.0644878480387777
0.0756590468293331
0.0679991116390613
0.118027424560188
0.0808554555820311
0.0613457168446012
0.0839967928848579
0.0964797039151421
0.100570091428047
0.101499359032211
0.0993388913058875
0.1134470158426
0.0889765143491099
0.0614379316558462
0.0822677805256531
0.082555118077474
0.0918231533867369
0.0982413482543264
0.0877870789592734
0.0913165894777204
0.067352548922596
0.101347135653766
0.103351776989282
0.0881940320779115
0.0959527537544963
0.0905048460350275
0.0910437630235906
0.14181928677319
0.0783691777798869
0.0698378568973043
0.0800313823065436
0.0744057213894767
0.0909395057182999
0.0679572760333241
0.0841966847098695
0.0598294879028749
0.0785881889993229
0.0673471459753375
0.0706522259106181
0.0763625732978967
0.0812274704322499
0.0902199523990196
0.0833698044964144
0.0725526611932692
0.0874846904688881
0.0883549635560001
0.0800566409226917
0.100848897385633
0.0816936540736295
0.0951816615824219
0.108045395534945
0.0731364546888836
0.0713842522888152
0.0855117782602051
0.0947660939384997
0.087844252554599
0.0941467213615782
0.0824401872792375
0.0849580861969903
0.0645595551868667
0.0665197760097303
0.0796959543303905
0.131710433546777
0.0928408261718654
0.0906633651367834
0.104063451537013
0.068015144323932
0.0864563277915589
0.0887652352065125
0.0751479000560088
0.083553661375113
0.0790879281015897
0.0922170966235569
0.0904959740172687
0.110852186265186
0.0979464912810253
0.0859136263348459
0.0953391954935476
0.0799734402420637
0.0865535263861528
0.0995759061016952
0.0751637559132961
0.0974629763509269
0.0953565307761096
0.0828300814234854
0.0658267544509328
0.0826673056888502
0.0797491090755189
0.106857395646869
0.104284968231949
0.0864170187967854
0.0980821939948056
0.102607218138021
0.081663383629113
0.104295769168414
0.110602071814625
0.100391503310468
0.0876143251149735
0.0828594102550684
0.0857136292499669
0.0817227806220333
0.0847474219818408
0.0701531236695201
0.096073533004236
0.106204434580546
0.0866215028195737
0.090370402851427
0.0918906915430358
0.0971525777986405
0.11019888414754
0.0627793399922608
0.064421211987901
0.0720264799888719
0.0681493817115346
0.0805387842453693
0.0878785635675639
0.0761904495409196
0.104961575725236
0.0747849801120724
0.0778195391616836
0.0714972609085395
0.0741060337255494
0.0732202829828502
0.11459244278184
0.0853988981790386
0.0565643767647671
0.0720236522945814
0.0715708328402675
0.116507424941854
0.0824130810969685
0.0645065003883327
0.0902085484260325
0.0990405132794826
0.0869367986394833
0.0956278614496632
0.114834414260739
0.0867785034542415
0.124051392092182
0.093118514441645
0.0810132994435416
0.0808741657783644
0.10452856329948
0.1249954300177
0.0730098898023711
0.0674009644419243
0.0972515032377223
0.132166324751264
0.0914248642794399
0.116075201477347
0.119386912198249
0.111181450327568
0.079937951179536
0.105574106092864
0.102193726928943
0.0618111299708924
0.083143813539833
0.0721372978060474
0.0945906808952561
0.0869370854037353
0.0880677263614789
0.0838158252072346
0.0904614042206375
0.107517261503438
0.128030277589362
0.0673251160613208
0.0951859989973616
0.110867031249149
0.0559540401090168
0.0632603178944245
0.0658076739313595
0.0878916825074446
0.0982381587857694
0.085444951939869
0.114116065256804
0.101317400451799
0.0797739510777745
0.0916209226975169
0.0969421531803243
0.0807202431302278
0.100005472767846
0.106388572448078
0.0908273604285207
0.0681811796680754
0.0836159727874136
0.117621066982855
0.0850708240954257
0.121826240027214
0.0688671077158185
0.0767714208053778
0.0790340334981233
0.101026741865982
0.0754184073939363
0.0971233750805526
0.10425791627714
0.0937953226820635
0.0672290356154304
0.0627955666173124
0.0721721144302677
0.0915716093988698
0.0933617129897101
0.0862538156900505
0.107391604457273
0.0969786028750972
0.0907081215368705
0.0916280175548465
0.125069477133471
0.0915452434357222
0.10995848685688
0.0978855569147428
0.105151808442437
0.0904615825099424
0.114705494749557
0.072551458921249
0.0970782546355189
0.11720116105583
0.0896936833353514
0.0879472690194853
0.0846396299187862
0.0925974692018617
0.113257145999664
0.100767784269578
0.113370802011501
0.0860109940721145
0.128367765066123
0.0959282439810203
0.118479448066884
0.0783217860478845
0.0899736348817816
0.0992600181334292
0.116718989008012
0.11896312551651
0.0933521777871785
0.109317567916025
0.0625151030506023
0.072981767460349
0.0698822134699647
0.1218746945977
0.0846105300691503
0.109589912208942
0.0730500759841269
0.0973832355100378
0.0892012602400166
0.0894430021345226
0.0924523160322025
0.119818039606823
0.0940607221312196
0.0699882418491447
0.0768611326958062
0.100263372460095
0.125121837823247
0.0767566142739604
0.0801811264083757
0.0806987508789094
0.0928055425920854
0.110288471126655
0.0776110512368819
0.0750003082270441
0.0845198275702539
0.0689082133001005
0.0979005825058448
0.10965556596662
0.0950673385832712
0.0739953860064411
0.153510660813316
0.110475789190043
0.0956880261950554
0.0772079006969825
0.0740609994966102
0.0852552704035391
0.102949187391906
0.129948845264341
0.0925462697453308
0.165846275459545
0.0674931308568472
0.0749063226507981
0.0830823957641213
0.0926399356384456
0.152684339323818
0.0944450695841118
0.0716135016453795
0.0811244941113508
0.118275220202038
0.110651237990382
0.102042381006724
0.104228440085778
0.113819566928253
0.0994507448886685
0.137335110536278
0.085152479803076
0.0609695892058585
0.0754569293354886
0.0877554725604646
0.0759800585853361
0.0900700743186319
0.101793672342682
0.0784034878486809
0.0851728763904414
0.113080580112687
0.106722853780868
0.0892122913005102
0.0797145492928749
0.0890711425505414
0.0954806747740921
0.0815780266026487
0.0840558821534458
0.0744091159595676
0.0697734622247822
0.0994891326120933
0.102734809405924
0.0952082024910675
0.0722273908791045
0.136535342444872
0.0757207554344759
0.107608691180013
0.124219004474869
0.133246316140842
0.100957600355389
0.125140319473185
0.0830093348749277
0.0805540666106909
0.0779768457739514
0.115365545744828
0.108575939375565
0.0703437444316036
0.0752085368903332
0.0935543293968491
0.0887132979858365
0.065174212797173
0.107456367379103
0.0745279746785227
0.0580629216926727
0.0571998518060025
0.0650103060122202
0.117068835769302
0.0905523211276311
0.0628566300134534
0.0990512658205609
0.132429598987709
0.109237408288106
0.119669578353916
0.10028131853027
0.0867426763033221
0.0820609272037709
0.0745949400319186
0.0918211266459039
0.0734337676470403
0.0661088266618977
0.0942799089539495
0.0949918009316125
0.116764754044137
0.0878561207627797
0.0866778662293221
0.104584510648809
0.0842505042296185
0.0918834342795646
0.0886886637465761
0.0710186844715317
0.0671745775985399
0.075645796022961
0.0919032710611936
0.0791970370416087
0.0668389758923474
0.0841557757188825
0.108259288419641
0.130529987535567
0.128659278668918
0.0872201982632888
0.0895075476015959
0.0807157517777231
0.112708189398521
0.125763234210534
0.0664986601181062
0.0857136991737769
0.125146346502083
0.106176291070745
0.118887011615339
0.117399765818705
0.0714303581650649
0.0647982095927672
0.0627438774319382
0.0677852465819076
0.0619693597020652
0.0995897697169192
0.0741857714567678
0.0910002676329532
0.0935039892464365
0.0924867773925193
0.0763799469147839
0.114461415946459
0.0767370499317985
0.0842644396152619
0.0786356440128673
0.0869260562872024
0.0776297051210709
0.0879054151082808
0.0777021034748551
0.067859006875393
0.0681380912171176
0.0792501550068782
0.0838891272705527
0.0854251092994574
0.0601926591988419
0.0763148497226158
0.0999225405747871
0.0912980751780494
0.0823685622469885
0.0645757207655047
0.106773353318379
0.0624156184573828
0.0912798184431205
0.116352258724448
0.0930984618210923
0.125744911934895
0.0749882474079822
0.100183535187742
0.112824619192525
0.103776206905653
0.0796161025461227
0.0947377187210876
0.125467727354607
0.0978398472715209
0.100388284727252
0.0950019507243353
0.112029082092584
0.0784642595201436
0.0895205437328701
0.0711756452934536
0.0862474031224194
0.0755017669551542
0.0788116840574356
0.0693298693181414
0.0918068187307624
0.140589350519458
0.0994569339365766
0.118922247269211
0.11281415606518
0.105572399547932
0.0789925810097473
0.0907175456447875
0.0743072173056231
0.0667072822633836
0.0853249789207793
0.0885777996652229
0.08268338791686
0.10690640858102
0.0870044929539801
0.095710886622032
0.080178901850343
0.0937801592121114
0.0876411677787108
0.11032980516126
0.100268062589927
0.112589758638757
0.0991737373200764
0.0667608234232601
0.0905146391301239
0.0739994934109453
0.0873068320324284
0.102247718058953
0.0747204257130029
0.114698839666352
0.0892204030058396
0.0907278235381304
0.0612047242390032
0.0750658393238768
0.109124311875349
0.0641352209070085
0.0783270682243451
0.0898648514825328
0.110693213438952
0.127784171723033
0.119286217915865
0.0717793392075348
0.0755024398788993
0.0663346110414204
0.120099684651024
0.0710416402973335
0.128928100436297
0.0683984654219537
0.0975066488223106
0.118372294083044
0.0780525834235652
0.102907808463683
0.0857564296089335
0.101301560530357
0.106656548060404
0.0852014770669714
0.0916353822798018
0.0755285572103303
0.0736954193945352
0.0638864179539271
0.0624263380600481
0.0836306316522893
0.0739331076698565
0.114180302030597
0.110746628420782
0.097546426085724
0.0782916131800562
0.0666112902865615
0.0974054948141279
0.0754617473816536
0.0956621056600026
0.0805207307177077
0.0809504339983367
0.0626604676934907
0.093589138282434
0.0812903329348539
0.0629980456692726
0.111553851457935
0.0978713502016693
0.090452081260989
0.099413333938397
0.12178428971432
0.0649407943510134
0.0764691576182244
0.0794564611248363
0.0838195050093322
0.111371103240386
0.115343156218212
0.100185498190752
0.127556452851979
0.0866082506822117
0.0690094655663684
0.0621360014778052
0.0772201237406293
0.0774819236013218
0.105092267485001
0.0987162448372318
0.0827523225379241
0.105612913519275
0.0800650975237634
0.074131416652525
0.0798100569298271
0.0940964475805789
0.135972869519801
0.0897265712161895
0.0949258470439219
0.0698152118748996
0.0802236749718215
0.110207448700321
0.0983085354723617
0.0836981236249153
0.0864332170070365
0.0809454191490162
0.098528626147506
0.123057382738431
0.0968088523298934
0.110575347075191
0.11296564148525
0.0723193741809394
0.0808181697492642
0.0590839308243366
0.116009296372264
0.0656265238213166
0.0801366042574153
0.0953885897873857
0.076774857207779
0.100517565387236
0.0704288677315227
0.0945922034686806
0.076713951072174
0.0854579222758306
0.0919605399447195
0.069507756435204
0.0760008399690041
0.0674888643164362
0.0736953555121764
0.0788803086822194
0.0847713298671516
0.0693905687386118
0.0669529125455742
0.0895839874436522
0.0705358218345765
0.0677065372104299
0.0590308278322938
0.0970444320563979
0.0984751292500629
0.0686875418353297
0.0653656428222332
0.0636765873257454
0.104153248015923
0.104803814853763
0.0921434434397388
0.069567538473978
0.089351892593097
0.0782508739026185
0.0812954769016747
0.071694339343357
0.127673500695385
0.135360612461694
0.118681414813141
0.110034423251953
0.0969616181267197
0.101104665821695
0.0933728661044267
0.0988870535767513
0.125266720416407
0.0980938100797002
0.101087864930337
0.106735615046133
0.0909404007615109
0.0744286387766808
0.107818675828474
0.0963957752963698
0.0668808149977948
0.071602082700018
0.0711106766718842
0.0768123496424041
0.0880655731129357
0.0831935104202743
0.0691840622294255
0.106714395400966
0.0826982444065717
0.0841352916434737
0.074242498148153
0.0832011505621514
0.101827708071664
0.114297129105939
0.113090772436851
0.113830540802802
0.0776672592168402
0.0739528620684209
0.0840119220351849
0.0820709179252234
0.104390917727894
0.0965753722333044
0.0612917669874387
0.0657034890190816
0.097788792587185
0.113922873352076
0.0759972112931043
0.0978091978887208
0.0770497954141962
0.0842972439219782
0.0686504304962756
0.0853304516100499
0.125949309254785
0.138083522017477
0.111656470080182
