0.17
0.1061788164145
0.0886424762120186
0.0849894722429328
0.0733056971503256
0.125640345100446
0.149185454356526
0.110040501988866
0.11833516600599
0.108751295973301
0.220727391268921
0.180602770657098
0.139137755119402
0.185471353245902
0.108007647071856
0.101606693907056
0.110896067547396
0.117897324930947
0.0813387894225102
0.0988321347422343
0.205631173714287
0.105462636968604
0.142323823204305
0.155862996652316
0.172479662662964
0.0858562348503297
0.0697000567705848
0.180182623112339
0.202837318703418
0.102380514896318
0.0922142205354102
0.12954481605152
0.224747150080425
0.148897628432638
0.0922664297394068
0.16359786826818
0.209484013013898
0.274806282231715
0.206486973769061
0.183675368637791
0.218753899485954
0.300967734477492
0.21687977169332
0.240030401875812
0.18345085944558
0.0931377457803984
0.139166962849133
0.104628725831817
0.0925514727919782
0.166165277758969
0.174369244279868
0.109124866020572
0.123334405169082
0.101562756196404
0.111031436817969
0.107781607657982
0.077945967724487
0.0708037601182035
0.108559620450989
0.110041960591663
0.0882885368215479
0.0920151019989226
0.0745536787570786
0.10462352772184
0.121242648163649
0.305120384709678
0.147179321112193
0.0690986228843045
0.110856324916045
0.0758356424733504
0.100622415764217
0.15984357760416
0.0960757080784427
0.1528945094569
0.139068206479373
0.1561789578619
0.163929712576612
0.210399347748268
0.172240219559398
0.102130115248565
0.0972220388494755
0.0868024735672356
0.17887952097679
0.189685630838148
0.124477508468097
0.230688033366755
0.160972011866561
0.0824109168182094
0.0800485731491139
0.0735370727329756
0.117922354876768
0.237842484934247
0.144346065914969
0.126588735632631
0.0689690316976308
0.109487615192343
0.108554227856309
0.192423173624613
0.124584908442979
0.172158457677755
0.179464825142397
0.127130914119999
0.206388647381459
0.192052490776348
0.142703066685829
0.166668183964851
0.115259924063979
0.115325577670824
0.146441120736756
0.135611316972534
0.108587295322087
0.198765787604901
0.116020116611025
0.197781437032691
0.212839767401918
0.161293669268494
0.10281319044464
0.146959592054891
0.125195322386598
0.140921255856285
0.127671395248734
0.125147178545151
0.171845811057332
0.145426323037668
0.133133510196783
0.108766997710994
0.175599870417876
0.156081686077407
0.176042518401201
0.146916498908422
0.225154175745614
0.0820766844908206
0.122844076838367
0.154314063730052
0.132613219918887
0.152227906787045
0.104558139112197
0.157948930124017
0.175378585249676
0.166528071214949
0.113110380395768
0.117755129840654
0.116631543799656
0.128366089689638
0.0937357201104608
0.118436363326251
0.128300501389302
0.138605636068224
0.196635321140422
0.15830655524987
0.0935944089742217
0.0947437522052757
0.0844692794393975
0.0809508036130118
0.101741709270551
0.173749660151244
0.137646675880937
0.0746139102166637
0.0777990482980921
0.113916105540526
0.0911254131394388
0.0793216117190944
0.156656849670203
0.144251350316728
0.161943616930359
0.108270222097705
0.198865186171154
0.0848744185174789
0.178489333154233
0.12573352666113
0.12046396193837
0.164759340729435
0.228205361798341
0.172502255255557
0.184356409278628
0.170776131767321
0.129143782562868
0.202077327664798
0.138754506269747
0.133490141005092
0.118875618139882
0.0881102832647703
0.0990494930858691
0.0634872612908311
0.0943473161686821
0.105116388652515
0.273338313921608
0.1158380491642
0.136519654974525
0.132163009816739
0.11279998064191
0.105637514041646
0.117310646427656
0.231308635272209
0.1751883637756
0.110311205454722
0.132633846721655
0.0950949237578158
0.0920127361970597
0.188414851072325
0.0991884000812579
0.112645818829212
0.167052661951045
0.213649523221307
0.2457419008873
0.342389802628699
0.119867728282502
0.115539805543819
0.192045645928084
0.331145896342939
0.317936491127106
0.200458243231415
0.339573622862512
0.25902732198116
0.338295308366696
0.220786274761349
0.282657217107978
0.168673887907266
0.165100777317443
0.128501077323163
0.101232902513287
0.113628090857273
0.167673379510898
0.0838198950727843
0.0884694522028377
0.10699603866493
0.150586278800169
0.164186629692309
0.179998092232109
0.183835860747704
0.253587945275435
0.0962579183388885
0.174598048627866
0.103384998487869
0.179717745257183
0.141434554778212
0.117257741590546
0.261752595334682
0.0760794934857327
0.0935057547267634
0.0962393403340939
0.0773581827338869
0.225870228345111
0.224850712019061
0.278112239549528
0.14669409305802
0.134828599265414
0.127948414614211
0.160324028658725
0.313502726337203
0.185293111289225
0.232123458629011
0.0855139523335022
0.110348575001193
0.126862544683268
0.0776839792035576
0.107964885570579
0.121730732585085
0.114702562919664
0.191425206513574
0.0943581495907362
0.149808319333943
0.20574620613455
0.237953377738558
0.141956606800956
0.187136741082087
0.0809219207276666
0.0861387450693899
0.129143683553246
0.268089619668864
0.121145405077219
0.113860175244893
0.224025906103475
0.183406187425558
0.122831784027204
0.134340239648111
0.119048800461145
0.0786693454297513
0.0936503971514278
0.125273453327983
0.188023302322032
0.186239849368502
0.177196855353342
0.132433380622269
0.239796199274415
0.137851739813437
0.144247450987638
0.163689349757806
0.12689690675639
0.172802294199376
0.123049397411572
0.0880565987315423
0.0958887390397337
0.0785454213395526
0.117077929142583
0.115293896343339
0.230297283414961
0.163824469029587
0.170831442586631
0.116128530460137
0.0700144886369449
0.0556521370805608
0.103348747649697
0.0873147420726042
0.11262067810279
0.086666274470962
0.127892179942662
0.111303328805092
0.197215857359972
0.0595227797998374
0.0634876663957576
0.0906216581498866
0.168506528232933
0.10333339387478
0.183455469639888
0.112952353400074
0.139326671820484
0.115155290334148
0.0792937489816507
0.0838045320198381
0.205740690823845
0.15097990111064
0.183558497287792
0.0907526845284241
0.0844243109704327
0.145098165189
0.146403226794724
0.112882411563531
0.197378103786815
0.14978158864538
0.109258260468326
0.18610537746827
0.120675311329359
0.137226186050827
0.119446215492916
0.0914974740225709
0.107389454482606
0.116126553837204
0.0812137801219703
0.0832882114681053
0.0769395418851618
0.157406538072228
0.150430220089104
0.311549107512689
0.220706615811851
0.176110821116421
0.135469228989674
0.0868270905049427
0.0690423365610487
0.0808680433100321
0.0796598998921362
0.254633046646539
0.0967541589201044
0.135998835066242
0.140842203897336
0.233655676573004
0.182820778707572
0.138913612450194
0.104983425679669
0.0833519974801941
0.139589532566269
0.141543800765898
0.100886786317892
0.11251238173815
0.183885444124218
0.18944414220454
0.114216182095576
0.0860247892468738
0.201299631383835
0.10517676652145
0.144268801968784
0.121894150252601
0.172412152750732
0.0713004353786102
0.12160690968008
0.150947879300684
0.0930650749693296
0.141130498031481
0.12889005125288
0.200361050396223
0.171642301920508
0.189775283355563
0.183073625000584
0.0835879433772384
0.168467052882473
0.143455743353534
0.13782022528331
0.127765725011746
0.170419205312854
0.154883170489086
0.120188918046275
0.120617716180349
0.216979598242052
0.15715384451976
0.0866409886442656
0.115625478635734
0.121256810089547
0.093596191499047
0.178635419214951
0.224359722306851
0.212722422208672
0.123999079358642
0.13418808847834
0.142459074731634
0.176278004765837
0.112497071236455
0.224024490066721
0.183933052319454
0.0798315636164274
0.104367945548835
0.184449284330215
0.0817525943987878
0.0813771397862102
0.0799433830884349
0.104509381326656
0.0866546529042272
0.127280975251849
0.112565628538782
0.145853931450856
0.152379113861886
0.0753573335184213
0.0662803414504718
0.0871510414342484
0.0731464828017517
0.104329867046206
0.17691278095392
0.152683839751671
0.111125437430703
0.13447273519528
0.175565826797484
0.203314723598451
0.15237208320406
0.0964929300057938
0.106888350893984
0.109876202407448
0.167334301469157
0.0707584993125743
0.0633621838657196
0.0878669248420245
0.0892950415528873
0.135717840355828
0.116335470438368
0.286698076694416
0.176560657811346
0.134129225239971
0.0837817052509544
0.119976024089967
0.221060448144711
0.117325367582889
0.101422423693902
0.109048378439994
0.12149403316762
0.0920242667594768
0.0942031637693302
0.112847423275744
0.097994732301695
0.143347282045504
0.199074967209631
0.156006181629835
0.160101432603152
0.175625934835106
0.165785597029361
0.223902709469427
0.183641703653807
0.152563482979936
0.16414561020084
0.177609813833393
0.185042090837624
0.209583230827323
0.168966849936146
0.139055060697141
0.119760037298208
0.135377365794763
0.103054658138799
0.0952503794036827
0.139061789672329
0.105481034217392
0.0900374772707809
0.0673549731945718
0.0772509950225755
0.0888918802659658
0.192830418369563
0.129673506239786
0.0669548869552737
0.0693826249230351
0.10744429351833
0.0955928414180381
0.0832046103371869
0.11631344029076
0.0850420143392365
0.0664078816676028
0.0912551914319453
0.132128573484833
0.12147432264137
0.113196915869989
0.204670399203894
0.215308354901254
0.135310894249472
0.177189691583788
0.103730933419588
0.0689785821361816
0.0747189555584107
0.13420317237556
0.091831095382178
0.283530643507802
0.0986862993591169
0.25356378774965
0.142250893841316
0.189140147378548
0.141616569736837
0.146745188645643
0.107668075151087
0.0830881555034003
0.0730667156647848
0.0775710662285603
0.134548053254022
0.100986334672452
0.116830600177999
0.163726193536452
0.0967592448019482
0.11606512795247
0.0599147875401837
0.0601433624666104
0.0625029012319883
0.101881583899915
0.0724388131276713
0.112348030995894
0.137758371458046
0.133173347712593
0.0763216574321539
0.0665361689133432
0.0854172206620211
0.187311060003062
0.152769266556031
0.0985074911726528
0.105281163582825
0.0653870613035869
0.0619575101283729
0.114206942056129
0.20650602198524
0.24178723003672
0.102994314279049
0.105988730070471
0.0720085391644217
0.128300405608871
0.0959267492185893
0.0868310253071763
0.128696774861063
0.187818685084086
0.182704690859884
0.195012726819584
0.201564547487794
0.282488025022892
0.25846320311502
0.146654100807277
0.202202147879455
0.235459396003839
0.243553909263378
0.127343848850879
0.108164723608397
0.259942066156122
0.234009113811526
0.192736329717532
0.109983766813416
0.127837090727902
0.100403782674773
0.154581662219524
0.147284138740274
0.205379277027293
0.0920089625157903
0.124171915503664
0.249468452485991
0.224214071120338
0.101391822413877
0.176943070571001
0.194797868230886
0.155408472606371
0.207064953827121
0.133127509803562
0.105126364049101
0.0897291204223529
0.222079399094088
0.0934456496914964
0.155836830288197
0.0761104483277119
0.118040542636681
0.129355130785146
0.106694947684305
0.0923856242644013
0.144733373359555
0.30258217865582
0.194313035965359
0.148066616892513
0.133710851633154
0.203983831173617
0.161002849715098
0.130729188428567
0.293391473901569
0.239364306077636
0.144208991949488
0.151393829328227
0.138847119457952
0.15900505078905
0.110984377655822
0.104198815766803
0.143617870632358
0.0967610655843888
0.148608814094526
0.157584436675781
0.155205040413076
0.101402958119063
0.0589055495838633
0.0699550481180465
0.0765764373839716
0.0876099884904765
0.121941637898019
0.207718603799495
0.182132986937455
0.156570503362589
0.178599108494145
0.10033169594864
0.0828066842077455
0.0870078317281099
0.0783187585837449
0.0891456850333599
0.111528545327886
0.14198563654735
0.143757302778799
0.120674960831237
0.140669826565125
0.133454442921039
0.158661115579051
0.123057800256715
0.101298846163215
0.146453697817134
0.180009779658903
0.154826310345858
0.175780828718016
0.149886040577858
0.143157469396248
0.189227071955955
0.134025246032764
0.227255377602907
0.167213087200154
0.170052763143317
0.0664368382399638
0.0921396480725605
0.0972510864423734
0.0739874989437115
0.155556873310201
0.232766210814185
0.11593859616321
0.154236770357134
0.184584432959129
0.178082627963732
0.152059882577961
0.172850970989354
0.0767826914423513
0.0938967817789657
0.0917325622056399
0.170132679473189
0.189365929434892
0.179521822916364
0.181995307699871
0.168778637682137
0.230337483834913
0.282575686476446
0.145885408620113
0.0994349304621104
0.104991160536012
0.0993221276919911
0.0921626506764
0.0591923366761754
0.0715943433570878
0.108968973964546
0.0888319905509649
0.0763677202194765
0.110635912823731
0.0705728484318229
0.0581058711357727
0.0773053533489209
0.0895724794753007
0.0995327626512829
0.0855672673094491
0.0902700563137573
0.0993448160970925
0.11927171238808
0.0835708402633929
0.135749023231248
0.139041163445517
0.129061266651243
0.106549212183652
0.130817698614766
0.127219763658031
0.124214591671944
0.213034594333588
0.113327909709005
0.181231375885904
0.124507264866955
0.0955189818923029
0.119365768843417
0.197199665984288
0.287264796756661
0.120035102997405
0.20639091759173
0.129408091383786
0.141535860764427
0.173270024830988
0.174215577785659
0.144430824037109
0.106926340529719
0.139738024746965
0.0951547599611688
0.0823581606512525
0.150766260349694
0.167180700859924
0.179360399909041
0.251823274126627
0.281085927079211
0.223880741978203
0.314407829122865
0.294558757404173
0.103213729254186
0.068945093002959
0.0683282005191642
0.108300988966335
0.0714015873622632
0.210504144716636
0.148350374279762
0.214482438902948
0.24751358431662
0.121290651334743
0.123083040560597
0.122077557774148
0.0757064919065878
0.0659116858249423
0.136125354663035
0.0729540890380959
0.068107028968567
0.0709850781725616
0.0959008329808151
0.106228518188376
0.0786026968756903
0.0994143147983168
0.116470338328663
0.103035820227023
0.112875487316989
0.0762309460307953
0.0912434346681757
0.167225892920454
0.107434625358062
0.20151109544436
0.14819401241734
0.172560853655611
0.112649041028031
0.174783486399983
0.177374890005166
0.25364150834302
0.148696453983757
0.155475179601705
0.212968299670954
0.0809903805144581
0.0997005268188371
0.142032642905969
0.119135824446945
0.131140129704807
0.171627321300772
0.0994721484130975
0.186644135947254
0.285822408861966
0.204218212187767
0.263292704009906
0.365685905937179
0.250329206745434
0.124420613290128
0.0776615331802444
0.124494334131022
0.110795136221961
0.0831999295443193
0.0917106191069349
0.127389499209741
0.128614371586481
0.229327378422365
0.242472230160932
0.263448399121492
0.117619889090485
0.127571804567162
0.132906295329753
0.136630844917725
0.166426410530589
0.380144469007216
0.15525815819462
0.0807630802946955
0.096149914085051
0.103420165212744
0.0971735795121817
0.160369901784424
0.216695808087137
0.204664162445021
0.147667835299224
0.139141054818978
0.146962180988524
0.185466223626307
0.157784209594713
0.0828075160386289
0.106402853147037
0.180799748334605
0.121688679009965
0.127590275364467
0.209733650084236
0.295616126676039
0.189870104417912
0.164233270423505
0.18646762446202
0.138880449579607
0.196600096191057
0.132985514322541
0.106592337028741
0.147298401849929
0.128625146929109
0.112740034952802
0.133006508401486
0.0640213379169851
0.0752587370501537
0.0719131183938915
0.0874194723546609
0.105166931556834
0.0736244786453477
0.131153278721208
0.118431872301629
0.171659245933696
0.177969498760875
0.15225273988348
0.144959087543735
0.106297288034609
0.0564625835294558
0.0597108063484866
0.105433439876147
0.166783820292052
0.115829874792225
0.124444862959717
0.139047745981209
0.127685640591648
0.101462701246286
0.133317239405728
0.203004980466667
0.134509417599795
0.125793036534126
0.166575671474539
0.123168178292611
0.142235051530271
0.146724147819154
0.0964060434170803
0.0978822591408966
0.176661568344397
0.120466282783254
0.170449618593358
0.185064493346618
0.151234974250553
0.194028438999439
0.298753237392185
0.179652772465732
0.133949910835817
0.217372108263232
0.0877981638179981
0.166658146295798
0.162297058819835
0.198380498092549
0.232136033692244
0.116877999179758
0.0925045839121605
0.16235954983631
0.210630008685283
0.176344256032546
0.107537710287076
0.124669278609674
0.177023320652739
0.140865182243317
0.103323077416879
0.137890165347658
0.146129003877553
0.0997017384990906
0.148325035734082
0.14631464682726
0.121941279830184
0.215692165280412
0.135999483123357
0.183210931132319
0.106067979172195
0.176616548032941
0.107807308355638
0.0876440936202683
0.176879864903437
0.128415638170232
0.165992316701057
0.234998542735529
0.181069828350562
0.0743040772696012
0.0719316969683505
0.098698070604715
0.122316824044546
0.090812207653333
0.115972090894165
0.131069886986157
0.256010741392977
0.107963298571428
0.116821668738584
0.152213929735202
0.234796977255186
0.271445531004101
0.268440936975758
0.251851143945339
0.267748981483195
0.145282065610308
0.163750603701387
0.228133083448235
0.136387657327128
0.125024205256285
0.106149189888669
0.176859982367551
0.145399953893172
0.116288055062116
0.116369758335453
0.166043509083411
0.110321242958667
0.170251390267756
0.200096725856775
0.0932617643163767
0.106489577666392
0.174821308329423
0.225043768191808
0.130246285791961
0.105354695553836
0.192198118748852
0.120552002444169
0.0824256245061503
0.0808710078693601
0.100218344317462
0.1836921891563
0.098566329188768
0.168130044820208
0.110567472995952
0.08032329963805
0.0851507526340986
0.0876475693241162
0.0899486027999531
0.111457434201106
0.102478341120729
0.131606093897209
0.0812964191450271
0.0953600039147757
0.185691869409336
0.207830661539264
0.130354472160948
0.218132368161612
0.107632367008193
0.107965021471699
0.0967739867892421
0.0923320640090488
0.108867430578138
0.177895976606289
0.268722993323534
0.269309845189403
0.118295767898505
0.129162272575294
0.254577935587367
0.148820179202626
0.154290133183467
0.222293433503667
0.0925624902175452
0.0910909650900092
0.118330968538412
0.122698014025995
0.150491798576429
0.125017838140559
0.14721931837094
0.123050705830502
0.173954044713081
0.0984173453686815
0.145436979973696
0.111719331293445
0.0747790610867648
0.0876856910990347
0.118078714724158
0.144451740646889
0.121107507168799
0.0833434954642396
0.0993768283535399
0.0936564546078069
0.0980961743812987
0.0804763858200394
0.186531835309827
0.0909875998122734
0.207391200774977
0.208867540586102
0.31164360173963
0.267155774254248
0.163831403393514
0.182951792384221
0.114980988131248
0.213274320464748
0.0922622887534406
0.110946000495089
0.255249323571375
0.0705891506016075
0.0739583726890676
0.104871880518316
0.116918021066496
0.134952088503523
0.216112932316838
0.108673451128843
0.0829017246939894
0.0915770375736776
0.14549253948296
0.205906114319425
0.184083816670699
0.242305442501045
0.244164114998276
0.118747405619399
0.140233649082223
0.100786666957604
0.0967873841678941
0.0847891650084857
0.135695767817832
0.135978800022772
0.150773595272707
0.187122077479613
0.105282933366307
0.132644657013333
0.0788547634250956
0.267402847331899
0.166290550461243
0.094526007914085
0.167686805832399
0.131603418445974
0.116213165955325
0.105422136541195
0.11864490579942
0.108297174492077
0.100887923893122
0.169153970385405
0.108066382228803
0.117512772636518
0.0878470687589958
0.107341923982065
0.0721683965497803
0.151908095611193
0.136596794647298
0.116089303023862
0.20361402190879
0.0994811482560802
0.150342203168949
0.172349365692219
0.14625663382116
0.139655103964093
0.0918343471131231
0.139493277459695
0.098485730570693
0.10792263992593
0.116375831475593
0.197408939497031
0.180024027471496
0.200502382857587
0.16887232288452
0.151443238113328
0.0825377382923928
0.15792398495887
0.0734030878181194
0.101231119539605
0.12804346214782
0.24673779535765
0.367322837304666
0.269374422505311
0.216879984531714
0.144054938237653
0.0847193834718009
0.063756135093266
0.194690469328177
0.196099746638662
0.134382774190789
0.157376177876159
0.141729512081603
0.262402967133489
0.195249322600269
0.230408710652522
0.291741508761566
0.252911415093179
0.290579304288128
0.138039945338247
0.296663114570931
0.219409683578057
0.129256465612071
0.0984144716612634
0.0668219749072084
0.126292871502069
0.13470898696998
0.161254256956609
0.2367083260895
0.122723726284573
0.18147015640585
0.184196709827512
0.121861549746643
0.126882382445311
0.0909804729827382
0.143666642001403
0.181396502012615
0.123092501658948
0.0826207836315142
0.17507395439818
0.139809561983892
0.245805640079892
0.137042107837015
0.235311037366714
0.14787419483602
0.0846768440592698
0.103703289877655
0.124399623681419
0.0879687631776446
0.188822378519752
0.146880719736192
0.118193976732999
0.0726803102425551
0.129050326262954
0.0997772590188768
0.143867189911767
0.186477068834637
0.138190458305156
0.0929898210658145
0.0729184104878047
0.0947046739927505
0.0825643341394329
0.127873826155647
0.13021405644236
0.191185711714613
0.103123472702809
0.227905397052497
0.139694670784294
0.101815288217761
0.222644826597439
0.139562842386365
0.112696027755148
0.232945935676033
0.264049989789848
0.208456718975868
0.083712883984993
0.129045342206397
0.108426012917596
0.132550622631803
0.296368159217942
0.252609379439724
0.112964709988789
0.129263698452587
0.143665059566126
0.12611597219811
0.0881844806765244
0.142442886161216
0.165108718868084
0.168325598808361
0.29925461658282
0.160445232627684
0.123317763392503
0.0965270539074856
0.0945655987296083
0.0698491227432771
0.0962181040725309
0.0762366879825637
0.115242849951094
0.140492057021254
0.15456961963831
0.166960335489599
0.11224560831931
0.150137105709039
0.0904456931497349
0.0954489600719589
0.130384775405246
0.142787483385315
0.163350106970717
0.190284691945071
0.118924756101549
0.105443861510634
0.14449374486107
0.143929064436408
0.274723453735352
0.382061848006303
0.2451277390708
0.16036911973302
0.119522528963778
0.0894943749260529
0.116160616188166
0.185123710438451
0.158665560345444
0.229718568555392
0.149465049980238
0.139818302985812
0.200012110186059
0.146026260122775
0.311028227893983
0.173071364597975
0.157429707395974
0.0996141218183084
0.130282704451679
0.134282089003209
0.161567256731818
0.0845806075606033
0.0978432088532251
0.146681482097397
0.158049366160476
0.147213909120719
0.30365999611187
0.361460366646816
0.262249542618817
0.186831058744628
0.102679054325452
0.167144103191534
0.110445406153892
0.152650644052972
0.102251060277457
0.267171923330078
0.299295132246632
0.0809000414976255
0.138274546310247
0.0783520550550548
0.0841506548265625
0.14498254237116
0.144861328473219
0.25454885487536
0.15020444278706
0.122820827327205
0.144538353218197
0.0821929904449815
0.13323907649388
0.140891673811025
0.190514359796391
0.117549911217004
0.1104063257306
0.150001256056668
0.111873600859637
0.246458137301449
0.130333091220147
0.0777425782911035
0.131628939772478
0.107094472100173
0.119993757105219
0.243768313670289
0.135571878697788
0.247251449570871
0.183395959965009
0.21742821181645
0.222406116032985
0.22562179272008
0.191507801175688
0.0965253879418191
0.179730872472847
0.259326541401488
0.381295283882306
0.349736387176336
0.176943943443288
0.212721239633611
0.233691312511448
0.248463885973967
0.142055050868393
0.143742590967929
0.12656728848286
0.19651745597355
0.175437706189216
0.200837612085651
0.134901672383412
0.202386825918721
0.0821009609762431
0.153290801411771
0.150982987760214
0.14735685336787
0.205332669980799
0.196761470104192
0.0980634906421696
0.0774358833436918
0.120718670901218
0.0983240675264025
0.125018656481731
0.204806189861396
0.125399491923395
0.0884866779528039
0.0861406910389441
0.153753865978573
0.139749638414663
0.124272576244623
0.0759280504838656
0.0997343084865561
0.128422300821294
0.144351564664612
0.0975685427028906
0.102881443730493
0.14391466216167
0.137871187135124
0.151698615443943
0.206715648543972
0.287659243878192
0.23738261782172
0.177708189959144
0.157601415716748
0.100447317271128
0.130758835776003
0.142278562561825
0.110168068163922
0.0955181814642058
0.127057667562768
0.098727000429086
0.108663956540431
0.165343062733754
0.230560757328929
0.135019471532703
0.153870702767182
0.140298188885552
0.0875454578757992
0.105022789294333
0.140362856190555
0.204167894704068
0.191020472703912
0.120374729529783
0.103420897718144
0.0672199285854403
0.0695959430429778
0.134824186247478
0.17503735786382
0.127594316070636
0.252035117854537
0.0804354399394433
0.14860375976687
0.0666049977693059
0.0819081023169807
0.0811609692767542
0.102257890101545
0.0937460463439168
0.109747533887225
0.102305928031837
0.136640872028624
0.167124178040857
0.215300227062877
0.185363174088377
0.27908992471841
0.0997989105201019
0.125841606344451
0.137733414854959
0.174419204290516
0.0926197939219009
0.119395089063264
0.102719041058452
0.117286152786336
0.115388038579144
0.286001644390201
0.0932455185724612
0.139681094606623
0.115445644813892
0.159688422808556
0.176521500548825
0.305155850854568
0.23280651400508
0.177060585321453
0.235522549767295
0.112961739084961
0.169411179634262
0.096499482324219
0.118990909475203
0.106628358544601
0.19771979160727
0.232782125342162
0.229297326272305
0.183668883343221
0.29929049588546
0.160066118931132
0.167801907915963
0.0895000982487632
0.190697922505868
0.240742008303865
0.196432140851446
0.224914106846873
0.2063335414321
0.140922483180986
0.155766272581647
0.11541279997018
0.201819282931072
0.0973927039016303
0.214988719040046
0.166629929503109
0.160613146519971
0.12535920326015
0.121613077919116
0.154611646398509
0.220752844689698
0.163806430043738
0.117325204224469
0.141061579948103
0.159847138696485
0.201659957163055
0.121566879790916
0.144312871055832
0.205575722371069
0.179103379673668
0.201285134326151
0.206710549065807
0.114631989772509
0.109320730685236
0.11427735854302
0.16992646569869
0.297208896049136
0.210556843196227
0.158260006311717
0.265942810792929
0.277805120814578
0.268640496945422
0.271765943131658
0.176562594603945
0.122133826908658
0.173776085447604
0.116626018333215
0.0881946028405788
0.189400504967552
0.264212410062453
0.155364604715435
0.24462833535434
0.131374633722813
0.104773975820281
0.0784757584122031
0.134119004855642
0.126451092596638
0.0864414027104432
0.191872490853161
0.134806504322039
0.0686900767466625
0.110525145665148
0.125563474051169
0.102149235292662
0.121360598057612
0.225018372386539
0.156235125806121
0.138366145189298
0.18707501251792
0.209761188279691
0.105140113025361
0.0763748881671323
0.0770581347897149
0.188675334891447
0.147894652737263
0.0743131201511257
0.0927561890121636
0.21024863634438
0.16803702490456
0.187100211884268
0.203086368243012
0.171652011601406
0.16991274722932
0.0868996304291033
0.125663421088724
0.0853111624929611
0.118841110609554
0.192780863564213
0.194918987031256
0.194767175798246
0.113010664686083
0.146995180409679
0.138384803415425
0.1345792834467
0.174178558367783
0.171299565073153
0.176010142598943
0.192066947672458
0.119939785528613
0.102718845859845
0.101623093894068
0.115021376041816
0.115035072377649
0.0903793031204986
0.256844856809169
0.221398567639854
0.134746407034812
0.131973253883369
0.152799752940628
0.168798192700874
0.322534437931528
0.234473329917641
0.211611701881233
0.0777963789885264
0.076829928148177
0.0795224675961049
0.0666271631579024
0.0674978607904345
0.125936206360195
0.116069056559699
0.199501236795278
0.220154039859852
0.149264192808986
0.124107996688332
0.10440667666485
0.247081517450819
0.109043753598253
0.26772854423029
0.261782108036705
0.154099968100117
0.182583150702263
0.229954114707527
0.20410781403465
0.189925269280381
0.144431039484217
0.154717533654091
0.187528404939203
0.0971039707814439
0.0893595113505927
0.0702809081646963
0.0703650654005468
0.140938719702051
0.141849229698965
0.138612515246215
0.0913425082750799
0.190714022446954
0.196915996435318
0.118474707849875
0.159205470381695
0.159786506602617
0.179058291425945
0.127274819493148
0.138834856296995
0.101653247156786
0.130668396045559
0.230534393886467
0.13311091422242
0.0904710033842027
0.0687075044490049
0.101494760283672
0.0804236616250219
0.151496249478003
0.12806742565093
0.167978903077584
0.247488400723222
0.15666268823112
0.0892015706313497
0.0887930135102899
0.0541474286224843
0.0632536989383725
0.071679675944564
0.0877447962290228
0.0874832883407807
0.0953065918648574
0.106985584005738
0.136672888058526
0.136233580122648
0.166695819460406
0.2727871356212
0.29708639401431
0.168148414836806
0.179343664436718
0.180987751768648
0.224957025614145
0.161673321075621
0.122320886291876
0.147558595363945
0.147286500916219
0.255684133747589
0.229362285608666
0.124964175829036
0.182977482126963
0.131207105847875
0.289949303053389
0.259754643640602
0.113910722034976
0.225824347506657
0.102668695406912
0.120126105486712
0.132776941872628
0.0937829817653884
0.159539916153041
0.250135620391364
0.113656677831746
0.138410250918231
0.10218449293082
0.167584118025952
0.157891446728439
0.0997367405274399
0.197573306318303
0.272804194515231
0.301953603853746
0.469039232430239
0.435729807358802
0.260419904573497
0.203066667719783
0.214225948242363
0.107396086138735
0.0979713662274214
0.170719435799994
0.148120297733175
0.234274863758654
0.227844264658114
0.161300228698978
0.0911444266106287
0.147084453292272
0.156861942270014
0.13895705833188
0.187323274682194
0.151324458248826
0.14544102760873
0.129796180655397
0.111903563985469
0.203055602231763
0.110183367195038
0.211889540482005
0.166946533537091
0.0927727941143344
0.0772609016571795
0.118066233828104
0.233693942342889
0.253003940934749
0.14385182933596
0.0863145802684193
0.120204673137045
0.114813731369042
0.132500523361106
0.139761877894662
0.135014607685145
0.128622849548655
0.153379655128027
0.107237769276982
0.0817860992354777
0.100607276119028
0.105427824510897
0.0999468720570119
0.072108045338683
0.0883964138872664
0.0993511656617901
0.145830397875171
0.102778493294482
0.0823583620548427
0.0784240159763297
0.112763308052994
0.145765400377237
0.220490658241043
0.165848231518998
0.241582627365791
0.192491315514851
0.0787250303193952
0.134346833351804
0.270391326131867
0.143391874156981
0.119064341752539
0.114739311936686
0.100998662742605
0.190771554198044
0.228545579761102
0.240195993488366
0.122359288057194
0.161805225173886
0.0943660432055815
0.0972037489120275
0.111936073454634
0.0933675890276921
0.137350998645555
0.0792937862881983
0.14882538695566
0.0747437989233323
0.0789126809041879
0.0946278270885738
0.108746885776041
0.123282684712469
0.143683426553822
0.0973851565234858
0.100971013207723
0.0707817969163244
0.0794653371057346
0.108335649549824
0.171455906052989
0.114882002860483
0.068930006743475
0.0595473918077807
0.0743311752839164
0.0927589661301802
0.130600216691278
0.170050967222256
0.137284787130544
0.078821005994036
0.171091808438488
0.0946420465646416
0.198563833704378
0.110639277427868
0.166059356112406
0.0997275585512359
0.0790627152928957
0.113448811855756
0.142966564508158
0.196222803020062
0.148259486562887
0.164465547169847
0.102199726948495
0.17595585213319
0.197865034449687
0.148910281600386
0.127150801742178
0.202668913033467
0.11275331010008
0.120067350952946
0.10133868473368
0.0601901857554413
0.118607433771444
0.0871941265995208
0.0971997165625826
0.159935045196474
0.0740450954866199
0.0816549450973069
0.0697241896777118
0.161018637267885
0.15442660089428
0.109990742860035
0.246737824117901
0.19594381835779
0.259016343748859
0.156740858539111
0.0993061112798625
0.13706121384958
0.153446006891512
0.179343903054123
0.235993610998001
0.178621674637982
0.160757639677928
0.116735293849115
0.116492863529101
0.118356783891184
0.122643556572735
0.155456142117375
0.176900313966659
0.17592453582221
0.154274114723105
0.151741519797875
0.133493739922739
0.161350509278326
0.0855298884676243
0.0992250741850777
0.180691382475896
0.298227666874095
0.2813697430791
0.168407888516464
0.17683854128019
0.381964178188566
0.198121322968659
0.133947001566991
0.153292640011142
0.12315674556511
0.162766402205382
0.269099589274612
0.167236612614313
0.0918706934609281
0.0679006274099194
0.114984765851486
0.0728910988588947
0.105399239948671
0.0772461792900191
0.14760705722378
0.188889808119818
0.337732159042791
0.176011485532002
0.0856861303968694
0.118403074813166
0.0944247305453004
0.232307185725513
0.175958703833337
0.215333923943164
0.0940944404008588
0.181898194269972
0.181087704751514
0.171753483511467
0.082201512010793
0.140744303105093
0.128272699919551
0.112176667619316
0.0888050054580039
0.0634238598908998
0.064081321803776
0.0662075033319873
0.0729002848242492
0.143503593343785
0.170189047141629
0.235397588825198
0.0867363587850283
0.176135907267498
0.100024206578233
0.115870566475964
0.171012559023376
0.111744465113909
0.136077790469315
0.132374641081164
0.112126708533659
0.102023941949412
0.115353419735685
0.25632839433865
0.113717575058934
0.1662731685251
0.220434168818762
0.120390844770967
0.141892188670596
0.147165685008272
0.0845399709105218
0.126022860215731
0.134706260929026
0.26597401129222
0.234265101594966
0.142098176290396
0.093727218472325
0.0813666222600337
0.111926645499962
0.121158377777073
0.18126088519655
0.19185952336199
0.174359893074025
0.144753366329853
0.244016476825915
0.138168766519411
0.152435121518756
0.125060088282925
0.128406320050165
0.144830472907944
0.0932506875909854
0.201612145725061
0.135687405172146
0.240426949425111
0.175642937490724
0.167674883730885
0.177557245812645
0.200829680174817
0.108081896676652
0.118205210518642
0.200211981583203
0.106399311637156
0.0928395009470262
0.112443617294913
0.110663406899496
0.113270447173455
0.121480662073957
0.137035863510233
0.107357892624935
0.131826576766782
0.0714759186518219
0.107636834443013
0.116291965503463
0.136394778115212
0.111703302281359
0.0977640812080866
0.139271682757533
0.144371885561608
0.0815654415744596
0.160691534971326
0.226066323155722
0.288451651392643
0.241318984295141
0.242487009257764
0.216582198227653
0.19051224003212
0.198879592506157
0.0979814044417531
0.199701003849701
0.174698773007489
0.14717336243103
0.0834733948402296
0.19227524353899
0.0917195403725749
0.149744517732743
0.117740447276205
0.107229702941077
0.0624006834015153
0.0736339761650447
0.171712464291074
0.139295462430248
0.222900547567928
0.136292927515094
0.157193252669487
0.21138626918644
0.234147849690114
0.139333175498528
0.206640272748448
0.0901326661501969
0.155288167134292
0.234142540474351
0.190147521039902
0.163228996964607
0.196753658415491
0.170642417816542
0.155349747254427
0.182025979233123
0.155908872756638
0.184781476767568
0.114939487152272
0.0668204078332297
0.09560342251355
0.190762733628446
0.176213700120668
0.123234849883347
0.217557455841481
0.179820597354547
0.141095545979883
0.134241065105108
0.116352708877231
0.0917343481932863
0.0734188978927714
0.0803925585076671
0.0755077735002751
0.0874664842028424
0.111055686695568
0.153863456137672
0.122588936991521
0.141078384614919
0.222482941370722
0.238358250553808
0.16518474710468
0.143691214988095
0.110619417437469
0.112988833990797
0.166967387779338
0.117658921574702
0.132976718279949
0.134449451924085
0.153430047258505
0.144127089790849
0.118313651843035
0.195978476524113
0.181443911611068
0.200171274615997
0.143249811541763
0.165192278053125
0.157844772712268
0.260316782391122
0.14416106486091
0.235893545562794
0.240294782588112
0.147236801291076
0.189187767705616
0.197854617028847
0.154905164958248
0.0982408918653206
0.158667009711413
0.0765096650111429
0.0823055481852899
0.195627934048423
0.254260216223933
0.101582160676033
0.078668752577424
0.0789124057911841
0.0937185345556611
0.108491560577599
0.0938434858979467
0.107381091246533
0.14830800632046
0.169701418556265
0.140304423535631
0.07064376769747
0.147023160840832
0.102389089012484
0.191970014598221
0.245537195026762
0.134846225667729
0.0658188634439655
0.0761945268601629
0.0664185281279805
0.0899648131046415
0.189650892103983
0.117002576806364
0.100798784509441
0.105698111093282
0.112941025566416
0.0909543889860465
0.117709974014699
0.111152189520177
0.158037978697423
0.286484717064521
0.162645953054763
0.187410641846359
0.17918030828505
0.171412598020161
0.140447228768906
0.104376607090159
0.0909177118626754
0.215651133209935
0.118631372335995
0.139764440520137
0.1235326924894
0.117516237250249
0.117148365945705
0.140689107186446
0.107241624954347
0.150651555057281
0.159408680946826
0.0941635264543599
0.0993951580990072
0.0983214987237234
0.237897141387194
0.223624390878095
0.166209380101805
0.0814470909583406
0.089897281862946
0.156764089591202
0.0772642543201095
0.106090402515155
0.0963341864499374
0.185492873404481
0.124269564662578
0.142759364689695
0.0859289948913298
0.189513653891444
0.345088591397144
0.141259336378261
0.155174313891954
0.239091922201861
0.204881793589335
0.150370259008408
0.109928439208602
0.0935706534103291
0.119017687330704
0.0690640593220673
0.114693747751514
0.129896809071188
0.194194296000464
0.126445325468724
0.185307716299937
0.240787611576174
0.124700004238616
0.146396779727783
0.111791772158573
0.104527965621523
0.215742184059463
0.174097429283915
0.184403136567055
0.100556046796953
0.292595611797667
0.136016365463271
0.267153647590529
0.0999902611984877
0.0912666405847652
0.0883824887555691
0.144062432207263
0.181488162599312
0.201608533825707
0.102876001459611
0.113134141501198
0.0956319192138807
0.153460236530483
0.113703731566479
0.141061159220292
0.0883281412127733
0.24179273531887
0.165585256064983
0.0808254122686281
0.116714276376832
0.194809587163268
0.157606626126602
0.184611040761467
0.136943534031966
0.154566873847881
0.232905288228613
0.192308725249897
0.294054521516606
0.0850230731891697
0.117805952617779
0.0927770294016402
0.0984053908633136
0.076240934765558
0.0639835977248708
0.1072574673486
0.132623330345941
0.11472106530458
0.107530182691666
0.124225614915329
0.108671362357863
0.178904573255097
0.162652443054077
0.183599029174697
0.249789942991684
0.168468755996365
0.34958012086132
0.150297547540678
0.128535878688567
0.084845521609787
0.123585097600428
0.201373196692925
0.0745530517827884
0.181114886196683
0.143886820372251
0.142000532009096
0.0898837113433474
0.0847574137194764
0.165282774781204
0.14104755425386
0.117798457317328
0.177444660355976
0.192541305489209
0.104921084610751
0.196322879459268
0.152684274782018
0.168933641299246
0.166880081361384
0.138724391903043
0.150711671891812
0.247336871538806
0.202467214244796
0.120930981873911
0.124319948979244
0.183812324715064
0.156418771970911
0.221049137249648
0.102392981834464
0.115368726739674
0.19278920641624
0.103061256563218
0.161702024960973
0.153230926935289
0.13882407474015
0.0952672423393573
0.189558302772369
0.0920904857041657
0.11951454131675
0.142942633857555
0.201359855012345
0.114287134188205
0.192733066559145
0.170774005831845
0.119514007664382
0.169343829290909
0.230310324889909
0.145262968249632
0.133758372524293
0.124835613066301
0.124033996988268
0.0782469050050452
0.0680335713697239
0.0781770354988515
0.107968722382765
0.15557211782176
0.166595746393812
0.164825874660296
0.15478299289386
0.111859942835642
0.0909021615408924
0.0731401060667278
0.0664113976452474
0.0911522980463599
0.149045287455799
0.379138188505562
0.169291936295198
0.118745911574942
0.077152410219558
0.0826261368021812
0.0910695736352638
0.171345836444565
0.189160352838831
0.288556937400392
0.280564111929583
0.310716593303256
0.115504803872331
0.0933286280212574
0.154280299829814
0.147513759409514
0.217683793678018
0.139368622653805
0.221747461185692
0.1696601680208
0.139616678824407
0.215757418502558
0.0776002301804859
0.0718361350950819
0.119161308222818
0.100844612478088
0.123717491781824
0.122786827483445
0.171034458299414
0.114971490943118
0.0695754951870851
0.165834128441514
0.122383148954826
0.13485643944723
0.210022134879224
0.172997446533914
0.206865632434561
0.270498398406293
0.10124174679021
0.117308552212438
0.152629933391548
0.130654312415619
0.273321066761014
0.301056916204408
0.202495986905533
0.156744005876774
0.190444362895655
0.205910744590548
0.202093811132887
0.333922920144394
0.197515440086167
0.126821760172131
0.168519566202759
0.174549912354382
0.177762838693844
0.142866201469999
0.23337146603431
0.294093654041581
0.256027169724957
0.155212982126714
0.153225674273361
0.106603853604117
0.174070954546011
0.201953457086758
0.160883738732989
0.110435633900409
0.286624598162755
0.219117873716786
0.172458914169422
0.217985401869162
0.120376020126537
0.142084663917543
0.155844825035474
0.112990820609461
0.232585609712087
0.11524884904266
0.221786284996223
0.237489362916636
0.105099871124997
0.164405443967923
0.182072263795515
0.189503728958114
0.115407100165005
0.150828668211117
0.170676217142082
0.161475704623621
0.156143522973592
0.118947030657251
0.238500261725014
0.132468532566839
0.202493231426326
0.0985847105600925
0.109768489846242
0.130734427417933
0.176269965748477
0.257393649823658
0.330693089035201
0.133997170093234
0.135304318313698
0.222436594594594
0.107034687335792
0.218897329912364
0.114081486340469
0.111718210089641
0.161266748171205
0.0810164168235999
0.078699357898308
0.0791531819630784
0.09322962212642
0.2120999907116
0.137427680307328
0.202328983791543
0.268116474366748
0.169187963290327
0.141134606922342
0.121175907714665
0.211254481962675
0.153535250820979
0.201178309235225
0.189291875911736
0.239623087307206
0.159812900120964
0.2133537286881
0.12463821884736
0.108157306472456
0.111838490437822
0.209744842251109
0.181731920648556
0.0918654597751615
0.19737910904099
0.18107837243701
0.172632538165485
0.11785228621092
0.166412773319245
0.110873116484797
0.0872788620441713
0.145179919704547
0.21572990051907
0.0940392708048499
0.0656803372213169
0.151448945494685
0.286022576528036
0.192402309000226
0.211043516994487
0.16140142815029
0.185223858898074
0.0796514007087357
0.18228078275399
0.274889238724916
0.135409433459407
0.233282910010137
0.158595457487229
0.0969945240196551
0.160281654354936
0.19765268962056
0.0950309350003862
0.103381277670839
0.170270971819672
0.0810467287440465
0.100239018559542
0.157798105291276
0.151434143504149
0.137313467234579
0.121921357668804
0.101125656038366
0.182955245866446
0.183051063629961
0.176618043133607
0.0904156197252793
0.167145690716331
0.264806168875517
0.257227090894072
0.277607026265123
0.108916663011217
0.117878565587145
0.115819472087514
0.0949226828408475
0.206431154275144
0.15833107352291
0.110375636068462
0.116872213849244
0.20743685608358
0.149673067165368
0.190277130116132
0.271379774844828
0.162368636524678
0.180260250395576
0.125412745445782
0.0885788636270332
0.078804406922316
0.246193866223734
0.191079032879943
0.171921731979566
0.174520623679331
0.0874272007531963
0.0895258250549889
0.191597126596133
0.120862137929114
0.077643437751711
0.0899138110600621
0.111111985640113
0.128594165826507
0.058442328898875
0.0904392995605916
0.100991196787828
0.0701472096992875
0.0641163118332033
0.0607405658119834
0.151154252828818
0.171506980792478
0.0833629770205485
0.103605965676695
0.0788954872200794
0.135664197594652
0.144695538720075
0.171828263487819
0.128578477010975
0.155824725616798
0.143830585718598
0.133538207145602
0.155140666863015
0.209479439625547
0.129439590997925
0.122195768395128
0.137925760407012
0.137589518132777
0.16298332157187
0.11653165163073
0.157131001704842
0.21496217260886
0.135562896641946
0.158168362825222
0.0954408429618242
0.105634716838716
0.140942040983354
0.163402227995391
0.215445702979103
0.30743352138953
0.275815168684622
0.113142143398689
0.114762263486487
0.123560131611046
0.238110274107012
0.100355793421606
0.13958537174187
0.122843363879534
0.0711531048561004
0.13810109633856
0.144306426405736
0.0701477014911017
0.059204643017414
0.112091506871144
0.131937709036239
0.159857055818509
0.134264061860708
0.126668153315847
0.116225440202886
0.13509678322973
0.194224338233609
0.161439626015477
0.0720430161253298
0.14444038135479
0.251518262292036
0.101347592971463
0.275557366304778
0.299642418270923
0.307540325024641
0.102138764727852
0.130372450355093
0.108491814327702
0.156635862039903
0.118042540731774
0.129284469401297
0.109075120895862
0.108976774886906
0.126364186432146
0.133829951302426
0.0913780340015137
0.142534979630268
0.123362578213238
0.118335749239993
0.141302423937647
0.0823598779048039
0.118265085717604
0.267042489510654
0.260961669414025
0.219003275183982
0.195058345740657
0.229159540073338
0.176648028199412
0.0877041705878908
0.137739595531243
0.0849872754568492
0.0859775361399515
0.116874292957256
0.165841462225429
0.120000748671331
0.100205265301165
0.134144065518503
0.113296919017221
0.195227434377023
0.120335869835327
0.17113027093056
0.10686957897722
0.17467404180813
0.157646504799339
0.151740880723244
0.187350112279198
0.147726066435078
0.244053109364176
0.166899760452666
0.175977088062326
0.107500419436797
0.114512356403074
0.0791922713388863
0.140034752568357
0.0769509743403179
0.121153120780759
0.139286450676922
0.120903688796151
0.153627698173807
0.291751598613913
0.221841545225874
0.198980096443425
0.222897707007135
0.205152939086589
0.256609044033541
0.144189329970317
0.135285427367034
0.131123059206907
0.144873560482905
0.131051985240553
0.124399924283612
0.0857216536616039
0.0901674119161342
0.135451344597544
0.215685038504896
0.128265151592072
0.221241403670795
0.192996738132666
0.165111054465988
0.141019230824924
0.123867260721271
0.129692621921495
0.139087578905467
0.0990626249785928
0.170603285679428
0.174135403485352
0.0766023919356623
0.100609173022707
0.158151542306002
0.120286813375333
0.100507005004487
0.213475013325337
0.101864578860728
0.0838936742536046
0.0885326193962902
0.103738734531694
0.13020196698879
0.0952885893040319
0.0735107341685417
0.067156002479086
0.0576150389005361
0.113065824190765
0.0664599512025292
0.0713392484699525
0.064294033546812
0.113550509990201
0.0844913672146104
0.0937645312774229
0.0876811225147939
0.203528956393887
0.237522968173092
0.159585897064349
0.0919781626729346
0.118904110396853
0.149329636021101
0.312108157409352
0.258635260989955
0.109639754724411
0.115977596793246
0.0768215512678204
0.0708335835594296
0.0727370821734691
0.274350888538959
0.144284894826651
0.105134968138251
0.0831752945100747
0.131289277773429
0.0978378600283536
0.173857872548482
0.113417433955328
0.0923515381693007
0.124164312562676
0.116977217414078
0.09620666165263
0.176906573664267
0.166726450946245
0.0854173469031433
0.085533267290323
0.108945009314263
0.174320350283406
0.197187538854167
0.222128920342079
0.20366565801455
0.145045319156016
0.138257285459857
0.224917249660633
0.112746569831998
0.174422876867823
0.204034119501792
0.144404461014903
0.167926760265087
0.198285093203078
0.0939533302894955
0.0717335560493244
0.142527981058079
0.115632629532605
0.135889018957292
0.163267128694023
0.239521553341195
0.198139418013055
0.251222954338409
0.142525589586115
0.15891486869027
0.125817573659105
0.12407361090541
0.162865595565218
0.123927384199807
0.128784978133927
0.0792751082754666
0.0984508313271704
0.117562482215132
0.16488168995734
0.212114458493541
0.19754994740568
0.148327188056546
0.093623119103937
0.141237517520817
0.147274616661526
0.0985075825404079
0.118701447764996
0.0704234210315402
0.0584486815139612
0.186931126041118
0.102019889293554
0.111525255373732
0.190176985199055
0.116884620687731
0.201825655652907
0.0852049820190491
0.0732141354980958
0.0780086596698866
0.0596344604440766
0.100712866216689
0.115500787541705
0.187384814663718
0.330084942726426
0.226314595657503
0.167359096014533
0.209089749591405
0.380576394941998
0.337933161468854
0.269161406319533
0.152398895799218
0.157298116627766
0.176232212554842
0.278091539607603
0.120132150926249
0.14037623655893
0.134413360741273
0.115121744514718
0.163463085774198
0.131458709193492
0.139047796812562
0.188001892298783
0.137876157838833
0.189393489580085
0.113615602742442
0.112444696098531
0.203828271089184
0.244006893583334
0.11117071497851
0.16429807939127
0.157885752427536
0.105872267994505
0.0840580422090654
0.0928509169453605
0.182461434398252
0.119748316364193
0.120933957167018
0.133593869077041
0.0952228381591434
0.179991380404986
0.099895809198332
0.108147563896171
0.243913160255799
0.172030379508697
0.115700069386443
0.138928633120396
0.127074726845148
0.10505664561964
0.0914277120681842
0.0920947743190959
0.0900625354015167
0.105759202103586
0.078150068290954
0.124770202492105
0.0934818686482993
0.0783780821236019
0.144574724483403
0.19941474620446
0.0618469987897715
0.0802449570486192
0.140103331965003
0.0803452963455254
0.0994315699021455
0.190308982291416
0.154924634717672
0.143551808437159
0.148469110337538
0.158666492104651
0.0979227057390574
0.0739765999917816
0.137315112021941
0.0849680590244751
0.0990495832355059
0.104233832721451
0.107404571924532
0.141722855561837
0.140963349034663
0.128484293458777
0.168209529814177
0.117228788790336
0.0962279796666581
0.0902135623574882
0.109838749263423
0.0912228054873842
0.127273644445981
0.148344462000351
0.194538589625384
0.163331855779194
0.0909510449513173
0.112069534491991
0.132690242071527
0.0852275417990173
0.0705863218026024
0.107981354630132
0.150917335778142
0.158792978856184
0.25791486630925
0.195975534490807
0.164916672801562
0.093420581965168
0.0698449744333783
0.0738445065108298
0.0701466016386011
0.0740574473149497
0.197676264078427
0.210853490130688
0.0768670363093307
0.114018419148964
0.0815111531667242
0.0964122013071463
0.255128387194445
0.28496802833947
0.138757952778842
0.129685549750988
0.0678461329100014
0.0921976535082543
0.0934083765365241
0.124798357000126
0.135071668783507
0.240399421035186
0.219455351663069
0.149779058702272
0.161262024490924
0.212763806484006
0.163684174654597
0.247817855727744
0.161345608929095
0.139171687575052
0.187138046420984
0.127447802617549
0.144205200958329
0.171973983139314
0.0995900096562655
0.152674592850454
0.181115216322981
0.153081247299166
0.148657526467128
0.0937803302883233
0.0865083732396251
0.0683400397963013
0.143337328379017
0.165696717174581
0.159479352595471
0.161463985118234
0.153888352657269
0.0859897524173861
0.0845218616875807
0.0716899886161406
0.0986900627596006
0.116247127379024
0.142455367677748
0.101162430154436
0.144380096568511
0.17069748320826
0.10240207873382
0.165906424310911
0.14958727457386
0.159161190945402
0.131037810651252
0.121302983998897
0.107192194700716
0.145151340889871
0.107680641040779
0.0918641726888107
0.0945283552549537
0.245897423150101
0.25918756726423
0.175632034830782
0.217226486814213
0.152589766946768
0.142835294796941
0.224544387337965
0.129635361682471
0.155779198996607
0.122395904285643
0.113193676106957
0.173328137434295
0.152027062825471
0.20444686562049
0.144658897121102
0.239911570628979
0.15141044208614
0.1352347258439
0.12395257302091
0.103151148328916
0.11965169281747
0.225514054847001
0.155177688403552
0.10783085442774
0.0794967876589576
0.108630416291411
0.0854431165104404
0.2174865335153
0.187860811557774
0.118652145431431
0.231640965633972
0.124178453638814
0.101408206792806
0.1156340658542
0.130242909514395
0.181754707310116
0.140815182795427
0.129876690081063
0.182833093434985
0.144227876396384
0.220343014400032
0.109815866755686
0.239897827694351
0.115706424303068
0.0745332805400076
0.0933604220148787
0.075214093587505
0.0754795120112853
0.0808572480674162
0.0789016693395956
0.078294231984219
0.0854582131584509
0.0875138735359371
0.117679852155904
0.104855831046786
0.16854159695166
0.0863790864924188
0.156025391777866
0.0903930807251185
0.148322047071758
0.125992560133258
0.171421692814424
0.173820951669809
0.264155002903743
0.330211674124723
0.290325559921347
0.181896518466099
0.137358558285985
0.11047641217769
0.114577100092339
0.218497354137294
0.177986292924341
0.103664579560961
0.092784219809308
0.0815031064641048
0.144614093708725
0.127340885822919
0.286049230675396
0.242109533387596
0.172508352977473
0.128484885000103
0.198734321602598
0.151891413967367
0.173246383343315
0.153263747316279
0.151749685101249
0.128169577930919
0.103188318413756
0.196580832614929
0.110328470214802
0.173377113423096
0.200173940561549
0.14466958465666
0.158813888034438
0.304526266322539
0.269273718903703
0.167527985588813
0.111400824421235
0.210852724350869
0.225847356709237
0.165970831249015
0.283730628380151
0.193838103086598
0.186144133234035
0.104518801797012
0.0765750810750614
0.118913520594032
0.194432050123095
0.200304243240762
0.104532970021663
0.174099922443624
0.123583807839501
0.118246032171647
0.105340365847214
0.203037188574503
0.162398425069896
0.258190722762666
0.128777519952317
0.135223860984921
0.159673487379819
0.230653791480893
0.189468860599013
0.0880059946693092
0.16388413852928
0.148163855233864
0.210512477462461
0.139850038912053
0.243512737174808
0.175536235479095
0.135084289376101
0.107795494829106
0.127481582625325
0.107284973021088
0.141769803636501
0.288848813339105
0.182130842456206
0.262125595008307
0.101863150970103
0.160056189595154
0.124025007643276
0.121037016468751
0.0947344280475619
0.106852405742513
0.130550340385158
0.0999394553486509
0.23224671013682
0.124227790902986
0.0718029616241478
0.0914795633781227
0.0893338782973706
0.139337238716948
0.187258101056684
0.172617892623335
0.121871716882953
0.15040507359672
0.126952817756907
0.160012494610979
0.108826619831555
0.137898179014963
0.0796894949061606
0.107082511146888
0.166480883062119
0.14805841006085
0.198404661632301
0.177570569863839
0.122951321562661
0.168951740389441
0.154054707419261
0.150913486446102
0.111068556490806
0.162797960559667
0.2538784707946
0.267010657500085
0.159089457024741
0.085199159076653
0.114659985660317
0.250485572179835
0.139117666218712
0.178737284912062
0.119923997679114
0.191424381802079
0.0998682329606245
0.171891485233192
0.0645924325454586
0.112321723365897
0.0906437300548994
0.075440616881594
0.148960397195833
0.0987069685279576
0.0712406037978998
0.112418291537912
0.0942427822860811
0.139847264784235
0.182090219736966
0.136662674759672
0.0763025888957837
0.151190524764709
0.168887965942876
0.131377421948909
0.14466653634263
0.148610651808624
0.194671070645659
0.144234084342839
0.237512025604682
0.116759589460485
0.0989313556297414
0.201070364755771
0.256333340455083
0.113279880044733
0.128640789680681
0.0998352836571722
0.171623414874601
0.200827654285059
0.127470437435443
0.13951835836949
0.165203404300756
0.19774250556773
0.207597392210259
0.0987350694859492
0.11410440331569
0.163500659659317
0.133015195070494
0.118745823734629
0.122208046530298
0.137693478273219
0.0963453649440667
0.132277217482972
0.10637061777815
0.123730553682861
0.134846261332589
0.103097989414793
0.241973879721357
0.264593462026306
0.304683056439409
0.290850048130865
0.384657299154161
0.185395349991696
0.136189810229694
0.189618311029542
0.271118358830805
0.150409244459095
0.0731148986421754
0.0832659789805882
0.0861510422335395
0.077809776226921
0.109724987964889
0.0771043475202605
0.0780864845686061
0.241083700762776
0.239088648036305
0.22900464025386
0.153428446605194
0.10586867282345
0.0772540113845289
0.0647777957842424
0.075817116456862
0.0837082160531682
0.0793485587551438
0.0862260924551674
0.114571751887716
0.10216830574996
0.109869546070214
0.115333746071163
0.149824449622019
0.147456327187121
0.171102701077171
0.119770732359202
0.128301405403098
0.107331493044927
0.0926661007006596
0.184439644988475
0.137675253669545
0.0956009719312805
0.219529750973506
0.160030604842959
0.150444239004019
0.219417749927285
0.207831328347761
0.278304000163224
0.132931757867036
0.170020653562981
0.157380579114724
0.196806102205839
0.0927087834131939
0.12481295885034
0.183638393928295
0.132290667545339
0.130361798819103
0.160727901001105
0.150459421613679
0.189134197005779
0.0903913316307356
0.118517170138654
0.133882346241136
0.111163569212459
0.169547474897937
0.160555566856874
0.143496128878971
0.161266865455933
0.178236264990067
0.190990046394754
0.185646387916017
0.0951853208757312
0.178669551677256
0.158521223750807
0.131599620433963
0.100189108213252
0.187928761424611
0.20985911046608
0.0886395802148164
0.0739798059131589
0.122559889463758
0.128426599165843
0.142585116006581
0.127384941566747
0.133804380981372
0.183645184837539
0.155249305524413
0.151180382528353
0.157108042067437
0.168635495278182
0.179773627372261
0.136364458632791
0.238395189561155
0.145781797736874
0.123641909817286
0.0809741096659917
0.073900848045014
0.0629642100157235
0.0897938500352278
0.138406037483378
0.199813038559796
0.0805927784827911
0.236374130623257
0.234314935632132
0.193194062963352
0.169685633042172
0.159843423453751
0.189118963673312
0.16899305876181
0.210689193783404
0.1920960719578
0.264776423038709
0.219948235342926
0.153400128101354
0.171935091692839
0.273833172221237
0.243545705237427
0.239342048897809
0.172963501586374
0.167119094969568
0.14271426990079
0.131328130868798
0.176681541464453
0.169993236147302
0.0932108537645158
0.08645170328958
0.134264237054783
0.206602704927741
0.251648373346664
0.214439087875204
0.167868491619805
0.235911531952066
0.137805471502016
0.0744873405399073
0.0826587881454454
0.148586504172643
0.142814745296774
0.167432635531073
0.246403310929318
0.146477528655865
0.275006738239976
0.101690512170418
0.142616135756963
0.110781922219474
0.0903578609130126
0.104014500614956
0.0811382484068815
0.0959381997369179
0.168797603140411
0.114163696244932
0.11611611126512
0.122115862854239
0.217988572276027
0.149919421101091
0.104753440634225
0.180792416284176
0.159735215319217
0.0948199781216886
0.125232964076726
0.131141489592399
0.210960436259884
0.139803768682151
0.120079219303382
0.188766051972778
0.145039571821069
0.139620291630232
0.191973651088448
0.161320868993784
0.0837657583254313
0.107718011167257
0.157433303897246
0.140325754891661
0.112460629661154
0.14248062464525
0.0763846247812977
0.175259568367687
0.106622792245096
0.141617150378379
0.278523084564251
0.0904246266658947
0.141538671042432
0.121847616384369
0.201289049161674
0.208395800454785
0.247314151672408
0.205432587446916
0.121325678671203
0.194661297163063
0.266599775976713
0.113984252303594
0.0864784842268573
0.190202619523763
0.162929036533893
0.192970798953167
0.113147621860472
0.119630649750651
0.0939549711732046
0.170357788485402
0.170878702567474
0.171427980822781
0.0931295640926289
0.120219655820296
0.117015447880313
0.138703012865856
0.13984889990501
0.164450292150613
0.135214542141273
0.178320089681823
0.152368809599646
0.167950363448238
0.157502970614296
0.142957647372463
0.178341448646779
0.142611944080065
0.105362010850599
0.141988999126351
0.215646147933625
0.151666294017099
0.118001204760808
0.10252692279544
0.155761952868589
0.159135122247194
0.113745579023527
0.0899978972493274
0.0837594382396588
0.159831346827221
0.0708656887591034
0.0870782614526105
0.105382279035146
0.129811329412983
0.182921100468182
0.111928274413728
0.0986619270548231
0.0758949178341359
0.0967762473644907
0.126186629015518
0.124464868734566
0.0763560093238128
0.117591302824539
0.162278018260608
0.150524761293702
0.133852545175421
0.141658097810264
0.109819200587544
0.196977165589504
0.113632955327053
0.159268189344168
0.167321264772091
0.223763372498518
0.137483036607409
0.125513489313977
0.134635308898937
0.0950456248450143
0.143281748154961
0.188782227881258
0.094060362488826
0.162416983822817
0.189169137188206
0.152012725090085
0.356045929127565
0.33978920304036
0.238523350620487
0.209917401881397
0.118543722000685
0.0996836345893568
0.115397047906812
0.11791931896763
0.127398389991813
0.167330874603579
0.175124262073493
0.14052549494412
0.150284187633685
0.124536985674929
0.155818552796867
0.093278957419409
0.209004780865119
0.0704846966121604
0.112593531305569
0.219450310585644
0.287805689162861
0.151294418307149
0.120090507915119
0.175526136156663
0.083306879793106
0.087309529053511
0.121214349534024
0.119281545722863
0.155791170432652
0.145369102015784
0.221908687623349
0.112500845811978
0.132400960780322
0.161119024239141
0.214570589302305
0.172646994586526
0.136426195635546
0.208694596238964
0.180018939850624
0.0880827048734293
0.171680955563763
0.249222422468355
0.174220545849486
0.184679817864432
0.147224237365758
0.195211631842168
0.114542000047483
0.138641370443179
0.130705785508578
0.129010781939701
0.153618128245226
0.127093373153567
0.123653655335025
0.171940160634224
0.121656983167725
0.102539547006398
0.231744965710333
0.196885707806186
0.141727582057275
0.119427165656869
0.216748352611068
0.126178878553089
0.205886190178011
0.153797065580829
0.128890214258728
0.183323179453759
0.2174281863401
0.146986768077651
0.14070198331892
0.164248584464717
0.095887133561235
0.0980157116747456
0.193154678589122
0.201823361934551
0.0888564628966851
0.127599869407463
0.0854425554048576
0.14716800925727
0.0836893444967734
0.139558592223089
0.109256405888122
0.068057454924698
0.0652550664608322
0.0848386608322583
0.216091652990767
0.208471404480932
0.137200168234941
0.0810302621981561
0.084053552658483
0.0928984621525338
0.118895522991361
0.166640005794254
0.15257968286394
0.0831772006593723
0.079500994950966
0.119353117862862
0.135551360994067
0.176199775017899
0.190322460859591
0.195948685193203
0.187053239248456
0.141280265783552
0.112850662111511
0.115704794881987
0.221058167218423
0.280506615996892
0.127214501715864
0.195004119796188
0.261300849082809
0.293489141059497
0.311713021348645
0.156825973493201
0.106547083646514
0.13232255908571
0.0846854440901907
0.144427227873405
0.192408022324467
0.172115995110614
0.162027295504603
0.11917526970956
0.14897350117
0.133192011561719
0.0928124002055534
0.115367866904554
0.0936431061709372
0.0982810103146114
0.146402276586912
0.137490420584164
0.0806128635415628
0.183088048590502
0.266664737881831
0.252198549580314
0.297197848772349
0.197465235786949
0.148457511395875
0.135954935112986
0.171613362806841
0.273351111157391
0.0796160323024722
0.164179576667947
0.0894912757048004
0.148904382683812
0.195853290551126
0.117009988777444
0.0675635932138871
0.0789281850707729
0.0824128584353169
0.109570406737236
0.075748463310774
0.069021488811577
0.109403503367459
0.0889397383541904
0.242365443134613
0.111783166348768
0.123729797900196
0.165532250563036
0.201093356854752
0.222386973937181
0.203240494702381
0.189181819480756
0.202515844298672
0.320801637377045
0.182449921757997
0.272735359292264
0.187260620573107
0.137321721298885
0.133953912028011
0.129029844068765
0.200651594270517
0.121658713742998
0.0906696828547567
0.0805545516421504
0.0877656760839144
0.0738297442418651
0.106430419297763
0.0941059834224699
0.0723579643586982
0.119945094785112
0.0589364142874823
0.0568371571121411
0.0732440518288539
0.130453646571914
0.158889942548485
0.221214196501603
0.114314782275722
0.126701167935661
0.152382884642967
0.101867191570518
0.191667251949567
0.236889746143762
0.124713691007849
0.19580435197603
0.201894246428141
0.227613073746161
0.162129642043161
0.0774935958098069
0.0930097990058777
0.0933230678254749
0.0880911910488457
0.178936120756908
0.221143885932557
0.112821152895518
0.219020927481809
0.194311447882908
0.124043475875011
0.17908867543415
0.0828822587443541
0.0897316022176586
0.124765252127397
0.121319148555007
0.0990098289515463
0.153096507420811
0.153624021097573
0.251760732120753
0.197652348011284
0.131405296248441
0.243125973992023
0.0981326652089767
0.106049350344134
0.080838434146831
0.0931319625184595
0.0716887290730006
0.0790330219290721
0.135253569676494
0.162627823802635
0.102735354931278
0.1567196467193
0.103137672531099
0.133077093169329
0.133672681350447
0.105040396761603
0.0887918402150544
0.0953299933277889
0.139310512657914
0.134499972127139
0.199848630391986
0.0813160942656124
0.107475978769646
0.112375094547811
0.0889962673176063
0.134276693406157
0.112244867256181
0.0838943696180641
0.0971984230461802
0.132738047987738
0.102088300886569
0.141057739275006
0.129138671174274
0.101369717233464
0.101231072261115
0.118454328432712
0.213431272808089
0.148670983704144
0.228412581568797
0.125306061488576
0.105093138710625
0.111957989764261
0.102916320704809
0.101666624525712
0.13776194340897
0.17233319776702
0.184609563555861
0.160371436849864
0.208936891244994
0.249705493478815
0.157074284823632
0.0710360415395189
0.102731125831278
0.100871488245634
0.113392496373816
0.112191091489589
0.228913276350836
0.169863806919557
0.190541909572376
0.119818185964535
0.157827674138908
0.146140876820943
0.0744166305242085
0.119691725172766
0.224788209222716
0.116853222244145
0.0789549820436199
0.0651383395655948
0.0796533694033307
0.0836728326332849
0.160949860510779
0.0817521728764729
0.131562987725922
0.181533391567071
0.195214883649402
0.200691912645146
0.0999593711928817
0.0733362484116047
0.1243710618917
0.222142869568002
0.144862922593866
0.0635101806386818
0.15077274927916
0.238690609465626
0.217896599715964
0.186850341470209
0.136898300180438
0.203024600565619
0.196727055300011
0.0931847876051663
0.317320208872895
0.190051696032115
0.167720878262233
0.201267402108725
0.199172389982267
0.21513962141425
0.093873494891842
0.103643386615121
0.241165258208376
0.13602930001437
0.0921122406980811
0.0694862305986038
0.142606142160754
0.199900582078025
0.20699425439179
0.0925811650239029
0.110617826020768
0.115288067279308
0.0726023458487015
0.110351992307168
0.276386960430185
0.196224070030482
0.106321864992353
0.0905267312112855
0.102543461718402
0.143116895838487
0.157451591493093
0.166969448923274
0.116397541833522
0.0599403271825408
0.0680022643810617
0.0944707026536777
0.181892513200316
0.103946446720104
0.0945459885758199
0.116717427091752
0.175687598064204
0.147527864984538
0.136071887326227
0.159910041344015
0.186159773274995
0.126512296259427
0.152827604823812
0.158251995476951
0.101884685037444
0.141838562945551
0.102476191839982
0.186333592282753
0.164169724869147
0.0727476745571241
0.135202358797567
0.127697848347788
0.10141136830632
0.185824955505037
0.189024757198284
0.128743919118275
0.124099754955521
0.154266782194875
0.132391400842369
0.0995862067318494
0.256760700350975
0.216960684073059
0.111003795041356
0.122123589586891
0.127096322110329
0.0878692632923814
0.0955124268777303
0.140533817152826
0.0959771625384485
0.117970586555108
0.112058388387469
0.0878866939900631
0.277638322399308
0.267740433645026
0.158831885353875
0.175111345722325
0.148475780955559
0.122303185062152
0.105633055313771
0.206762314944575
0.272080904931666
0.125159600244864
0.0924370701107131
0.274994348589267
0.174957220178853
0.134725501774769
0.121974886568817
0.132414058145119
0.0891915836121338
0.116712037067823
0.109627820012294
0.0947787251115599
0.0908060130234362
0.0853845988320375
0.151741289707875
0.113503460669875
0.114638798839553
0.159117103134007
0.275636626834602
0.174548413880443
0.339249817162925
0.124765298509082
0.0920432890963504
0.0556461045455678
0.0928973304221147
0.19410851955459
0.130550162171454
0.17071594477064
0.0935866198288661
0.0670535932317371
0.0843278138568779
0.11652238472468
0.232912218372827
0.0816429125436227
0.155778703790071
0.108158209560217
0.178729144823341
0.255534350418113
0.163650210212098
0.114354634110579
0.120069900749605
0.128201294580074
0.188057959471534
0.190435535660271
0.12970120076156
0.188602548567874
0.123392778926582
0.0714853421694527
0.0844721772165175
0.0915180084757715
0.180032477085381
0.201161497442956
0.182159849003295
0.114762014606957
0.186455627233296
0.116432804230902
0.145829360588111
0.111945334231033
0.08580632313552
0.13214629166512
0.0981025346292173
0.0637629185460486
0.142871009406459
0.0897318482658191
0.0778025603605782
0.0901024400533318
0.0896451612502544
0.0870305526285058
0.112584000009954
0.299974482342731
0.229248931577168
0.160461914543932
0.212696013279174
0.0920832955742051
0.102912946260486
0.107333818145269
0.0844744322600958
0.175227951871718
0.091167272434697
0.0686896601485386
0.0711737371784749
0.0812314709874734
0.0980651586187188
0.106728545374895
0.203949648372461
0.1493079992526
0.0685855708960308
0.13446488731913
0.071387331743618
0.0737840033246463
0.0738899070178285
0.181332007424313
0.19324892220348
0.107862343587639
0.126434053348865
0.131010845765238
0.11740154626842
0.0799264262589891
0.113282814614425
0.29639369729449
0.151729251488242
0.152223483228762
0.182125253728082
0.134576881682405
0.0759916466909274
0.110732192971739
0.137583186802368
0.105325998723355
0.173588148957067
0.197599826130936
0.117733265592074
0.165863224601072
0.119304770568562
0.119486301108655
0.111079212361143
0.150833732541807
0.183441941304644
0.103022576200863
0.0887131467580384
0.149977440442929
0.165102034190161
0.175461186963573
0.0896164860398023
0.0762801921499933
0.0986448413713802
0.185792719988052
0.101695544623138
0.0662304183309336
0.25324632563462
0.230963732489146
0.0966362546263339
0.0975921755790291
0.100026287758548
0.0881482415302586
0.122950521070826
0.205628754624564
0.152593414570117
0.108790412598533
0.103291408110243
0.0782987018847867
0.0699100854480031
0.140234892290912
0.122248881850712
0.209527085001568
0.157007417737362
0.130220854660024
0.106676967459721
0.120263065546032
0.20259607135537
0.178992147942025
0.10191124932759
0.201669589598341
0.18064281900805
0.240608539973624
0.176745713021382
0.103323114313004
0.131869930412638
0.12195065973763
0.112602907838519
0.160418090682049
0.301838341017336
0.196985798316754
0.151349740672677
0.111503067963703
0.214369589958744
0.15121232027317
0.0623882893613988
0.0722820496802683
0.126364119890376
0.128437073031666
0.0880756371022345
0.0947816312986883
0.115153368424357
0.134314187028657
0.133628099419901
0.105731027436831
0.182322585341319
0.139366822272605
0.126252696672164
0.209832297581633
0.142185183512163
0.0976085405297248
0.143335415437706
0.132395652793315
0.131786183644008
0.202880697845159
0.12199887197511
0.150870505276625
0.24458046607629
0.273489476942657
0.185199263397887
0.121544948035924
0.111460060211704
0.0996764459182897
0.0992304002880427
0.25678597511931
0.1712679006325
0.203993707004995
0.0891247083251805
0.120912433513757
0.0877941639643011
0.126965789674846
0.182321077513359
0.194732330302545
0.073511597607196
0.0665852935452141
0.0737565469360047
0.0761397270374145
0.0598422360443722
0.0964250596304044
0.106231862635823
0.206157879681176
0.155309260709887
0.1923694565176
0.11761387844583
0.19919318423796
0.170598351821285
0.102328848059834
0.0775745022247949
0.129464340733823
0.13536087534649
0.25173680490497
0.135825144927902
0.118043851882698
0.109010368802996
0.0787952944641199
0.187183393400759
0.079300133274577
0.0656974075945541
0.142695904252834
0.121887103890055
0.107766355486086
0.0952369198461227
0.0779986697385101
0.128576010025164
0.210997330641416
0.296348508687227
0.189830093408948
0.111371135984753
0.212630915849221
0.134178738496065
0.220369361456973
0.302953900673828
0.227507162122118
0.221212585013709
0.187318970667222
0.183431733738001
0.257511751503111
0.123688651089369
0.159660902481962
0.0868564730778345
0.0835721510252739
0.102349064103646
0.149123525263182
0.179810816243789
0.145920214120682
0.212629689642484
0.20791292276742
0.183921060333187
0.108238995003269
0.0840594035195755
0.121148605858459
0.0816282156235403
0.220619898183274
0.170593586892798
0.16618446772994
0.192573769969362
0.133007198258471
0.102064888220684
0.106875185896503
0.0995617891078338
0.157925423385799
0.140497216134689
0.156250705970751
0.230083149364598
0.137277970505432
0.0830206985605272
0.0727411489145273
0.138679479402468
0.139254572805566
0.104980044251704
0.0627575059245743
0.0934495595196829
0.123083799746509
0.142471486828865
0.135438759539564
0.11662628681873
0.066716902914627
0.0799438127373906
0.130203362418409
0.193188978497501
0.129744755414135
0.157583957621944
0.0699424859426566
0.112551499918507
0.146362330621882
0.195038899528516
0.251403518126001
0.190839345146888
0.141110886517996
0.121449024830795
0.15303769044584
0.274328902698586
0.109876087887812
0.187081094905517
0.172508164114497
0.117314214461908
0.147147899680327
0.180667108777687
0.173750140571539
0.209178136809557
0.151377540765162
0.27581011233236
0.223480818678481
0.202466097059062
0.267197396783331
0.103137287255195
0.183792978476509
0.0793944680099583
0.15921682957166
0.170017883787746
0.199023125088582
0.263230051099803
0.297668483378008
0.0882174029044146
0.061016901568666
0.0656876759341915
0.0760690224544055
0.0797632648831873
0.111787999459519
0.131088077811643
0.133467511013051
0.183068402751482
0.156332648611415
0.192063129155181
0.166631213346951
0.194428854231594
0.135836116438518
0.209636073863166
0.312667972685406
0.161741750270334
0.116152800192052
0.139908249154895
0.175278232258932
0.160962280970618
0.198981721198132
0.150057071247748
0.203014111969023
0.198995544150188
0.147683938457289
0.0977130421548797
0.150299376187605
0.113001668704227
0.103363692657175
0.160721770076956
0.159031785435344
0.167725696169394
0.101759403068174
0.13394404865686
0.156936971048379
0.216339874254934
0.246147332745901
0.136116748306597
0.128425017549543
0.166452559890466
0.157938637332869
0.150380785545781
0.165462721937555
0.192448380190883
