2.36
2.42172962811191
2.45703272962367
2.46430706405454
2.42433166230811
2.49475905411224
2.48351942599302
2.49995027505632
2.49899395071123
2.48952369044728
2.40618368435031
1.90786878613289
2.42330974769266
1.68909775201481
1.33894198281322
1.44141964936252
1.20333293948906
2.18351792734917
1.62304102351405
1.98710585788617
2.49768777255994
2.49980410107771
2.49992285320328
2.49996661958795
2.49995558757729
2.49998717132316
2.4998388154932
2.4998958523002
2.49727703048818
2.47703694270483
1.94183347770563
2.10798861471608
1.99968525902151
1.14733790654688
1.79886479976315
2.41407416518995
2.13337067540278
1.79023741390536
2.28263565300829
1.26058122931762
1.11833163661153
1.19376269042486
1.02024367564468
2.01502884331926
1.61985241947617
2.19167906717691
2.29943165646573
2.18430799884329
2.47146370350286
2.30138914773417
1.8232080489166
1.1373319053268
1.17808050290318
1.11228734511659
2.16012016718623
1.73967568099645
1.71554996566698
2.42726967868071
1.94491567646165
2.22707773946469
2.39415039035111
1.54623581725452
1.12649599088371
1.5685562859874
2.23094144662399
1.96785971987914
1.81574961441044
1.85678436100758
1.74965422524912
1.5499345667756
1.30231852043287
1.87319586058286
1.92204159465927
2.12361833931425
1.80831613271586
2.10025265575813
1.28009391103434
1.05627762627832
1.94768887418131
1.68803168979559
2.3949401395472
2.48332169562432
2.489614822479
2.38468855054484
1.28471160273889
2.32436586718095
2.32739528695374
2.16349946238871
2.3348154656475
2.48037222691322
1.72041192881389
2.03381398106074
1.95805161195382
2.31229079360201
2.45687996663207
2.49183768546506
2.49881248423439
2.49991870241957
2.49999853974895
2.4999975105632
2.49966546206835
2.38797041711016
2.49420234630903
2.4765467299152
2.48991594672637
2.34071195694732
1.72620917178699
1.90737516788162
1.60725476002771
2.097340074115
1.88963088474273
1.24354430930437
2.47253811404305
2.26503711405979
2.41752031349737
1.87083011317956
1.08837293354375
1.76273151019763
1.99665447017261
2.37606449743089
2.39378920890217
1.99944507910192
2.33354068705859
2.47888378637928
2.48067432357571
2.4253867039248
2.3750658612718
1.97342722826293
1.7001484328316
2.33739217324325
1.90309086967306
2.02131317756582
2.05847021779698
2.30153284676281
2.37515746538304
2.37554560862899
1.54156650939418
1.9858372087059
1.58912695212528
2.00085009783787
1.80987203268164
1.51537062147379
1.04715739016896
1.08169655500031
1.47974544873495
1.25346746869708
2.17184597983451
2.35252321457535
1.40342617596415
2.45603839470485
2.48699881597219
2.01219677737581
2.09097931092002
2.3912246898465
2.14662369820349
1.75758067027501
1.33013525429436
1.85695341952317
2.42583579907902
1.53201705112153
2.13241254735082
2.29679072060377
2.38083255566897
2.28678763690015
2.40193914631928
1.74593369977797
2.23631642829991
2.13846968931076
1.91461692125383
1.90121795161317
1.65955708794699
2.19618384845026
2.09942680615737
1.08407778488194
1.32437840554495
1.92034040246274
2.43994420880796
2.08018989590912
2.0560438791315
2.1887808356937
2.16425216205948
2.21082346156177
1.56634397293468
1.98819977675132
1.93508418911826
1.98935379034468
1.91366753031912
2.35015740760055
2.28773655887723
2.38353690551377
2.31254846194432
2.32982144917613
2.10781159941931
1.97038240644767
1.70713664287291
1.52290568469418
1.72161065108284
1.44823691279173
1.47651995365704
1.90289997762095
2.17024180089428
1.82563142236598
1.67004459532382
1.80601256747089
1.89080603672156
2.32347418742613
2.20174390206822
2.4839366956235
1.76355525355405
2.17437581149939
1.83038744290983
1.42297510255595
2.44322636483132
2.2660077780995
2.00487338476911
2.03091337200941
2.42721801945564
2.3602255748662
1.39650771564541
1.99731931574049
2.42250274265284
2.32936405285075
2.46484164333573
2.4863742733183
2.38984070199666
2.36766290199749
2.22975923789089
1.74326687415549
2.39570139596765
2.47961931989808
2.17045111933611
2.24191432056745
1.47020015818448
2.16999328117378
2.14158739078254
2.39160614418709
2.44757025752127
2.4895050583617
2.27288190121143
1.09910544835703
2.03261717214136
1.33894631564575
2.14024259535752
1.29533806510005
2.13884968650991
1.24355244289771
1.42581772609335
2.25626965866042
2.40031011262227
2.36282818097924
2.36436953097108
2.34235916062352
2.25007810121695
1.89277225904323
2.40192551755159
2.29770468473507
1.38032101570138
2.28686193970165
2.43706164911795
2.05915929211068
2.3626488321745
1.44096789682045
1.32133248467799
1.90639113529438
2.03348313206521
2.37499475241438
2.47254777916908
2.23767149378521
1.99879987177972
1.51888922096074
1.96544379884173
2.45885770190146
2.37619636262106
2.35747967811588
2.40449117063862
1.83585575666035
2.27618496002355
1.67935394646427
2.20051710380454
1.78959840230793
2.15209858277391
1.79933518965012
2.24557818012642
1.96058085423162
2.05657538075371
1.95785336766864
2.10443233160532
2.17563320681895
2.03669571308743
2.42804183736134
2.28743935682188
1.92376104393676
2.40232570314361
1.60336664834586
1.64966749163207
1.53150875913248
1.67880816805575
1.850351056716
1.84176141146274
2.29240116859444
2.04272082008845
2.46887651322781
2.45771073090334
1.82734151748244
1.83205235753676
2.18141345691331
2.38797420287046
2.18767899284107
2.45179324986509
2.20336589038654
2.33913015279781
2.26995258844494
1.66324510388806
2.11232395066429
1.65306149487125
2.38288641916067
2.07084958871166
1.83000372947044
2.23854426949193
2.2470441644948
2.44858808061904
2.38485171044525
1.32003298762238
1.84128498961406
1.88645015159171
1.73134620463097
1.34757959804065
1.50928173503677
2.09336014335944
2.1205077586373
2.27095251034549
2.14918476967657
1.71853013382515
2.15852903734529
1.85647798959561
2.3285322666621
2.08200559042933
2.08277329429489
2.18959341987275
2.38534870656155
1.76907888608133
2.24506789766294
2.14539145196532
1.80856165671656
1.15333222650825
1.9741544962317
2.44158121963293
1.65565086306438
2.21913044470034
1.61954334205991
1.16272693647601
1.14917654075448
1.2469309176522
2.1232121143623
2.25294484039154
2.42534413310321
2.06237946475151
1.68280829747889
2.41632858954798
2.46383443471293
2.37334989206944
2.37943728468105
2.2569179683222
1.83077850037807
2.01841097286622
1.77866928560787
2.43721147332816
2.41285643610083
2.47992308246136
2.37560028327404
2.11247564320295
2.41074309936485
2.47099785316101
2.47665732295499
2.30853208904798
1.91681690990452
1.62033145457256
2.20088110641199
1.87117460495754
2.22144712580196
1.79164399971116
1.593510710183
2.34835573671491
2.23496363593086
2.20906609930913
1.66508869942046
2.3790426942825
2.30404414521763
2.40720732729021
2.44549383505366
2.47899240155472
2.49209420136824
2.43139207716062
2.30077681814838
2.38607789228314
2.49560706339445
2.49974413309889
2.4988159770908
2.49840930706362
2.49863303724322
2.49496215268433
2.37178888784498
2.4669678675658
2.14330286561989
2.36749777489957
2.21601823745265
2.46814997794762
2.49826369250879
1.82760454294294
2.08917216070101
1.82747061085271
2.28876108694847
2.24171897764865
2.1795021248115
1.95749992814326
2.48018876031611
2.4411828452114
1.89973677085667
2.1778248983573
2.31281507601789
2.39272246807176
2.26806786605048
1.94518275630336
2.22342851332652
1.70483463050042
2.37504876599547
2.27125097782056
1.36176824071697
2.02478620514549
1.27801071526751
1.53451315171841
1.70286955739468
1.58606658986577
1.29463099804866
1.66969204024299
1.5604205659975
2.22136283693658
2.1643690679027
1.92967715863113
2.25869221939174
2.40398605973332
2.32545777982549
1.67160298574629
1.96918504585935
2.08124047327495
2.3994669425067
2.35686742184447
1.7017582579305
1.58822085609639
2.367268226984
1.99286560082452
2.22194857089101
1.75300328442604
1.35847223982452
1.46100809991727
1.27334225620573
1.93696802804081
2.27302839755954
2.17797881102
1.56995774708112
2.31988840219085
2.40777925483166
1.92905973579851
1.94308052200444
2.09711025672327
2.02502611849031
2.2717550952162
2.23805021421057
2.05288396078491
1.91583588525767
2.26300040823303
2.3741824651858
2.07267161031067
1.50087392567051
2.28890829751293
1.52999140560404
2.24599523432188
1.58858512718966
2.43152998571707
1.49566861395926
2.14006105253957
2.10709804229167
2.22412225697742
2.25792835769128
2.23632040314351
2.11373071413515
1.75917097037532
2.20381107520288
1.8292405929357
2.05206844354888
2.13737923409008
2.09732673842826
1.99548882139093
1.88291551646851
2.0090407493715
1.74485509581741
2.03417379742379
1.88762261265945
2.17945609333476
2.02247621084212
2.09232141123721
2.25946265990045
1.6803690804162
1.89139298743303
1.97178465714229
2.07725442699469
1.61470117323229
1.72918386180404
1.98521076243375
1.77651932011872
1.670537544684
2.22715826236925
1.76424451889282
2.13668111633616
2.19194849510362
1.47984866773025
2.04792993198383
2.26335374620539
1.79974438608858
1.95331732816882
1.9688425001201
2.23425305065925
2.19779434961175
2.33549414916488
2.33402200581787
1.5638409341459
1.88486578510622
2.48653481099808
2.48901792278118
2.31219218378026
2.18749107491828
1.69580799144177
2.42379458950267
1.9537291948674
2.13590619447825
2.120311000963
1.79284580735599
2.46140090119969
2.45199063655877
2.15078513138071
2.47593069050536
1.87033445386594
1.70078620904757
1.39574431620607
1.94632344138113
2.15195831117384
2.15277690480514
2.30469422369812
2.02740116126284
2.47091483391854
2.4384205244797
2.21783521634347
1.93441429543001
2.11904327667769
2.23156082869333
2.18937224158262
2.0034471396015
2.30157802191205
2.07160170434373
1.83009852843382
1.4982051424115
2.3123296562745
1.47111583552656
1.50307709081603
1.78750373507687
1.26856369499665
1.34317519545842
1.2105828522231
1.35951708631898
1.42936717459155
2.01245112616109
2.19549449119
2.26359272587677
1.59905154357182
1.51766524266896
2.41076438113844
2.25875759799351
2.14168862475131
2.00559484047782
1.7290458747714
1.6428239941432
1.3425272678348
1.35774828989969
1.55305557420449
1.8497232581598
2.30534063874651
1.83769896652125
2.12763029269374
1.41782336165265
1.51544098515469
1.06789085268538
1.20699409519685
2.12924950400676
2.14232927230201
1.88858145039845
2.22931699603262
2.01036215000139
2.20805452922158
2.20067128470116
2.15856404629575
2.23378383398453
2.36112651894182
2.43895537092616
2.49455567028848
2.33996293867882
2.45548045832612
2.47132387792839
2.12723079772286
1.98365197101137
1.84171043769911
2.40124954219697
1.93444092676315
1.56049037530729
2.28401003985938
2.42841863484819
1.39474026300628
1.58971873701134
2.14122156099314
2.22163837952226
2.27084441518165
2.39825216207427
2.35041194125625
2.24995201719274
1.75748988025779
2.10127990313017
2.35530958190564
2.36352120125887
2.17384936684404
2.32322398097784
2.11998583862986
2.43769879690989
1.81939940053114
2.2328305159379
1.89856902809992
1.36704924278734
1.22959688641646
2.31575028320579
2.49655895146018
2.49124587147088
2.49380905240901
2.39254695552433
1.80136885592014
2.47289577983189
2.01645171150335
1.9991944552666
2.07378338909398
1.31948202076338
2.2413765310248
2.34168388344473
2.01024169177099
2.17253822584328
2.35705686266997
1.30669664743845
2.38550639399746
1.49666690627595
2.25028035267078
1.65405777529088
1.81119523567884
2.35770884913627
1.76181414316413
2.11093461332837
2.05329187119701
1.71874869234415
2.31659597618189
2.22467492126188
1.53317958379711
2.21558333647838
1.99060083445111
1.65362870581435
2.32923288009555
2.12867794828259
2.25483684318669
2.23803643697581
2.17758797567268
2.07162091466677
2.10699102075765
1.99831008735294
2.24229192648289
1.88349638340586
2.19163484413661
1.99846217727746
2.08191741761543
2.39684656198437
2.03397214736731
1.87341116051368
2.25533230997393
2.38230487167715
2.1061957563728
1.96152718661539
2.46984973735861
2.30794242474345
1.61532329788668
1.97000606486861
2.06033402495509
1.52601535681081
1.29725072256173
2.08228243436573
2.31606252114846
2.24429619307557
2.49152820672728
1.97927493772816
2.36416404092807
1.42890815870265
1.94668168394324
2.25876057556211
2.40380051692605
1.72810961169533
2.37410518131616
1.26763481510513
1.8652960492408
2.32543788347933
2.35886768548694
2.09505275217786
1.4883141099969
2.14377081039731
2.48355387765126
1.90976300721112
2.43720402012726
2.27716998240021
2.15092358976767
1.29861051907102
1.65816155136202
2.04991205560816
1.92485393697906
2.20563588673542
2.00638387710631
1.75791651930658
2.2521418999677
2.33144809603286
2.38241901685488
2.20478090437401
2.25678871585928
2.33279274920353
2.27095213081511
1.76566104801242
1.55857018095608
1.4772177728987
1.9589848090343
2.30162288349566
2.17529889092031
2.1491862043152
2.17719578481487
1.81470586468306
2.21247225049205
1.51312419495637
2.05838362370591
1.9821310597472
1.77412077565702
1.78763741140509
2.31478227464
1.91640548566703
2.11683253597601
2.04589411721912
2.21922300357828
1.74698725978467
2.06839823857407
1.90310005170425
2.17615443050959
2.04918157180914
2.21940197022044
2.09168514043744
1.86190248058417
2.04279390960733
2.00361725435996
2.00952035324447
1.98873925147198
2.22896574041339
1.54616168899141
1.30562306742693
2.29044823835643
1.96101555594322
1.91243899511819
2.02287093974728
1.46635988957767
1.92244708867545
1.88415881022593
1.83944281389651
2.18862749010495
2.31863002480843
2.17499814610294
2.15114666346191
2.13969853701644
1.96244849931663
1.84945826364646
2.15456934371225
1.82208565860553
2.09810689934792
2.0991077318449
2.01255845854508
2.13497063667332
2.12193324816495
2.09576821449765
1.89116511145016
2.34781079924098
2.43709139926514
2.42814343301219
1.83372342741515
1.71418777897396
1.99078716919311
2.02911072793724
1.62185252551781
1.28094145036855
2.11705630096992
2.27672551657778
2.33929371128371
1.97755193732819
2.12905783075105
1.9642628148694
1.58418679460866
1.68774819795834
2.16099610715658
1.39255233106441
2.30443753299474
2.1140316538305
2.3361795304641
2.24233604123128
2.38711612723784
1.97843211245679
2.30447475917021
1.33944803825965
1.2453945855691
1.50951345503645
1.19416017716462
1.85053836195686
2.48151525427613
2.21625491022795
2.38009766100421
2.45863420722533
2.36063743886264
2.28345105643209
1.5535631427064
1.5878232616512
1.27783927082178
1.27737693671126
1.93534236235475
2.00173887646136
1.61798633787936
1.45526784143291
2.36946662763094
2.41227653499262
2.4142441913609
2.33948119482721
2.36716342725661
2.16064931839068
2.29822924077674
2.09673911032372
2.16649754743098
2.29560647886802
1.71002765902575
1.49646762068743
1.83445513146638
1.34784137363812
1.65354960640514
1.72456101457632
1.73516556875728
1.70038904387092
1.86981824379932
1.519844149508
1.9088069330505
1.60456228586488
2.20258844848002
1.932652665384
2.2557133609792
2.109473463819
2.23504548696769
2.00644622650685
2.00045979807861
2.00133429542396
2.08648616976474
2.13935513346731
2.42604522678859
2.0039360993217
1.86655834281805
2.18911812088793
1.80314617204344
1.64477288972981
2.11527501375604
1.95286325795877
1.24552861641648
1.44768787449371
1.67762341872694
1.27128979612409
2.23511724947184
1.50547864700684
1.51309727430495
1.69001227042804
1.95100786791781
1.48878134336556
2.05369665966553
2.3232832671747
2.15407764647793
2.03695874562654
2.37998268804098
1.76366474837859
2.1518946881177
2.42444995972802
2.0759530277515
2.03299956196369
2.19776046086706
2.08229095721696
2.38430807291542
2.21910375427653
1.83626524518571
2.36512028320286
2.2572975900534
2.41739245565625
2.07153368384793
1.32453194697417
2.07085974269215
2.23632100649506
1.94178243289555
1.77633953372567
1.86996332412329
1.31228604148939
2.27478496154562
2.42291263435965
2.14346224686494
1.47818766605051
2.11084385449766
1.86816069213586
2.06004081096863
2.32181234020704
1.56281928697134
2.12529349558304
2.42881688734529
2.16398579964506
2.06229197007682
2.19676556766119
2.31837302322124
2.19219051842087
1.92205359953689
2.18215488214574
1.87839786668776
1.91557505665876
1.66779877240071
1.33630810699791
2.36414937344024
2.08232196187748
2.36123180643511
1.89592170244416
2.02881987598723
2.20417409774771
1.84294596557877
2.30116785694391
1.89763540059435
2.1336326207932
2.1166115862167
2.31404776891775
1.99263031285429
1.90065145416907
2.18389929594959
2.20043384325223
2.36631402793201
2.41062849240982
2.34594734663467
2.40705205361333
2.14691608297715
2.06028611170039
1.99777021314179
2.32006508401095
1.60902645913147
1.99490584033049
1.86345495454049
1.72813050869243
1.95337188406881
1.0940729875062
2.03037650833838
2.31005911583992
2.31258515307643
2.36144352379311
1.96219791199394
2.37002526469334
2.34534249758255
1.88136802101604
1.85766090675068
2.34794950642728
2.08041410175913
2.27018850086054
2.13008453655842
2.01263623581311
2.22153291324482
2.2953673001696
1.72092139172708
2.226994175582
1.85999945048299
2.34618862111331
2.16595446809438
2.30060438217783
2.43486931675867
1.86004245275705
1.24991366526844
1.78874719578017
2.27170606574073
2.46022524667697
2.47783730810574
2.3550492809693
1.90792476047066
2.40853798108462
1.90855320889844
2.14225822883755
1.82337326892279
2.38228790674163
2.48555975608124
2.48137724028774
1.3688353476902
2.43183821791359
2.25598292550249
2.20118603170067
2.08408440872282
2.13803099922813
2.23153710377876
2.16021613671898
2.08470283843259
2.02626080476028
1.2542642144477
2.33605561844776
2.30768721745278
1.89496196977224
1.81111635353706
1.94127162031424
1.99644847572907
1.73354136616554
1.22542561874232
2.19604171728988
2.26915784179443
2.404298366918
2.34958742512214
2.46709605893746
2.49411546580419
2.42641523701698
1.47519245859025
2.365972385263
2.16076390055622
2.03549206207114
1.59977050847259
2.4622332035361
2.36553296267135
2.33518999312575
2.14081239214057
2.41573726891989
2.41741501844438
2.29344387382941
2.47838530762974
2.45415237200288
2.37661461015524
2.21099352065185
2.48172501232989
2.43881609797761
2.4679414683697
2.43860015519485
1.93846315357067
1.76899562107845
1.86051674942539
1.89856258016335
2.39119637044601
1.8348724099419
1.98403287644885
2.31160404212834
2.49532820802051
2.45710478183731
2.30763713412991
2.24403742949474
2.27113214009175
1.81650685228201
1.98509970954284
2.0062502825689
1.96255020687757
2.44237089425343
1.92374494142507
2.43821267417896
2.12700228344093
1.5205908958237
1.71491195087848
2.24082913666926
2.34729098239881
2.09209455614889
2.2979463484132
2.17862488494897
1.89440098821228
2.41881776119533
1.66932373391565
1.36536723454939
1.48371892283035
2.20780299093077
2.30587459693487
1.92514007131573
1.78221023105892
2.1519943443188
1.64553910644843
2.16036578012205
2.15345832556967
2.05751576649983
1.50673947619073
2.36706368251179
2.41725982044881
1.90959361960527
1.64098212438651
2.25060466614646
2.30862786627498
2.011149055747
1.86830249509372
1.63826772077186
1.6208414420954
2.14665001893678
2.11746012092058
2.12461950731929
2.19187673109955
2.26925424368015
2.38398173730139
2.20783957488563
2.0762474223517
2.34038307087851
2.29879136280697
2.18196724402232
2.34626219430584
1.18277931008531
1.69989082514054
2.47536629704299
2.44775887477133
2.47677569885153
2.24426625921226
1.83024334042059
2.23958247186469
2.20301749986244
1.53660203509323
2.24653888556968
2.40580111624941
2.21498218904615
2.26190984273236
2.36847534851175
2.01930461897292
1.47009324581284
1.52452238508564
2.07902670352239
1.99960385227356
1.73238085979871
2.06463862428226
2.27308394534189
2.1040108968062
1.28062036140043
1.60842681515027
1.30570307269505
1.40604619414905
1.66058693956396
2.15557672731939
2.17211621553211
2.0153097660683
2.45125490604618
2.44537160928245
1.89472323929253
2.36634594738012
1.91891867144498
2.11976072496036
1.83020362194583
2.25401399212538
1.69858408230256
1.95539770639455
1.99552525718886
2.1934772206439
1.66561287997535
2.28907109865369
2.23540322795204
2.10205734746571
2.00875113325412
2.31231972608083
2.07429903996923
2.44726834720998
2.28995599650307
1.93601732415421
2.17491688897825
1.66346548004347
2.21395897137782
2.22537171081508
2.12266765642811
1.70149187469293
2.02975059157935
1.99238676214985
1.79133641376872
2.10371366209534
2.26195722058275
2.07963896408811
2.14505794839577
2.30416491077464
2.13754324424203
1.84722289217471
2.12660587408515
2.22089104468866
2.04683769976982
1.95786982418466
2.02042704221428
1.95221860430024
2.00072749331253
1.82025236767808
1.73911614679784
1.95148723972125
2.22856737436757
2.24716487683289
2.26469920546508
1.94428369978955
1.83542455338467
1.43343238957119
1.99374938100687
2.3554800672791
1.9430922113266
2.31822249603941
2.46436593381892
2.43581210815931
2.38004996699002
2.37262772449367
2.18136174572765
2.4161550743862
2.17609348884683
2.21798335947001
2.39415176208164
2.26558621511502
2.09569472886398
1.3403721249039
1.91266858571125
2.38473587458779
2.18796229949301
2.42056269587358
2.43174559137016
1.90452512743522
2.37691962526508
2.36722965375633
2.17482906484285
2.41962407256472
2.30690693367641
1.08327360841835
1.11538641003912
1.03780224293484
1.04975148736979
1.06795635236316
1.65519704648204
2.2910433207725
2.3264479763235
1.89942741514575
2.48146219224212
2.06263475565579
2.44556043660479
2.40962947255922
2.483336618194
1.8913194487301
2.04059993841999
1.82965095574222
1.99413645163782
2.40373525522603
1.54050254034488
1.94533497805335
2.22573875861779
1.7720178265663
1.68691390130307
1.39236518010482
1.74424929763541
1.71496957791309
1.8405557851919
1.6779072228189
1.71192937457824
2.10068993987967
2.05496719111185
1.42114682526853
1.64712648945897
1.85891433435896
1.8160094400328
2.335554620158
1.80111133169877
2.18789393293476
2.31422399287978
2.19757352603224
2.34960321543831
2.27979566016669
2.24909731181141
2.41093566739865
2.43584400865949
2.01022340076972
1.91015444843745
2.25618758656618
2.40372591560944
2.32613651817843
2.04300897505294
2.07055719295079
2.22541599049527
1.95656964596042
2.39844284910422
2.40923298575869
1.97986539909114
2.06800416713448
2.37844376984136
2.43477137466345
2.15282959811597
2.28888653080878
2.38356222997647
2.16003645995601
1.93466588393755
2.23020785532699
2.34691676770074
1.62161028903065
1.89818965414537
1.64101576487928
1.62905474655442
1.252989073618
1.26845937796046
2.08034325875335
1.81863740622497
2.30611160625738
2.1247176328004
2.13273538761871
2.17150883804184
1.51867466807537
1.44961949102946
2.0022804290685
2.26737581466844
2.23761619939774
2.36727762557717
1.71587581887259
1.31641055126556
2.09148800019694
1.80850639337542
2.1800621408574
1.69237561807743
1.87085464287984
1.85002108637832
1.99733909312792
2.39915320906469
1.47315349090333
1.95788724489436
2.21169898361541
1.53859287253503
1.72561356499328
1.38173868459982
1.74902396363516
1.61094303466383
1.21967670232018
1.8146294342294
2.10731375890899
2.11777165046578
1.80271433651447
1.64180310055115
1.73085956101576
1.97384106492745
2.09086494212196
1.97375795345652
1.51434851069478
1.61261985688153
2.28821363369286
2.33388788487306
2.218192587994
2.39033625985687
2.2049038298727
2.0701499866385
1.77447153509039
2.25884867379928
2.4367955394694
2.10884423869224
2.03771955720524
2.2829787261791
1.78575586130385
2.03726979864525
2.09158221701402
2.19462772223268
2.19089368537496
2.10068111044542
2.01134022198761
2.27970665683118
2.08905180609183
2.0622877028424
2.12318376329769
2.1326485577634
1.7192443479421
1.62254291439279
2.13528452808767
1.3368746904166
1.88829182304706
1.73071499346322
2.28209098784355
2.17124500320713
2.16916650877598
1.42853332544137
1.18273248990608
2.23492263939425
2.31617292698118
2.06117853495465
2.42697391150566
2.21558245944706
2.44432141504272
2.18087420751252
1.94140919584855
2.34041456507558
2.41340316678241
2.25152114869919
1.92146889287472
1.6041251080712
2.3586288160773
2.37285074353373
2.39184174440343
2.29516520766364
2.11532309882077
1.60198122210751
2.38013071246952
2.39337045962416
2.4094922580909
2.21887104738366
2.0994224431448
2.01748083125252
2.18013998017078
1.82933598230383
1.74961943303596
2.31474095607363
2.46280662299364
2.25667958610354
2.303117437893
1.51042960064847
1.61683070276295
2.25609080214844
2.11356230717121
2.16017205209156
2.33952587103117
2.39199453280941
2.44246059184141
2.40164041307328
2.30455075601015
1.92722813861907
2.09770375540017
2.04332742296059
1.79790204435628
1.38083510210482
1.83441580103557
2.30954360289664
1.75223051649475
1.20056168763207
2.11258050722808
2.06671196628513
1.71501242011451
1.73301176433062
1.25333577517088
2.08516466118064
1.92653545362961
2.35713969036359
1.67135380146992
1.86598956695162
2.02972135592765
2.28784744672167
2.11996252796272
2.23651224768749
2.33814682525554
2.36948179049858
2.37752672559206
2.44771162967601
2.41059094053841
2.47781354304038
1.81754255602337
2.29183481895641
1.43546056527921
2.25987764366284
1.69375232418411
2.22800330282264
1.86187287915715
2.22771753278572
2.21121417566949
2.42233060927898
2.25553040046597
2.3764671108382
2.10701054345751
2.41938769903854
1.54826941562212
2.39414208073244
2.34655596708124
1.45042780694118
2.10850141632075
2.30022965019465
1.99804988630188
2.24787562381194
2.14740196996888
1.71355705227549
1.51862930820845
2.30450108604473
2.41935201305784
2.16575418779931
2.11456023156496
2.36304448084314
2.36312380561345
2.267246956519
2.20627181840281
2.44569959427853
2.42993610412651
1.51641805739493
2.2599727586537
2.05228082158146
2.23567368560928
2.29920188915771
2.2925039100739
2.44461556983656
1.91803066789534
2.40158050544135
2.06566786060157
2.09017638293363
2.13401057265305
1.66866294953141
1.36232131589332
1.0997893267679
1.59062898418453
1.71731678207055
1.3926619078118
1.97247676374722
1.41223005922332
2.00774996223256
2.13787337752764
1.49107458631001
1.30219883150417
2.0451102810057
2.01670971272348
1.72720768293033
1.76457510489785
2.40509136137258
2.0659053001668
1.98276265510337
1.9829384290896
1.56411082103463
2.24276440101002
2.29997866521717
1.36789770775309
1.21236223399243
1.5232727741048
1.73925523778313
1.04297209595449
1.01956065832062
1.22025826373562
2.01133579232591
1.92911809599581
1.31246491085212
1.18226648795283
1.91599521328551
2.11886610221183
1.82193864862323
1.97019935654728
2.26394585467219
2.11900237618973
2.19979180395841
1.42245659672513
1.71840622542431
2.36693307199351
2.2314178563138
2.13318455300156
1.47417746538301
2.13913891184859
2.21479147572246
1.93450693516504
1.72330052785516
1.87472178820655
2.30090325463754
1.84324337677206
2.11351917548014
2.02980170566748
2.28213008264253
2.09021127951653
2.22573671588788
1.84005317993328
2.059144840428
2.18409700342546
1.70758951143699
2.14597156703847
2.18565778440783
1.81125110779953
1.87530021742614
2.35906334287391
2.21991399291939
1.66788981398593
2.09081970985997
1.95114820467686
2.08723672364115
2.02380164843703
1.63295978531929
2.04579468133872
2.20127787093998
2.15955581864803
2.37795381256451
2.05441482411453
2.21332541791108
1.95823523345986
2.44566851928692
2.42961602432461
2.05464784607126
1.98002066417076
2.11259775180453
2.43356936691301
2.4602399318002
2.32621751581782
2.41314834020288
2.18788563689959
1.61801940360265
1.6234328668184
1.98167654405072
2.24099358887204
2.41455421069147
2.16024078787211
2.21401961631701
2.26615675193262
2.40129178302157
1.96894793346793
1.9773016664688
2.15529064030738
1.72805521804822
1.40241278768225
1.24674713205174
2.06725635658721
2.13155489578579
1.9087025586083
2.34704666693626
2.02761663910665
1.58911854639592
2.15509943428529
1.62884474163396
2.29737450546485
2.10268413518348
2.42475141847282
2.17970295950246
2.01328323930477
2.07940352159323
2.15972616553662
2.3229550422206
1.94669098996981
1.75503324697092
2.1004633665548
2.01763530640409
1.78736850791577
2.0756039588007
1.27857764301433
1.15892778858857
1.99749628958272
1.45348762132695
1.95063708722242
1.54632346750228
1.75005158151
2.16981564899618
2.0648968009413
1.96772749549588
2.31559433412772
1.97469445413994
1.87514435725704
2.30505606750315
2.47250054642708
1.60136846133495
1.05679120507102
1.39609444811938
2.14632388161934
2.03630368394319
2.26559133122027
2.48059481165433
1.77783493030786
2.04165580872412
2.40802033963581
2.40190080264112
2.20319588607712
1.79940839630761
2.32348884281503
2.36161084552555
1.98847284196589
2.17924234373309
2.35300455183351
1.87200258769251
1.68168144350446
2.31586544302165
1.78340227086926
1.56420733610672
2.15967574581114
2.35915569447014
2.38846853473916
2.3772087368578
1.96731680420059
2.12199938594893
2.29010712296436
2.42111918419246
2.35451533757425
1.72333879899799
2.28908686841314
1.9312549379224
2.23044824237748
2.1672841904921
2.29560508775088
2.2891459649093
2.42654499612631
2.40408414225004
2.05223432061226
2.02602051479099
2.11458691864741
2.35874847900301
2.18896906332721
1.83290942938241
2.19556695165703
2.19610245690678
2.04482628148238
1.63653762885031
2.28179838339145
1.74878894949593
1.93063519187595
1.98030004743643
2.29524960092238
1.67883158607683
1.25579816582619
2.26372897019431
1.98798641948253
2.35615399585703
2.42454737547659
2.15739327970361
2.45617330125942
2.44009462094552
2.05179692072079
2.33970668601527
1.88812858022608
2.34461097940861
1.94395902071972
1.42063153576413
1.819170816573
1.84854330192604
1.61531645317503
1.78207400749147
2.32018914837484
2.10806814739807
1.55200058902296
1.57388334910949
1.38325988752269
1.69141638753081
1.94069951159665
1.91916760130578
1.94393019191823
1.80372893988805
1.80529248233354
1.78139306691349
2.08482606426746
2.31173061956274
2.34698641372324
2.08639690252337
1.99455289458146
1.23570127264309
1.92193847579704
2.07733247889017
2.02143890612049
1.95686694057442
2.35341003578571
1.6283302682191
1.7999381083855
1.92076529271879
1.76524754516254
1.88753537883193
2.18288527335375
2.1010287365897
2.06498196569
2.20655479633877
2.3431897915657
1.82416509552899
1.72986373715258
2.05072552820133
2.15098726573784
2.19707462685761
2.06143794030241
2.02681668749285
2.24816560925016
2.24527077917853
2.39857206188326
2.12434534543594
2.32596990098521
2.2540708288537
1.76273419551851
2.17051016619241
2.10750564364288
1.74115393008825
1.78004741276882
2.04383204115693
2.0643584923026
1.50916153096529
2.27783653802278
2.20104033849172
1.83877487885976
1.9803702688427
2.20617415250938
1.8944376426217
1.73428045918958
2.38000948457188
2.09642272430062
2.10886658996214
2.15032945920412
1.90651001827272
1.41040956643025
1.97662005887633
2.26310184261919
1.57341505521396
1.54926766492194
2.40707643467005
2.09092266079052
2.05382648759781
1.15774234582803
1.40336939026027
1.31731885117504
1.80274019404418
1.62995153802516
1.70465841316773
2.27608930783781
1.77578562369092
2.11121668812424
2.09126507377731
1.90722831192212
2.0427110971487
2.1742617579855
2.26095633839833
2.01925102535055
1.53796415642231
2.38439892072667
2.20041560762894
1.41400137583433
2.02540952443683
2.18382528384956
1.55295529634908
1.91975426540251
1.96200628865963
1.84644649852902
2.00795687158875
2.18911068449822
2.25864251439965
2.38060873104585
1.69126961871364
2.20011447428183
2.23080661319284
1.92468172267003
2.30550064053985
2.00996978733362
2.09423283959126
1.80828337903709
2.04886778739403
2.3580379161634
2.09838394542666
2.12654501901914
1.98030311743282
1.68813577788805
2.34428700518394
2.22553737362852
2.23507202538547
2.08506058416217
2.33651179017147
1.94591073181933
2.17057735160348
1.96245284685895
1.86070103533565
1.92473202523376
2.27510241710375
2.23817870488457
2.0768774387572
2.08430422129158
1.83956153174602
2.09085375568828
1.3654727613045
1.59210418596369
1.60294556005201
1.21830139150154
1.7793718926685
2.05959828799051
2.24083030366191
2.42137169466195
2.4604698892959
2.46749845517176
2.19339186641611
2.19359474381289
2.16881623353418
2.03245448689446
2.24032009688441
2.1117674963288
1.62184494982122
1.17804409295681
1.72784023470431
2.15487627607882
2.37960468810076
2.14958895726886
1.86171232432309
2.12261573041674
2.1390470503463
1.72447269946319
1.82332882055609
2.18913733222251
2.22088184859209
2.2274624750515
2.21109580920916
2.3794575635434
1.55540769819959
2.25706459159316
2.28293045591901
2.41195153257966
2.40657668891745
1.7444380898595
1.85375275077651
2.24204581041396
1.84712735484194
1.64005493345203
2.13381227330969
1.9550038473833
2.37865577077598
2.3895049598956
2.17765120585356
1.85188475776454
1.83481019084538
1.27180167089904
1.9105929981732
2.29594807878741
2.47208239087396
2.400928425534
2.38825428381339
2.09695150375789
2.26056361737753
2.33322702004071
2.33341190124662
2.17049290886097
1.95286924242195
2.18227169814633
2.20142141256844
2.00455491375787
1.94630504295066
2.01487569438083
2.39604360431785
2.26809876274023
1.3354331756818
2.24425886200752
2.31766913365298
2.40615182283065
2.44507968806843
2.36037001877199
1.98081914935163
2.29673758977924
2.23806018628471
2.18727506727588
2.15209665395105
2.17442910703465
1.99626510502461
1.39670292486455
2.02635582331931
1.92123015526584
1.59543744417109
2.1535677085865
2.11578830053845
2.31844784340905
1.53713353880131
1.41511961264217
1.96074626091247
1.92080056423834
1.44866546099518
1.7187177948483
1.92020636966365
1.77312383556148
1.59762246402729
1.90925155789277
1.69154307185301
1.27180325116343
2.35883080732353
2.021497335051
1.66829561694571
1.37857846010372
2.16911640477148
2.42214255128616
2.10031378992101
1.90207067561536
1.99236393391856
2.19559686304599
2.37150571156147
2.28700973494283
2.00001570360333
2.367416613396
2.15181300095557
1.81628448081604
2.47054730350139
2.46474551451658
2.4858936385137
2.20723808500442
2.38737274290255
2.299751299762
2.29530529211424
1.95207549757182
2.13822379000773
1.61560314229109
2.35809447690388
2.40638897378964
2.31618255755731
2.04765352721453
2.2475410494576
2.14457060405695
1.78517687328434
1.98881729058195
1.79382927058106
1.90496461026672
2.20821926494273
2.19134213556493
1.75939906506531
1.14974386009506
2.22900298550394
1.99979346019776
1.44018414355245
1.75543502441338
2.13073499702049
2.32412882546692
2.09900872447233
1.97190551189113
1.98658799734424
2.04547892838078
2.39219341598175
2.33414965568401
1.64061931943792
1.91355862934509
1.9850217323778
2.10562479287159
2.32080080738534
2.41473016072512
1.91637632829353
2.17399811024464
1.8971736377188
2.45169196232441
2.12369586383001
2.43475946372999
2.4870667724742
1.88543639185724
2.24955244168946
1.54213233188317
1.93956970767351
2.16768890206398
1.99508486042414
2.26021819758734
1.986973581815
2.15534988658681
2.19398209356057
2.34852355251862
2.1269989775579
2.47315955516815
2.38393563142183
1.690881526749
1.13157209243166
2.30914363326067
2.43713929884388
1.95666708597881
2.20471346689749
1.78933088190388
2.10182433420817
2.39931172435472
2.22025289270062
2.37105493856026
1.77259419553488
1.36929510270381
1.92351595006949
1.90950890876642
1.49768630686105
2.0283880767885
1.78153405215418
1.85944339228329
2.00791268701793
1.19082857743865
1.93244688760835
1.63711022475477
2.2427887747291
2.45350810842978
2.29260870313789
2.15075162697899
1.6915538392623
2.11748269472794
1.62039496682849
1.71000820854437
2.21707070252692
2.18046377074215
1.67886912495755
1.52235196272783
1.94049629744616
2.03672332979451
1.96107831763594
1.75745023834168
2.39027188867393
2.05895879115323
1.69706908562089
2.33298286703866
2.10066780424356
2.10017948280749
1.5721245366809
1.59846253846458
1.87975667222779
1.76577065348867
1.60413778205269
2.12498614436895
2.08156243959887
1.56189110140764
2.37736363876757
1.85802681142306
1.76300032848868
2.06477693601609
2.28046807279417
2.12013439725101
2.03044070448184
1.99894460300707
1.94862323355101
1.60339935517694
2.06373650119293
2.14743919114241
2.31213252912759
2.36167685240682
1.60878120409645
1.79680913443783
2.05197202196105
2.06961461472381
1.67498145858491
1.9739184016627
1.5031877621483
1.53864695537545
2.06992471176805
1.85519678636109
2.2553439722772
2.00810469786405
1.59425414492762
2.10467583776768
2.10527849511792
2.04637802030927
2.16435536596091
1.88170258809822
1.91951320878881
1.61161135451029
1.93038209755915
1.77012861521277
1.83212947447127
2.21256469764419
1.89647615050369
1.64148258123601
1.85196898339357
2.1863982466967
2.25540595069813
2.07439722545712
2.1313307285498
1.80318829171716
2.12349633016844
2.16916830991084
1.96440900981793
2.40993900346761
2.32749057104624
2.39609196055019
1.72688262320574
2.33158106012543
2.23753018177194
2.06316329764711
1.7612434810111
2.04666669921085
2.03108174562029
1.70777247969104
2.07363498235775
1.79384399064165
2.33043000284389
2.00698129045544
1.56005411638233
1.85824904692569
2.39464358893502
1.31710705178954
2.19143355028391
2.17485060991737
1.56195042899767
1.85729184440108
2.44581133754381
2.18102235608461
1.5352737460245
1.68170794836612
1.72130450734431
1.99494417017497
1.88912083282545
1.80876791718026
2.25464835999831
2.28423719412764
2.02974247917499
2.08814145859893
2.23758961284739
2.3617859994571
2.17074717855688
2.36036621264506
1.74220327826573
1.94588743507293
1.91213942228591
1.22572763587881
1.18502803973083
1.47230712665338
2.25478838486735
1.75603649008776
2.08830905713755
2.13972027641391
2.27230331073007
1.97566292021284
2.08966991659156
2.44505940722945
2.4429019966936
2.42335488089539
2.32242839602116
2.18681851860257
2.2864366873253
2.42951454552988
2.44228654100789
2.16694715140005
2.37305463917662
1.91172406532061
2.38541442163918
2.44026227994068
2.37188189203833
2.3020744868823
1.78838122199469
2.24279892791186
2.23631037460485
2.20553420058598
2.47222165800319
2.48680133433966
2.48591151267104
2.48308555483464
2.45511268967811
2.43688712267737
1.99392187188422
1.80672881066272
2.42813982786385
2.23902817218121
2.27241619678967
2.01896295769815
2.09189725747683
1.61530027066901
1.47930630625713
1.29258229664739
2.19147901567271
2.0253380409265
1.94552353730724
1.50353151759394
1.22491928244804
1.86037736299062
1.38250631818305
1.72994225288845
2.1265056512217
2.3139636447083
1.95923754955119
2.20080071159522
2.38008876549522
2.41125614797447
1.96122245611986
2.29202810469942
2.01120965280547
2.32652590422689
2.00722477318127
2.19297613270597
1.91658812716901
2.07523647296719
1.99369076784199
1.48733330574559
2.23890267715512
2.1390300121863
2.40059862765642
1.4788717178095
2.11861624672362
2.22706356862962
2.0888139438377
2.13166618975529
2.46378416460345
2.13028727414118
2.40092327169368
2.07260355048599
2.47878880674573
1.98741748590681
1.48345155795861
1.82865086610455
2.2497650771452
1.75639642861162
2.18417354401269
1.31666802992923
1.3732607902594
1.89663535672823
2.1290183742679
1.99612784392987
2.18993157831233
2.17634999297901
2.23875587787754
1.97013408640601
2.15296868681643
2.09962222335105
1.95612896607836
2.24210158147164
2.28006951295865
2.21237221998986
1.54487133045397
1.80551992777623
1.8590552094379
1.4349325458104
1.84720452288587
1.51257643403975
1.69111352948766
2.0918062060687
2.14554536529579
2.25593842250722
2.16566743513038
2.38544276807548
1.38467607543347
1.63831478145055
2.45379333574426
2.07972786541481
2.29349385315635
1.94882181968765
1.89265462546223
1.66073921489297
2.06834040903277
1.81861012600956
2.10925218443154
2.28447201117605
2.26272076980325
2.18750569371504
2.29197010648079
1.64768584202069
2.17695243372185
2.46172876978214
2.37004503603093
1.84107161774276
2.33324592137845
2.37854221009469
2.37824888484085
2.01379581546927
2.40012378974754
2.40521290303371
2.11628538323548
2.42385865242637
2.44561401215333
2.32610713229012
2.41863720991573
1.94740698257362
2.34692477089859
1.72828300557901
1.77413878314201
2.0137328210117
2.20914061352305
2.40943088796841
2.1422420168523
1.69783598255045
1.72141325406319
1.63931681206132
2.08838085414584
1.68036796031724
2.25311934576653
1.8674896932591
2.28003910646869
2.37407108186041
2.21766838629175
1.5929697273349
2.26701611724572
1.24539148531213
1.70672456767795
1.26786781832892
2.19061333020982
2.13858122711526
2.27817951631813
2.39361762214497
1.79683045248661
2.39121532361523
2.40294112505074
2.43415014262935
2.27621630597501
2.2684423299544
1.73190338009747
2.48415707574664
2.3551216121337
1.83641625723958
1.82780978152046
2.01797824697825
1.69365859885324
1.47920413945718
1.59796069393928
2.19535188305413
2.01946153693912
1.86920897955143
2.2919523353331
2.09944205530844
2.21235583135057
2.38808689884863
2.33553522468059
1.82824158993069
1.97031023466562
2.12313739524681
2.42735503883373
2.25034033031437
1.32150312883701
1.48848497276781
1.77979982409098
1.5233561097301
2.35088761762707
2.10642226729829
2.10921937873878
1.81554015157124
1.36849239337444
1.73801193081263
1.44825441961389
1.84264535455809
1.73905149046585
2.43403268580848
2.46589398199299
1.87002900284444
1.92173373551675
2.16481973254572
1.55219360374014
1.60305819734459
1.1358531378291
1.49242066129808
2.42725707576178
2.31144107689462
2.00120447759397
2.13632281157532
2.03467278048811
1.93506102544439
2.23131571539289
1.19175170763139
2.28666222265393
2.35769727476938
1.98955646761305
1.82512460540899
1.63823238451958
2.03007660742713
2.25230870122661
2.30241849764673
2.16538720506883
2.35355594988894
2.21109465249575
1.92107741120501
1.94934314951047
2.07040905339718
1.95594596113228
1.25055942271915
2.14839418076151
2.15997958959359
2.28229323622882
2.45180669950617
1.57339947898557
2.19530526892654
2.41751368468896
2.17846101304379
2.47123347054951
2.48087699220914
2.44774304809299
2.1935821578462
2.30571113455533
2.318114595131
2.1711756898068
1.95765154928462
1.73461882101996
1.21246668550111
2.00099345119545
2.44644959127053
2.36419177888359
2.13479473436074
2.36025247371304
2.449752474997
2.48249928472118
2.18360906233187
2.41467184017044
1.9868406300102
2.31947287363518
2.43654707612215
1.61100452033995
2.43267270816047
2.34633262399449
2.27416331479605
2.46294475651428
2.3366877605783
2.13888672012242
2.19929122808727
2.11774330902192
2.33645032912376
2.15438379575238
2.49109362423707
2.23842946722842
2.48561449612388
2.26780788824231
1.94895885562312
1.22069285881163
1.77727112676474
2.30111033595414
2.1077724448626
2.07591054287316
1.85298852527769
2.24180095639344
2.46568163076336
2.473169405321
2.46575586331812
1.49920195535536
1.89850856856719
2.33094802175661
2.36946607625252
2.09486767382499
2.00887092082013
1.20869962345861
1.09973516267714
1.71675676333622
1.98293095005507
1.67829834497097
1.55412026282704
1.31564293787574
1.18908005279668
1.99799617938771
2.28057753264669
1.93997066731516
1.35100901936059
1.86649934170009
2.27396110612515
2.25698802692459
2.19139591552222
2.33038203149388
2.1578367366051
1.51411421970127
1.45343382711225
2.45243458784881
2.47604970132339
2.24637326073152
1.42887358543213
2.01552417261179
2.16938950856167
2.32091460111565
2.14251207391239
2.37958501450457
2.45640541576916
2.41473935332599
2.26268234677544
1.34274129087455
2.0072240683746
2.00714020674094
1.4259558861132
2.3056990706978
1.70067190254554
2.31606144110181
1.704317989594
1.76993976403462
1.59994761617221
2.37655292653311
2.4029560060705
2.28611951544552
2.30518508342583
2.27591479388038
2.36449777144285
2.46259855482302
2.43491768793169
2.06130415299682
2.03037624257609
2.15671946768587
1.19255419800256
2.22000962274893
2.18470259580061
2.14041773016384
2.15488742122816
2.17372985841269
2.10570318799381
1.99588222315627
1.86487018948943
2.30681656002628
1.79247568259206
2.32922430745357
1.86714746542902
1.36676315776883
1.95912051312066
2.34397567103691
1.99917347397343
2.17293509077557
2.36443063446394
2.41617261844471
2.1748386152464
2.10364765034666
1.57073736519161
1.74528568480124
2.21155857913259
2.20864743601588
2.4640150507159
1.87016977294779
2.08666239360878
2.04848194588724
1.45625723702135
2.4774839963093
2.42217533428245
2.38900667943742
1.83593535351005
2.10621694581901
1.86757704368357
2.25499534145195
2.43748080597101
1.80071257240418
1.35589868479066
2.2707492600311
2.34539764614979
1.71502842179413
1.96833737158207
2.23738267202569
2.21731833632095
2.40296760728997
2.32271381066631
2.2138598396756
1.81231758586551
2.06443946685829
2.22150271163012
2.00956442245784
1.52227985654445
1.28440728338431
2.16246226685404
2.17168206268646
1.94115692284878
1.88333587750871
2.04637098937251
2.29438356786215
2.08765674548424
1.62540932688486
2.25003038919948
1.79314134442683
1.53606440644002
1.42750551920488
2.14488975372492
1.31742126009879
1.31120883827152
1.81795595327916
1.4247409722642
1.95633355444899
2.32847693679114
2.04407370448657
2.0058400804644
1.84074928307413
2.27867125109097
2.10957710592388
2.26904030247337
1.77129757512935
2.2551686635407
1.93375987078604
1.9512956089842
1.85870564576041
1.91809965021865
1.70588536449795
2.01982060569203
1.76087162452357
2.01211363795735
1.83662513969705
1.97794097304269
2.07233337123794
1.88594692695569
1.58861017170027
1.88099011340848
1.86754506703504
2.06373740111062
2.33039510683939
2.09961066013785
2.43744953299923
2.42348206545923
2.37787834360061
2.07229127556783
2.3957782069457
2.25255404461052
1.34186985303241
1.40371802371278
1.98296541882775
1.41682971575463
1.72532763247446
1.32901319787995
1.30256040954077
2.00558036296449
1.45867550215755
2.1680603229502
1.68337779551372
1.1241777037945
1.1458313077456
1.20216717945364
1.20745123083527
2.02299956447203
1.52312205492006
2.28233172080461
2.0010792297551
2.43528332599271
2.4378064754298
2.37708040720882
1.43927962248756
2.41526658614796
2.30178909185106
2.074001705977
1.24480315267678
2.40218839757627
2.4735376709518
2.4014304545796
2.4727002404279
2.49742442306988
2.47962713007166
1.66820381543622
2.28717569048916
1.90347718197958
1.65231183694064
2.29430909751202
1.12229048213229
1.4031645618813
1.32625505132009
2.15318722057483
2.22332428354541
2.14815131559964
2.4413738037806
2.40595315281242
2.20127284305229
2.23961845379588
2.30653112466268
2.33705091787809
1.73082337861592
1.71313860490715
1.59796189127278
2.38324785615525
2.29800698309185
1.35413474727438
1.3961198938062
2.3597634417161
2.32802740991382
2.28730293766226
2.14157049100649
2.29557326985005
2.35010536940924
2.21060451451391
2.37602777957402
2.22644952524486
2.43027593132872
2.18111933692249
2.4516352202141
2.39297724204774
2.29585871176624
2.35355562068699
2.33712666448594
1.38193792336669
1.83442832969072
2.24908831142857
2.09075848855695
2.43480072682586
2.18466443831529
1.27394685832402
1.72834385647114
2.37069826844689
1.93398923058868
2.31029248148573
2.3992147930177
2.4647344849619
2.47162062632647
2.41561362137137
2.07087316111869
2.43809238732185
2.48809011305555
2.3828029681157
1.92796429129721
2.29551946057217
1.77533892506517
2.33567449014329
1.82184619937011
1.87589325546305
2.21262795230301
1.66404380267887
1.78743636280178
1.71684720602619
2.11184568499081
2.3473500498463
2.18027131705931
1.49610165313055
2.36843853339673
1.9971485035769
2.24945400251882
2.01114692690995
2.28139197900231
2.45673985342259
2.49234537017423
2.38992424491401
2.21000133937817
2.1752552685303
1.70195187000245
2.11673406587771
1.6058963094829
1.71535024717708
2.06835468294835
2.39888863939728
1.72238083710302
2.46063565878872
2.29490189680062
1.42906189413489
1.43123764427622
2.29937161732899
1.67134171990447
2.25139720877872
2.08381188609594
2.08245368373064
1.94963502700523
1.78896991879663
2.3989569060299
2.02937660331674
2.05317989024426
1.88447119551376
2.34092095890594
2.03473087436765
2.36930543788064
2.04896303619622
2.20973997290438
2.14767761428309
2.39474324520424
1.34810296352457
2.16628494296027
1.93287562099333
2.10868251489126
1.95028935906831
1.61443412381627
1.90598831960257
2.04100240527603
1.77961893499818
2.2805089681933
2.15219333438348
2.27156004704049
2.1330708750886
1.43792409311012
1.59786085114603
2.32893335802357
2.19879010196594
2.0481288903749
1.56379473393511
2.4338195311016
2.32889977733867
1.90725746747281
2.35050139575293
2.3868579341979
2.39804923848548
2.47321293147051
2.0797984978067
2.35224824191524
1.78172532573683
2.4659016318572
2.40716213975849
1.95314562123478
2.35682041346506
2.26171980750558
1.22849816918943
1.65579614125299
2.27437859923229
2.43920073988073
2.38363103236514
2.2454453311186
1.98288189633223
2.31783142970542
2.44192353449606
1.48448232236041
1.72784156638007
1.52703306287653
1.87243864721546
1.44718483159081
2.38671949473152
2.22107571435444
2.11462150526138
1.38068350811827
1.53951632561536
1.7411425490085
1.30847865308486
1.09696668790455
1.48615434515172
1.85637369994937
1.46184275617646
1.68630465250749
2.18165345957661
2.01786672961333
2.0343571218873
1.93778073243813
2.09862870579755
2.36363508606398
2.24700019506544
2.38510647544876
2.37616321264451
1.23466180896079
2.03467214583866
1.9051117648663
2.0436296687296
2.45442028106767
2.16499556941843
2.29179899632282
1.70518744673959
1.74174156535389
2.1309498530738
1.63564187189419
1.54670693303018
2.16729714185484
2.44266967043644
1.88102767217944
1.67572913773944
1.43294107611406
1.34729735075492
2.32135623669172
1.66125529730559
1.69827849503685
2.20107203540586
2.45093029062768
1.94252191975103
2.32682089175699
2.07002792152341
2.26796903506676
2.00402292780381
1.9312124973037
1.48696875016608
1.88989552052362
1.69488415870284
1.53278442265589
1.45402656521635
2.36659386709791
2.46206840897437
2.3421138321157
2.01913970447321
2.24890691197548
2.21835489834353
2.37125794002886
2.34363765639218
2.30132794326771
2.44142870354848
2.42138085902308
2.21916562506126
2.27927868906686
2.10043521606045
2.23609024778476
1.73185597834447
2.29848319066485
2.25226362571734
2.47087376469225
2.39789491741458
2.30300525616556
2.19203378360957
1.4950682832397
2.33929864723924
2.03408111505061
2.2713552253294
1.88629379285121
1.5932462024004
1.51645853848069
1.91102532288715
2.40344955341103
2.01995694570968
1.78998947554086
2.25645319894258
2.41779079994192
2.08847276002509
2.23988036291799
2.04685199571754
2.18663828185856
2.16149771558313
2.38456915890688
1.68849613062098
1.72525364903844
2.36261500594871
1.27346119756872
1.182273357629
2.21928513397128
2.03818628968822
2.09853988970225
2.1763545051398
2.08111594769336
1.47178918075951
1.78988889814742
2.25657240746112
1.57983127820588
2.13950954547736
1.74592343486938
1.80548171272401
2.12932019160336
2.28266646132086
1.82332221291417
2.38303759628578
1.93647232625953
2.30055023808794
2.17576164611069
1.81408115226537
1.96838843014387
2.19458200150119
2.03463144628406
1.28097846390458
1.35716782753455
2.20728528911518
2.15592977682666
2.23209230012368
1.98935133917139
2.00965817603137
2.25985733698205
2.32274764520356
1.92771186087477
2.19866203275965
2.47556993167297
2.17578324026272
1.81292445396529
2.09580325530661
2.32237916713334
1.65899921747281
2.3842423185057
1.60771459949575
1.9504036286254
1.87226584192351
1.09093153505747
1.91099053111931
2.10523519945319
2.35751607628376
2.49043609363243
2.44064642426666
2.37979467480599
2.27036475608541
2.20998575478874
2.41480637248437
2.25411780363061
2.34268581772141
2.23512116212828
1.54869801045541
2.03469151163475
1.76813900438387
1.97248149275518
2.21526939503874
2.1784985414864
2.22560345332862
2.01513104248445
2.28441789607725
2.11916671105945
1.83970093052238
1.62819019266794
2.17258741115938
1.85612845393309
1.35539165794212
1.78569542629949
1.4193343834267
1.6635033235544
1.83182352611508
1.74412582058777
2.30051424327907
2.24680642665247
2.12254449430863
2.27685618456344
1.89316795197298
2.37775982240758
2.30083177423394
2.26793423818588
2.44607128151585
2.16410542380878
2.37066252275886
1.97874221515241
2.378640882787
2.18493437765031
2.42414261899956
1.73036213809315
1.54771111556167
1.68299848935733
1.97223584018312
2.14083899516722
1.88144037102034
2.18509655066353
1.9359620168357
1.86867512587268
2.15261920998131
1.85718716278945
1.93287355819377
1.7317449934434
1.69296773946114
1.82665264356927
2.10283252078972
1.45436217190757
1.70588320866465
2.02664535746242
1.85689394905182
2.33916446814939
1.64415932908883
1.6448171302231
1.94871122079849
2.1794054362757
1.7724804730229
2.23501746979232
2.33140267008677
2.03051590420199
1.89600672064152
2.18313853673795
1.65623689430922
2.2197067796558
2.30916825899402
1.97109061793944
2.15401665342451
2.15030436791044
2.34316575313666
2.21581961527917
2.01704836950691
1.74738428745597
2.19783348916499
1.85188461766632
1.95970325411491
1.89713964124332
1.94419102381859
2.200207931957
2.29865774752322
2.36073979069714
2.00565520213522
1.54496395349742
1.73863777220266
1.88377416342191
2.13387060710506
1.97802301956098
2.03468476638103
2.03326497024784
2.34405073789035
2.16205977443353
1.90979553041545
2.05671472978645
2.15540037927491
2.05640471628614
1.60494053427125
2.17197039922183
1.94955045716784
1.80308048823144
1.87497788728278
2.30320854747442
1.81802426370979
1.24536751182426
1.83654422120403
1.84565216175008
1.60334445260585
2.13273767946667
1.44995320025001
2.10710789794343
2.36148252250736
2.3753150943469
2.26282124897072
2.17907637023755
2.41267106653696
2.02088898283245
2.20501633366913
2.18841713501788
2.35637425579661
2.39241972968184
2.39504214843036
2.04617398435713
2.33769653478474
1.81191113410343
1.30684370315691
1.91112446741213
1.72678159973502
2.05280731958077
2.14398641225975
1.52344722826902
2.02633380020021
2.02558176010155
1.60948489905101
1.80669998794205
1.72770941544524
1.71292977469171
2.05372317394167
1.92543427417172
1.98733503128497
2.33723454623525
2.08681191262892
2.04909946809047
1.8307235023908
2.4133968303206
1.76918588160721
2.18810288422318
2.29938691363628
1.85143538420688
1.48611095275634
2.10225755509393
2.25555869001117
2.00647802743235
1.81481847109549
2.22159347209674
2.20168113008247
2.05971166249071
1.92427277989359
2.48244688199403
2.40689550016463
2.38853314698711
2.41709881917039
2.04194036491216
2.36375022541672
1.96142156695671
1.78769168460701
1.61318646971407
2.36095810102093
2.24855630682752
1.77852923681343
2.07312377024168
1.99265702982358
2.27324215465074
2.25343953952985
2.1205183624841
2.2092671102028
2.13350035252188
1.51303399078133
2.23269501167495
1.57408136542896
2.20245745985398
1.81258956598949
2.19579979982564
2.31434652192769
1.97279693365766
1.7926265052658
1.25752542451847
1.52602569391713
1.61660908653732
1.88338967745338
2.32915421887309
2.37826693094979
2.36804549876696
2.00893912249051
1.99210802854692
1.55795732274344
1.23628193262114
1.36669224501592
1.58960674202431
1.89410854431093
2.39634940256112
1.75250261391112
2.0643314418529
2.24002040643819
1.56332321860384
1.64937781636487
1.3022427358598
1.3294684133688
2.36120114727555
2.06028239986734
2.16181514935855
2.0585553610211
1.64941639368904
2.3761476031847
2.37631610914384
1.86216841830364
2.03905596597532
2.3261041877767
2.29959075363816
2.3423123415716
2.20970761044847
2.0146794435244
1.9412082202209
1.98065292742095
1.99796651713853
1.48547585857973
1.51416143086711
1.83127243137716
2.24172204529783
2.1095265923801
1.89727522167262
2.41796227824312
2.12612637668431
1.99826507280432
2.33588580459478
2.31870044051325
2.12629181342232
2.07894656016789
2.03131292142509
1.80775194659646
1.99551627363711
1.94056664972603
1.54132893429514
1.18146219287075
2.31557331833706
2.00468693945391
2.16355062711612
1.68798035808163
1.96849468946037
2.30369226936218
2.25778582745203
1.51808788582617
1.59861877115909
1.96237762504764
1.90752221031625
1.55962015453768
1.91116859080925
1.45430289580276
1.36416272687929
1.63111065444511
1.92577833908169
1.82425467514432
1.71531017134885
1.79161910659323
1.82073834408935
1.97257632908873
2.34377849577311
1.81068584333252
1.63100853267709
2.21568581326574
1.99460240258921
2.29653273332193
1.68694729696104
2.42642336092867
1.96417922819914
2.29645409317509
2.3607248705426
2.05937211531224
2.16431221258616
1.47232252903867
1.91858537309635
1.86911512191407
1.91254633759399
1.95987574032753
2.13423360935543
2.40326665485994
1.41649204945495
2.29288843411246
1.49348369807382
1.84587367119489
2.09457999430017
1.81095327429673
1.51057907922116
1.51482502615694
2.09626852722244
1.52019682102153
2.16651692511529
2.28786743274472
1.90353565644798
1.65574175311577
2.20952442879415
2.07993968727287
1.54866520121327
1.50317649101353
1.60986999971159
1.8270212062224
2.33092328290841
1.93642001381954
1.81093807651446
2.11136416487397
2.20107133589026
2.06080976756957
1.66132064061746
1.85012916529463
2.23465638550679
2.10096112822031
1.81365512571384
1.46893774964058
1.96112885131731
1.67526089659135
1.17101451848822
1.49710295105032
2.08975834685573
1.76063455042899
2.07609524930643
2.32776547191734
1.91344862500826
1.91464821614917
2.19988542250709
2.36718173234381
2.3686124406376
2.2083206499788
1.77879010468182
2.06296257165423
2.2467498945382
2.16324244962628
2.09794316989845
2.28809016171133
1.78780621868851
1.90900359862266
2.33285039516695
1.81682392962432
2.03330765733074
1.88016039057707
1.51965396738545
1.80341206415529
2.31635079474102
2.03853577695274
2.33194515463148
2.14954690262169
1.9969083909702
2.44209627009303
2.05868255456436
2.39864471687743
2.45443379822399
2.07787053325543
2.40969436659996
2.22255553497207
2.06968259031014
2.33210109997885
1.52295883152548
2.22658122149442
2.3469069645591
2.04941508146449
1.70928551838805
2.0617282724862
1.9308547869534
2.34459398820112
2.23151016301165
2.380228199902
1.6650755191582
2.21229718143229
1.27192208430702
2.26910387208914
1.8716772586033
2.39126308020322
2.20275253994569
2.21197218346451
2.21629731317862
2.18573504901286
2.23356338057944
2.46249671100253
1.28051180526193
1.45119316606692
2.22111076057606
2.15918781928448
1.74487243428832
2.12761808869187
2.31955449713372
2.17344133355416
2.20858493977026
2.04690213424688
1.85733283514299
1.95130454374993
2.11492344850535
1.79831343762543
1.55342958625194
1.97803342505123
1.59611110778759
2.09577608483528
1.55799707050943
1.2247853425211
2.044145663798
1.11771565371869
2.36976541916607
2.15848878317633
2.22404325687367
2.29264227060792
2.39602555111046
2.36835906540529
2.22411965439911
1.68587439504697
1.8666699047265
2.20532163285173
1.68521325666622
1.94336700644814
1.78707475732394
1.32096087622199
2.24495907409888
1.8907571540386
1.77471132497331
1.93716554650208
1.83023982506591
2.24991458894142
2.08551395151254
2.07534854943719
2.25143400136098
2.21742448542251
2.22361135044994
1.62958035101274
1.51666239867577
1.08873924869487
1.16746268761099
1.23734302168759
2.32339468631372
2.16788883849718
1.6150743117414
2.4252145099107
2.22715829821388
2.05174590635078
1.90168434446941
1.88554903468694
2.11895070987406
2.27205196308081
2.45304923923666
2.39067914868824
1.60553477177054
1.66910684486821
2.07896681227607
1.8478330852947
2.09871924846677
1.33818867931394
2.23122542838145
2.08491727019413
2.42736277152362
2.43462221982843
2.36015061398897
2.22426725166954
2.33818928480123
2.47623518682371
2.49346564390077
1.80026664054671
2.00082292727151
1.39063704503833
2.18381732858129
2.32078381684761
1.84467826612687
1.89621621633699
2.34896030903138
2.30948037816229
1.84558146807426
1.72713243901355
1.84860834489666
1.49313612666804
1.1009822127553
1.82224067000801
2.43460983488706
1.75824820839869
2.37376096221991
2.30041521500725
1.99459735498694
1.89109530092211
1.34319644635235
1.77383812639914
2.18536259284064
2.42179311602219
2.35979832311139
2.19324775975886
2.44671307419341
2.31073469136456
2.31023078153658
2.4546371642891
1.43971680831041
2.13407382868822
2.45491079704808
2.17338290835762
2.05273467159204
1.46017139517983
1.79473127182287
2.0168181204679
1.64984557213723
1.85926097705907
2.39142330046165
2.0499704940563
2.39963040033331
2.43948703188897
2.2008501825082
1.5691774505221
1.37975449365663
2.07832718692846
2.38554485105336
1.87361523250788
1.67267424536883
1.96475246062734
2.46761999109456
2.34720127871183
2.19202288772153
2.07702447662159
2.32829643367868
2.23525493221615
1.63162248101515
2.05772206156684
2.19624190348564
1.74914118871752
1.86272028124124
1.57677451895143
1.9270674567818
2.0162587499228
1.92924956852332
2.47926895458209
2.45425896521887
2.15334689300908
1.97280975225644
2.35175030293221
2.40469322054063
2.25659409523721
2.31374933133481
2.41921493243593
2.43819682984313
2.48051315814216
2.0692541492527
1.52264936354317
1.89919430951764
1.99190504356755
1.63415087859646
1.60833028709372
1.97504392941152
1.89493307656729
1.68827289906025
1.47053693119153
2.00210343906992
1.57313427255793
1.32584588493677
1.840802992413
2.36057172621161
2.44374979955018
2.21590344107001
2.13041204294044
1.25579419146929
2.42309051636377
2.19469493952556
2.03257143934655
2.10041266649742
1.80524317272906
1.88988989213521
2.45874145012064
2.48677769848316
2.14084699333116
2.34402928567331
2.46242698959992
2.46030970990417
2.34012043541668
2.47480232303727
2.22730339488352
2.24448497409825
2.41886014647774
2.40718214156634
2.42666441775775
2.45353514130703
2.29991521020517
2.32672697199552
2.45125145795547
2.42551920623547
2.48974325028375
2.42975923644479
2.3032944122133
1.66136211156372
1.93545579895092
2.36618534220651
1.86756260777016
2.32944401059986
2.37869193385808
2.01578193851699
1.74812753467819
2.06811857355518
1.37007029613118
1.38814320356378
2.0091783495157
1.27650303699269
1.61119058200132
1.91895225762107
1.48573432300431
1.57579249401204
2.10172291777868
2.31316838086589
2.3369909918405
2.38671047046602
1.56403452624055
1.57008149937737
2.15853764197378
1.7001651884078
1.97904289132006
2.3047319270803
1.72255502437971
2.26074579447803
2.06422940987754
2.29694903460953
1.79703361416435
2.11771900412421
2.22006034761466
1.20542701684619
2.09542070877303
2.40517677878944
1.70245538011106
2.29765983337681
1.90852746370651
2.23378791535841
1.90871789619394
1.54860823785948
2.20151828263882
2.42002899711517
2.45134164781754
2.47592258006227
2.41336259081105
2.48120434478394
2.45753147413161
2.48489785601549
2.2652497150025
1.55274049633937
1.39728463071752
1.16118169123098
2.35205807209283
1.36137432420005
2.34464564658792
2.39275578273882
2.41626329998722
1.85105117083747
2.12324435884256
1.81158699221071
2.03624885407986
1.83099832623954
2.44417491966312
2.43401807620566
2.03469942702688
2.2036015644973
1.78154583181182
1.47932252255331
2.11794799033087
2.06906694930102
1.76817008482045
1.38598838519126
1.65503072104598
2.22095825405706
2.01825935615235
1.94610623798185
2.2165695443113
2.4356232373857
2.16128258374429
2.48947866919116
2.49280359135923
2.44075563978387
1.92621588642019
2.21417151185921
2.06247798497804
2.14688436847104
1.28159379054914
2.06005834157267
2.19762955836587
2.22714544313675
2.46078143216453
2.3111434377887
2.27438286896367
2.46725278479957
1.97098463075619
1.34415372737718
2.22609916782604
2.20427973889042
2.09424295718653
1.7216544763993
2.44615164616814
2.43279958174154
2.47837285297268
2.4789675975757
2.37709835149319
2.3797279429429
2.05823069223468
2.45655529459626
2.48168824338049
2.35327930697251
2.45238719814725
2.49087482156033
2.44923544577645
2.23700047324863
2.16062324667302
2.29386224217136
2.36298707763578
2.39167306099239
1.74360583310669
1.96179266294038
1.51384577482586
1.67987676355951
1.47059840945507
2.01663393910855
2.29053926409558
1.96459661855715
2.00659768085406
1.89020755208515
2.22173062346574
1.80992159842841
2.35488750772857
2.23019429617764
1.80753500775029
2.34427440128229
1.6302051891641
1.97731795677412
2.1911705325939
1.84533382568101
1.79411152831716
2.18554421368486
1.42434606955674
1.90888952781774
2.3887116180897
1.67199417406707
1.58125229769413
2.11517013432134
2.40866431992702
2.09766682017828
1.80940141946707
2.190625627483
2.29864348586009
1.72176009800258
2.39725690680962
2.22195132294424
2.12110665990333
2.07991989579186
2.14051547119244
2.34393587274769
2.43574100034247
2.49477219081738
2.46020246880014
2.09172507221962
2.33330686498528
2.20717856510631
2.42010450108153
2.35968467723812
1.60647990851135
2.01803067980428
2.44696267034428
2.47864878347182
2.45617075253876
2.21118227435186
1.67325137500541
1.94328738054384
1.99922226582939
2.13092632443942
2.18019197659289
2.03334177058369
1.68684745362785
1.82486962721589
2.02599721596641
1.65816947198794
1.76584842527219
2.04171084711221
1.83250976355415
1.92802184485674
2.00912721561721
2.03082386721778
1.92412807659655
2.01200346735624
2.00990968784211
1.78356308895382
1.9296111981709
1.38349282390622
2.08852790701338
1.69910290482476
1.99958603890639
1.99745705665376
2.29319409017795
1.55961793635149
1.93192080989324
1.98916882441761
2.21849940290258
1.86860057693208
1.84288030557428
1.50231008883504
1.71956022866464
1.94709156560206
1.87438322415665
2.20730251386664
2.19739997670662
1.54229426915108
1.43007170940108
1.83110071481219
2.1399336132454
2.31753085908062
2.31074592380117
2.28447460902119
2.41778560452259
2.03934704546493
1.84858453260329
1.81639133341795
1.07470405555929
1.09428901500795
1.2132386198612
1.5608575221408
1.81802125514203
1.65360010492252
2.42852901179305
2.3734913617385
1.84390743638982
1.9723248000483
1.94907766858985
2.25923939598149
2.12827809507012
1.94604075186563
1.66758095605328
1.33376625091234
2.05066428035462
1.86894849534913
2.42507905526717
1.83959649618469
1.94929336516367
1.3642038861689
1.73892530528083
1.80536087300111
1.33220237207914
2.01675503173554
2.23859787417067
2.44950806252326
1.70182884176694
2.02997996801782
1.7238341392818
2.16675621864761
2.19048416538896
1.50657327339607
1.4052072808455
2.26538636798326
2.43140071359508
2.24448935155195
2.12578096116469
2.07993559849688
2.31878308233083
2.24267307261467
1.93017970834343
2.3778379370958
2.12298511884904
1.94687760273455
2.23087803427444
1.08547104856997
1.56862079625623
1.89878743726858
2.08605232542832
2.40946569574485
2.42680114999651
2.30710013686716
2.24652399254617
2.33401341004916
2.04436277655395
2.14626335556225
2.0837114919107
2.28303611510925
1.60708768792848
1.71369212939414
1.3316861969543
2.03537726216831
2.13953020186596
1.84562558995835
2.18821449503965
2.36345462510799
2.33701604689676
2.43052034492273
2.44073388074982
2.08579885846718
1.90627973849635
2.26335732844536
1.7070158680573
2.26888149060183
2.1179609935435
2.16522791006905
1.85071515243885
1.60851872267723
2.13622374540862
1.93803822489491
2.21967636255498
2.10979719838403
2.20572291849915
2.28795858261191
2.39830910914288
2.22901542802371
2.27915556422693
1.8391391934805
2.10668045365127
1.83033555908324
1.43988421560032
2.28628469773293
1.59408327670819
2.00350310734139
2.20101737629456
1.93070185475919
2.18568460592886
1.62121120885303
2.21860681241693
2.15459521877591
1.60310062726204
2.16107851775355
1.65227308954802
2.13301118052959
2.30626228758699
2.32095603369049
2.08444851610606
2.16889421037106
2.21879474986558
1.91840384227641
1.91818328509461
1.61924264364974
2.2812329486493
2.46148068963435
2.21577879012508
1.44398648363491
1.45198704488654
1.94940763578697
2.31288194085096
1.39201500673676
1.18989230854755
1.8656060067797
2.34534799197736
2.49222049821091
2.0572656952645
2.42178758969802
1.70954207138274
2.26546461596166
1.65144846475359
1.63863142619208
1.69960648402004
2.17016895948749
2.4468819675753
2.29490474241937
1.69583484567138
2.35261865930964
2.23969747278719
1.57232440284916
1.74764734996408
2.33304462034144
2.43980961272631
2.2423954918963
1.93081418940331
1.88037830523137
1.72734221589087
1.94420802673329
2.05367638941281
1.79395628718863
1.97604617147299
1.74025034481725
1.75995055560711
1.9886646660282
2.13498402764982
1.94175805470164
2.01126375523922
2.2180512575782
2.08609838683768
2.04693421941712
1.9172826344567
2.08255321552268
2.40352187703858
1.33560123574177
2.01913418740833
1.24006037135655
2.02029682497717
2.02328374786734
2.34098852397217
1.93122269882808
1.42474836924003
1.4756888240634
1.70259604473333
1.49271339231888
2.07802090940833
1.96378544795026
1.50449729479097
1.93626118144069
2.17715551520777
1.39833580303765
1.39052536337694
2.13927448840494
1.78674585338657
2.0163721881026
1.64246282063814
2.26663439547278
2.12880452241978
2.44326756692668
2.17973717078421
2.14463914145207
2.15482133646215
2.29423254664672
1.90955451658129
2.42943538855839
2.14283510849541
2.29659988681077
1.981891488209
