1.7103
1.97831322179151
2.10156151146154
2.12899051710202
2.41931725233382
2.33788110312652
1.28546499133296
1.21770968958304
1.01050594884122
1.00048559278454
1.00037550814838
1.05479947089402
1.00032057127414
1.19548332935377
1.79551752873944
1.93344152376318
1.91402329460746
1.51360957518111
1.0374098553704
1.02434068582454
1.01183888722112
1.39808086562909
1.29218466872512
2.13261358343197
1.91004429739478
1.06873382602788
2.10239728889634
2.01504679908452
2.05978643474064
2.02018204175424
2.46005813711868
1.98902999640641
1.28769521708193
1.04091580981656
1.63484102181113
1.73403366368686
2.2204923170475
2.35342801201434
1.62281028924219
2.4341047410397
2.47775559350693
2.47597242038422
2.49710238851694
2.49910913838648
2.49949031744324
2.4996148687591
2.49984913438474
2.49879916401629
2.46407979047885
2.45898629964929
2.47039570912115
2.47169880625405
2.49128426691276
1.94475034213038
2.45120111059387
2.47350009061351
2.36293089597649
2.48969165549692
2.49457117712313
2.45193630065746
2.43034458730989
2.35707400010144
2.49741084250139
2.49595922933013
2.48598523163018
2.4974143915297
2.48888433312691
2.49935045799796
2.48512306396709
2.36899853439185
2.49036438537473
2.49532195259085
2.45299157426713
1.9221681129817
1.70972019651442
2.35666435835681
1.17186675765717
1.24558764103671
1.2023707100125
1.00074739920441
1.00032458139006
1.00152368936135
1.00232011994001
1.00621647331932
1.04998174964816
1.32842374838834
2.2705276321159
2.13560284970466
2.36824268607227
2.45437488213107
2.44667390554506
2.33307138493717
2.23755448363216
2.47068568237496
1.87042535886374
2.38419875958396
1.7811176996073
1.14203473236213
1.62361258139637
2.47897186620641
2.22916501741611
1.61694311057988
1.23464907787464
1.80827642036959
1.89836995116109
1.18052452132901
1.01970152084788
1.15536358242854
1.7295346871397
1.73678625096478
1.94236505920902
2.36748309740554
1.80186389223091
1.89813272127009
2.4594790073609
1.73497098521143
2.12977713041811
1.66144966179069
2.04285271713388
2.32559272005194
2.48711623669834
1.75305074727396
2.20333120115204
1.88252847424577
1.32324813138171
2.07526313690073
2.10873542666809
2.21145111625946
1.88473878310794
1.60381760784189
2.19378347947031
2.39571839475263
1.87940792352109
1.63669361677989
1.99593926839467
2.27297136231625
2.24587137709431
1.85823239471908
1.86649748240314
2.41040994609227
2.48484653724017
2.33321341437877
1.68634969683785
1.7371195260301
1.11154498573986
2.07566491807026
1.54325843325685
2.05017220208506
1.6674209455711
1.96894523008823
1.5231639817389
1.85848832075413
1.8731789911668
1.95544201057136
1.13285949123194
1.45094858827214
1.25184280645616
2.26705925563753
2.00579333789561
2.40523881367279
2.45138209377069
2.0370874602713
2.37323157491378
2.46497365416486
2.34437350584715
2.41576998457026
1.66219547156967
1.26795932675487
2.11820794185222
2.27281118168632
2.14709996868699
2.47230457452524
2.40929308815214
1.76930090892846
2.25898716943747
2.08080683659601
1.18790276026462
1.88483763288997
2.14968088432722
1.80858631177011
2.02159183972027
1.70756379530683
1.94186722289472
1.68587525440717
1.69328264472816
1.47731818846581
1.87440818338977
2.02984570040581
1.27011670929692
2.05041721455454
1.98312700050893
1.61066855158175
1.99058923058839
2.16045032820946
1.48449999820856
1.88726504575931
1.15574991768761
1.42477400315631
1.70350725830587
2.28480341843144
2.1985495830092
2.13303873683423
2.2300723344763
1.5510185119607
1.55957317115649
1.72595921954504
1.74421784503945
2.08312639760357
1.76859051322804
1.99860812308758
1.9566618905001
2.31234099887178
2.47759684807082
2.4748172845668
2.49953221721846
2.49813005275013
2.49238405877976
2.01758279535939
2.39024750388736
1.7867625809365
1.08885582341061
1.07021378403676
1.06688761276233
1.49877221034952
2.25708876140123
2.00164885349303
1.64822244847591
2.26440063571047
2.34587883872483
2.30767536422114
1.77821782661345
1.68093549868772
2.43672250155507
2.08376734549792
1.61057555838753
2.21876354237683
1.12243415755432
2.06320827423909
1.51384052590282
1.66027607953515
1.49556232347457
1.95228523575736
1.53565181015473
1.38034977901945
1.19044933152727
1.97050317481478
2.03530903488828
1.83034502088506
1.31886897638361
2.23004237388232
1.3908337045282
2.37775292968192
2.076389109922
2.03130536112129
1.93948103769511
2.42249901340603
1.89182250542932
1.58562741374323
2.08702068241361
1.6190006690836
1.63891738392615
2.22719940678952
1.90430078830343
2.03420749723399
1.78104705479923
1.41103252630096
1.68425759643868
2.34703401238151
2.24541686822574
2.33812655913816
2.05178981853184
2.36241438102324
1.08481735667305
1.54445356971178
2.3362005048741
1.80754490551481
2.07103063506442
1.63479229486005
1.83979144081563
1.64025681755889
2.029881899187
1.70318800499541
2.31483647858473
2.43862290574664
2.33223733874611
2.38891366862943
1.74846243080425
2.38577301379757
1.95120492697509
2.16037471691725
2.19242064619985
2.48416057851763
1.79945942747843
1.80256235632063
2.16584336492767
1.84983125503398
1.26974939366908
1.6455303477712
1.64730348244096
1.46608765040346
1.37031147315416
1.36067371998171
1.90153962629012
2.21472885713893
2.39034985084958
1.89788502634694
1.7152865467584
1.93164773498463
2.36225509782304
1.98704360646827
1.93914572248241
1.83874177590679
1.66968350178545
2.40457360310841
2.24941588232453
1.71169474871141
1.85976718631919
2.08137295905679
1.51325792441399
2.3811674579141
2.35701283833457
1.81267225075625
2.06193406661538
2.21977729740939
1.53927289391235
2.0118181582567
2.3445398729603
2.27855373518621
1.58148662424548
2.17313567508136
1.78436038243283
1.96874151464141
1.79272256650149
2.180995342638
2.25976360866805
2.27239445540775
1.76236611107709
1.66814799285913
2.26707043868656
2.2195649505437
2.15889501496558
2.2523791395875
1.93706482065115
2.42695308931146
2.05700639100351
1.98743218294727
1.7620947810131
2.30749363717292
2.45140356368065
2.13631482798194
2.22862222227026
1.94653408480009
2.3418111766279
1.22797855780011
1.74271001533132
2.02585356336229
2.23078222728154
2.38392932542355
2.46843576884639
2.48137543650097
2.49481454364959
2.48577307016219
2.46101378721002
2.48775626776612
2.17372544162171
2.47137300644288
2.49718533548142
2.47683594121072
2.29167511399966
2.49672317275107
2.49940075777382
2.47312291552218
2.48738206298273
2.13365316821315
2.02888439166228
2.3551200004787
2.24361899159321
1.55685543493385
1.12494890521764
1.12913441080822
2.17975539634881
2.15373914344021
2.48727758286931
1.39270099765634
2.1542898667266
2.46960082596811
1.7109761623382
2.22448498871907
1.82003109079252
2.37476294401155
2.10209838387501
1.76617515861779
2.00786041155507
2.44448015039755
2.17420677791912
2.48161013305488
2.41254766678829
1.53844779924173
1.0871034375747
1.05742644431665
1.16594800446226
1.18486318482233
1.1099347757315
1.82206623760562
2.45904146069472
1.93370442766857
1.43195517475941
1.63896941328645
1.82207846954041
1.77901238131511
2.05078976508605
1.37036329558618
2.45437887756352
1.7267170402551
1.57079847884891
1.04853646439757
1.07234468397703
2.06906292317293
1.93613716163917
2.21404268739944
1.76679718529115
1.67761630019175
1.36443137790493
1.29547283905381
1.33568802999441
1.54902485780672
2.16605517498709
2.2300977007367
1.96479969722466
1.55744979159123
1.80036109514404
1.14565944901873
1.60890370475179
1.52158681727052
1.73924246235713
1.12673701845854
1.32128537473729
1.66568860232704
2.08650350823052
2.34140710750269
1.84951702806852
2.0465249443843
1.98237492639371
1.2404674818173
1.4813592880579
1.69577545514188
1.79138187084738
2.17465674347884
1.23111644502089
1.71703899816622
2.31891357554474
2.10423772474953
1.57113620150613
1.29059423998315
1.64671682538161
1.38438420011065
2.02012789594486
1.50882043278963
1.99517617223621
1.82942568489377
2.41054138451477
1.2644231090611
1.86847258255987
1.88749968807312
1.67325100196986
1.38613640709327
2.16949714166307
1.97814735733943
1.80399156934073
1.93094473633673
2.25495109684716
1.72942151824424
1.80805105803674
1.31131598634162
2.15396810695304
1.36310598375733
1.33475496071343
2.32524734428049
1.51520234338539
2.20819538783777
1.94642517173602
1.6140175868027
2.38816344467314
1.48055222713466
2.041278939219
1.83801342587281
2.30019817439995
1.92318988956335
1.68359972812955
2.06754234953968
2.22168777679147
1.74144834095271
2.02243776741401
2.0902516598228
1.84591825981428
1.91155770897877
1.83537604694406
2.07720205725844
2.00902510099719
2.24721254253274
2.16514605651601
2.12360208027728
2.12668772138263
2.04910785403442
1.58178071023023
1.86511353190692
2.10285127782728
1.71571759183947
2.01619013572592
1.9554328565181
1.84981403907632
1.95741551429567
1.37107415522938
1.75265682256747
1.89663002944261
1.96511823531578
2.11599276297053
1.59571122499754
2.3261295646082
1.87062820385775
2.02080182705262
2.30979744169616
2.05497174910617
1.37593232150846
1.56382568799389
1.73276108596983
1.07990872012182
1.6958082451961
2.27914973831106
1.65546838202008
2.33122761613209
2.43076565630399
2.02455998630139
2.04308995844217
2.04177002897793
2.40310118343244
1.44031365385335
1.42541422903789
1.77964246380559
1.919171046652
2.10856005002828
1.89675194725026
2.16466994069249
2.17267804705257
1.95752395313256
2.16420642329699
1.55464324157193
2.20744818560499
1.93107250433863
1.6671227341479
1.47950995943215
2.44686586119246
2.47902025432706
1.84899186750585
2.2590526175416
2.14629263002552
2.4940867040449
2.10751138281534
2.10358642106322
2.29315546842283
1.81143522430747
2.33124561419941
2.08136204133438
2.25427560929474
1.72286661293451
1.28657662773527
1.39207278519767
1.44142433916045
1.52119427969411
1.89730081962718
1.1759303847925
1.71975760505991
1.36866975146922
1.89724988290584
1.22666166404062
1.51213945842219
1.50770324135358
2.30037763103719
1.97465044748206
2.25094108033961
2.20032768165601
2.01023186698737
2.08235901880447
2.2485865379343
1.83811658398514
1.37628044563435
1.91344845176524
2.24840840224305
1.39866799332021
1.41064348379442
2.43303339186471
2.37441853513326
1.71390910702417
2.12166104974608
1.65746157557958
2.26370449323794
1.97475178783487
1.53026061420121
1.90671505550376
1.50345733080471
1.91595563411121
1.39012849489524
2.43129107600143
1.73188558116135
1.87619922355505
1.07200724145792
1.14151062508674
1.71689529884652
1.96711377471553
2.14719732001157
2.26823547031472
1.39911359669116
1.19226980080863
1.47059154201838
1.94984599906325
2.20756850233909
1.99285810179538
2.10890448185519
2.11765078346207
2.38654745391034
2.37373359931242
1.84275939375234
1.72021220345837
1.30183207204508
2.1941424654899
1.74517751062611
2.08731932066284
2.47809325507325
2.46759096119072
1.99934123528344
2.10736203932634
2.21841616718494
1.4273021816496
1.13560383461143
1.40733890749933
1.42894100347977
1.84715499640488
2.01918345240644
1.75696940451862
1.09258813996205
1.06415114153343
2.12712151873938
1.9417552842855
1.47754418337557
1.56657697009688
1.26589422437147
1.4363588442952
2.23469402930134
2.20549758660137
2.40299749711802
2.44201825033851
2.2238106272727
2.48658696350312
2.48393792499386
2.36185005534763
1.82121675248257
1.65320483278567
2.09763070459778
1.85960177383291
1.99186821410043
1.94852781937443
1.65738420732632
2.31820503884206
1.75247239877204
2.27861218760702
1.9161587902062
2.08402607494784
2.08817363248599
2.19812764702863
2.34076665337407
2.19160108941169
2.1020589286183
1.8136088518407
1.92935668989047
1.94651056640156
2.20324238571645
1.77429855592746
2.13328256723228
2.21770220048505
1.7867280062307
2.10786301716602
2.01581377547403
2.25566896043048
2.24528466429818
1.72745180658412
1.86312923382786
1.88968462567791
2.35668322992804
1.92952910019121
2.21172988706374
2.00135028310314
2.14593593591903
1.89551977738904
2.22730489447808
2.33643814608344
2.29376028783613
1.76037187458009
2.04410223906139
2.04031255344317
2.26177170542734
2.45254343068505
2.38328405489879
2.29023143822982
1.80017295234598
2.29318688091878
2.42892509602778
2.04301184477792
2.34942276897995
2.21856492010968
1.86774847408513
1.60038942252541
2.35894567011137
2.46457954910969
1.2591069189625
1.39636622856901
2.20736020832978
2.44282234517877
2.18708433625505
1.81571531074214
2.00236052899892
1.33860076114643
1.5552068298
1.60829698361117
1.42958750256704
1.48183589210185
2.10123824188516
2.35191819117439
2.36722811828032
2.22367138201845
2.01544462927653
1.47364173216675
2.34665273710181
2.20562119212857
2.11132528930407
1.97388554816902
2.30132971829128
1.65065175535618
1.88465187869917
2.32184000051953
1.9644160808539
1.99598206514295
2.27862271466236
2.40729817965791
1.94925094071471
2.32992251170453
1.97863718095277
2.27674573459914
2.08989033019719
1.90006088136157
2.08567755762497
2.1201285607154
1.99236758443377
1.93370113490311
2.01779622744299
1.84351476083391
2.16451585842109
1.91129834606952
1.87680816106444
1.60049672761216
1.44340423277593
1.43593854386974
1.25231851673954
1.37087772549747
1.9573251241078
1.44375148043478
1.98003138449311
1.99904030249011
2.18395266764998
2.01792756730961
1.97791422043632
2.12472917547565
1.84904649042144
2.10470249202326
1.56645674792999
1.71711127431052
2.22104189927788
1.70250792056971
2.42122773401402
1.78144243035936
2.31654363537542
1.87628671407438
1.58102863669661
2.32872959429106
2.16463079805517
2.2271628112613
2.041627797591
2.33531212609844
1.4409725099667
2.14517022434648
1.50378808523106
1.75855618794135
1.93415103964366
1.86397021758509
2.46485928987738
1.97418442336297
2.30105520017336
2.39858660674655
2.08457961632868
1.16966828940553
1.85916266354457
2.12511572917926
2.36228888681361
2.02463767742752
2.13628321340595
1.83756460772725
1.69667511164552
1.92194349853027
2.2699021728171
1.38014979014499
2.16278633129719
1.80426460858665
2.14977523408579
1.82804077422788
1.99594534812596
2.06670802086066
1.6914637738314
2.45118474545901
1.95805199855861
1.88833787978841
1.97527505023379
1.66381762476195
2.06237317281674
1.98590883298718
2.00131669813512
2.27118225976382
2.13171945640831
1.86778348682943
1.60739908257505
2.18173186184254
1.56442274572322
2.12282138856977
2.34794183771064
1.97817257156159
2.00369347222897
1.85505768311648
1.76782536983553
2.00040549119388
2.26876195027615
2.16585438872328
2.17246043405703
2.10728892047373
1.43477646772839
1.52749106184207
2.13856395135798
2.10779756418408
2.35285814591345
2.29085402053187
2.43643394042258
2.28293895091869
2.2178099676795
2.02953934097037
1.99548528871614
2.33387350584423
2.11534879580396
2.04094210205643
1.72795097458787
2.18900894230973
2.24825416282026
2.19485647798833
1.90984694606964
2.04140360884337
1.97472554712403
1.85750579992426
1.83424902113627
1.42308777481326
1.81516114466522
2.27943801541579
2.43511936653671
2.18816184669549
1.89684377191246
2.19142025880963
2.35668933330414
2.31286663269045
1.27028694634164
1.5402969949338
1.61974261581647
2.16046861173913
1.43530853077223
1.113024796699
2.22256700280377
1.95754011340413
2.10484232122482
2.41194216960354
2.38297428977318
1.39701126920531
1.31239749917361
1.55531333682632
1.65079539000782
2.09758205413818
2.29764608075655
1.83967164845987
2.37143490547127
2.23951432477246
1.12047790775117
2.03506547413494
1.87951056786241
2.41293416830145
1.50040091724315
2.11459300727403
2.18916454087288
1.74590868533366
2.2740496315947
1.69640200827914
1.95836069122069
2.37631765133185
2.07579676895551
1.7346767730106
1.91985604322393
1.71880956091315
2.34301963045967
2.17942898509761
2.18424130766276
1.60551789293566
2.20245198727343
2.09323353777677
1.98195189093757
1.62693371638656
1.9105065192712
2.41480096380069
2.35377227174272
2.00331007747373
1.99083232483707
1.92106958787984
2.40263600945145
2.01938726462304
2.11842030501507
1.93870650822604
2.48531755415211
2.36284013801239
2.15589847297415
1.84726551030587
1.50637828197636
1.15725551155469
1.48546699977944
2.43041094678207
1.5330938652567
1.93235914580906
2.01391143887277
2.0789240341224
2.16661488956626
1.71370577237735
2.13749077508335
2.32637332347081
2.42048966821524
2.36925707246553
2.39246608892123
2.15764508372282
1.44182433321784
2.32988596261179
2.45560286902035
2.40420869393196
1.99132670534932
1.46341559003871
1.51916003692069
1.72830918749209
1.99547848280303
1.9047650771067
2.13780911005019
2.36186847457021
2.41402300045986
2.06190397286591
1.95885728987323
2.23837020350977
2.43927628965672
2.18581604015612
2.0185708298235
1.81990494359626
2.08318107149254
2.07518366839357
1.65756511394213
2.02397082911489
2.34418843523668
2.27488076770774
2.43113905091075
1.89100662871627
2.00678196417586
2.32130596525899
1.95246590204319
2.08326728067626
1.43127628440994
2.25955453428797
2.47472818968383
2.48401856987184
2.47728113632661
1.92063023100355
1.75883942591159
2.00543416110105
1.87939721176399
2.14427463778523
2.46872593060221
2.46438685458178
2.34676491123052
2.22324642660111
2.46118584815709
2.38120296627036
2.47267926459394
2.15729097136526
2.11636641433021
1.61014002976527
1.96064272091875
2.17304847022457
2.32193281944888
2.336810040461
2.15546720567267
1.38713312396486
1.50395394417939
2.27151138043631
2.07816100110485
2.02326255714651
2.32811927639422
1.88772077447958
2.26855346241725
2.30538240241822
2.22495119970239
1.75342050756074
1.95812485049186
2.1371687997152
2.26124974358468
2.44004061642344
1.30450545857296
2.26105516158566
1.85496493241304
2.30382764791535
2.12784610190571
2.28073078655323
2.34154146070536
1.32044242606938
1.3413419394077
2.38153625213063
2.34789905241153
2.0284487817758
1.79516424121482
1.96737380271452
1.56513919155328
2.13292531254451
1.39149688798775
1.36231395082465
1.64959080670591
2.024579417968
1.97483177323038
2.21304273493459
1.48448690119143
1.3420894692446
2.08013912002258
1.89511646924999
1.76909509080761
2.0355843167528
2.09010763732861
2.28357829439752
2.04923248707899
1.9827329583937
1.87088129379589
1.60360816314936
2.16666528177108
2.32113860755109
1.78313708966476
2.25727658231658
1.85481480367505
2.03924398479798
1.43484308348204
2.36557412358812
1.40562241868001
1.11505892650048
2.05212956680678
2.03577404646061
1.80712051405699
1.51151502186836
2.23432599534382
2.30578980380251
2.46151266407612
2.43263414811082
2.13680192740949
2.09246474675802
1.75803747500188
1.97781095513354
2.06195992027088
2.14992780804831
2.10091876596279
1.69980910003842
1.60462035702079
2.30212196716923
1.89390511745207
1.57676354548366
2.11640980286006
2.11966443240846
2.19017374762001
1.40026193710027
1.98896123902327
2.25896364973049
2.0669652142483
1.82781792060763
1.6132502338844
1.77735320550749
2.1490427317512
1.65860990357987
2.29407408081095
2.23614249443748
2.11656947132897
2.35681604623667
2.23092834973709
1.5584076093118
2.26645569355368
2.12524877877615
2.41847450584236
1.93858435728773
1.55819389564411
1.95164420134438
1.54130791338796
2.38014656484745
2.19351691453466
2.21539029261122
2.10394768112305
1.84306749091348
1.78967651301854
2.06299558359188
1.45108788084106
2.33879673731041
2.14165015892398
2.38954752711032
2.20790591774414
2.16287327232836
2.09502353409652
1.65362173331681
1.59461764555756
2.11906438456071
2.18784017148691
2.38178101024454
2.0453460866736
2.34213175538009
2.37084057776173
1.46123044868304
2.16146096489837
2.2025425138692
2.20183217977925
1.88556330275161
2.15556939572746
1.95333253441804
1.70233954215366
2.17480102301154
2.08603336189098
2.31958743347901
2.41183703849449
1.96605632990319
2.20840746969369
2.29441450701697
2.03414218504555
2.12875275223574
2.39355939800375
1.42664109018931
2.07162263981903
1.84558186028445
1.48029963387399
1.29565858962112
1.42629701283682
1.30096365619545
2.15011567815686
1.76253685791528
1.86598175425851
1.93369424824506
2.21853121164145
2.07994454346064
2.37143305394278
1.23271092282679
1.92459281565223
1.49815673447126
2.18927005750641
1.79309017183099
1.99511924584274
1.97067128381624
2.17182322396992
1.96370025156762
1.895474177696
2.17519001971756
2.28112714373841
2.26688633255612
2.16910998304053
1.76507176267994
1.96723045255295
2.05029919430727
2.32859246691749
2.03142690479202
2.15074442858104
2.13860694662229
2.21590978804618
2.34662510658751
1.78219792316465
1.83885588990839
1.81720647205746
2.18010927949424
1.95220311565585
2.14032412340049
2.02276056291407
2.20898582856614
1.91134490340406
1.64608951150205
1.55883367603206
1.79418023721496
1.97742682562054
1.85248128007753
1.70227495473615
1.63753984955042
1.54444199695604
2.35102692353959
1.53392044225262
2.35905981423544
2.46006870973251
2.47327131646551
2.21982338060331
1.88294203676066
2.05070661024404
1.32928170396549
1.95082798100788
2.33528115180759
2.04606659005194
2.39591361971678
2.13231464033794
1.98416121514623
1.82792822581904
2.14489006948147
2.29656688601864
2.16099506276613
2.44001809468253
2.47994384056351
2.39371189540844
2.49166647306801
2.46934821645508
2.48958324599566
2.47141514348567
2.48930683683243
2.48959142547943
2.28600806052309
2.36827899451477
1.95404356092145
2.30964049838088
1.634525258324
1.31524214278103
1.58880577403184
1.85084702111456
2.01891946748195
2.11471543886935
2.19666741504887
2.19867396754527
2.45363585869423
2.38394733992337
2.19973349759756
2.19067635731941
1.97382512543057
1.84543577856574
1.60883914177812
1.64901923646025
1.70809633899107
2.17215318206092
2.40391562026506
2.35118835524883
2.06012685864126
1.90464220014098
1.89088314294404
1.66640873346672
2.08469731310551
1.76779136903383
2.04042966918598
1.74521665659802
1.79306275173668
1.86648683167009
2.13074939774724
1.92284474133935
2.29079612381337
2.27309452546465
2.09757910096183
2.37562631591689
2.42011878261299
2.14110353106503
2.3390618062893
1.90954203698569
1.57698673441789
2.22545274164879
1.46027501165435
2.42973281569207
2.39837505672164
2.325583865672
1.46155529358387
2.14998496035568
2.19655262163398
2.09300312044964
2.08537599573104
1.72434603995629
2.16932235330723
2.19248536417973
2.32196648565972
2.28821533061807
1.65525128165549
1.82554164125455
2.12653383775879
2.27715264414226
1.92034940013909
2.25676362161906
1.73371082506573
2.25371997856688
2.03477134821582
2.32142446122815
2.24776238008718
2.40745809441021
2.42766586978481
2.08085448810425
1.93693440893175
2.31116074953796
2.16859865597058
2.21432897741918
2.15696693901413
1.87904268543151
2.24489736013647
1.9359943178218
1.98906202337353
1.96462892388008
2.1948153516503
2.48405451021173
2.40348993319669
2.07620702995953
1.63046027542809
1.9758784451001
1.3851583792431
2.3301452564617
1.89314322204442
1.78369151793642
2.32955070897753
1.67558572754074
2.14281881823697
2.27233729526947
1.77938712001083
2.06093926965265
2.14776160886875
1.16282739072282
1.38100298101459
1.88576660566691
1.97852786321732
1.4035155196162
1.85063652065958
2.14680144930919
2.2387025545999
1.89065010558953
1.8436744308222
1.9135166697129
1.27415326510553
1.59465911908561
2.29820388519321
1.8908349653033
2.39567808267288
2.00686195128303
2.30192531248887
2.15690507510615
1.64511762105051
1.56215725911027
2.08461601243148
2.00246996117493
1.74713723415407
1.6551855446421
1.5895285555555
2.34217662909826
1.70310228971977
2.35798717639575
2.24864405030342
1.93345510985868
1.9527511795656
1.8164611965431
2.05943236794003
2.00351021476438
2.08502559752618
2.23154306843518
1.9001216554757
1.68136402249055
1.95016946550442
1.70843975145406
2.18334067866422
1.66793448569006
1.74977495236633
2.09565403023509
1.90167701205295
1.55378580485565
2.24965642446952
2.14702770563552
1.74996326671926
1.20962097369013
1.97987890880576
1.58244920800251
2.13025798412111
2.0489765939912
1.93834211162074
2.27387059475516
2.0013031407263
2.31584573612074
2.18818086940866
2.28294318718486
2.26814523226173
2.37567950413768
2.1540818180425
1.56818338169304
2.45019065178432
2.22736464181722
2.24401306960192
1.90492743838972
2.10106373273048
1.65801942916431
2.35690413404271
1.89868953069026
1.53371600085166
2.09598523649836
2.24124723307178
2.18714306725135
2.07060668938431
1.60788427053046
2.1459996761577
1.91664894998256
2.03337880545855
2.35055154759113
1.68903959601136
1.52763757898036
2.06211333837483
1.54365910838115
1.51316806936203
2.35626376694034
2.04652749669531
2.03631663100539
2.20887663604078
1.46418187997698
2.45651818171981
2.48874389140162
2.02114135585837
2.37088148638455
2.32778179473415
1.1798449736564
1.82062085282072
2.08494420542622
1.22517197871368
1.36660080069079
1.58562322239791
1.73104424065162
2.25187858448256
2.12149286081186
2.39820750541646
1.94166319336276
2.28038355430207
1.92650238681885
2.15091078677852
1.75070761135341
1.88315891090338
1.31833752344703
1.61437708728049
1.46473117162371
2.04047255278398
1.99021935802262
2.00640367124097
1.86512346464475
2.43692114629813
2.24105790899737
1.71252564829449
2.16338845078423
1.60603992584475
2.01320581224355
1.91206795848351
1.33499194693291
1.30652051087455
1.60466960529846
2.03826094306258
2.31401130672987
1.82454588883901
2.33509200507021
2.06587827684437
2.16193307049854
2.44574114089599
1.48270142207417
1.09298797357358
1.66369145871054
1.85701780016896
1.361725270447
2.03727892129509
1.93034360358449
2.1547760744995
1.98038372557024
1.50499782459014
1.15752318521083
2.38034907608327
1.56793593528651
1.57305555612995
1.06182056536921
1.02148267435588
1.26459511588571
2.06252874369946
2.35497449109866
2.48603402005308
1.8889306305473
1.96017662012168
2.2180110746114
2.33566492204607
2.39900162287518
2.37698556763073
1.26579081994216
1.25900008482465
1.74292366884876
2.02189468071075
2.47915693201016
2.48611964878153
2.22628832455836
1.96359857568569
2.32443999559221
2.23084524275739
1.34871647818453
1.91234774402386
1.33003816825905
1.50966959900063
2.1408077038939
2.0615936538027
1.33320779777435
1.99264951384202
2.04373109613121
2.3799355120121
1.84457194697776
2.15574412047775
2.20574573468287
1.89136248836602
2.18485784390631
1.99281997881425
2.35741572461556
1.79453902171942
2.10321126265108
2.34114212917835
2.31723264494482
2.25626185559285
1.72077385502271
2.25600633946564
1.59569300175444
2.16008188807196
2.22070230018437
1.88907262198373
2.17030576687369
1.69006212266509
1.47845949204724
1.20957885009501
1.84553135920911
2.36374469702102
1.91426487902495
1.89751098500311
1.90858502779718
1.52948381608405
1.58714243121943
1.8962375548412
2.07429255505757
1.67451693802528
1.97671931865925
1.76604524476811
1.69845760490593
2.08146017683062
2.19751993635504
2.30854970417812
1.56795081144011
1.82789078032754
2.10184026513978
2.07442518631046
2.21509196337121
2.33146946323995
2.09821870461762
2.25774477371127
2.22459743606358
1.93197159832515
2.24079155397942
2.46834186931169
2.32481436184976
1.78301028485598
1.89772630028979
1.94677328399685
2.11887413759691
1.85403176753556
1.87742678117798
2.11581492378217
2.04853049478471
2.32010123575053
2.33977953228152
1.80423718146434
1.87822961135608
2.34054638607943
1.85638713450728
1.16373977758091
1.79644138946178
1.90220643439918
2.02367335401032
1.94533836955331
2.04732241231064
1.52849263777681
1.78873322154782
2.14559795697065
2.42272745680425
2.27932323020695
2.35283290775003
2.31549046496036
2.06546808228367
1.59357667832834
2.0611774430573
1.34261136011131
2.12734328985617
1.72987108047289
1.56742592015469
2.32886380527154
1.7781992275655
1.6558014514263
2.05981540853544
2.38294768110089
2.19535523799147
2.25131197478039
1.74642452460244
2.20355668152408
1.60420456164036
1.94773858369065
2.08928761306172
2.04511644747817
1.89908552809351
1.62256793650723
1.9184718946372
1.61798947507192
2.35781213930855
1.88486389356314
2.34028066851963
2.20325097453782
1.94817816399249
2.08391188474348
2.22893743342641
2.18670848705786
1.71729057340623
2.21021902672204
2.14239336838901
2.05862539255812
1.73056529953468
2.13713229633692
2.41376074330202
2.33967908458789
2.39633613458742
2.00739468209112
1.82042886370987
2.20259752251341
1.6736601945284
2.05328639571704
1.96530164585199
1.61872103511651
2.36278972580349
2.04767051603297
2.01504747877767
2.32204115223408
2.30365460258429
1.82051469906687
2.01664995061723
2.15734697918992
2.44076424433568
2.11016665690755
2.14562892815308
1.89366647501977
2.13238917845173
1.81412822144268
1.48353342675115
1.64787346114526
2.26787214345804
2.06828470717168
2.15458800499108
2.06460442849921
1.98992732305095
1.96823615601283
1.52083979440707
2.27428724387744
1.61276794225021
1.51707632174542
1.51276846590951
2.08455487601095
1.81715066085843
2.47597470599236
1.64762926309055
1.84448646360998
2.19493572655228
1.74237648131009
2.39913754979842
2.42814115810219
1.77540183407052
2.1388920073731
2.05758662627944
2.2022171792275
2.47831990600213
2.05254114062543
2.32693149921425
2.10585726810465
2.46994513645134
2.09725500150145
1.51144347090095
1.52670400830142
2.06817510449243
1.43697894047845
1.44160123838837
2.40549180335659
1.84940874985459
2.17552337507305
2.29246157205599
1.94787191162485
1.62975609577614
1.29150490774087
2.18861420773136
1.86394911776612
2.08397096470241
2.32634588154464
2.05537033156959
1.83101885693271
2.37276335872431
1.76515855387301
2.17377778397041
1.57730028800449
2.10182168118111
1.9316406595349
2.03256656679503
2.22846822189198
1.83527201309881
1.64476228545284
1.79961745117972
2.03225546551552
1.74839087073454
1.21719686693875
1.14464094148996
1.54081149128904
2.03086662938065
2.43639156812271
1.68310264440429
2.30597119641977
2.0187873522376
2.38087108849735
2.25367276582779
2.21499995488351
1.61355067008384
2.34948722105236
1.89551180790324
1.61721501381597
1.47099963111533
1.52716062652823
1.99158040635551
1.58518131438789
1.99766963655761
1.93578302532806
1.88285262563524
2.2414352304171
2.34464097651767
2.14584469077071
2.04735957151701
1.87386297964532
2.16488081966244
1.91294648848835
2.24494680539897
2.36238116921796
2.20913546438723
1.62838091045139
1.94144681634129
1.69408054660982
2.21548815167729
2.28604609383275
2.04680459728675
2.1384524124485
2.26506739809899
1.97492451775046
2.30327965669499
2.13375858141891
1.94688537951651
1.78398033681589
1.96640539465716
1.79510972333852
2.09828334230016
2.23776101626546
2.33341070562141
1.92216771339905
2.14236662938647
1.7720267173561
2.35029627292257
1.95046916225606
2.05205217885443
2.40507181146271
2.40689135327767
1.6107922504853
2.22717384775067
2.21514408091107
2.35808686505027
2.3767995079455
2.22531024515276
2.33660785289871
2.08828729663946
1.62912285871609
1.93707864194879
2.14344699051426
1.6117060744227
2.15513677664775
1.29019108373936
2.17475504554217
2.16498403983918
2.01318924652534
1.73619201558551
1.80940018832978
2.37414093499951
1.52967814585887
2.35755024060295
2.19953083180642
2.13204915762268
1.80704508911718
2.07017674311449
1.66248818348259
1.73527674493703
1.46281793482681
2.15566026433653
1.69065334742305
1.55097957201489
1.57649713921614
1.60468202395946
2.1911180535833
2.38587959051965
2.03458026794196
1.8010649614989
2.26810840742451
1.99409880693007
2.36339028976664
1.95497956716726
1.92987955526855
2.0731257054846
1.57000514751713
2.20938842024705
2.00989650045765
1.81580211744936
1.60813929620236
2.00542958931831
1.94650113353533
1.91063845831308
2.43456035664969
2.35329930494715
1.69502859179463
2.27811307812015
1.19858385111571
1.94317829924118
1.81974611946159
2.35306616098775
1.95007969080006
2.22346440103096
1.89526482735133
1.93365077859733
1.77100945132261
1.72690467680513
1.96398335339908
2.3778132002876
2.36574394665583
1.83206437703503
2.10008544424097
1.67764690824765
2.40262200951834
1.52089970825522
1.92311196774893
2.00372096746165
1.91155795522376
1.1996449355457
1.59231036892665
1.98464360326093
1.68622671331508
2.4542748581617
2.49060338039504
2.48735416390664
2.01045315120469
1.969497396617
2.21762034806606
2.45772799157584
1.98435943312156
2.21749829324756
1.89948457628711
1.18959198271827
1.90483160465223
1.96003121380847
1.98568805991307
1.61070562183451
2.10246561886458
1.73648032027963
2.33885896058902
2.26811267792747
1.96431377136185
2.14481214534115
2.46065850408614
1.91656395040886
1.84794523947268
1.20302264509119
2.00071011325368
1.88940581836034
2.09693207642412
2.29205523351719
1.5137836301904
1.74393818491427
1.82372095992233
1.8591626880218
2.15663378853061
2.14777536825081
1.53072702724878
1.80611772160278
1.1730737683882
1.84230308955121
2.0260920310883
2.24032863380631
1.74529208977883
2.2039197719978
1.74618899126209
1.90585563808965
2.05109538662771
1.95708252377979
2.15747394025443
1.88182411632805
1.96512408803321
2.18712455550425
1.47729588563659
1.26466103251551
1.76887094489448
1.49788030453949
2.13812376467919
1.58899884348162
1.76454101451226
2.47218599355805
2.34198591383805
2.42370464122123
1.94979014725427
1.82486627589912
2.46475038155166
2.3728559900314
2.20111389261691
2.08077312130165
1.59243098922551
2.1322733894561
2.43978844310682
1.95685803920411
1.74861747696736
2.17257046248942
2.16036734304469
2.2936419125188
1.99634481571675
1.68957431982715
1.33075607464092
2.07650534500633
1.34235446038447
1.67305784710306
2.4422076445587
1.73370744973634
2.31178434345962
1.31688630394407
1.43349860395255
2.10534912486414
2.19218047110527
1.79912793428385
2.23512270456809
2.33000347108376
2.46870707144083
1.95418607055418
2.28767401686702
1.46676287147632
1.88001943048556
2.04143444429156
2.13301433959516
1.40556907923912
2.07256387492318
2.24549979751779
2.39350626498704
1.89098288413871
2.0342082485858
2.37732400153722
2.26752109908326
2.10606321795977
1.95544055597534
2.12871237803382
2.26252753592837
2.42299084619334
2.4518312376523
1.54099489684989
1.853641869197
2.39339134123634
1.75688049747014
1.32832233815189
2.06887918706963
2.35856018139765
2.13478844991597
1.9246437464843
2.1927319754127
2.03959384845684
2.3040168142727
1.97114388629818
2.09025453591439
1.8825949684273
2.28348934813689
2.24391614905287
2.09596944221827
1.58356933516185
1.56412115703639
1.90437076022569
1.39665187847364
1.97545130542309
2.05902793106678
2.33296770357606
1.53621320533084
2.11712646169655
2.01701679154641
2.26145699631644
1.79622425949244
1.65481852159546
2.06168920896948
2.19889036206897
1.98289440856174
2.10624399606081
1.69108895289146
2.39903320710481
2.05294790458854
1.7787110044951
1.98368232183084
2.19597759604918
2.20803350529167
2.02743992619526
2.04708329684554
1.5917333408487
2.05911198908935
1.97450018670767
2.28324033755887
2.03650516103428
2.10920186452326
2.18459147178824
1.61931355101116
1.7008161650105
2.25244452733494
2.08330474943747
1.88678308214981
2.11427796422783
1.45026512124437
1.30789173653055
1.98450047979784
1.65609336292439
1.83469386356099
1.86680375975633
2.33569710722324
2.11092979619823
1.67857562355586
1.8005987388518
2.3764591198535
1.90635538364366
1.82472016679433
1.33825352133119
1.88867089111588
1.5231878801742
1.65356744739891
1.71375531723061
1.34975014812135
1.49179195592314
1.38756969110155
2.38440642764306
2.28595952931285
1.73768841773243
1.7819138173643
1.6208073727272
1.39735330154346
1.51601413391796
2.13518019270387
2.01660286959938
2.13253706434328
1.56554172563101
1.7808475095273
1.63627659735366
1.90058025023311
2.01689647405544
2.13748050341599
2.01215531514963
1.96149827028385
2.232651400217
2.21512882591056
1.59605919842675
2.13754368684847
2.09568063213716
2.13617463008204
2.24681618597271
2.15326070616949
2.15319992930476
1.74841318006584
1.2455440801095
1.94417744920275
2.00432753809015
2.28234302864765
1.85594882605342
2.25808381526768
2.27439040890222
2.19238760668988
2.03035112588035
1.71926365703404
2.2450372553495
1.78249999996503
2.12790704467436
2.17286632895896
2.09875657025013
1.16046858923752
1.22796270899906
2.09570431516723
2.1668559508554
1.85366635613657
2.33740670559418
1.83241787265745
2.43007727080491
2.36689894606754
1.98104702743537
2.06289463395786
1.75309107532642
2.01521447394807
1.96637779626723
1.58536786338746
2.22983109942585
2.04185347770623
1.60465751643305
2.10280328534865
2.24753760980067
2.24773829138384
1.87789110269457
1.91952552309236
2.16658482458163
2.02825377674262
1.47027541357676
1.89757623276687
1.74585808651321
1.91324094548476
2.03481178762415
1.50621091256769
2.22717792836098
1.57243452595382
1.4826141530114
2.04002586486646
1.93961457868771
1.53634758847292
1.52759168669823
1.4813059727825
1.4509829140428
1.36259518452389
1.77609647423155
2.15064693457033
1.57876410214929
1.63072220570762
2.22574450609015
1.6492340794923
1.51143053853749
2.28009590026162
1.54499286525542
2.06418561698121
1.58396717125611
1.53568233871365
2.32831642016071
2.28099707316932
2.06776883704057
1.7442271892605
1.97646781291931
2.12324986225333
2.20604360157445
1.67263689331578
1.75630794737612
1.34191832952306
2.00411519595145
2.17546085176718
2.1711172391627
2.04239485782695
2.05249119354302
1.49884827198062
1.64892948095568
2.24981178880355
2.04942716922846
2.17462035730458
2.34407523827024
1.78170437034215
2.23132473816402
1.97660483468685
2.31328769512636
2.21388636860932
1.55746339092605
1.30942998968838
1.48326302904237
2.18238230307352
1.55876141193497
2.2253948377893
2.28157912317957
1.93818945406059
1.60449402294169
2.19011423174128
2.09212150053594
2.24872052315167
2.31345929012109
2.49189045867846
2.44975177235661
2.15971121968717
2.21166997810635
2.19266869068084
2.47055429237385
2.47552464910131
2.35899756447734
2.33127929163962
2.10308299886751
1.25764398345952
2.47835318188849
2.31750188322761
2.43970882852288
2.48812554648844
2.17743391771605
1.83418820691434
2.28124553871026
2.12138556064736
1.8375737899958
1.87155402972319
2.46218582774906
2.23861218276226
1.65658149377791
1.67944520455495
2.21454937315334
2.03140985195315
1.97185587017216
1.5297657103067
2.13803074185574
1.49202909404878
1.64619124389303
2.37751511600098
2.30460382334529
2.05226393379152
2.36417777745926
2.31792860569219
1.8160146036844
1.93738034592372
1.86211488694851
2.30232385437089
2.23948234810085
2.27915574789922
2.28371031658649
2.33943805868198
2.09756949480467
1.80522692076325
2.34438474410407
2.01524433628513
2.4532877067614
2.044754735502
2.33180810110628
2.35715067481143
2.39237438055723
2.12756890566065
2.14732560718403
2.07611519378599
2.09686023478407
1.9665649763875
2.218941153945
2.11667691645115
2.35539215912256
1.94728299369455
2.39989130716379
1.45285127792437
2.01339108179345
2.0000292263496
2.11574898963858
2.30138508238171
2.32427361157823
1.69883495939621
1.91954668035581
2.30744997410512
1.27558530154994
2.204763920749
2.04388841226241
1.92591425890999
1.77192661624046
2.17883378761498
1.63996880617383
2.28425454835559
1.61964933876126
2.23319659575722
1.81833492217998
1.56267477215833
2.28441647566948
1.34869118857127
2.02069130407897
2.16391349776661
1.51843155430591
2.39324992732808
2.09423670016294
2.04173335963767
1.37020142928235
1.54333584544117
1.59644391654113
2.22638571348633
1.79770786610075
1.65001717453053
2.01533385251531
1.7580826829654
1.65349679827717
1.78473126620391
2.07750337788082
2.15688538255678
2.22445558934062
2.16412010273132
1.89991253322424
1.88010573105079
1.62701217697991
2.32093982841729
2.41067120639141
2.32512906376356
2.05171393989669
2.15883384399894
2.27791918576548
2.35912487872127
2.37656264813891
2.10992751213853
2.3473895005088
2.45002067186787
2.30300431746297
1.9526148890028
1.76324086731963
2.31901523900424
2.16635829111567
2.25805960611061
2.36154535379691
2.47869764907945
2.20867168235094
2.44145339891996
2.16104469373838
2.25477052429782
1.90446411720947
1.60602898776057
2.13462872977253
2.37286719426283
1.8569907255412
1.49206351430195
1.60488366970391
1.7752952572858
2.19548391631969
2.09678144041925
2.31844122294489
1.95587867834191
1.60210516255007
1.91551568976362
2.17993351468255
1.50658364028443
1.82566326431783
2.26319854647503
1.65132539715222
2.10287328760412
1.81595295935874
2.25792114375933
2.38407658104473
1.62124854648517
1.8757069654362
2.17650920149893
2.20531795349964
2.25834538993223
2.42330524653465
2.33157774674936
2.35282867419999
1.64336328620695
1.52010499186713
2.1348442385264
2.43979946952868
1.92767383767071
1.94400925817632
2.00575357378412
1.65669302458025
1.97470981573043
2.42113518033927
2.19975250562587
1.88245023027414
1.7106018246163
2.30064765816288
2.30590426367483
2.38762463031602
1.77440471091897
1.74226051972893
1.46881857477335
1.79925239913241
1.69662692006682
1.56555715716732
1.38639465509805
1.52510296495863
2.04550745110671
1.45683054688186
1.25464354293743
2.12242614539687
2.26794919762467
2.13043528263927
1.86611285117661
2.45696344583585
2.47151478385001
2.48649892530062
2.36922199519934
1.56223170391049
2.4778076611038
2.33817436670862
2.2860812813327
1.98345673383694
1.17847477925111
1.65742430982362
2.42856528243951
1.59030467995075
2.03824462324959
2.19447472729514
2.34976704056801
2.47147610585417
2.41428671650031
2.4423140896261
2.26017210716646
1.55793470387868
1.42791917742994
1.59888103347298
2.3317469009439
2.19175543554382
1.78302508873649
2.2168087120701
2.19068266982715
2.47909825150444
2.34827497439967
1.73368980388499
2.23589964841519
2.0510291365112
2.41809388912263
2.4543726489518
1.7468533316531
1.76527061816022
1.87184133537209
1.77955801535166
1.56258906044108
1.45891474298341
2.41030995088096
1.50209721113241
2.11025824721814
2.12036855175933
2.0222217998441
2.33391973989384
1.96827978057657
1.73594211775366
2.38450924015116
2.48601690050392
2.47478110222994
1.99845069646672
1.66211303409257
1.68497036241529
1.70378312753701
1.85084773790695
1.0315562383091
1.31092032512971
2.0841467818583
2.33475584405504
2.38509187631219
2.31615016320257
2.34540164078356
2.36914837588233
2.18493727529609
2.22927297424755
2.04373534355702
2.04077547073052
1.57035280300317
1.9533978823398
2.07941387988755
1.78852204665362
2.21810342007667
2.18753709614243
2.32356484994348
2.18564773261999
2.03159000465831
1.51844299550886
1.15556739990628
1.97309937843825
1.05058968054486
1.45070157855991
2.11668150427933
1.22093189788619
1.31356425515234
1.63782433012909
1.72186750686688
1.57867569374317
1.19095947550104
1.13408547012087
1.52693548100138
1.18688793319793
1.89070836959674
1.87928835299248
1.47461652602421
2.13201901382112
2.21432952557025
2.4517671270581
2.45670353557808
1.65530937065339
2.21758754845398
2.41002300276406
1.93621313848865
2.33917334223368
1.29783321529767
1.11949220976452
2.36162439302331
2.45557722424182
2.49429260494675
2.38131020599179
1.67455974426301
1.98804185934447
2.28664657934798
2.37301744157481
2.16238128904038
2.27935041520627
2.16405119430639
2.3536475195748
1.98983261366658
2.42004387327878
2.26327603078694
1.86750619719281
1.14614155793311
1.540030637048
1.45799632728903
1.8390860288051
1.94302153008705
2.14973082069031
2.48742044234242
2.19833031590334
2.42835113989642
2.31851431421738
1.29203933326909
1.64843793714242
1.39463401805403
1.25303028922953
1.38408865907376
1.30404462783491
1.11884399895615
1.20982841290802
1.819675998982
1.33911027168497
1.17626299192994
1.82469259391106
1.51884619685931
2.00645090296035
1.30729481069402
1.44307599602832
1.41771790527021
2.09076808666897
1.59055942896779
1.33022537855043
1.10951206033368
2.39959574395381
2.15244587248683
1.67452998056574
2.41614317750471
2.30826399414427
2.25285952292035
2.21887556945207
2.26090820908724
2.47268083918693
2.43413547289187
1.79316126317255
2.21435925846178
2.48359702527941
2.42896743204081
1.91908872175426
1.7144354406617
1.25064859130116
1.76910569059551
1.32670744078489
2.19312848668167
2.44327258272932
2.4440377156298
2.30240325574833
2.00180412410798
1.98928577920943
2.00754873030653
2.38997061799148
2.22936511890791
2.23659912732056
1.55114605779561
2.24626124013108
2.36350146609997
2.38634671515146
2.29049334080672
1.8604735322525
2.10040482488426
2.41450019214685
2.34937530089157
2.08016698194747
2.17968758780547
2.12802815000897
1.94368006981838
2.12812970790541
2.17444140961998
2.35119751214735
1.11136189029857
1.07511105995795
2.26324734047758
1.92388512490116
2.14508037306035
2.04590221265499
1.39959925054497
2.22446689202244
2.29182681504244
1.99639385914362
2.18054728244158
2.01035272409069
1.71103517149532
2.21497200943965
1.88155175744462
2.10428589517781
1.54420785258185
1.89967258688931
2.40583943686241
1.9149945531393
1.78933823371258
1.59295550054791
1.96980273311394
1.58176052844535
2.09312418424383
2.40990640827182
1.7069643510214
1.92754139507682
1.94832309163359
2.1554294683421
1.74584797721519
1.64240788530175
2.26141210855638
2.1035138337257
1.98533064649611
2.21654616009396
1.90886922207152
1.99018357199545
1.96052251540249
1.76360205686948
1.65189253241308
1.75371932745424
1.82213062457235
2.18751509078761
2.0463741174886
2.20497069886691
1.70029810256899
1.78584108021702
1.88441149364225
1.73094994802332
1.81029871161325
2.02433828602185
2.02196864826963
1.95259827784202
1.74535439131868
1.91633060228637
2.32204052016228
1.56428564699508
1.59993148369611
2.1203133483736
1.83354106535451
2.21357251836164
1.68108361740496
1.09726311870941
1.6045032541241
2.36767468546789
1.58461271916878
1.2989965857804
1.90093797046315
1.3908064010416
1.28296132913652
2.00230408718599
1.79510777285059
1.52816131642464
1.17597204163098
1.55728498814208
1.91412868845833
2.46559619144699
2.4759474701128
2.30580422288277
2.41444187931587
2.37022003128894
1.3601213003831
2.39681307578414
1.80714898140086
1.94855804488444
1.85023171057967
2.26436323165893
1.58565474048935
2.35701460996574
2.1548467414708
2.01512553985272
2.45862689160836
2.01090764070264
2.24119667419655
1.61990988782782
1.24199020115804
2.11015853722433
1.120651516016
2.08198557043135
2.18418723391505
2.26404685729056
1.3990763293471
1.44450505848012
1.65286539216914
2.03749027125577
2.40925410961538
2.2622381326479
1.9724078419451
2.3931997604917
2.35549946242984
2.12031097701822
1.36599777512069
2.07228052860256
1.72210190969309
1.80655700511617
2.1802944643355
1.26525111760751
1.10213170561194
1.98738470634075
2.4367307767959
1.8937718328085
2.26560752943078
2.37102533349783
1.63723233640609
1.76237939579897
1.16386409518681
2.18887618747162
2.3934920940537
1.78502084190679
2.12375365886967
2.26668291657457
1.89862810384103
2.16928580137413
1.87222409759017
2.07641884385323
2.37759641512248
2.36820609412466
1.91071184440786
1.93150080128411
2.32214639843546
2.48803168408509
2.42673472084446
2.40581934653623
1.99492195008904
2.06719518525426
2.42485011913145
2.48621138893793
2.45137090106737
1.91518310686207
2.47158489515419
1.80594078491193
1.72211344094689
2.31990290911849
2.29680996286336
2.13341214134833
1.95995744409494
2.00675497885398
1.5193143784432
1.78736614589949
2.3324484866851
1.66009081895124
1.10297827028998
1.46237126420941
1.73557611253198
1.44637791475262
2.03426868260576
2.3670842839889
2.31580465803813
2.3971776285233
1.4122803293357
1.57668753981675
1.92688971157913
2.03139254345618
2.10326867472491
1.46083501858005
1.28625350965475
2.11262712802555
1.89191578900055
2.05884151871274
1.72041496176338
2.43443358985475
2.49780818324395
2.48853434492605
2.46984157579726
2.26514298393248
1.81297442422869
2.03129377678038
2.0843294827928
1.50750449658446
1.53786442085935
2.18738511734218
1.89458303485795
1.18159004720194
1.37535683260984
1.37657709074626
2.03077455982355
1.86345445221553
1.57275278741802
2.12787937600961
2.3138390183592
2.44089637242343
1.94234119598531
1.50109613365546
1.60656058650949
1.70820333842104
2.16423461257683
2.27794837587687
2.15572608356374
2.07961721641072
1.54289989607004
1.90828866566334
2.17125739975467
1.8900435995016
2.30414528433431
2.26241369852502
2.28607402854121
1.78096968088655
1.47967245677851
1.85811557411716
2.23916179636216
2.10590431683958
1.79562902504986
2.02077911765314
1.86115333452743
1.56242824696317
1.27562116578992
2.01042420022664
1.673373785727
1.56556843066254
1.86196420396008
2.38873305388167
1.63547588217802
2.22172252436651
1.89460156651849
1.87741133316123
2.02084456990363
1.51024013595956
1.9320713170838
1.26621987840811
1.96016804156847
1.85536560442011
1.25457270550193
1.23041369304924
1.58199582707932
1.52580702697445
1.90823618972211
2.17090336108113
2.45325161053821
2.09899853138404
2.35768575294223
1.83081843304981
1.96470835226544
2.17463423655446
2.25781388663385
1.59611134297023
1.82475461371628
1.99543758281379
2.4015590503219
1.67246649509451
1.45057149814207
1.84665267748181
2.20581512266561
2.30733997035171
2.41840340844106
1.80038150408345
1.70130493532668
2.34219239472719
2.18631008435475
2.41395359661134
2.20318587825035
1.39023515108313
2.06256289079109
2.19009400672016
2.2718006855208
2.27884472219325
2.2178488864577
2.1864824679853
2.06925045052029
2.33535515516579
2.19833837576622
2.41145889905407
2.1401075799925
2.13074867476499
1.96334230254716
2.14532539069704
2.43071344047592
2.17212388630213
2.13983103564698
1.86777594814569
1.90191213907096
2.09501910154159
1.19916998342214
1.31215360449395
1.51655206454159
1.7802563798174
1.52200926318209
1.77268073946164
1.57438138737517
2.03069390590871
1.60185078421853
2.00977708823301
2.3252037986988
2.36877331253999
2.19641967419265
1.73142432077593
2.07190366101292
2.34447255796466
2.20861634502102
1.70365788341933
2.46921631617495
1.60846930077358
1.18032463633021
2.16236528994017
1.80905525655962
2.16214271347956
2.08510924884057
2.18292644853337
2.04573958621145
2.38317986296752
2.41468730856669
2.42646855424131
2.35150494364522
2.48713781847645
2.49823133940789
2.4922890992857
2.42158426546865
1.57223477484324
2.03433845757103
2.29441614674708
1.92943929747861
1.3614184483131
1.24955259209431
2.10876715313063
1.88277881845518
2.04679952643439
1.42878256502232
2.05573165336411
2.04450721337078
2.04745648853234
1.67249286369009
2.18089816123057
1.90380563161734
2.00953202540983
2.21675546113997
1.94145019018913
1.86479395605072
1.57759428436434
2.08110960584443
1.95262295792
1.81239599505338
1.55810372972777
2.21687854287182
2.43757565863794
2.34153322559175
1.9978054457225
2.26191658385249
1.61221561220453
1.54120701235879
1.44603445069661
1.58599154723801
2.25479234682577
1.84461662781303
2.17547411445779
2.35132048589666
1.67732078001061
2.35722789986286
2.36772867250363
2.42537164355692
2.27899424087906
2.29997272536228
2.10475819363963
1.93677902508749
2.28844800930488
2.04493419246231
2.1843687777845
2.40164328861246
2.11370940855811
1.76454504292911
2.21549855394182
1.68768546995124
1.61076563860505
1.64129895171754
2.07057142128793
2.03136516640863
2.30880692508854
2.20570062021276
1.59575526987242
2.05502384294256
2.21908381240787
1.49231570892598
2.36343034893744
2.46375318266284
2.47611065820586
2.11649755886295
2.01251052047993
2.25589044234155
2.23735263896816
2.21334779651537
1.52282151216395
1.36151608702056
2.36971064728854
1.50044510968293
1.1842323944648
2.16492500824454
1.96306127699569
2.4206842976204
2.42928301570624
1.88989078201312
1.43701253411691
1.7564340498875
2.39004724773545
2.46002072229159
2.16582143903313
2.24110055285186
2.39877426371949
1.96264726240585
1.78968989279864
1.96759830908652
2.0497933524761
2.03356381294383
1.48224272370028
1.61952563812061
2.19977327419073
2.40249296282953
1.88568181594912
1.91187094640312
2.01757512008642
1.96380516639865
2.10405599239841
1.89260856863865
2.32019308460445
1.93578617297006
1.69196179977033
1.88316566372067
2.31543224443476
2.21965555426378
2.11928074595267
1.12586757028803
1.90359924485376
1.92922340992898
1.89578340782328
1.82338272554595
1.89210520931213
2.24909726097966
1.60500972933273
2.44936775842003
2.20212370668687
1.58080777292939
2.04230957062509
1.71692471077421
2.3655858696121
2.24499448945072
1.93386651941552
1.62294771503153
1.55510459743467
2.12430413177354
1.74449855604316
1.9656487746866
2.24309567010894
2.2935315994656
1.78202065360896
1.43696320916172
1.97629986767092
1.67539613527606
1.79999623196368
1.6235935191717
1.55306010345202
1.6794052335236
2.26454692512229
2.02910114389427
2.2849627313753
1.8985281240126
2.31922503664163
2.00356271079058
1.9958580947605
1.62652025086764
2.15100854292992
1.88357146818197
2.19797469177534
1.6129668609445
1.68203388176003
1.74022799463955
1.97663789884732
1.86895222461333
2.19457006506101
2.25787983074646
2.20554825740914
1.66104506947336
2.13569125887306
1.93798489933747
2.27993241107653
1.61542397600859
2.31104027786767
2.20252180733398
1.20082032502246
2.28867074556672
2.3006947487322
1.73627281671475
2.18537889235276
1.73288756364738
1.16539654272714
2.32834809505572
2.3417589597347
1.73982477632509
1.84976408659676
2.17211524057562
1.72571423433682
1.32516020844034
1.96460672407539
2.02849291740572
1.99462306135122
1.8881687090447
2.03590677707691
1.89861353289286
2.21189210957613
1.65768907498693
1.90226454921487
2.13069870303943
1.91174424438721
1.48135400755192
1.69480791802115
2.12721118771106
1.90806113590327
1.33734022433231
2.03589728239428
1.94875156404306
2.2064813828288
2.06029926730359
1.79810762010097
1.73465846620473
2.09852010152388
1.82840530997802
1.69766185129612
1.98581131669452
1.58677304917463
2.05265773271129
1.91969067782915
1.42002654840132
2.31322337582393
2.23249856969764
2.190046088535
2.26298886977703
2.18460240398674
2.22364543668335
2.30094113019264
1.59177248565804
2.1485895014597
1.66908453116408
1.66498861841721
2.36969542287923
1.49656969525664
1.71859865822964
1.36384521141474
2.0189033692124
1.97766233975696
1.84621131104639
1.37516852983617
2.09838136183878
1.61590028709929
2.02377749456225
1.82034955420611
2.23361572172131
2.22362387458795
2.40323772997541
1.57403130567794
1.91100971763734
2.37480723477922
1.59086527141632
2.19558342348398
2.44255278522201
2.34143318471359
1.95267725219767
1.40075479289486
1.14335067904656
1.95758884513884
2.08225970555522
1.56641118975752
2.36411981408019
2.18804263005578
1.74060539679489
1.42525935028723
1.91508865575969
1.97402815985175
1.89460416291748
1.8712240239195
2.26732624750795
2.10442263688775
2.29873237801246
2.13272901046254
1.73301651814591
1.78717910550395
1.65705831731357
2.00057555669942
1.96395769125318
1.53048234123217
1.82354977710717
2.39428759864896
2.04917776006458
2.25422696047777
2.15481807338449
1.39962198091224
1.34854617623207
1.5672073788699
2.22774244118982
1.92770416736197
2.09676104417446
2.07770174533371
2.43789330884589
1.76291497958368
2.35485899336928
2.28726208540101
1.58328809830475
1.82425753870824
1.72871165528606
1.82856262915821
1.24160233208113
2.09077026633851
2.32594853475277
2.24100149312616
2.2848295847615
2.20271179552513
2.23481861252126
1.79086080604452
1.7642312853161
1.69138328792802
2.24522883095837
2.22261704303471
2.39535855116703
2.41033466224675
2.03060109665126
2.00369963651137
1.94701523302104
2.42113663396449
2.43060832916335
2.30719748945222
1.56809376692929
2.07655473883718
1.93738179108245
1.92800367273126
2.33575253167545
2.39518897571908
1.31222846785363
1.24331380835962
1.99839280774339
2.42999918030175
2.16728837190507
2.43500904511938
2.1299851434413
2.21486722738374
2.1787803934877
2.4321688366779
2.26384233097529
2.08603840494479
1.4851025715637
1.78514849254459
1.31968204509781
1.60859814924626
1.04870810146867
1.26079820577818
1.85031662656271
1.24878724114562
1.57862334958373
1.98721701658246
1.88554979736862
2.20059400842377
2.09975489326898
2.00219778726779
1.83383719303317
2.33675444330338
1.64868570608875
1.68777275431821
1.80502229735051
1.7727011293038
1.58673123445525
2.02698782561255
1.72046904597855
2.07757562609706
2.0412609326543
2.1149862213197
1.43196890326043
2.37255524187535
2.06393256923891
2.38436584671964
2.01272763345112
1.80010043902034
2.16890188561159
2.27924045145352
1.51769735547848
1.96549721793188
1.91759590578186
2.27296820434145
1.9446016266233
1.69167968316759
1.77239012414029
2.03196286946374
1.84373039763873
1.63996325432778
2.00275752774479
2.19404969875418
2.07519635239064
1.84287890524531
1.7480196742291
2.21926795614913
2.07502795397302
2.0520717383154
2.30403985955457
2.02584513894092
1.28375243988686
1.89116844375338
1.28538999635901
1.66503327808361
1.43616437086748
1.7359192448047
1.99137201072309
2.02208839657145
1.73421991245364
2.28741425749284
2.06102406673491
1.6985751515641
2.18828339762812
2.26453011341383
1.98845858371922
1.69144904272265
2.26489138189647
1.72523914537441
2.1195512526405
1.62810403957524
1.83751249657027
1.63419879797047
1.34928379517304
2.02005698994462
1.89439132038167
1.84296112496716
1.49689126692679
1.924918293606
1.8809640691602
2.26165458573027
2.17654199758929
1.87186687654198
1.62584871861191
2.23793004473938
2.07464507781855
2.26824092608712
2.3426298408293
1.98313048785015
2.0860879801786
1.2063073418146
2.06623886258189
1.42711954293034
2.23022753388891
2.22731484816446
1.51903153989684
1.7756215359383
1.57271631555618
2.12819606255192
2.36640221107307
1.89113878210803
1.76327387583695
1.71503948784986
2.12201142169633
1.79011399163754
1.93154535586062
1.77222259338725
1.62545521645561
1.92802934878718
1.46005564284535
1.70715700266517
1.65638626181724
1.93294206998081
1.95474242279529
2.18632425324326
1.50596090095964
1.52178942092319
2.19946285760117
2.16046244321755
2.0216215552937
2.42474647542158
2.20556171498655
1.83946790379231
2.39407093489508
2.15191909344471
2.10159662206421
2.35522688121579
1.92231381098068
2.30882950139585
1.35203259251069
1.87973451325562
2.03849168647074
2.13151568912512
2.1358938787767
2.28855279456595
2.10596917348528
2.19632195416111
2.31130355615475
2.40361500811187
1.93875047777884
1.49382900259787
1.79968530501984
2.20297372156333
2.16995688396956
1.356991807432
1.62861953263588
2.17486914071096
2.1884493954772
1.95417656437143
1.75395528974776
1.48878561555493
2.10197256515391
1.23538801733705
1.76423642943592
2.35991010686199
2.05127103781785
1.76385676287238
2.09204020823735
1.4395088542815
1.32311687706302
2.0198285152227
1.89472924196053
2.23721063569873
1.95915371525336
2.37924993977081
2.45962357749225
2.3118558844681
1.82925551963543
2.02806477060914
2.14303873805417
2.27414492349617
2.30415490976414
2.23259386168624
1.37163409919063
2.131069298967
1.25258510737804
1.75067430843821
2.1257373231948
2.05646700139364
1.64231939466638
1.49314266450763
2.30190632472702
2.10764560815418
2.02607478080949
1.88994233847247
1.62018267597354
1.68287646644316
2.28498434321938
1.82233564490845
2.3051895380974
1.69554042690498
1.21892198600307
1.74889209901205
1.36363499971122
1.21488332423376
2.11469376920153
1.55478184195389
1.52667278827913
1.98362318222384
1.88446390513712
1.44269882517088
2.29005722743094
1.42775906283149
1.71520696641933
2.1292322899835
2.25022119495279
1.74589268363748
2.12275246168956
2.20620220866557
2.22239481923578
2.26288328214008
1.8516090389313
2.42636973017009
2.388152433153
2.34459054397445
2.4464333885438
2.17438787884693
1.22171889901209
2.44912782176572
2.4635794732548
2.26097684107481
2.18645387987702
1.85285729727702
1.76631692841254
1.38068911183822
1.45376364283834
1.69322710495066
1.51104093155693
2.18437972389536
2.01111733607884
1.30691447733463
1.72984290555614
1.77951969504553
2.24563120810145
2.32044173067817
1.87191150227725
2.02993882347438
1.7950859928414
1.43706100618998
1.76180908111358
2.08124191452196
1.78865868052739
2.40683419876984
1.58525386178393
1.73863344768443
1.50798146801423
2.1188634493092
2.22775435104478
1.86505516233812
2.06993469236236
1.70271753369484
2.18812943786559
1.36924386754407
1.5659694537259
1.71204483512799
1.16215333208877
1.75414527017323
1.9209687890746
1.99426558778195
1.68095573476751
1.96859605712916
2.20204636027811
2.16372761188357
2.45104444532906
1.82038429715447
1.35317862627988
2.22120673895909
1.88627913246977
1.76482061975009
1.55498533313002
1.65620240970028
1.08106632648403
2.00608404922097
1.656735740934
2.27081706104653
2.32007155837574
1.96613589006032
2.10016588620538
1.8600814670233
1.75679883394615
2.09028164426699
2.2009400134266
1.78154122659655
1.73312679209131
2.18506471354422
2.0476326995172
2.00947268061752
2.17963338725413
2.41060411295947
2.32151731443537
1.16001931594379
1.15506805041804
1.84551556420955
2.0478536603994
1.58986640158218
2.33724361701994
2.27479083140234
1.80416927999994
2.04035147470014
2.34995693374961
2.30853451893498
1.53136814980075
2.0517879517603
1.99427131867036
1.11097509031151
1.69718831825527
1.60064324000978
2.419815528466
2.16539288464993
1.49633740393708
2.25141066513806
2.26684427649195
2.44109507904843
2.39649211304961
1.69965189726893
2.06588241373426
2.31824921668047
2.27091927715031
1.58911201269021
2.39201789847745
2.33080460557078
2.43251562255323
2.13000581052785
1.93979984434476
1.33583500659882
2.42825124614173
2.48092288227632
2.46874146440433
2.47879099148358
2.4701026197439
2.44711271403313
2.49698481829468
2.39917248880043
2.1691813228252
2.45888283102887
2.45725821419439
2.2016130359274
2.10298613471155
2.42136729029288
1.72663639570417
1.96142651513692
2.34822935321624
2.4513946336949
2.09066602357729
2.4164503562399
2.1138974716006
2.3005566124393
2.44641117089123
2.11877483925223
2.38345723569268
2.26881036997406
1.5054540121733
2.38726841457302
1.79184610924547
1.22772282108945
1.52669394210407
2.13622822180029
2.17246633703727
2.01584044009626
1.54357273908678
1.7096748956138
2.22161270114115
1.88170963255625
1.57459087319671
2.33793634292188
1.47660825127477
1.49603277971929
2.05813225576995
2.03981908479244
1.90120304030796
2.08472018678286
1.47737502470817
1.58926867388575
1.79243411732534
2.26494115846423
2.11756422248781
1.87324243439734
2.43499635704401
2.21169877595326
1.86584983297551
2.2047022852917
1.5004664155049
1.67758974133786
1.7556097314924
1.81494103926821
2.16813248801179
2.38710592148338
1.77544417656221
1.55198672499987
1.43682659713722
2.10197221159949
2.18481710825038
1.24857599346594
1.00995378698794
1.00658166951286
1.0975186097188
1.13120841736252
1.26454464806308
1.58545658000841
1.60349987395498
2.32147220929162
1.80104975992439
1.80505632123611
1.38496555803289
1.87162685552308
1.15267599633591
2.11468039002966
2.4048684824448
2.27487455872995
2.33435475520377
1.86403828550032
1.58905505995413
1.25865702307904
1.31865106886349
2.18326639209533
2.00705501519644
1.51730978461315
1.55264263165274
2.46205556432703
2.23216414432111
2.28187446046878
1.29848677365291
2.12677870255502
2.16898916710492
2.47816072269591
2.32870900936029
2.44818249852287
1.87499451464785
2.0333150926086
2.36797971959327
2.16509705519302
2.08772272163806
1.74685731457313
1.79998647858997
2.01391929331596
1.93592362983658
1.20176115547619
1.12691956034676
2.23337224781191
1.49028190318813
1.49384687951392
2.44559067911792
2.35609056053904
2.4169711784972
1.2808672621951
2.17093165874137
2.06270414311971
1.92318065556378
2.42572875138498
2.19987176703228
2.08381146153337
2.00759268195406
2.44721495105298
2.26423996747237
2.24207857442673
1.92849794813924
1.32941201063008
1.60895698771963
1.81159595721139
1.40830444948336
2.18342964627401
1.89069179344574
2.1364302032871
2.31626396798741
2.01497033212406
2.08522221313605
2.0472370813884
1.8757845590665
1.82461499378226
1.57071679901267
1.84252678349314
2.32557004675566
2.18601059635898
1.72232680041137
2.00561471697318
1.96135777040507
1.52016034700259
1.67421458847161
1.35473181252095
1.98341777717483
2.17021173356062
1.58743038828895
2.12236032880298
1.91170503924615
2.22354219696428
1.90727603861783
1.89344357269344
2.31229877331331
2.39875227924844
1.75502305247553
1.8120842251755
1.95973746376918
2.09835003266275
2.48826536222162
2.45129857473168
2.27614735173376
2.42721612969093
1.91459049075505
2.13799644734611
2.08961233693151
2.38772122826834
1.96453112448203
2.25820545797032
2.42792883917839
2.40370401620397
2.41306928298218
1.76282271445689
2.13555397542668
1.96867006541402
1.31611765919763
1.31834721658173
2.15787169981505
1.90567680731746
2.13760192742402
2.38040715740243
2.37960110485782
2.35021708386649
2.34098421384645
1.87354050769125
1.97628343749834
2.10646952519836
2.48231574722062
2.34204702669081
2.39245070127887
2.44495490425103
2.2080119248131
1.9112146844408
2.34839040004271
1.64554455512411
2.35727184260743
2.20377550889662
2.3040010705834
1.71341487691102
1.97952816771262
2.21307461156277
2.43027223121497
2.33468281450533
2.22466792622442
2.32909124881446
2.00949813441925
1.90033099098951
2.30563299874429
1.86997026993944
2.01664499736538
1.80195551957758
1.32977973935756
1.84013290714068
1.54281952581956
2.00162901257302
2.06550335281709
2.36513893583062
2.2891247372964
2.23137447505401
2.21472620543443
1.95687857942659
2.09116219750902
2.36069577608207
1.91377769411836
2.18715530279077
2.01266263703854
1.29627015759314
1.76867652211525
2.07739195996606
1.84672185480821
2.28776337303783
1.73970923470269
2.17713088817366
2.40659180849518
2.31789310596388
1.92639533095179
1.18110170344148
1.86565629203369
1.90435246821948
2.11603415007283
2.37016237536209
2.41478706469699
2.49666843156416
2.47742620432629
2.16246987683198
1.37522733831641
2.41447622512231
2.35678809003143
2.16182559058787
2.24240536230159
2.16823621083299
2.18375369838768
2.16877883651104
2.17642496231398
1.92719218904638
1.66703567348565
2.08041410850897
1.06426370173738
1.52024685424589
1.41585356526942
1.40239176958617
2.31298866052149
2.25710324498741
2.28747734488367
1.66731932681222
1.97946271832196
2.10169687148318
1.87856538472747
1.82134727519512
2.05990316874649
2.21112002951079
2.30158860275073
1.45020639225087
1.73742138558511
2.14702990390412
2.31139794441919
2.03086730535639
1.73169633343784
2.23651479558765
2.45516342012964
1.45585053280831
2.24907219968897
1.7133085474687
1.37484037985346
2.2893117599579
2.00127336626719
2.1474866993213
1.73138483454774
1.9616116384944
2.01960956692834
1.55342887770025
2.3086847250652
2.38029222947431
2.1659451671545
2.31709407464595
2.22373517246937
2.0213261065001
1.88378133229968
1.85846641350822
2.0344429495352
2.14378985564628
1.84654400622944
1.86741782268018
1.84750413910857
1.5485573738115
1.26784149413891
2.13002840908846
2.01240235454772
2.23092709132655
2.11643463200561
2.26651584295059
1.73105187505051
2.1781007170318
1.68062541813554
2.19272308519702
1.75864902467905
1.60172504324372
1.97471612941688
2.03719325498356
2.31191440527029
1.55253830937561
2.41250693121502
2.17591329770031
1.67311315936884
2.08798233039631
2.03484191263451
1.77439293594263
1.70068379635871
2.18015492826857
2.00375136101785
1.77698696804443
1.81778090470098
2.2910219577768
2.14511814676553
2.06337778193658
2.17898387902083
2.23573722555852
2.05202862664791
2.0187052274318
2.22636905119833
1.78176380268072
1.72040141748266
2.01169114191463
1.96554381353125
1.77031212481824
1.75836073303696
1.42805353670658
1.73815876804917
1.97593418864391
2.42322955824287
2.41569706962356
2.20969767136245
1.77112864819545
1.6842439839555
1.60417451251566
2.18437272616851
1.48331431903218
2.33709489273904
2.45562128132455
2.38247113446773
2.12747729155754
2.06226306007104
1.92375598133245
1.33578313288129
1.70212978781811
2.23145860137449
1.72276735884124
2.34430542481053
1.89999231436038
2.02589311864018
1.0535886665736
1.0317441978564
1.41658014239737
2.25878737266556
1.86799063608208
2.17108277564919
1.83434873659202
2.13318974895098
1.56513305479992
1.88339328061187
2.23885286464679
1.62420056835471
2.14608332915932
1.49890067254301
2.31958446597855
1.84147401223408
1.79893348131248
1.91434877001398
2.17129755563227
2.14218390618304
2.21276719209818
1.41673605665457
1.76193124036597
1.79854023948281
2.05243116173453
1.78238686428142
2.25684203563587
2.01837261678944
1.88560286577356
1.7895568361416
1.69325775397053
2.34867416160614
2.21830253778288
1.84972487552808
1.88495949967787
1.38137036567835
1.41681082260495
1.14785447104893
1.933184932888
2.04172294357893
2.31751940511145
2.32875809352449
1.37962733329411
1.3660125692507
1.68182719772462
2.18860624977756
1.63522795812236
1.64984556785826
1.92852267754244
1.55668358775642
2.31419064932675
1.8393595935819
1.36541726841118
2.35971501000643
2.13865149847418
1.97566744188167
2.31799637315067
2.19762653886131
1.75173924525485
1.64046588006112
1.83213802587283
2.37200939862651
2.37819441525065
1.98017949865735
