1.76
2.34658113853093
2.39675112458502
2.48759307780481
2.48461303523967
2.1651328452752
2.10769269896186
2.4663052534799
2.33432204903322
1.84857883644862
1.8167520968087
1.93121715319406
1.63297231994333
2.18419716151341
2.03958783514911
1.87085665329741
1.28754993171977
1.319200980906
1.00586650178516
1.00329576346006
1.12314505556627
1.56455321851817
1.63016907943329
1.56177887915013
1.81539106670534
1.75963865820475
2.32763803510512
1.98813299037032
2.16969736989391
2.23579786318224
1.90784059681028
2.24418855392374
2.14204989340551
2.26355318823361
2.42383534454376
2.49862797978656
2.47163987414305
1.95940326688233
1.90431594273958
2.27826549431233
2.42270217002277
1.37498317857986
2.14093268697015
2.39178687769851
2.47511255258575
2.48585342788051
2.29166216060783
2.39289889489287
2.10175715825406
2.45975830318631
2.11534106715318
1.87229498799101
2.16170217922957
2.22292146288575
2.44741656128583
2.48392793472989
2.49280467728917
2.49894835737601
2.49757676269203
2.49980808023588
2.48046529834574
2.42303783299064
2.43697557206106
2.49701347452331
2.47085928878734
2.44355020832261
2.43517339887741
1.48127419217206
1.32435007888075
1.58413984142837
1.84493178335763
2.09595860473434
1.8315180694337
2.44902283813389
2.48326766043274
2.0622411985024
2.16865221946549
2.16056243008731
2.33217517453003
1.91056532668749
1.6788673051509
1.85387400192766
1.16781850057468
1.14719746659001
1.79826647021809
1.74670057552741
1.62441429231458
1.88051699503168
2.32830923519937
2.41677270330602
2.28056549939936
1.60472282855354
2.2339030834327
1.92217456923808
2.29357280697903
2.12339671113406
2.22785635347333
2.31313569236175
1.98844386071619
2.38880617743119
2.44224519996163
2.41342787109772
2.17971886015723
2.08377921191654
2.2380786999888
2.0292566528907
2.29190397025744
2.49829071169806
2.4898129307618
2.29803110031771
2.14536227255722
2.15742210074881
2.31934377353484
2.45243015083139
2.21891131749302
2.48861453214849
2.10345421483568
2.44560656260301
2.38186988690569
2.31265101266984
2.35777991997389
2.25008591463061
2.19917549852936
1.6935285741062
1.59450305078881
2.01898141834696
2.22046428792769
1.34163524731077
1.68614675813715
1.36774503343688
1.38670161920672
1.80637813730141
2.33018624071341
2.46360374426656
2.14556229827107
2.29490362681198
2.32389587818447
2.13127625615986
2.26147361417557
2.24010585831069
1.63410483256726
2.32278470632315
1.8153176118074
2.2300304671721
1.81359884865064
2.40541814499726
2.32709710705096
2.44701848101515
2.46569822406202
2.34781330136069
2.06707169205517
2.16424619671722
2.41049394734257
2.09241986703487
2.07605261258099
2.20154186372908
2.45297675486003
2.32735917861105
2.31410233279846
2.07995244684381
2.15410886661413
2.17987061381896
2.46311925730187
2.40591943115144
1.9955120196939
1.83445693256112
2.34312968618724
2.30731249493544
2.26517215435441
1.84821565122917
2.3601285068003
1.85678389096725
2.05933866386453
2.29255202360164
1.96594987468718
2.33483783113097
2.04706830691827
2.067556791853
2.04264996074866
1.59316939377133
2.05941074563466
2.03260385036637
1.85649041681263
2.17297542479289
1.71220962041459
1.68324016142057
2.23905404483671
1.98362783317918
2.05692971273958
2.30919064312979
2.37305731280476
1.81749718168663
1.58034206744914
1.19704997277312
2.32041970679673
2.25406647433452
1.96818464997321
1.98303756588381
2.10548082884024
2.45061140182438
1.99855965983531
2.45478161151876
2.20917286707636
2.34358351885715
2.02482916527366
2.36930736129071
1.89691911139951
2.2953838718942
1.51610755107921
2.23736566015571
2.39647222081429
1.82315834844011
1.88754157481682
2.3889170187158
2.43674764952058
2.06652728875379
2.44044862372905
2.49667863984899
2.4856892888716
2.32806708424941
2.27979539787671
2.40412444549351
1.73808983374449
2.38192185692
2.15065139215036
2.21347899152683
1.98272168179186
1.96819365777879
2.42738764171139
1.92575852832466
2.16217647295664
1.91805733517598
2.1875463842244
2.00820569998705
1.75136712304051
2.02583013376891
2.08596086933354
2.07938858185455
2.02534896738764
2.07973114487362
2.14303762928089
2.03531052425951
2.22921557192247
2.39760733033197
2.10112469799359
2.34238481488916
2.27831075715315
2.41631751982933
2.03617403633451
2.14889572912487
2.08031974577655
2.20357163162139
2.33676864404191
2.39145896565786
2.38864415039633
2.12626147313107
1.34559633055717
2.01129030179918
1.81156433372801
2.31534220307303
2.31328830175214
2.37288698014113
1.79082597307382
2.2828274540867
1.80788717361228
1.67641910204086
1.61735252293821
2.47653941624102
2.21015155714892
2.26635946030077
2.16486982928836
2.41781673231897
2.23701609337662
2.07728346484285
1.72549685224838
1.72263809433573
2.11084002420992
2.39485321764143
2.07790235643534
1.88674364113205
1.71807150954695
1.7173296972535
2.27259213823797
2.44752890583896
2.4794908133004
2.10405074253303
2.24632014329348
2.21043129114211
2.20581771106035
1.71915274371989
1.93096131410573
1.70087233542971
1.39397032878799
1.80621040759372
2.3998030643638
2.43918038421371
2.04881980819867
1.42535975130783
2.30612360673926
2.15313776093646
1.83184623660993
1.92817794102657
2.09089984931596
2.08550086405639
2.31180515442699
2.08237206918817
1.51546107890364
1.93149703241275
2.11847242597748
2.37743566824008
2.33922429438485
1.83073073118478
2.27792415128875
2.26110093324762
2.0852948253037
2.12389527575771
2.12771749827206
1.89574030787526
2.33281013179319
2.40305682386152
2.30916649014617
2.42308202987537
2.03661157154078
2.42085071770053
1.88870288866915
1.99259948133069
1.73173562255611
2.07108150843106
1.65694686131928
1.94070337023402
1.56696767781014
1.98563890963832
2.35984907562877
2.13317867584758
2.13760625951183
2.20551622194001
2.45659306043847
1.96342057990626
2.02732761399268
2.23846618289377
2.33047389503412
2.38600645889623
2.30006726692049
1.96584495325068
2.43363134895036
1.97239826778832
2.39105134315661
2.3843138400996
2.47347407240777
2.42040731613706
2.40441241144615
2.33815238025354
2.38225468991912
2.38397519454801
2.11724447014585
2.39947360744091
2.42923663243162
2.46757595705689
1.89471491782648
2.23631586183316
2.39103445321522
2.11537509296905
2.39488194794015
2.23451809885158
2.2625963217084
1.75183936398398
1.9566948747009
2.04861035928643
2.00683363166441
2.15654240397186
2.09017211759046
1.94280900755879
2.41742096273274
2.4355487602702
2.44297584942468
2.4091610090059
2.33100877630234
2.13506103435403
2.31931001925956
1.97750267833196
1.85178812279137
1.96453465779063
1.51969904726358
1.99324836929857
1.94817495778692
2.07501071780478
1.67410138035847
1.2070869350806
1.86945056482376
1.65557483836954
1.80722948610078
2.31029329551087
2.49322466885522
2.39600598239249
1.94939395776229
2.40195991487278
2.39363971118476
1.98832701354911
1.89478768538173
2.12098800822941
2.01651480096005
1.8532758149707
2.32153867334793
2.44857663360797
2.4985946613169
2.24498549633608
1.67742526708463
2.21236660707095
1.9980576277869
2.08103190122485
2.38317913951753
2.01130182839063
2.13399853495022
2.18042672072313
2.2870245409888
1.63457832436899
2.09822606717182
1.706875110392
2.06061798340749
2.03438548559303
2.25250263349587
2.19620421557508
1.65746787873234
1.50347049730955
2.35236856607489
1.37221700472098
2.3187333613975
2.23136405559119
2.30546103571274
2.08798655301793
2.09348128248241
2.31998174319752
1.80819643712613
1.56643191893467
1.93289583999559
1.84179052453645
2.40149039457927
2.27071129461905
2.32719988048105
1.77224516522499
1.89323099030475
1.86724642540866
2.29497688048369
2.40035064520511
2.16444356309905
1.84813683471999
2.23539556689675
2.38687548977283
2.02338078518429
2.21500050377397
2.17900692424455
1.94893353875371
1.91353920069029
2.12591786739298
1.63386249791845
2.4820987994406
2.25590761743407
2.4165167568427
2.12871395898984
1.75545149446274
1.94562226813116
2.16711410155327
2.40061684390391
2.20876675827775
2.02051034453446
2.46298537264834
1.55205328163689
2.4573012526818
2.27621033602036
1.72715716051552
2.01412578928697
2.29182265083432
2.10197068380201
2.05416617589721
2.3433694235454
2.16625339583524
2.0371049489362
2.26258124626625
2.2026766319363
2.30726373377797
2.2058515625012
2.06163571082623
1.91189616189732
2.11533484744627
1.70277520084937
1.69499830886174
1.98589922188151
2.42584970760659
2.19034982499098
2.1569907523832
2.35577142251249
2.16277643623822
2.0643060828326
1.85333558110102
2.39063458618707
2.10769672991526
1.83281652460948
1.87460840743163
2.0480979825797
1.90839301131205
1.90189114365154
1.8541964505301
1.81363996386575
2.05151486290539
1.975200083534
1.73189380623584
2.20788722226975
1.97958215146039
1.96110647364975
2.08812562905105
1.68571699734533
2.26216423700932
2.25386555592896
1.90898058885428
2.08695473880975
2.01415378904478
2.24484970012155
1.7009746471064
2.15436087599815
2.13672466297641
2.14115429372284
2.11510078653888
1.95015353030516
2.49097373939201
2.48764256537315
2.44785710615101
2.48259914597239
2.18179024746574
1.58202927901789
1.67007142802717
1.99473065905036
1.69082745900298
2.30590322560221
1.90036345103402
1.81868240607708
2.17200030691129
2.26938069970467
2.26671095044227
1.48276792428748
1.25987713454614
2.08246608867565
2.08484986770218
2.49162307058056
2.48763142732539
2.39671607045938
1.85129360425984
1.72425853731473
2.1730762366098
2.04042965246523
2.03803072152318
2.16347574688785
2.29901796958086
2.42158642857972
2.47534172972856
2.42971460046485
2.12492797309822
2.04876896958054
1.8520347840803
2.34919049899942
2.38198891818119
2.29201851526796
2.39066917076531
2.26518262137404
2.42866517109966
1.84111980583331
2.29567934013568
1.74979059914193
1.90407075558304
2.04470651523053
1.81133728948095
2.26125566166705
2.35816558210714
2.3136457514378
1.90675785823586
2.05560724612484
2.36644265549526
2.12246824494127
1.66114710635594
2.16821457032777
1.8306404226512
2.00496539550143
1.8769917845526
2.15446724593813
2.29503425485772
2.3587353797452
2.47249081551112
2.03213924321495
1.91288241781768
1.73576486722642
1.61388136225063
2.23913413924823
2.13937355661388
1.50034775608391
2.45414707487068
2.45066770593954
2.26681019765466
2.28341326000916
1.89186562206933
2.30644151273051
2.27538088342131
1.38128894593747
2.32606185204819
1.82744631926812
2.14314968100063
1.8303624106314
2.28009490341863
2.36299574081744
2.16665805363045
1.82350861044667
2.06531359642231
2.47262889460175
2.43983295386155
2.31740045281715
2.23341360926844
1.76366225617047
2.36345196867676
2.22287495554514
2.2425969480956
2.20495809486071
2.01642473408344
2.43341304600228
2.19961128306706
2.2274204673057
2.31416065543969
2.40470778182272
2.41759551955621
2.48466805341837
1.94281355723681
2.35007203308012
2.19767585143741
1.911054152155
1.96545211312203
2.01035864319849
2.33878893156038
2.05099538817259
1.96867829033028
1.97375828977328
1.73260664786617
2.23897248598122
1.90826190066513
2.43854982344556
2.34888029094729
2.47522032090637
2.46849859240767
2.4793616021967
2.31448532612251
2.44507369429679
2.48086953882694
1.63173048783548
2.22913025120828
2.21925409714235
1.1313764903301
1.68754911331098
2.15109236048174
2.26354220898487
1.88618129499677
1.81319107028327
2.38578475051253
2.10090778971788
2.28985744951175
2.07314487916383
2.35056525969633
2.2705149344652
1.93061621389706
2.35197984612446
2.18445863480869
2.17601617187086
2.29166512664433
2.41941543489627
2.14806279732167
1.72898951842933
1.6122837079377
1.68824706815194
1.11887412257565
1.89881031343773
2.05182788296325
2.08051504633135
1.47750537597376
1.88011946810004
1.53239771241948
1.85902590223279
2.38318022587109
2.15187615563944
1.88748995418647
1.83738934504026
1.83609653187955
1.57477230814746
1.94486831941054
2.28314241731968
2.30582328597826
2.40958953435714
2.37822104552542
2.34025114542003
2.12374333404931
1.97132694440169
2.16452250392663
2.30061238584056
2.33387113404425
2.48310936024465
2.41803536767122
2.29941181981278
2.26767680605008
2.34646204940518
2.26759402742844
2.21628428506961
1.81719740931033
2.46635804279727
2.02399148887787
2.26520835831538
1.57446822751718
1.69335885289933
2.18780389380257
2.12696859103068
2.45481048858837
2.30938206524561
2.16597217176703
2.27187662320216
2.40187743661776
2.10181624910861
2.43332375967608
1.84418893475806
1.73874891282789
2.35625962477529
2.09777660648016
1.82104816280028
1.866452954233
2.07624237657757
1.96229559315113
1.94639821960763
2.40490838217841
2.17256020030881
2.15009666583682
2.2467385658885
2.11137302400235
1.98942390558762
2.19217305140569
1.89744579405564
1.64449220553259
1.88884209111677
2.09420644671897
1.93518169049963
2.27765599632442
2.0844061553538
2.38666975111862
2.00059413913396
1.98955904934493
1.95690159049381
2.30621156527006
2.14658991775352
2.14313159477956
2.11787183321497
2.17246621010578
2.14020835156282
1.72314342183059
1.84663179108798
1.94874875747299
2.21456312891853
1.80895769051376
1.98172856103256
1.96158371659489
2.29731967911087
2.31550265593878
2.34050053826152
2.04310755259322
1.91638822111558
2.30599056325427
2.28817941677152
1.84751891413528
2.04572351628052
2.30256150145341
1.68023607843679
1.84481530645876
2.30748846792599
2.08906551605091
2.16201299557318
2.1711239446797
2.04607447910317
2.09981415598062
2.27574178014962
2.13785225987879
1.47450177086991
2.19608645546039
2.0877327746585
1.98024178002453
2.11410044733201
2.05554722245596
2.16734893478397
2.32523836376364
2.25395663944209
2.27231049744165
2.02031617064208
2.4031526922979
2.13094477856061
1.86657676741177
1.88356453706556
1.86289545711989
2.03382209298916
1.71799625337299
1.89985740290006
1.9655335258167
2.38689085045844
2.47856281841086
2.20385761565526
1.78809226072169
2.2315134723799
2.3754692009069
2.41224458395864
2.1236602583185
1.49484509162212
2.1796547755601
1.50581352224544
1.91806066679048
1.99424653986939
1.99802875750844
1.65734358019915
1.61712078213826
2.06392491645846
2.29974198707237
2.36028891268423
2.26818568068821
2.28810647264754
2.17827513699888
1.62328982402003
2.17474914826934
2.20999668348197
2.32955160404337
2.29286886862807
2.22327981418216
2.13793216743877
1.93370728368995
2.22424633108591
1.98691073035174
2.20985093720411
1.81012223299124
1.47026933477523
1.76009744404468
2.44942922406004
2.49126407528325
2.23611434847868
2.33598633068579
2.11954479315426
1.94261507877273
1.85526732632284
2.41177002853915
2.3851097138986
2.3612483248561
2.11830253004165
1.7014853661372
2.26118847556782
2.42494870963467
2.03257553746135
2.42120921990533
1.89200343454674
2.236043872967
2.40713169320437
2.140418067129
2.39435767971923
2.04566765391644
2.21665287308244
2.32692181179059
2.21730145911183
1.90872437651135
1.94620413411612
2.25195702795394
2.14496883703024
1.96596794300983
1.99112989040084
2.1054612862874
1.69905957607046
1.81520913219928
1.72330515284439
2.26604661989088
2.35387422439981
2.38148840475525
2.29144242870946
1.87533205179483
2.31772438210426
2.06166323337899
2.28465588062368
2.35927883335676
1.30226047504224
2.1270324447262
1.30806893649066
1.6707879587073
2.21817303136854
1.71286198411368
1.55831102178652
1.6894295085551
2.27316779663467
1.84900296910942
2.33126774983177
1.67378324654543
2.3479642143879
1.50984551534912
1.98552661532689
2.22087327693554
2.11874136238796
2.07455383597194
2.22071289575692
1.62531112978408
1.93582290563027
2.10638161351227
2.44358123469065
2.01821628823572
2.38133607819122
2.48834732569934
2.48865416914149
2.10018268128616
1.92642734015101
2.02536838000054
2.33929484259081
2.15354153464071
2.21349980171182
1.52713794949536
2.25426340030598
1.92118645607202
1.74203413441527
1.57215264773589
2.13204228327188
2.46335500927948
2.10864961956246
1.86622162731158
2.22910550166919
1.77772937249964
2.13684832087017
2.03734384763324
1.66289444521259
1.9996573905593
1.61164936989588
2.36367020753649
1.98407915321639
1.75233911869992
2.19071358183984
2.26999016584266
2.24633136745578
2.01316714327955
2.0757533539867
1.88039334985715
1.94451602556991
1.95267489416546
2.12841380787512
1.86907336382085
1.69016017199989
2.19501199001603
2.04502938810211
2.09264953685194
2.18753912865005
1.678901464554
1.55283121143469
1.431968886301
1.78070225300986
2.09512020751461
1.93506862243465
2.31729294146908
1.98327799412264
2.13609552081381
2.00201445878471
2.35923946253589
1.52633881183087
1.94141805366207
2.19196605704828
2.08949750376854
1.93227902987194
1.83035182452441
2.07727399512128
1.59894961006705
2.19031129196574
2.10516436740468
2.13555456037099
2.0889397461036
2.1747573202206
2.2967988588161
1.53599389566853
2.45821735449316
2.48005753369179
2.43672410162437
1.65674269934876
2.14111529527782
2.1897970368403
2.30936259365665
2.19573850034803
2.19476661132393
2.0310418524346
2.40935886510426
2.33150735518084
2.45077357500882
2.37119355816081
2.10346873456818
1.69711980390827
2.3477704370601
1.52365948961632
1.87535499277185
2.41941613323854
2.14418505731398
2.38944230799769
2.27551610538008
2.49185590170299
2.47963853162902
2.47117851887146
2.38353596241382
2.44056462012466
2.4482942996885
2.46788013271528
2.25373828034224
2.30782947508208
2.4901420909902
2.48800286805092
2.02617261918488
2.43128216310234
2.48010302753112
2.39830742702518
2.42496495503901
2.25441086994977
2.47120042957595
2.17586526119137
2.13604030032861
2.10238797110417
2.17606938905896
2.00149218116089
2.06657930641552
2.27968077158377
1.98189541270814
1.9793359291101
2.13983289379605
1.83187439889804
2.03766446490264
2.2124069543603
2.47236378021642
2.28554748761924
2.44713385951695
1.65580383535421
1.50380863725757
2.33585351354309
2.20977781274344
2.13463972375334
2.06415032501059
2.28617075051229
2.13933295013422
1.95478468766817
2.40156038302953
2.37893396876225
2.43893533227164
2.40467935768768
1.95296707690342
2.26966458203871
2.3291798810498
1.85861201144803
2.45800001163817
2.18924399121553
2.25520816144491
2.19251636755359
1.12523618940812
1.95937307964654
2.38039378431745
2.31072518026327
2.25536457110868
2.20146740433029
2.16604322111265
1.83907536675753
2.0323127989483
1.82930611106452
2.15421112505932
1.68142480743068
2.37109643439837
2.40432944785341
2.41531557580814
2.49713520614545
2.43710271485527
2.37171375594671
1.96549179299669
1.78641033850916
1.54456078910499
2.30081642852881
2.41676389020668
2.43384185281271
1.60258666412292
2.46679219694812
2.44899723685447
2.41764533288814
2.33437775181562
2.43315142626457
2.23170036090495
1.88086367949834
2.01818768440937
2.23898292388848
2.30813544184991
1.88328013737618
2.26215615864123
2.18194576516619
2.25486779482314
2.05145684330195
2.15175478230897
1.85559750665641
2.45500635809302
2.45074026912
2.05907505504666
2.16833063856714
1.92289123312358
2.28478624216721
1.88976416520088
2.01230264629608
2.03176228177849
1.65833535693206
1.56325008388631
2.14013373665377
2.13181933120901
2.08321530683616
2.08249499751235
2.38091781537092
2.19742976993271
2.04342697799843
2.17183903757875
2.11384857413321
2.06963855654936
2.17953344436872
2.26983880168393
1.72121413347827
1.94203572087856
2.22265876442277
2.42701754393462
2.4810461034656
1.91056194485691
2.43237404102459
2.03614723973033
1.97898390783879
2.43145247110185
2.3635286457255
2.12213939085259
1.98836076362105
2.29013658930031
1.79355999956447
1.72482240952841
1.69766710206726
1.7735879969889
2.18161594342619
1.9377054910852
2.16977927463502
2.03744784876147
2.34562589032688
2.25022370273554
2.41633063326403
2.01633264025344
1.63464167846823
2.0850803598345
1.70946915920798
2.11674851328375
1.98517852316972
1.83750583191699
2.27618545051825
2.16990730088712
1.82707770611573
2.30414941700402
1.90624046432768
2.32817473368042
2.07604649001526
1.67724737792914
2.32475439552765
1.91128209551322
2.04508256023605
2.11527447823586
2.28000212888885
1.82006513414782
2.4190271362312
2.07579791003274
2.02541763920468
2.31094648335655
1.93875110030265
1.84423214127887
2.05396019116289
2.22135131510974
2.14655490693865
2.16777068840728
2.11874416135154
2.06155936356723
1.72525665385615
1.7740681306492
2.12731745649966
1.94324690527879
2.04914143796603
2.16944461415075
2.13039261887707
2.13381478152305
2.06914381974431
1.87124921629751
2.12444011249916
2.15830473737359
1.93595238636478
2.06023708968463
2.29872107042342
2.04360349717138
1.90891848521373
2.12850457202499
1.5133486109242
2.18997006589772
1.93005776203329
1.65926512083292
1.79245107523661
2.02116045070911
1.79099896387782
2.47667426601528
1.79803960278159
2.36565476836978
2.33703252167335
2.33258762051643
2.42668311544335
2.16656807515374
2.25081999254925
2.29514449226914
1.59574846225572
1.34099542742245
1.69355596696988
2.26732409451335
2.22649829426674
1.89350401981122
1.74313084996176
1.23397082512976
2.04296865064157
1.81350109064818
2.4253698155553
2.37487480569043
2.44356851313317
2.494474512894
2.46277186929577
2.41521995097828
2.45175153544686
2.34985967512002
1.93426391789664
2.4090229142161
2.45592101335003
1.33818143575306
2.40192911538382
2.34023516486075
2.482750128975
2.4685760917997
2.37420087400945
2.37873359689658
1.98653711871429
2.03512045766106
2.11707988116971
2.43228122424063
2.24894986135859
2.19773425699662
2.32154105947413
1.95795287896799
1.8027183563522
1.99383426908862
1.52706050536328
2.20080573252146
2.26792267971332
1.91775561793366
2.25504608018525
2.19068622002236
1.65882607136183
1.94630665064031
1.67309174592359
1.93287236549457
1.63204205120324
2.17473931545033
2.38396910482017
2.340964629267
2.12233439569195
2.23640400934953
2.03184203196279
2.30299376933777
1.55221810752343
1.79953169182032
1.95720346526449
2.2740595285021
2.42489824704719
2.33772531969186
2.43100710182249
2.25455782406288
1.90070419727281
2.24669764432046
1.77319144925662
1.88024453614665
2.1188665179872
1.91126192521866
2.03240636030186
1.96165112174312
2.40830727792695
2.16492550127541
2.17818139614132
2.21682915643288
2.40041288441675
2.43715543374516
2.15745910763229
2.35679146064067
2.49071429715588
2.34309857403561
2.09076654682367
2.45037758276409
2.34582921335273
2.4415103506418
2.41929245610392
2.23327788391644
2.02184715820334
2.30445919681972
2.26467189157906
2.42139175771965
2.46114494098064
2.344071700991
1.86423419247942
2.04468550043674
2.45721378934917
1.83546252360333
1.84524539402836
2.1159771073604
2.00841384205064
2.41785096756348
1.98231960386162
2.24314103883307
2.09337798720187
1.8156579954935
1.60420265660625
2.09259795785961
1.69512407623829
1.80197408918599
1.85876440861521
1.37653717246171
1.35053456940779
2.02477055942786
2.35963841135631
2.3318966258185
2.1933182145417
2.09530302193672
1.65395559145631
2.02169000375483
2.33518435296386
1.86648538898596
2.11440873035522
2.11799666251829
1.49061690267681
2.32001810457365
1.75696624037921
2.30338830398053
1.8423437990981
1.83022839236427
1.92984474078135
1.71577285252833
2.24499800025154
2.29658876446358
2.13437862511313
2.1258429196206
1.85843727688578
1.74535074693838
1.69596595215378
2.23429668815387
1.97268257190301
1.88216144770653
1.67995083674153
2.10893612411452
2.28475604801648
2.00665775431458
2.27254698790466
1.96076528391426
2.31605696387135
1.4880799512494
1.59117726674218
1.19600808561921
2.29711770022045
1.8243037687659
1.77826110585288
1.94552913464866
1.97616872906363
2.08837571987517
2.14838553734909
1.91968885448165
1.75953139320743
1.99457922097506
1.88122142089789
2.0020406919025
1.74905334172049
2.07258308923686
1.81939180760829
2.02806131364687
1.9750704365547
2.12732387646443
1.88082890078148
2.2510985209972
1.82999860187334
2.22145084748453
2.05262081397171
2.21877163761471
1.81163693780204
2.00667033738191
1.97780202889786
2.03680614977144
2.25689863640782
2.33928597965394
2.46979134275753
2.15550847996632
2.05661985051448
2.34307829821814
1.92016657409714
2.29561226820057
2.19266572241548
2.43365674693363
1.45379330129604
2.2726115118105
2.34135433627757
2.19987170856003
1.91072688957085
1.48745107155708
1.8272005571132
1.81767295924023
1.796764008818
1.64613732458704
1.6165094286156
1.62327996437297
1.55740322425591
1.57161227272657
2.36529966962394
2.43049378856494
2.39786909395686
2.01584518644762
2.4003939849181
2.00217758674095
2.09770706711986
2.13353277871358
1.4928358326112
1.92588583694129
2.11522800233764
1.87855103492693
1.91182077353896
2.31777805608327
2.16960688581637
1.45459747493126
1.33080899588856
2.17134941770834
2.07439403308824
1.71948595208829
1.92988675134674
2.43158616017355
2.48054661052708
2.16230063481892
1.90274514497901
1.95555859525079
2.45299573477735
2.2940265319919
2.10189382329228
2.00104383143765
2.2299996681189
1.87648536002393
1.93731380512654
2.21381753015255
2.05521861298734
2.29688466868409
1.82679080939773
1.70517097490233
1.55654800799051
1.94763343903703
2.02609423293228
2.19903739493583
2.11348503156697
1.85194214941031
2.40098537742032
2.22748952073619
2.36676646066568
1.82047332120208
1.92540190168829
1.29728158193658
1.49134181874949
2.37236757256595
2.28335511442537
2.31569421066297
2.37569097647036
2.46871271354174
1.9239797427751
1.30224894824923
1.79234368925897
2.1292554175298
1.86845444057273
2.19419013959653
1.89526233533761
2.40311761889081
2.40076231041326
2.28723212108395
2.42426494396655
2.38222597550073
2.45268898248576
2.4977240196547
2.49115363196774
2.39125971914315
2.23127387053967
2.35441748396167
2.16588811037702
2.29592621119724
2.38698168027679
2.49344906941528
2.43693680966111
2.25686720012842
2.33797649044375
1.80983192509892
1.82295929043768
1.62794255558854
2.40723420544793
2.01390770397296
2.25476342802534
2.39046856827539
2.43027719129863
2.43029343542986
2.47168642425219
2.36090151019211
1.83135450902897
2.44777281887449
2.16306001394498
2.2270729348454
1.79736139005876
2.3117736470262
1.85603600075257
2.1552370357092
1.58583418701713
2.00979924758891
2.12925101126806
2.21251809631794
1.90868223112939
1.74852321241605
2.32473037963329
2.35212277064778
2.41608819297707
2.188345629064
2.19979587223865
2.3496518428539
2.0830837437267
1.4522351587426
2.36123904138244
2.35884086755428
2.49104901834958
2.49263394592844
2.41722850137049
2.3481350420464
1.9244664120096
2.1197433056977
2.25267241332159
2.22219380219608
1.74487313647576
2.21037475327788
2.10534209344552
2.33764579337412
2.18861358658356
2.2809919892714
2.42383797326086
1.72601835934395
2.37746063112522
2.188260654899
1.93368014373456
1.63834276231406
1.17569641333659
1.63251889349028
2.1118067164747
1.96542306356362
2.19312323989366
2.27694571467633
1.65735703887952
2.38692559266428
2.33567958032655
2.08669873935761
2.19322428205934
2.2826998901198
2.29546794406906
2.04412114253734
2.26302404856127
2.14996006316075
1.54965719777907
2.15639336309919
2.237266247112
2.0774594583239
2.17733509330023
2.220635107806
2.15789847959085
1.42198117194086
1.05755454215657
1.37876746116219
2.40506454728883
1.96134212627978
2.39299201978367
1.59859047399258
2.2904850059856
1.96414673456762
1.78845551623729
2.1276683264477
2.36991745024844
1.86362760670918
2.35414897289026
2.27100979891831
2.44066644748786
2.37544287730538
2.44204414465274
1.609742283302
1.82429285547851
2.40274333878272
2.29042953779033
1.6759670298536
2.38176102310906
2.10699952833197
1.41826706579791
1.73170746957963
2.07356195415005
2.21109102680787
2.2458597539707
2.31144059358465
2.30477943621825
1.89210415032651
2.34909196365659
2.49184655069697
2.35579714585855
2.0921976202275
2.07058890611277
2.36710412714763
1.98722925560998
2.05575789366115
2.28278851275849
2.12247721424785
2.3152732564743
1.73416920413283
2.29701496529637
1.99998604122359
2.40210333050131
2.18322976531052
1.75481480513877
1.42802143208569
1.82872799210807
2.34412267289329
2.12612443525791
1.87986187464496
2.01811271533225
2.3933660523155
2.23494558158877
2.20427261902372
2.42283644332807
1.95958859473468
2.09832037603166
1.65736180150558
2.23332320159073
2.37184666991705
2.13482581350451
2.09136523202819
1.68044186964906
2.25084218707849
2.20763919419647
2.35269155329792
2.18799539079183
2.1707421695906
2.09771418744193
2.34120589701747
1.4330517359202
2.36743907048454
2.03072182704888
2.16685902394722
2.41140205304985
2.38889128090615
1.45579534658477
1.69744268189073
2.13154241509337
2.28322050299319
2.26794568168336
1.83294550589414
2.20361353162614
1.83908746940612
1.54963969048776
2.23744656879749
2.19652871285256
2.12481267050027
2.23484413957305
1.97489621762511
2.02888270127683
2.11924870768076
2.08213705828917
1.98236273850954
1.82101493790352
2.05892913279298
2.37663698052721
2.3416520763663
2.31254230878723
2.1518794270641
2.08071948262457
1.95728292726401
1.80246668911044
2.22000507566362
2.13143258585103
1.8878681245519
2.15140693566095
2.23600032716133
2.25452637821538
1.53894112136291
1.63214474462437
2.04726199556089
1.996391360993
2.27652537490372
1.62640105105923
2.06446969479001
2.30178592121743
1.24904938588279
1.5680870209995
1.77189507281041
1.73449459216263
2.0320130540511
1.98231725748196
2.34410095363395
2.26926295172527
1.97517544592456
2.4502194072489
2.08220479553853
2.3822705998102
2.2993115391794
2.24127655868644
2.00047681698045
2.45556864552175
2.39199789547667
2.43167835244651
1.58055004159216
1.12191766717899
1.75172397460497
1.79733599395504
1.92223594881685
2.33208978254307
2.08456758674991
1.72654909682761
2.11640654477647
2.08776746193798
1.96864772845872
2.34173552547276
1.77163085897813
1.96352042757235
1.6230198797877
1.80598211828392
2.08078211096625
1.67602339016435
2.17445962629243
1.83291860074216
1.79008721545515
2.16406512367381
2.22517850677473
1.98760934899427
2.05848101856382
2.22920437907994
2.29024230187188
2.22844750304544
1.76615139031043
1.85956516058055
1.41487263826147
2.13659046782164
2.00499136500582
2.07824301537257
1.96551303343949
2.38355821861732
2.06269890222454
2.22248034569847
2.18076339766131
2.12539872220362
1.92823169730794
1.5687079533517
2.24531556331757
1.89727957819674
2.10007516199968
2.22477450611312
2.04953937330956
2.23494321778701
2.27144823545603
1.9976627755031
1.91080603174767
1.94083653091331
1.83928074576733
2.26821595810136
1.45328903762265
1.28653992318078
1.8664368460019
1.58077849250951
1.8356043005869
1.93741341114731
1.34702788771601
1.81309375572167
2.21717742430638
2.36614059202336
2.32163286005801
2.03407051525356
2.3530944384097
2.02803346482857
1.81054680786111
2.11271912151958
1.95350469997063
1.94180129090289
1.8269483208729
2.00526809911716
2.06110332238546
1.75834150089018
2.42285308183146
2.25123833772887
2.24005714100167
2.13150856689953
2.2038328186909
1.61618461947556
1.93334897869916
2.27335195009713
1.41240010354078
1.73712421920792
2.01944777342222
2.05562489089245
1.69098145797594
1.52825709759447
1.90846481633891
2.13352068483964
1.95186309409013
1.69777138134508
2.1452941819627
1.62053965111014
1.78485159101851
2.0274934522116
2.3089734665682
2.12346510539135
1.96081213290364
1.93592078917748
1.72384876129179
2.08657417077597
2.08444682386741
2.16725040032992
2.18038920643167
2.2152098839624
2.12860988663694
2.29203563039047
2.13056735657606
2.27949246079997
2.23148013925611
2.04539209624278
2.31783862357952
2.13182524853243
1.94156815769458
2.17758827086843
2.28246508983244
1.78296430017905
1.79649426285466
2.40791970009454
1.5511208599232
1.79911840026662
2.24927440324084
2.03846244022178
2.08455545599169
2.15104618683521
2.36622128637907
2.27883083767002
2.15003156623267
2.44447923035188
2.3535065643268
2.18531215203644
2.1084165829133
2.4316707092887
1.87739424189285
2.18827771671626
2.13460183017539
2.28372842040535
1.63661900901341
1.57319997772177
2.15604325726697
2.00704252357967
2.25277473435833
2.35316487154476
2.43034012489554
1.75723699719731
2.02984887452162
2.18315492054041
2.29642699382132
1.72622146713755
2.23341007356952
2.05619844691836
2.14479988688273
2.04230818135412
1.9154557360864
2.02800211047465
1.7216300536137
2.29650068891003
1.65360959644677
1.94846192486927
1.99807052563053
1.80491915555151
2.10179449777947
2.16720276348768
2.06837625300805
2.37998131978788
1.81602704292535
2.31088312824387
1.73433592835986
1.96594291196024
2.13676946072623
2.32220313385299
2.23114558064635
2.21682358378884
2.28499953779079
1.72927564796565
1.65584934894305
2.20050641825167
2.04304340646076
1.86514829444265
1.75537902814997
1.74588674012297
1.57542712251761
2.03059942846025
1.89553408910514
1.19207595233939
1.9910354372429
1.92124061160406
1.93491140552853
1.91347736737964
2.26560126409347
1.85099823354839
2.34661612423217
2.10938982690723
2.18257282708176
1.8372538308913
1.74376648942254
1.79403825821629
1.79316679189027
1.65236350078056
1.70546991898728
1.62990974042303
1.9715103931897
2.36826930663213
2.38565991075212
2.09108475864481
1.49661341843411
2.13115446223923
2.4069632529878
2.03737775193282
2.38308438580744
2.17200398731818
2.20080961844169
2.02580457798
2.12440819232092
1.363262255059
1.72964106174865
1.80377496060962
1.82252776105309
1.88025257964979
1.90786593387481
2.2245087351153
2.11735423427607
2.14909363009293
2.20910927799182
1.93563695910642
2.15822126300031
2.10315850415883
2.34251809770959
2.20145008102106
1.96899260993858
1.40433417859047
1.07642508066896
1.97347317371295
2.07769706950981
1.80300902924671
2.31084050373923
2.16778741631914
2.1762929662574
1.78673385477686
2.09265739049798
2.32581002936448
2.11819945665699
1.71230300821279
1.78037109709016
2.389423384329
2.29254533257278
2.05012646050859
1.43545483644334
2.25489370294062
2.29144528642159
2.4606304604804
1.93178693761818
2.13685611459677
1.70129501941762
1.881190257311
2.10282690278353
1.87847852960082
2.04557108248834
2.35448407042823
2.27704958940491
2.47846020540045
2.4489885421449
2.06469137522809
2.32583387269664
2.20698119385604
2.29208785853449
1.7838194951249
2.20550756974896
1.60801568562844
1.71208902457436
1.67645653820039
1.75276799854796
1.68686103997337
1.73331024154835
1.95809750084973
2.31495465587051
2.38504051007284
1.65109305823896
1.85862244272855
2.07675744527207
2.098908014014
2.0643898195745
2.4081555030943
2.20614340684482
2.37258607301951
1.98632512807778
2.08621964562095
1.66477194290017
1.94579431359328
1.8229335353335
2.16803605922037
2.32554242328044
2.36306377339247
1.82635969179186
2.10584956895179
2.01551965464091
1.91707420102214
2.24425467569689
2.1629934268534
1.43942527203056
1.87129688476008
1.81564948251785
2.01732776025286
1.80079997450025
1.67527732099017
2.19997981978003
2.26609056952574
2.25815443146291
2.31716395023832
1.91790223655689
2.22784872165282
2.21114080608533
2.35902747640472
1.79291905323017
2.12019231025295
1.61623819069519
2.36929794086198
2.02907478087743
2.19453666864958
1.52696242438472
2.22030305970035
2.08234087841183
2.19349448515022
2.33389786121929
2.02665718878649
1.45751141462028
1.96072485540908
1.57213221671484
1.8478655744968
1.857084534287
1.34645350636086
1.79125328859988
1.51195642721835
2.16261202833144
1.63169463408838
2.07243955571131
1.98227928851512
2.40848734487014
2.19935315173459
1.94314886354078
1.58471744916388
2.22139956282674
1.88936057854387
2.07173238420557
1.74104282446971
1.86920681300079
1.90662683684216
1.97482386198067
2.09522677475246
2.25154020988431
1.94107868129265
1.71637814415578
1.43412674009239
2.11889765598648
1.9997875522023
1.3101583852525
2.05510538013069
2.01287672415491
1.0846831490381
1.45955779193739
2.21314029078863
1.84126935960058
1.97186927570546
1.38883514103398
1.976344389352
2.11453535754784
1.93177301176293
1.77296953874613
2.05929111210966
1.46672494523451
2.34039658053602
2.2327609230555
2.33250369674564
2.12755030962811
1.91780952277661
2.11847638657075
2.21128918854419
2.36621580411846
2.31583782185591
1.88662667275831
1.49552017016173
1.99757209044143
2.24821871487095
2.05897859114057
2.01544920621761
2.20968292684175
1.89838673593788
2.30238212160366
1.57263673198935
1.74160258817741
2.31006774189726
2.37764445546196
2.31292793398147
2.00892484611448
2.12804315228034
2.24004161968653
2.23367401160649
1.86929159362801
2.12018155872408
2.11667852560872
1.9201066020797
1.86934179930457
1.86755158192641
2.11388125567912
2.02838677432186
2.21736732969049
2.20361044311167
2.20388137920151
2.32763406585196
2.17266400134604
1.81128736918073
2.27325308085788
1.53298083709392
1.93226367847479
1.82662477077115
1.84758710718122
2.18949266796167
2.10702151484606
1.83973740325355
2.15312700984051
2.19956674305955
2.24207550287326
2.07027466846216
2.25831141719393
1.89054574894396
2.24424585816501
2.30806518470842
1.93522324446168
2.10156061506207
2.10690347292009
2.37093145122656
1.93796403108243
1.94621733898554
1.80187700597382
2.43735420894561
2.02280690301522
1.78330768541895
1.48527756742274
2.01029986161549
2.16956660334705
2.44463592676827
1.95971494355965
1.88060823580289
2.08233599623218
1.58710924342129
1.88200092245149
1.30917268056182
2.27547114797711
2.17823848107098
2.01082043434705
2.33932503257346
1.47855879540323
1.61467684547808
1.7390191578973
2.22023928005331
1.62706719007546
2.23093620137368
1.28721519232284
1.92996583446767
1.46148048272226
2.22654461481843
2.13208980625822
2.33051470328458
2.48250302505699
2.39967938947074
2.18732385167541
2.45224802374176
2.25704920992891
2.33929898776202
2.23903416592994
2.23067785894697
2.20420213305696
2.2234701801972
2.16286586838614
2.13367161861709
2.01722965906345
2.0010815859537
1.63032588657037
1.52470375782138
1.9441321184944
2.38425267780765
2.14112474298537
2.20631729101089
2.19026870933948
1.48810675819475
2.03778806852254
1.70694974872155
2.36977951037203
2.32571443406339
2.43942475644513
2.47242569047168
2.49688019727475
2.49195831180916
2.22025995120658
2.49121375649449
2.4171852242217
1.58479654806901
1.93668816413256
2.31070408319808
2.47309054921538
2.06594621018754
1.65360065414158
2.07818686993321
2.20590415748703
2.44354151278734
2.12882887638158
1.74240584934725
1.95701914895316
1.83186787028334
1.84107504928622
2.03130732845655
2.32802632556402
2.36934270892471
2.29434258664446
2.1897669942417
1.89834356904354
2.1045186423949
2.34119445673404
2.35462276900776
2.24405667167524
2.04118320151906
2.39751594489713
2.16902834342038
2.17645926225203
1.97783198665399
2.14288026595954
1.98297160338713
2.39643062876042
2.2761829256556
2.21258477502949
1.60797764967863
1.95465134643011
2.2711646629813
2.42013086601598
1.61689397411774
2.32686871011747
2.18219748610683
2.2402785549885
1.94012201484958
1.91851096266327
1.78114740951654
1.69256054897522
2.2505895859179
2.17650469085645
2.0225722933182
2.15799995694608
2.045195949745
2.27199719618519
1.86061601536805
1.88532437600008
2.16740638490903
2.37031285187069
2.28394848461658
2.18534023063119
2.2946470352983
2.23904036815003
1.65813552799593
2.10135330140596
2.0958525801312
2.07347850199085
2.13875819724598
2.11785300694507
2.3056570885605
1.56435716750271
2.18162103810545
2.15633532724315
2.07061187246351
2.23507794205801
2.36144039336587
2.34831877889235
2.12748560053487
2.35061421288332
2.28757391707542
2.36210240721012
2.17775051566401
2.42356523507355
1.39922896196403
2.05854192771175
1.78167642817402
2.06886795123746
2.22074996034522
2.29361666909819
2.43985038224305
2.0058294946058
2.10280719875555
1.84522856115866
2.39647788172287
2.08106428352411
2.08889864230941
2.16978576396559
2.13919924674328
2.35192315433197
1.68334447346989
1.23017684152882
1.60359714144622
2.07318593505999
2.45516546700152
2.20086929003945
2.20740348859327
2.33145102702676
2.47131986698181
2.22114859074865
2.17553217072966
1.83673743404595
1.48333335825382
2.29980232711601
2.16773659585379
2.07776566584193
2.18078123146124
1.91256291216741
1.62403134090365
2.13843661468058
1.41844484738667
1.58684287065032
2.29284028777275
1.77563092246076
2.39237558708481
1.83536793087785
1.6623632219641
2.13345675332499
2.07657881839496
1.90914099883208
2.27771910086159
2.0332073791692
2.17985679869096
2.18855215719861
2.46854313181604
1.84565556541123
2.15924556601058
2.1639846424929
2.39277571281579
1.85232944516456
1.98039125998766
2.2174125867881
1.86866051461743
1.85054511554161
1.59958963267691
1.61618891433076
1.61380330838605
1.89719191519085
2.44534356603173
2.05621250428589
2.05912553713564
2.06797605521508
2.10548706750742
1.97888160481238
2.36625281360511
2.22603575537623
2.21009121249616
2.18639382921478
2.26541877572992
2.00036428049773
1.80141755550803
2.23436318209124
2.42455334622212
2.27760808282949
2.03200734434107
1.78572243287463
2.12333187516825
2.17235315284955
2.11229193867436
1.71540069212485
2.28183708027571
2.30160626482019
1.84084486709576
2.37872444338582
1.55375266867567
2.17188368154498
2.07988895123216
2.04008319671308
2.2101205347742
2.03117404621157
1.51859410054774
2.37380854174124
2.1117468268954
1.63166809840571
2.35443760649016
2.23738468743064
2.07464415631058
2.11157244636793
1.87444072111601
2.14301655998804
1.10516471665648
2.0578074376957
1.91583233652182
1.80902207818971
1.4783774631328
2.11152804627511
2.14554551593078
2.14877409736278
1.84684187656274
1.69049980708691
2.15899482802009
2.07660168830745
1.85551153789698
1.82830626821582
1.71961563846973
2.07842476345687
1.8466644714753
2.39108788992426
1.5629165691688
2.15281787250421
2.073090878467
1.90090398568121
2.07125728122957
2.14293402600168
1.06629343312381
1.75681456354064
2.14184254401378
1.59949012389929
2.17142971654521
2.33379921008531
2.43476921968954
2.16662538690834
2.41362460995197
2.04390800897494
2.00750277362017
2.30071673909848
2.25720649858412
2.31905663453485
1.97414859064385
1.67950648843491
2.00662980211548
1.73098490139992
1.3237428489853
2.36086809194719
2.1805339846834
2.00883883849945
1.36709334929384
2.0057168799651
2.39357267373816
2.48139325533325
2.42254874838813
2.43629591501355
2.16169887633879
2.43203786502154
2.37646614926568
2.44093937915845
2.49005452415113
2.37471595747681
1.75243164209633
1.94918681839872
2.05021584502215
2.3668737067243
2.1982627785204
2.1159234158125
1.99973589868
1.99669627326369
2.11421595245
2.17053513164204
2.04876947783547
2.40356418312666
1.82713066582717
2.11798795307187
2.47893369098327
2.44453408725028
2.10082367643304
2.00868373646362
2.18808211003841
1.32327645276091
1.99081677949558
2.45455899795689
2.26361871573508
2.48979686485136
2.44694163401564
2.43205924467984
2.40281264843909
1.89017776676194
2.45515993569652
2.48753882201382
2.19158797729136
2.42970813540715
2.43864364159223
2.2254329403876
2.28771306750426
2.45518219673969
2.13545648827485
2.20910770528443
2.395173639147
2.2140389174599
2.44475753054111
1.73407109158499
2.29817662270084
2.15342749744624
1.94444931014799
1.86362470152616
2.09661869296077
2.15746748892808
1.98335036717735
1.96788773079336
2.16254455041614
2.37017464959571
2.42888932312486
2.12171463113249
1.98896525716812
1.91644142885545
2.4841064495485
2.46162698884384
2.33731488452225
2.22984128693641
2.2050912765349
2.36254924854424
1.89366207993542
1.72391356509421
1.86005947690144
1.84119250833566
2.35807176582749
2.21241806128094
1.94637408110935
2.20966296491839
2.35594229905653
2.22840974475978
2.15798168195998
1.68023514250224
1.62104576091506
2.16670906509152
2.25461487423258
2.12826872982876
1.66674308690109
1.87620978046934
1.61248764393493
1.72690806221438
1.97059568223633
2.08620319702966
2.08969162296302
2.32339734476166
1.3371400604918
2.04556200369251
2.12770650478722
2.31978696777975
2.48578717890086
1.94626467276656
2.25929242747625
2.33783327600568
1.89683954705914
2.32011656929721
2.37806433818015
2.40887930970348
2.08789249431686
2.132225774817
1.92199865286499
2.02756557701928
2.34534340981399
2.28230626923977
2.38304643114927
2.1589465125679
1.71049701631005
1.66047177739378
1.77444906856877
1.71179237476102
2.3054643128494
2.08471917876213
2.18887563340751
2.27199533325138
1.98721189376857
2.17463758726801
2.28098515013208
2.33954269548054
2.34563171532764
1.80873778008236
1.53402408885189
1.65970632701857
1.94643600628122
2.19481277416434
2.4324104497484
2.23107985046763
2.44447478407394
1.90492016984508
2.43750781347982
2.38231195407394
2.07314375486756
2.44697048652285
2.44239882950737
2.20970791372138
2.17937926576413
2.10558196273238
2.22309031000694
1.94933029094382
1.43117025233134
1.48928755824765
2.08287522674819
1.87400844900552
1.68063729550467
1.61015398466703
2.21853056630738
2.01585360425415
2.06999421868184
2.12857754914131
2.16803682632443
1.99870170646572
2.15553356270508
2.05566446330996
2.14207593896424
2.19146183183001
1.92111719845248
2.22310341570331
2.1238644611296
2.33911089354712
2.14105088819242
2.30389282688463
2.24289070452355
1.7891789690677
2.2606441179221
2.06013314777932
1.80207618703671
1.81007918691681
1.98763130817098
1.93022969167255
2.08691394134785
1.9644733762099
2.04993101489435
1.83275060365339
1.79829716241551
1.8436909600387
2.17928216312223
2.01140822798543
1.88524123476688
2.26222281204945
2.25805235654914
2.41827989005121
2.10698213351208
1.82326923166413
1.75339929824502
1.11361356720261
1.61029916709166
2.00465263181522
2.16403023407956
1.29910641420362
1.91903297740458
2.29532447773214
2.1559390759168
2.17597734626707
2.22868211923706
2.24305387737002
2.26093213558985
1.61412981816681
2.30923930079352
2.38968492557852
2.21402438646731
2.38007750726124
2.00082338714499
2.20788525489148
1.66060536143135
2.4541949032771
1.90590151783614
1.74720134406524
2.3842506540914
2.15168041086886
1.99978633233117
1.73983132502814
1.87137408708051
1.80562383779988
1.78834263720796
1.77124823039716
2.46014254222305
2.40254707252287
2.09950995151066
1.78549447202629
2.15840674596708
2.48137415780747
2.38778741375439
2.01416778931889
2.43586468424138
2.36323080153108
2.36411709318735
2.41712167578915
2.30257164253618
2.48968258276592
2.22904304631331
2.05683782268749
2.46656687400399
2.47838576641311
2.38886166000188
2.05473940569521
2.39131672777432
1.70693358664773
2.20014508799104
2.12838213269909
2.43368450133211
2.39117931802695
2.20745943788625
2.09857200178724
1.48362301219233
2.17058897568808
2.45175232021218
1.7580745759334
2.33211166393806
2.41201982723644
1.85218757138758
1.53974201163739
1.55607892301664
1.93385626106655
2.11581946885969
2.22943458298368
2.43988407351878
2.3481175295193
2.11403830156778
1.8202351821863
1.8705674084565
2.10523095765842
2.45413415802598
2.23025066865436
2.36599444875496
1.62213614959577
2.23105123479325
2.32978874927239
2.37489024735352
2.37948932372299
2.31929822658591
2.39932149390238
2.32145178227922
2.28915774639607
2.43235292052657
2.11923104225304
2.43316478332749
2.08473115079657
1.96362776029207
1.83114690256035
2.16571198578951
2.08878981312349
1.65321376097345
1.99036866007265
2.39922114593366
1.7500320382977
1.87442997723304
2.24854437200329
2.1735420970278
2.28196328349345
2.17768386311821
2.34233281028877
2.23400555678947
1.34927947355337
1.39047852071388
2.19221329334459
2.46471363708594
2.24165836970667
1.68412184080117
2.26456510057324
2.27598144944908
2.43908524461761
2.29301667533917
1.6267050832275
2.44601789527934
2.01370864556457
1.80677868237776
1.72868818704204
2.10464626750107
2.32821578829888
2.49485174818375
2.38432900838433
2.17399046756597
2.10703579221143
2.08407508179888
2.07872695332245
2.26999171962217
1.98142118900645
1.99679639112146
2.17850701413259
2.24748138718336
1.87274727656366
1.87300426728577
2.20034624162682
2.21012182741852
2.00421297994903
2.30857705665147
2.41653313117901
1.52008986140445
1.48243039830182
2.34214922960145
2.04490275129362
1.67950412137296
2.03232151904227
1.75641962918008
2.21698834922763
1.72949414375112
1.56686012035226
2.07002741893144
2.34715893157465
1.93621290107221
1.95668331251879
2.36145076824234
2.24242497760827
1.95523507550824
2.22122875657829
2.0072692986071
1.26438304150955
2.35218098357936
2.22369776446113
2.32103584627946
1.98998218653492
2.25279469183798
2.11239129363841
2.30661813336744
2.28109292998308
2.00608349258535
2.45903880243243
1.94227709159836
1.82646420029759
2.29648825022783
2.47745379484529
2.12201214517124
2.40772756365821
1.89213181756515
1.6990321341942
2.43489842910135
2.49435168662043
2.46022281215979
2.45510619684192
2.14766940377241
1.92705966509845
1.92792362199385
2.27799288621378
2.37776408954471
2.20429060978947
2.31582610577449
2.23482030547072
2.28722492544726
1.49295774032231
2.04733204302816
1.34420637854011
1.33486620648613
1.83458593510454
2.19681636504561
1.7494409275542
2.38116808318441
1.82933389925289
2.21775370513799
2.38498814637073
2.38715956217343
1.44324007720257
2.11880220598837
1.67318504971823
2.15720231049964
1.80686403819132
2.06545588938213
2.32518141658186
1.88283923139949
2.29900707752804
1.98896834351605
1.91102648993255
2.13790275515751
2.08346792680078
2.29443567413909
1.68162244628079
2.13343875741678
2.16752949780252
2.19387721416174
2.13975277678826
1.50788426707259
2.30826294326748
2.03548689645647
1.86267168962893
1.98577501328636
1.99761400793977
2.03948018908663
1.99655480577742
2.4214590920999
2.30774319335304
1.88306616297391
1.84823196965541
1.59536828361136
2.07804437750007
1.73422297141608
2.0547416204695
2.3170008371202
2.04342106654605
2.04573811658973
2.26974988476943
2.24310213108877
1.88188305706214
1.81841696924366
2.46829513213756
2.49929642902041
2.49946211890616
2.46453947346765
2.14983987484171
2.35762494786173
2.26697339939199
2.11840096242338
1.87995600769446
2.08115621450939
2.26113590548468
2.24816435994879
2.4407169559158
2.0545246186314
2.18962660250556
2.1309717533111
2.03258190001364
2.26467212696676
1.93970761121532
1.76503242128401
1.47893608586858
2.15847499262829
1.96674379540803
2.28813421505633
2.16092455073088
1.41304057349994
1.7555569912083
2.04227520171634
2.26489673751805
1.62093207410859
2.45863923141866
1.93221212220149
1.40905109255159
1.40187889080039
1.85445561471702
1.47505717564047
1.38728894836088
2.02277435154156
2.07336076283688
2.35303592938421
2.0558857247908
1.930121831538
1.75608763493824
1.92160054673315
2.08415967993628
2.0836043457552
2.19009157546027
2.48571288973477
2.35849924741908
2.20273598739066
1.95271126670152
2.28795876676779
2.00295979428276
1.55651487830109
1.52972091877058
2.10340573211003
2.16345443369581
2.43699078222081
2.35754411934709
2.18872707906167
1.73481885898647
2.23274855293451
1.60188858313302
2.23149767018948
1.87099858904635
1.89668127838045
2.29347503107942
2.39415132222727
1.90470460595377
2.43709639952215
2.35148470756857
2.18006235547146
2.24586453858725
1.63326764372821
1.72618271022271
1.86455782894139
2.25036032466782
1.91821953490853
2.1479472364363
1.60590565542684
2.20547147792728
1.98568054343075
2.37115471917244
2.37752688795492
2.3223565948617
2.11135250859487
2.17530838675998
1.91922682373769
1.72113675819541
2.41876407554368
2.35981935094322
1.86868884921122
1.68015830777187
2.22866965194742
2.28738478291405
2.26361907087951
2.36851769833729
2.21527632150147
1.6897846011135
1.56744496112682
2.16216252872397
2.26410203374688
2.20291037294598
2.27656710187855
2.42969468275639
2.29494023687298
2.46558519463328
2.37774611425212
2.31812185130846
2.26854467827847
1.82078849047219
1.17496206646934
2.311587399574
2.04255040525849
2.40090979001998
1.85798131612958
1.87485062622616
2.25731784162576
1.79402295496876
2.03283343231659
2.19611029277563
1.74389280750628
1.97627285427786
1.39695467114786
1.96070287835927
2.00662523644688
2.12483071969682
2.20859218700515
2.02067218163253
1.59931911863793
2.25833592573376
1.67452551105661
2.41094040893381
2.13720934300216
1.96842072137803
2.05227716800656
1.79594363434153
1.71691763631747
1.79622708319533
2.08991665823182
1.94530143090434
2.20599046745361
2.43953655600924
1.87887845991848
2.1531563493229
2.02433751789682
1.94567918798709
2.23751109645688
2.01085880548516
2.11437607819988
2.2195928520175
2.08096588864753
1.65784526401481
2.0842513782515
2.00641920368755
1.82153186829063
2.12723814795823
2.20584010498461
1.7832083600651
2.11928847980582
1.67417826994118
2.29495392296952
1.94146568610866
2.32269198551322
1.84418360588613
1.80846499647958
1.55380745322422
2.12425651065321
2.26717634565609
2.2043921616918
1.88528967621886
2.05818033452776
2.24864742671822
2.25975247500976
2.17707420039198
2.2116019384645
1.93331296516337
2.16989232412783
2.00111615507561
1.8207685629962
1.96799332898007
2.2422310532048
2.30084778790395
2.07063395973335
1.81473576210628
2.10791223978258
1.68711704535525
1.43814954804831
2.17021472773423
2.22073105065529
2.09523913335616
1.4173540616444
1.76572234591512
1.50330700941684
2.02319879950338
2.14715057103411
2.22207405447094
1.64569016473304
2.01994343447037
1.99711852992681
1.97080309799558
1.97034453850114
1.66732054571198
2.08658031694882
1.70890826820414
1.72182797219251
1.78911985192064
1.66368326280211
1.71285358572629
2.28009522647752
2.24372203744674
1.99151696021702
1.88220583798891
2.1637324662312
2.08517285426452
1.99082510973659
1.96369569775097
1.62074375802619
2.11305785774855
1.95329183761328
1.84183276505925
2.04399163377152
2.28349736035768
2.16420039683499
2.0000545695353
1.88687644081493
2.00744331993886
2.37453901619018
2.0328720892727
1.92222103086212
2.14909295315103
2.30234380934659
2.19878872867513
2.09405243490388
2.15537444544054
1.95186595594932
2.07211096250315
2.09093230116753
2.06068460909814
1.75895548091378
1.98137350188338
1.31424507350968
1.91948493494687
2.19726986332046
1.92591251376717
1.63867813715366
2.15223894667752
2.23129510773786
2.20025555045997
2.26383436405209
2.17569411753294
2.03856578738198
2.1231757874395
2.23041837862128
1.6817714543341
2.42074045595409
1.43926204298805
1.77594258111846
1.98793117386015
2.41413198823404
2.21095411787887
2.01654744973694
2.08783823322652
2.28397896766877
1.77829276869013
2.27842073151659
2.43393398464203
2.20554625719071
2.25048154562136
1.98480012176639
2.11290337902457
1.68141440456734
1.9194610549563
2.26876906601215
2.13823991266372
2.0524050802906
2.1399633544912
2.09037535886347
2.23356729650716
2.16110181387781
2.06515508931942
2.13578175921761
2.21195794853187
1.88844705481048
2.28437237884387
2.0674342436714
2.16574984806735
2.25233140054295
1.955816787073
2.24584643880956
1.62698607065628
1.7656462232631
2.14372882126558
2.37512311322817
1.53926442875102
1.86726736184168
2.05549975466392
2.34192558943869
1.9410847024761
2.44499992866918
1.95385066919848
2.15301007547256
2.07280113523048
1.75247590250188
2.02273753088916
2.27337401992467
2.19148961558149
2.12504271273437
1.48400253798074
1.80121490663445
1.86322101308904
2.27658114397679
1.99133807275254
1.73974172598033
2.16574532508653
1.83763725340812
1.97965885572478
2.40273794394193
1.42227482148333
1.70323972776537
2.22348942539071
1.96717049829192
2.10743308619816
1.38889460140796
2.38425272273691
2.12261564599908
2.275317853163
1.67027556252517
1.7177496911171
2.38037136015177
2.40996014167099
2.18088373902316
2.10980453650623
2.33967384284515
1.72702896002734
2.32901505510067
2.23476314593697
1.92296856665765
1.94166264368612
2.2519412029517
1.47975589290888
2.38211450441936
1.72814579481024
2.16521920060066
2.45810753618301
2.11483986482754
1.66860445999763
1.99539789586877
2.04986730019412
1.72895765265236
2.0687259822781
2.15380491626315
1.43504842679503
2.06638876722293
2.3808266985932
2.30223606579181
2.3025070943545
2.46111612225215
1.93880098825502
1.76087805873261
2.14386450698113
2.41966529650527
2.24784995943646
2.27458050253421
1.99314624947553
1.78376881855364
1.72729348521046
1.56249236600378
1.80717916098
2.00787750247096
2.18266160183652
1.97584753399635
2.12216638516947
1.65149988772306
2.10398629424348
1.43119646372423
1.41030439187973
1.96432055715067
1.93835515262213
1.90613668778789
2.18444873929573
2.04936070408058
1.9133477975521
1.97733583201614
2.41281322573303
2.3011348988136
2.37516241435464
2.21445239978424
1.92569146445974
1.51827216256929
2.12385700456477
2.1948718306824
2.20880038819762
2.31164420086322
2.32243547472959
1.95491537323753
2.28536158958413
2.26818323905328
2.16820532049917
2.25837083095592
1.93873632409044
2.24178689250356
1.60436603751477
2.44161329095539
1.74537090822506
2.22827767567622
2.20184767583488
2.11248851925433
1.98620210162724
2.07793429617348
2.02997569273895
2.0148822236745
1.90777205575948
2.09507898776192
1.72488477294783
1.26532805610159
1.89349306715937
1.86786985710593
2.02269956692334
2.01299707498662
1.92424322618244
1.66071677517818
1.98817064006029
1.96624891320056
2.07430702498155
1.70735895641456
1.57660664125764
1.88037256555279
1.74961335228443
2.05771221266616
1.4900978716533
1.88213396503038
2.16839184767898
1.90960764104029
2.29415848125425
2.20140178260783
2.06109452210875
2.14077332124693
2.37421397663085
2.25909110720899
2.0632284124612
1.93615106397387
2.11991232163974
2.22876006604637
2.27045212753674
1.75267412811006
2.16388882198197
1.91849478846674
1.7861388104441
1.62981976818749
2.07751216376412
2.20452745115074
1.90080614753313
1.97142934314972
2.23989932501683
2.1023774654174
1.55999246272956
2.04995118754494
2.0674523311112
2.15183949833308
2.31264459618659
2.1040620910651
2.20056856442306
1.87795495309979
1.75435169709707
1.95036432092216
2.10249055036747
2.00074953428876
2.31347761198227
2.20500894567843
1.96487779366155
1.91391351015868
1.61698971370895
2.45961356812102
1.57763691020389
1.80729587002405
1.81689295372137
2.1063249148817
1.80517693176928
2.02795237618899
2.04944592308065
2.2921705495569
1.67003953944066
2.07193627192242
1.69739488653294
1.32454802248775
2.27547771274737
2.34524898097837
2.11259954974592
2.00928697772347
2.04869038746682
1.74517869683277
2.04381641302388
2.21023344094425
1.9404381115785
1.70389036321195
1.95480956991021
1.85490015045036
2.33894618199458
1.74140643575771
2.15935796125748
1.83980261246569
2.30103208941253
1.86720255736194
1.77070365448144
1.92272330841465
2.4352037532679
1.89093042443894
2.0821605251269
2.16649052472476
2.26673808347278
2.35192106147689
1.59071050611821
2.11337022480845
1.73753139862283
1.49950712322382
1.96804656278081
2.050834832584
2.28847986564626
2.41101674559676
1.83160149518043
1.81673639438329
1.32249961891579
2.41932961446938
2.21918812754124
2.12101755959178
2.29839013874631
2.47508358429489
2.37670368862215
2.26278247599411
2.48580392657097
2.32361942706599
2.49218113999731
2.36423781074255
2.17420433831563
1.91040892408579
1.93463319228583
2.29457989398851
2.34475950752199
2.03154671252823
2.028125540942
1.95313689812357
2.33401909813562
2.31110412833151
1.93314986373618
1.61473771020654
2.33644496552162
2.13389940592387
1.63949895297698
2.04692020421397
2.17384141481674
1.65959330379747
1.59404552282269
2.25653136154955
2.06362279011856
2.14357800557408
2.2767288983494
1.80063090009971
2.38705241494498
2.1300283251124
2.44010190029856
2.2017221350082
2.3279239159204
2.07036804066593
2.05849440903697
2.42243041174768
2.13014468422057
2.22432494278327
1.99716245240115
2.02662832147469
1.49215306933783
2.25562053045516
2.26793318995264
1.70953808358883
2.19586692829068
2.35290245285016
2.41524393586647
2.31945197546492
2.39649852195426
2.23693611892013
2.26336561152899
1.67300071746607
1.64298052487666
2.30229667800583
2.07862051608043
2.29071704999337
1.54710575498365
2.24081109797622
2.0356414055908
2.1936341470234
2.01554170920763
2.28781349304416
2.16233766770546
2.41157586662722
1.44252138584219
1.99848693453621
2.15691441482368
1.86136320568787
2.31913925698599
2.32789726963448
2.12851611585592
2.12739646918122
2.19898141312891
2.207439446372
1.89694186300448
2.41310760238571
2.47359018300654
1.9325843241547
1.22190483854263
1.59615885018324
2.30238371868548
2.04770927840409
1.889177327254
1.72929971471035
1.90525445890005
2.0807870428819
2.18565290529286
1.93200621035528
1.33692176066553
1.66329682726716
2.21989279421972
1.73281423448721
2.22420251473918
1.89170499683424
1.43767148916467
2.0126112329155
1.93207524506179
2.15395302115231
1.89194267314713
1.26311809430317
2.25298379859823
1.93280140803261
1.51639021119929
1.66336208999314
2.22323497318444
2.18501328219182
2.37052675930909
2.19476640176016
2.27512882444284
1.69213305551607
1.69286340317472
2.30608438531474
2.36995741338653
1.92750027223089
2.19152442786064
1.84644289072221
2.127111153701
1.98885567828969
2.30149642373107
2.05128651607055
1.56236149469584
2.35194688209099
2.30163575215279
2.33851399300976
2.32880134206267
2.14421650138946
1.8547367820109
1.9933249275701
1.8463835691349
1.90484021142357
2.24388780320186
2.42001337899053
2.3406529818238
2.04739255999087
2.41896824041667
1.81566020742929
2.33083611466234
2.45190918888652
2.40742881188334
2.39710970371579
2.36680740366153
2.4523681136974
2.36349114588136
2.46278209904953
2.46128034148773
1.92655991211815
2.15449896984459
2.47741907649927
2.09854999954723
2.28990084510283
2.05884349077696
2.48461534796171
2.34910795232646
2.32096353645902
2.48807751778178
2.4638912999543
2.47022491735122
1.7941698642271
1.59729536805913
2.02475058044402
1.7495340201607
2.08720911129168
1.95675437778381
2.1179746511672
1.79695022768873
2.05524415445455
2.38230178332375
2.01567120145205
2.04972914874397
2.09045635596869
2.14810016686069
2.06348030428416
1.99962825927491
1.61675603442496
2.19982966537629
2.11815239615491
1.71045516585538
2.10354210556116
2.03213941246426
1.94940491668697
1.91294890749425
1.8054075197263
1.88524966464626
2.00995249973747
2.15800159879849
1.95349446720122
2.0689163288047
1.989313199991
2.31340107484758
1.32348251330786
1.65900327997488
1.96056080562286
2.33371976511355
2.27046631967338
2.02337241626534
2.04309244299424
1.7561287412926
1.57181077894232
1.71506056814678
2.42420573929933
2.02836093059604
2.40375559053007
2.42532531569128
1.87989434832567
1.98512987987408
2.23272886232348
1.02373747626975
1.1324095861398
1.45237119749463
1.03038434215877
1.02625442622633
1.0765932859559
1.96085062557713
2.42026476453123
2.19724936702893
1.63010267132766
1.17147744515671
2.04778763597031
1.67435040490221
1.05993446743781
1.01074160984919
1.43778436773142
2.01718766230584
2.18249807582431
2.31660642307885
2.19881505063841
2.02719947125977
1.59970647676129
2.36641392656313
1.46509298482561
1.72182222382344
1.85526054617048
1.55198337586128
2.34083336530477
2.33389074994127
2.14254603311184
2.37992538549813
2.30462188207551
1.40395992631819
2.0724246662477
1.61110677416965
1.82149022222247
1.83836768092523
1.99041688871041
2.09590509199347
2.24176894769967
1.62492730982115
2.0587935489654
2.19299956540962
2.41288183701499
2.36965736325891
2.32379194156582
2.22463577475602
2.37435798275113
2.17046179145666
2.41632680773156
2.42829407593536
2.48917278294472
2.24973995553593
2.32633652943315
2.21620469821974
2.2629909170177
1.9639839765423
2.00363658142418
1.61540378320202
2.41313106646322
2.42987119311563
2.49234456110621
2.46998149352792
2.44617522762442
2.03572293299648
2.40652675915084
2.39347900121867
2.45329501310529
2.46159220252188
2.31445541237267
2.35016352115006
2.49321249929361
2.27494660317876
2.21877572780309
2.31732039483555
2.4323919829394
2.29304708137336
2.3860702511149
2.23758546026859
1.79744999957418
1.92326292780578
2.11980490933037
2.25426663425396
1.44253665516688
2.07380493938501
2.0179714781999
2.23067022932785
1.78316239602857
1.88648951682054
2.06244292090318
2.0361979428495
1.98887647431054
2.19361808903216
2.21906250022914
2.21605710414266
1.59998666638398
1.96487983975757
2.03465944906439
2.04222419220686
2.25244947510995
2.36858759691008
2.35876293074136
2.38581295035408
2.1733626709911
2.20495722710237
1.76205150674781
2.15420902743371
1.79096037589209
1.94305450297431
2.03388764838598
2.291608713489
2.14316258251524
2.1526344196322
2.45486313915347
2.32920626871926
2.14815893946636
1.9208635035854
2.44865633413792
2.44115392886966
1.93747615879138
1.42583607103298
2.27769438759867
2.26560225070067
2.2398951163545
2.12449889915985
1.99142084312369
2.20030765430133
2.09550258221411
2.42877451237468
2.23151538645441
2.22330545470952
1.97838817714453
2.2378863218867
2.35945835770355
2.18074727884936
2.08449723468925
2.23748120068838
2.36654655138768
2.0797944432718
1.86827569989463
1.2897750380362
1.82016124670878
1.39728608727151
1.20978986780166
1.95667725734804
1.3287914623758
2.31715670420281
2.14967103899694
2.04566376604131
1.92761051712691
1.95527345103805
2.15553155493597
2.18870744877036
2.14460404743832
2.29418873866403
2.48520373251208
2.25432051264568
1.75005332210613
1.78260864927604
2.22341551043359
2.21776151440942
1.946313838024
1.53213549790229
1.77383085324679
2.0686911527897
1.89252768649028
1.37873513959401
1.80104410391983
1.86338851011759
2.34639061301074
2.14091615013263
1.85447493920956
2.04147983857902
2.41982281615407
2.47163988231936
2.19438151486184
2.3019695720844
2.37167170042381
1.90031101943353
2.3318910275296
2.39704281306613
2.38539640766777
2.02582950388154
2.34346501544343
2.0036326034657
1.66886604093981
2.27424463575088
2.36472613167347
2.39533508734818
2.40839771494605
2.44599366102675
1.93694710508904
1.82843210517582
1.64701305799314
2.18918498421039
2.34588117412062
1.96958759461408
2.29541287289457
1.95871867239329
2.27403932719668
2.18407337671978
2.09949134603831
1.81740302986781
1.72922437261048
1.8374699468143
1.74999545802881
1.90801681208773
2.43015406271069
1.76354770166859
2.09869813630566
2.38614216802976
2.33425991390133
2.02978436683779
1.73882256964337
2.33274173405176
2.3322434621689
2.09175116323664
2.42703794034523
2.26406504254761
2.33877015027398
1.97846441699088
2.2579829822603
2.21716113907928
2.13128053372278
2.12466245160282
2.41666354977279
2.3259112489056
1.71278454965083
2.17293988938762
2.06551781809764
2.04802084208988
2.2123180705395
2.14442590524852
2.38837513214114
2.2482672130899
1.90106304454448
1.90408564293383
1.73765265771344
1.91034838529065
1.72964719088947
2.09781676097478
2.40239610912613
1.90738438405317
1.9577818954038
2.33025419389934
2.03742745620676
1.90982698222364
2.00146609503458
1.46175927379278
2.16842439820462
2.13586791517771
2.34645485879984
2.23621519686163
2.28151097273827
2.15764876839431
2.13399396071779
2.13640713653564
2.30976129305451
2.24362320380424
2.12704894931981
2.36543859860668
2.35917556191207
1.8104353648
2.05184679430418
1.9520200519616
1.82292034315085
1.91279983552155
1.90177459349364
2.00728935148463
2.38911472813834
1.42265636553454
2.1625383933407
1.71590968989418
1.91271674695486
2.06162020724223
2.20169580105704
2.05114826759737
2.13878644491865
1.89038393143291
2.0300236317798
2.17676377434426
2.12276428220007
2.26574528818146
2.24202452805589
2.02697975369439
1.8035432217441
1.42204850580633
2.19990581731665
2.24619904092848
2.12244450651459
2.05263715115292
2.38313452161218
2.1830326469863
1.7707126337796
1.8729761425542
2.00782228913307
2.48167966171399
2.42378346289015
2.45893595582918
2.46736252036563
2.12089730380983
2.26851151539941
2.36175419103018
2.31226734258756
2.41832737313132
2.39112960570594
2.27222850273084
2.35705620749095
2.03282814621785
1.59229964597827
1.40145549719611
1.9767681879011
2.2734917773561
2.39318565613272
2.22026806981942
1.78079723647033
1.90241689614388
1.96954578876396
2.13787826929488
2.40971943201972
2.48174817281829
2.20613587876278
2.15460983312479
2.2180585355644
2.40513437571005
1.76938386382646
2.2835528048834
1.55770813230868
2.07948717754704
1.54940558441779
2.25188951363042
2.00220869336061
1.78088786325214
1.93927421233743
1.99033019695397
1.84892211871297
2.04877430594974
2.3404297194491
2.20693177255924
2.15410380363711
2.32249740674496
2.13143245546909
2.23812572575518
2.21211414789007
2.31329197864387
1.98830598146615
2.0710863073629
1.83026959912383
1.91402504325488
1.92721707055451
1.35566252573683
2.08261172623117
2.22619679972243
1.7637837766815
2.04933625505749
1.72623352091533
2.0354430742052
1.68018763106715
1.20302682571602
2.01616925808392
2.42421089834646
1.6929984080302
1.67125613001073
1.94215535610389
1.84036359549835
2.15152507093692
1.41191443309499
1.70366181213937
2.39384457953589
2.39963718155398
1.86734382516408
1.94329456895815
2.32875975361959
2.16030478953291
2.33763307951758
1.69808187404144
2.33168841039869
2.39499201534296
2.36706053640355
1.78829602260397
