1.0001
1.00935863019768
1.19641493939197
1.06945355827997
1.24820438250534
1.08884420068366
1.01148546974679
1.02810801667747
1.0362432321657
2.37166750689662
2.29456931229446
2.12357053370298
1.00957189613264
1.01543119626148
1.03492100126961
1.08774372554203
1.00329115435053
1.00003102350869
1.00009573601392
1.00006126510218
1.00018098581147
1.00004358935524
1.00001079011982
1.00120085114282
1.00065861447245
1.00561453371029
1.01971363848722
1.10987642721824
2.11241893369014
1.9057905022458
1.56056765047799
2.23779648888377
1.76668959219863
2.2418670082956
2.35936226677365
2.49273283271602
2.48552884758512
2.47016281663492
2.48832746921768
2.4784582633533
2.21061566564956
2.4263313067467
1.93938727459749
2.42772233985689
2.30314086320806
2.33042775345434
1.96360213501769
2.34855191691743
2.45517118536514
2.21003013930005
1.28017211814548
2.34665560382993
2.38812957052735
2.49714513088617
2.49308459231865
1.85012713023717
1.41916173393092
1.09834788844133
2.27573036572883
2.45784426627767
1.92877154856958
2.48722896870176
2.49511317169257
2.47811551292837
2.4860774958008
2.45183713769528
2.45905604548026
2.3056577408321
2.39845082877571
2.35073264744226
2.15805257162415
2.41432806330784
2.42366904471664
1.03934507245027
1.05073582766336
1.01386565294618
1.00935185624658
1.06319848364567
1.17572463477771
1.1121891455383
2.44124645035917
2.32279723817329
2.38672672058012
2.30888229076436
2.20330056010764
2.01007904065151
2.45561120979476
2.49589876496646
1.48644210417993
1.01395702373124
1.01360043827139
1.01691884857154
1.01513213722792
1.02522681069345
1.00286527066889
1.00152043578396
1.04477524382931
1.83128343836654
1.42398414308436
1.02986835174393
1.86527354515358
2.34795671461147
2.40029219446624
1.99583091803949
1.7067917022871
1.12864881780128
1.21965095544139
1.91068023988622
1.58586198960367
2.36929219623443
2.42479840631306
2.22612255686619
2.43480282496038
2.20003039432769
1.51042469265569
2.38751268940293
1.36949380078367
2.2441938685332
2.10492490496491
1.9369896680047
2.48053635004795
2.30616603842812
2.05847542583271
2.39564303405241
2.38968357777547
2.44077332239993
2.42627946640372
2.08795030644244
2.30480437578071
2.4593394481917
2.44883672341432
2.45240106061818
2.40064836625788
1.89479704508322
2.1599113309471
2.44842834332171
2.42585076095286
2.45593011665693
2.44958569775665
2.07606034490529
2.27641949182283
1.56604535920342
1.78731918697048
2.30085517907038
1.6569897093737
1.36247256922868
1.40052884560092
1.52608590754564
1.5800830830893
1.57429042891532
2.05753605143307
1.56901842395814
2.43532051442095
2.41981350506907
2.44272606414087
2.43334253047041
2.2951953852673
2.4171974712172
2.28130883630831
2.45208931872221
2.37670134947937
2.34505941618899
1.87830742484724
2.00346802451153
1.39461398019122
1.96144669490773
1.98084568269411
1.21087043546265
1.86118901727612
2.15453156603767
2.15848141341202
2.45138726285652
2.00774863509687
1.36072941452622
1.46449147029078
1.31836308855512
2.11212543360477
2.07070944193328
2.35678569867741
2.13484965735812
1.79060674570925
1.76263882171301
2.2667251397229
2.32520522750107
1.26294551611334
1.30611251180133
2.13906121238523
1.19660625012794
1.77860050113768
2.2978948769525
1.6645387389447
1.28887447705431
1.64352538626635
2.10433224777839
2.02133582146952
1.83560770443327
1.60316608368514
1.22939110441593
1.6143960721576
2.4471904215104
1.84020839956718
2.07321050698992
1.30962675591236
1.88120376105201
1.17016127469352
1.40164775807449
2.01769300616097
2.21519520619924
2.12760969312253
1.35296615291531
1.79932711489716
1.36731701770666
1.53359026779287
2.21679265480084
1.49607888448266
1.14737042129094
1.54021894143805
1.72392178478265
2.37707304793923
2.44603139213862
2.46383823264522
1.99187318709865
1.80601409304967
1.98156288510498
2.08064715131337
1.6217158256302
1.48642438675049
2.31668240934424
1.11868216404332
1.56272869637654
1.41033259180342
1.47380762367832
2.34793032694064
2.38048257177902
2.4340614686917
2.41520093995456
2.39931509972515
2.34342983642286
1.98028412106153
2.29873149566827
2.0161330217639
1.2339351734904
1.70324174258188
1.7930457935675
2.01111414392251
1.72098271966849
2.33838387760992
1.9347867942639
2.24013383953038
2.34435977798966
1.8264120358035
2.27155891312582
2.13724847013381
2.38172033314634
2.10172002878897
1.8249908729063
2.23687853225763
2.4555043767495
2.28493906930854
1.70026803257562
1.78051273372127
1.75557169448358
1.95109194792662
1.27862362013474
2.27438957860762
2.21615617201218
2.39367512541064
2.13143436542537
2.23721237580947
2.11842039470734
2.37703881422651
2.22585956519313
2.10932729988156
1.77681783627154
2.1331094470687
2.40004377799768
1.90495404348886
2.28084109781814
1.95029761873376
2.25274413015853
1.83426215871395
2.40256192955835
2.24773031230331
1.42894109681072
2.32523255135823
2.40135296135739
2.45801452690167
2.28972645441653
1.18836448147788
1.27998108694027
1.47524218885723
1.33718611509475
2.41645613391309
2.17079721936733
2.21058007103976
1.44243650249716
1.38316363379902
1.76211997441107
2.43703975946093
2.4385426187439
1.75932965950429
2.07144370067988
1.61461187906618
1.06700901666575
1.54931657611754
1.24483862702577
2.06473307819819
1.79246669173054
2.40710959749641
2.30648448102998
2.4726134378528
2.47545417173694
2.39371129691582
2.04638548681188
1.41858321150133
2.23400928968078
2.07508781602517
2.07723896254123
1.35388303778622
2.05025208108406
2.11433497673356
2.33428028921825
2.25686572098308
1.73125235026024
2.24123828194418
2.34880871516302
2.09318272439342
1.27264721464232
1.63385940159811
2.13411324096606
2.39081450442153
1.74210754369399
2.1810749617956
1.75217656575215
2.16398109743795
1.94527143270904
1.54991117305158
1.70848211490809
1.81524028899861
1.9864399443974
2.15078492893845
2.15936311292758
1.71574252456063
1.85551829977345
2.02059839570886
2.3715348528553
2.4654658013783
2.10113896622376
1.99161628666954
1.14462014211318
1.77930479901676
1.71121496348155
2.46116767181963
2.37388974426879
2.07691107337351
2.11860142103344
2.46213865455395
1.24370614891225
1.75638594580892
1.54969455641735
1.8177308286641
2.43833140589135
2.26626451892731
2.25933925865692
1.09518007701431
1.38819179142224
1.43688377632646
1.15209587983408
2.14821550646085
1.55407069835185
1.55830100852704
1.11195767158524
1.41480899835508
1.23983727030712
2.3634756221324
1.59874136781658
1.92188110859139
2.42329515110958
2.17358681052411
2.3560726778091
2.36255964428058
2.35579352145586
2.06596913466978
1.75693196561556
1.63614240891982
1.25268390266842
1.16296017945472
2.2397873638787
2.14994288193537
2.06283051055672
2.02506123994222
2.35738520547145
2.2819340980474
2.04836158731402
2.30747510347709
2.46278878482531
2.37798947149558
2.03652841902528
1.54824785487228
2.29377543012759
2.32221306756076
2.40938615733988
2.36516847448431
2.2887189567938
2.48890367451658
2.48305035736263
1.37398817378633
2.22494770276021
2.43429867004881
1.68266254618492
1.8644407940386
1.90598880949245
2.0194425873721
1.59344873457497
1.88998112866984
1.95356425411731
1.6008593382367
1.39684729616394
1.41146523897638
1.82357211434775
2.41494894259815
1.93802200158282
1.56823391455217
1.73823217437822
1.21012191942412
1.46980764889345
1.1502720190833
1.37216810424711
2.2148143760457
1.30965094435174
2.2161224168704
2.26250442139406
2.29986705543367
2.3657914308964
1.35240091011471
1.02925350365401
1.10639699012345
1.16204227779411
1.34196772051683
1.26347292594308
2.28544514369571
2.21181810371387
1.93105529633833
1.24100622466681
2.29110298423877
2.45179132769888
2.26150965857437
2.11652333793847
2.17495334530438
2.25570309151094
1.89697679722991
1.8726298372414
1.56198344140941
1.55320075080054
2.19325145019572
2.41483730424848
2.30158858070903
2.19460517649606
2.00028881165468
1.6310131967642
1.81108207294841
2.35506476964019
2.40617711180399
2.16413765913021
1.84506358017884
2.38275225443581
2.25560867729511
2.28214697817547
2.00978082206107
2.0620073950224
2.07008845410319
1.30055190126781
2.20969109831264
2.40031441698452
2.18000516452905
1.73993580486445
2.15665263224082
1.99015786884928
2.2078614561026
2.13143900300768
1.85784577635297
1.9343970793467
2.21465569945034
1.94847414835502
2.23226709644312
1.77986449608806
1.91501498403365
2.30127247914676
2.18125110956151
1.58198228033381
1.77951606787414
2.11673476397572
1.96689746365406
2.17408361407148
2.05668056151837
2.21560666419316
1.97990252063294
1.93898172949941
2.26339021880311
1.98644834565211
1.92063167317265
2.29015587952024
2.05708599214117
1.80422365455935
1.96858983970115
2.11913388517221
1.80904443348635
1.92261912705162
2.09799756731041
2.36086423174048
1.58896255361651
1.56500140913778
1.62550275026733
2.14991766347519
1.79617209266031
1.81118368403929
1.56665774539666
1.95120173643222
2.01442405969201
1.33793000576517
1.35026194882199
2.41691593711589
2.49935981855562
2.4832709601552
2.46113521070154
2.46396637120693
2.30251757243884
2.31608130489541
2.30552509201192
1.95731629257076
1.73056043975476
1.27706416957608
1.63783189414741
2.30369955173445
2.40283840986658
1.37462460986108
2.01121828674342
2.14996883839124
1.58350568570472
2.17204135171714
2.42756896893422
2.41387844468341
2.37357902306518
2.36977039232789
1.88570128549809
2.33378663123813
2.40386258387907
2.14240692470048
1.87569042243132
1.53602269663885
1.17861451745615
1.0995599043554
1.44581084140352
2.21473218283993
2.48493709133825
2.35707946726198
2.33245383194371
1.96595659800399
1.64262207677988
2.45711198071297
2.38411331595789
2.47681920587033
2.25451954245003
1.85838516162207
1.70850051465204
2.09821349610777
2.40845188129542
2.29250252992305
2.23095614232689
1.71675452681758
1.72955692779365
1.63044899642529
1.51160028495283
1.82247217302459
1.53253775166362
1.84231831945872
2.28564437201279
2.06976117038166
1.46975039428814
1.83278570738941
1.861261618508
1.67380574437693
2.26083100420746
2.26871064664009
2.19279046386818
2.16428165004194
1.9174193726098
2.27784690483427
2.43401786727781
1.29688501962929
2.02198097478163
2.14543280991651
1.84750794270136
2.01522126281955
2.22154444481241
1.80334128183068
2.18748793193668
1.69416894583728
2.01049777983477
1.20186269119049
1.31211029274294
1.78507017395359
1.17019829646739
2.01550911226616
2.22003379794626
1.37955247506292
2.46737416832806
1.64945272362816
1.35642445394807
2.37067141012424
2.094606094481
1.67057956067929
1.29105173278444
1.113743601687
1.07930957494247
1.12608236668889
1.87818539753217
1.84810575636154
2.00152654188857
1.40705767023432
1.96324263794278
1.85990797311865
2.35684463138162
2.35893770560193
2.22577712623542
2.33909280090511
1.75181048606457
2.0839834058148
2.47510057197514
2.4618338740551
2.34188834632061
1.95315767845957
1.8973052241725
2.18347293094954
1.54971694630149
1.41330940451145
1.51844206193583
2.1459313341725
2.16679564942625
2.48698939866959
2.45866876030412
2.43777399616124
2.45535238287291
2.39504966958395
1.69227448381338
1.11399291783843
1.046538150668
1.1131017771569
2.37552505377509
2.4562431311783
2.20460012191536
2.3208024711679
2.23144300000274
1.67581545684348
2.07362898259372
1.36979914847953
1.8674879477946
1.80018344940327
1.87730318887226
2.31526167382076
2.36739669864889
1.29587343656701
1.95168741111423
2.24985638108363
2.36338910924451
2.29086324788639
1.89806820161039
1.83433519258928
1.51117835912666
1.51610221203456
1.90499549669437
2.34562618977878
2.22050369476219
1.66866630326735
1.49210395785255
2.15122308311477
2.33057318478432
2.36706309011373
2.27441520146485
2.15534069838422
2.38778988555826
2.32484694934412
2.31364814204737
2.22409824341051
1.90947042394433
2.18616826510804
2.22763917827946
2.35021039421936
2.33599822246566
1.97419332913013
2.46607368600042
1.72024954734341
1.51756673026243
1.93191985695442
1.70876228161507
2.31027105768033
2.39029745141088
2.24147795288133
2.44277622143797
2.1475741266177
1.73737877017607
2.15519369775208
1.44141185562312
2.31085668894188
1.89622563298687
2.4455104696363
2.45612529810166
1.83187808196601
2.4284021077919
2.32365419132782
2.33958109563315
1.64640754971593
1.61774001085466
1.7580882618784
1.77371533977535
1.91809428465107
1.98164093669939
1.18415201120518
1.34748326901739
2.25789426272858
2.30867993177923
2.42663592928137
1.57857940054253
1.74544455499775
1.51839437188842
1.98945396936447
1.96375069503644
2.02265590228035
2.24427046915809
2.17794741750858
2.08812419828972
2.10155075252144
2.25835625944187
2.44173588203046
2.14001668314489
2.16137718231879
2.12670879854528
2.35105393440086
1.81535150501755
1.23043951743503
2.10979840942212
2.43433596765359
2.4446503001618
1.47322063470677
2.12954627431755
2.135449884762
1.75417800583796
1.81554162426562
1.39626239594021
1.53832040780326
1.87775789736362
2.0260806857764
1.71712766015461
1.5310090383047
2.3919053080135
1.6705522482704
1.8752318830989
1.69292035974509
2.44264772653125
2.29422108352443
1.58034615768901
1.6849245562568
1.43224789815831
1.81226957671445
1.73128836354849
1.82867080400887
2.35137708885101
1.73688810715207
2.275135674839
2.13216969187912
2.03041939211841
1.81262512814528
2.09042981122629
2.36475991217088
2.01063340157789
1.55137213182724
1.40626175851071
1.77232383865658
1.92019188373215
1.46578422324048
2.05219000470062
1.73322199554227
2.18450626272107
2.26821462712044
2.38858988088632
1.82791377368707
1.63745043815801
1.44130745073232
1.37940077582547
2.14806621689014
2.436255478352
2.4327592120783
2.44206992507865
2.28910472890161
2.16360765995521
2.30769955880737
2.46493985512588
2.41610474652452
1.19214061326469
1.04924033630933
1.28509320242604
1.13028269866987
1.0207757599962
1.0483780018253
1.03134514213946
1.1228096926619
1.02987970066896
1.00936525052826
1.08778494584144
1.09415342448876
1.1435413205213
1.14878757593995
1.1629565986596
1.73051276418437
1.38970919111312
2.07650202447059
2.2644752595588
2.22313757125088
1.960095569607
2.07129636919345
1.91606979430375
1.48142874190053
1.49915917080535
2.03176277856601
2.09513621552088
2.4426060344718
2.48389094425944
2.34029459329887
2.0327658138338
1.92581539051899
1.53515740033926
1.39365292039929
1.27082360305657
1.76961952755114
1.42592215247271
1.99043955094961
2.32943235573233
1.79918795550131
1.42647302333655
1.65353563272174
1.91246358983142
1.48957983562433
1.84012392102323
1.98540212214821
2.32850496206039
2.07761550720215
1.88689314432548
1.65315570241583
1.98361847717665
2.4366188696984
1.67703671816748
2.32698212057669
1.84770935568173
1.90389086703551
2.2231895076609
2.25264582848702
2.07936480117375
2.29518890719969
1.56486750790218
1.65350367608705
2.3655757958243
2.01288514160659
2.20586941998572
1.12256256209161
2.16601942191147
1.8602166993384
2.41093293814284
2.29543371504747
1.71758712278273
1.84490328421259
2.27034449080405
2.43822273869228
2.43564196217736
1.95235968246232
1.76949446993506
1.70997225593362
2.4965216197734
2.40724301630191
1.78903936334374
1.9711681354215
1.90158611359931
2.02589339016089
2.42711320143312
2.40525901336822
1.39795808791037
1.50577542052708
1.61860030492735
1.23931380762572
1.45653388108983
1.42092967885746
2.25886824126963
2.1122052274927
1.81262879922853
1.58450335252539
1.77593870510745
1.94713986515193
1.7903991874867
1.49520377769213
1.68295771202872
1.63348891826816
1.9228661962196
2.10522019531806
2.27480921980694
1.7345664117992
2.32172128907855
1.40437658983443
1.72716332632433
2.06562227900032
1.34569959959756
1.54379716645595
1.97253603758457
2.46975523162108
2.43443058989229
2.36677887411973
2.43508975735507
1.24765797098118
1.96946917484212
1.99341738975095
2.23855779713981
2.04005298779639
2.41458582198379
2.27501302863178
2.31178979621583
1.65427090776512
2.22190351613806
1.7097204708974
2.22895584678414
1.65021383507132
1.7301077562356
1.94149065947433
2.40321697903218
1.55703785768291
2.14518995980059
2.01412318022499
1.52177745051526
1.86957000457639
2.14887916529592
2.30651685538902
2.00615157641233
2.2497200243324
1.92742920656719
1.63199247402224
2.32369931145048
1.4374030613465
2.39867104380384
1.95369329491125
2.39524316489102
1.54008829024135
1.47594714420904
1.78613193575549
2.30252405610932
1.78226112521831
2.42158419042047
2.2703856100378
1.7909503357366
2.28504898265634
2.19115801867573
1.24301092705929
1.26022939820785
1.88744245484978
2.21224892132269
2.46257968285113
2.28869095635405
2.29046156516771
2.24464258217484
1.59174040260405
1.36516224929422
1.81448962542241
2.06295827972753
1.91682837749495
2.24884648884665
2.38954799090601
2.33502879478619
2.05455334084706
2.28647329873193
2.07672281924314
1.93583702300602
1.77974572398244
1.97324512977897
2.45788463423825
2.38461511017328
2.21103019410953
1.86624382161749
2.23120616823219
2.42462592457427
2.02031935159163
2.41459416307221
2.21588070390236
2.46874039800617
2.48620892791842
2.45629093882149
2.4616380685172
1.61578037279403
1.25554440060669
1.56959032295926
2.297653550026
2.06960919292621
2.31095110636856
2.25501957536719
1.45332598422082
1.68538390153315
1.23166387601877
1.03692165752607
1.42937371166654
1.37349806166671
1.89212160926481
2.27433356838687
2.3281243890727
2.32085112110524
2.39951034579494
2.44860974746125
2.2052840389466
2.48161582096938
2.45011213930135
2.2349005717543
2.154364181891
1.86703819460225
2.32993436507937
2.46453755103272
2.13517030781074
2.33534131737479
2.47023464603337
2.36178176789025
2.43653988998525
2.48892838766488
2.38089255591697
2.3918908277545
2.34638285431351
2.29392386536689
1.29562985087048
2.03163556066289
2.15898577053926
1.49697866158744
2.47994757559281
2.49402965762256
1.60963987722598
2.09570499929315
1.99560713958468
2.16014981205522
1.34625280447231
1.72513665954909
2.35769703986306
2.34138450149544
1.66491678821969
2.17995267449602
2.38333984403806
2.02353049168995
1.36366143357886
2.08513529876126
1.60978219025411
1.82538119087408
1.99020549888662
1.56460397738545
1.67862407832301
2.49103915452677
2.48231271903217
2.40948565723522
2.30696229285641
2.4508308138372
1.31323362586849
1.02054272344369
1.01319562645013
1.1185931292511
1.1774122891534
2.35591870620301
1.96460734650119
2.37147265096176
2.44789520492771
2.34796352431804
2.42108055956366
2.45566666312537
2.44164433041941
1.84655784092622
1.24142464877156
1.17672484852947
1.6586733380031
2.17655150183608
2.25018870643926
2.42669199505032
2.42311879754747
2.2950248439581
2.4156733617806
2.41069081021388
2.36401552494554
1.97106619799992
2.3425001345228
2.18356430827161
1.86184441347659
2.21737670883446
1.85766191703935
2.44340057450637
2.12979346580968
2.1745459025238
2.24890623345916
2.3548358608426
2.01665192234588
1.23459760813264
2.07064456621223
2.31832424365422
2.16161810064003
2.2113334484914
2.41141572169615
2.03347550601285
1.83160985719071
1.62121913875807
1.99671516178235
2.45651535498143
2.41560459598979
1.12850197201646
1.48895447049996
1.12246697542057
1.22328846918734
1.65637576028284
1.90695816231176
2.33894720017961
1.89084619090338
1.32273520833168
1.56090415264654
2.31508130037401
1.7837991450003
2.20378374727719
1.57418933275411
1.93426394720752
2.31170440779814
2.33605197647451
1.31489500263319
1.13521765427509
1.51602861196016
1.6243375890504
2.05355192263384
1.85201327019934
1.66339379421881
2.14336677662427
1.87124437670863
1.81403737836493
2.36422568790871
1.35926641798925
1.97595552141394
1.40743172519433
1.80337954138278
2.23047970593121
2.00298994285803
2.037109304073
1.93471651821974
1.93565749894273
1.83567160375366
1.63928447930883
2.16955903430566
2.19164753597763
2.39350582025523
1.44651524031386
1.76888051257356
1.36973638159457
1.53622459911544
1.64516033002078
2.11237415859839
1.91692303819959
2.06901351176543
2.24684924526779
2.44199935377597
2.16198149835078
2.07739518189477
2.24863922898226
2.21446356187353
1.26488852539038
2.12504384569722
2.08262523831666
2.25184443638114
2.13294153848313
2.3531175566393
2.28683384968091
1.85987260250687
1.97001232203809
1.70774214630858
2.37089881866164
1.80606556722184
1.90142448269821
1.98417163244266
2.24071849936031
2.16028181515664
2.21720937468941
1.92440027488524
2.15422369637564
2.19328280388118
2.25424080405741
2.08802930714771
2.15674147821999
1.7445534049047
1.94387904612619
1.89762101197123
2.39229681576951
2.10259845668994
1.9248972878819
1.88466500908383
1.92985613182784
2.22956099385166
2.15170587480221
1.45344964235343
1.61373574517138
2.20290929310549
2.17695310672597
1.92540352763288
1.9479213661942
2.28383612812849
2.39050339366849
2.10079078299056
2.30258897288678
2.00146151677013
1.88252579001064
2.41539288188635
1.79173608262945
1.96258167987016
1.59617919475059
2.1688927567492
1.28318499164878
2.29508673317247
1.32089784742936
2.20343852802834
1.81078578288465
1.44644095601982
1.58679825627358
1.87249069156977
2.43260917464024
2.49709904717068
2.48736993344392
1.71737201876385
1.07376059283631
1.01133085542781
1.01270254550769
1.05528272605535
1.00574952961158
1.05837186394447
1.28935989654597
2.29231278499142
1.9210105530671
2.05489733316964
2.06047275150999
1.99695656125473
1.44516149285415
2.32994779716136
1.26185959967858
1.79698593618805
2.28133984006382
2.33181606361965
1.972633837279
1.81851379044563
2.0260846981858
2.16862881916227
2.02154723795774
2.40649924633437
1.77272124438886
1.71633146550534
2.11237817076256
2.08772930772009
1.38175711385388
2.21303943525388
1.99517764471778
2.02706282405804
2.31585439058079
1.5460497287938
2.12726189239969
2.24273375415671
2.03778614597296
2.08987031804214
2.07220803408186
2.04242255580297
1.98031315481316
2.27519772519675
2.23273001223356
2.22954735997013
2.34888986103665
2.20259874032203
1.98260905245013
2.13067457231774
2.03077513825782
2.13400130032798
1.90292437908173
2.20122450007208
1.97166828112781
1.98120994550289
2.31904273923635
2.03663910287006
1.38602517675559
1.71550806633526
1.8108657937345
2.33446172311458
1.2722805753468
1.6851685206178
2.16768866833256
2.08611782369293
1.99714240327173
2.33628057062687
2.48574146103479
2.31316869114888
1.26057029828691
1.63736393127411
2.06769060984039
2.30058420058356
1.74816823593657
1.96000207522143
2.03403792667129
2.37372222904426
2.22763618992361
1.56501871048197
2.10749642834802
2.1442348118182
2.17933150145585
2.07889239541936
2.11618219132774
2.12003077808204
2.25085262107184
1.76141452440344
1.51489111662959
2.08749013897157
1.51822623648301
1.90667936400391
2.02082599630827
2.14014892271993
1.52578263664147
2.12226792585824
1.73323641498231
1.41706724323825
1.58569360533691
1.48360212937092
1.37310050746159
1.50973459997113
2.17586502336618
1.46863390366063
1.79847937592853
1.30252841524241
1.8510022462307
1.24692754997429
1.38357300897756
1.95065922460061
1.68156041724348
1.57281617176901
1.73376391942951
1.29463504626074
1.6532545964716
1.83162201354704
2.14840516139576
2.23558138270839
1.98494204777874
1.92554238049313
1.64059626319544
1.96169749380025
2.08099906215964
1.58127103821095
1.84173481831032
2.27893172781957
1.93229386636169
2.26197667796637
2.0658340693935
1.85250829293795
2.0859178260451
1.91831584522617
1.75130121197697
1.96965255220622
2.1761521124614
2.02415930454814
1.74754864240523
2.19863790598875
2.03790177811412
2.06151484648708
2.09511212205223
1.72742739467022
1.92709868660783
2.34812561016132
2.2613115584266
1.90448468112639
1.95478956727221
2.27579654450366
2.09516591459053
2.12434776744454
2.18873298668345
1.6576507896182
1.70499363912165
2.26745039057083
1.76789697471447
2.32898812110409
1.88503013017794
2.22527773163001
1.97269285758534
1.22739172266952
1.40497295443567
1.55362722049535
1.18559387187666
2.33379536304048
2.03625720019969
1.91679221428782
2.38142206230005
2.25867913683211
1.99161442063489
2.33223582625166
1.79428989263567
2.09401739414749
2.33216811378305
1.83775302690168
1.83027842135437
2.40096269677663
2.46807459329477
2.12899550981018
1.86824878130969
2.08191193014782
1.43677406972992
1.87084327466218
1.36754370595886
1.8942491372131
2.00045365610938
1.83693014423789
1.80727619345391
2.42571348978172
2.3429577054803
2.33491138515698
2.22469638394094
1.75906414763115
2.15966752479406
1.23004727850253
1.0624840391208
1.89092416785997
2.22913243395259
2.18233813292597
2.40998380779734
1.79134475234206
1.44073154313723
1.26828845452525
1.11661607536876
1.11577659718597
1.26788797912725
1.26305121675137
1.09859687237964
1.51223640451286
2.05651303570563
1.86696944305327
2.39794483137503
1.77281675625341
2.34197349743488
1.22554905178928
1.62894215973827
2.05329192761159
2.44628216967159
2.19636403693976
2.34745236301059
2.30860347444565
1.64177306990719
2.0315967007894
1.39025421809059
1.63944379683816
1.20629445007514
1.88407323562344
2.00050104142816
2.05942758804234
1.19820897589213
1.10632061739964
1.75579511390462
2.225832763173
1.43795286856584
2.40536034236016
2.38094301605443
2.411337994023
1.63699947152413
1.51487721099784
1.30271354726746
1.78543573925773
1.30055797809539
1.61985344275605
1.37962280586582
2.16935063310507
1.64114206782992
1.65978680784143
1.96507194401955
2.2730810684235
2.4664528820175
2.4042927626187
2.30882710545559
2.0989306297889
1.7217878882097
1.28374269508382
1.18114398060961
1.32760783924571
1.03411110507893
1.71339295396096
1.22991875583367
2.25054853745603
2.09007069166469
2.34312978740954
2.13592536683068
1.69827869064806
1.35083143256205
1.56879137325813
1.77150291491979
1.64108889948993
1.78043474564079
2.45452310731736
1.72072084490873
1.5148596618739
1.39229147475185
1.02364380867567
1.05470120495971
1.09195951034625
1.60148831138302
1.59133624908932
2.43381458601878
2.47390048989379
2.31847740984332
2.09155469668575
2.31621468851867
1.19861297841147
1.34841461416037
1.32638313464468
1.92241123085177
2.04275334440001
2.26011393503083
2.16273945821926
2.23434458092993
1.57858667479188
2.23456757778154
2.31473370072627
1.75116720377878
1.84502159244233
2.10107293665648
1.8111224874566
1.95695282897641
1.94779480087473
1.2440660684327
1.67072194256697
1.38005493542559
2.21164134549183
2.16244952041584
2.30222242313381
2.13275089682546
2.38126249930049
2.03223055514911
1.9674394816217
2.32504313403677
2.01969211747822
2.01362079902187
1.54153821659321
1.47278696246308
1.94926835209239
2.16154175282822
2.26557373759358
2.08432633173971
1.80261902729046
2.03070534247004
1.91997863218037
1.80191572763548
2.20093652548936
2.06552564301552
1.59867125059498
1.39004434837203
2.3055492181855
2.12299876799856
2.32054537420957
2.42641766683758
2.25804731683223
2.32747546761144
2.01021473784012
2.01550303631171
1.62179360610368
2.14431003082407
2.2573700886077
2.16759657359954
1.34485053296598
2.3555231207685
2.11281341991549
1.3364215621646
1.59535151786712
2.27437952953377
1.51902775775013
2.43540870673148
1.72203513988343
2.00071196298131
2.43495526079627
1.20190772254928
1.82635852328839
1.30806378133861
2.2947384824722
2.38685704028352
2.3295491283862
2.48378155163688
2.47445344601011
2.4974794943569
2.49060224437103
2.49490890521365
2.49027589100157
2.49539299173121
2.48094514492967
2.13189485745274
2.29400114528144
2.41092982963337
2.19231141111626
2.3230052489012
1.68189056671005
1.63422382990765
1.71531727985352
2.23790897454165
1.19109893450683
1.95846093927341
1.65159740919592
1.56385185995393
1.54798811438588
1.14023006556293
1.18476831048753
1.92839842896719
1.42483341247242
1.19491578318273
1.47401536879733
1.31255260624046
1.86233167002613
2.23031093908745
1.92055889106063
2.16118438249475
2.16628864023598
1.92946646502919
2.21897558079124
2.22872752141172
1.57342553918211
2.1010530643391
2.16467062586794
1.80999801519608
1.17049337707179
1.3064502559108
1.95525867387858
1.36728911799396
1.70102914381182
2.03767389094431
1.9173862792414
2.39034884825222
1.96892263340269
2.0320545672872
1.11548699482903
1.31343560576216
1.61485737596106
2.16010551323959
1.87237090507126
2.00532649760805
2.30519472404515
2.38776398711865
2.07818360697933
1.48953929554364
1.77021244996558
1.96604613965314
1.96596708270355
2.15998005343665
2.02535595361959
1.76591807616636
2.29389244286122
1.54274656669747
1.85237007921707
2.47955139477241
2.29213306507589
2.3328882422455
1.96821647790513
2.2267869175358
1.86058399818528
1.27178107126369
2.23820962167686
2.18226287837527
1.47296347351877
2.05005501368554
2.36154491752727
1.79498413290987
1.53138155895582
1.83956016483082
2.32754127701792
1.65031348042691
2.19848318229016
2.42104662922148
1.9863653520889
1.83689310808446
2.0587976617857
1.97353861107655
1.74379401534833
2.37175939782082
2.42150009465597
2.10166767828001
2.2896952772675
1.81877637718645
1.84738174940216
2.21092826364459
1.89343625185051
1.92266954466759
2.4572883161109
2.48641813593361
1.99833767364832
2.30781408969319
2.29203613779082
2.12137019836956
2.30215012611157
1.21314141216482
2.26096030535384
2.42086730406437
1.63469198623539
1.57696169510869
1.39725693806188
2.38585743596537
2.06864677598087
1.29020540224032
2.04919784193491
1.67804641934524
2.31203739087223
1.87847395515694
1.86914811904893
1.67155891317032
1.09129436565909
1.12128273073949
1.76990892734025
1.55815177978357
2.11597606447461
2.17376657842478
2.15839505211025
1.20967700852162
1.44124982412062
1.84281748761833
1.34990410194411
2.16997214439814
2.15364484066497
1.19552549979788
1.76607982962563
2.00522425865784
1.31835427973825
1.59273374536818
1.92807937260928
2.33274705961711
1.20350535952309
1.90908660939821
1.90081358429171
2.04491958602006
2.24703121536791
2.10562266136353
1.82666161065013
1.45285250879546
1.9672403364836
2.26829960341646
1.95206593449149
1.5918699901908
2.09094284852996
1.99384361341144
1.94147834552394
2.12748332060527
1.20919554809274
2.00136598518763
1.76861435652554
2.14422102920428
2.08070549718058
2.11526944784792
1.68514120429456
2.04216495686345
2.11235496390846
2.16785817728736
2.16412027543101
2.24891229980093
2.35603337728753
2.26075750617521
1.48417459360545
2.30829088049651
2.23870753548437
2.3136122292124
1.84597711223548
1.25697199162249
1.34497866765684
1.45432644634339
2.06713516028894
1.92148040830246
2.08076857661017
1.79414997235772
2.22388823066914
2.04269400101619
1.43254513911023
2.14289698134144
2.15904492422352
2.44627479844099
2.08056120121635
1.66157327580547
2.16914847012709
1.95870863139035
1.57641814353474
2.32917041197506
1.83415892635736
2.37185577743706
2.33757957256662
1.98177729469072
1.76690906167457
1.47589657382759
1.124671998867
1.21232744453678
1.74758621222968
2.20937100581388
1.84711652770549
2.39282811889815
2.44747767853324
2.46007420421661
2.40289854526041
2.22605929039954
2.18772951400811
2.0024321802871
1.37821778449293
1.95167982146392
1.32492007569645
2.23208284031717
1.57996925786864
1.91885141231305
1.37785898394261
1.70040396478967
1.70419898238929
1.1886699487497
1.4656367427635
1.70272030543525
2.19440831472218
1.7224234302428
1.86438601863467
2.2498782555409
1.84026877936864
2.02833730048636
1.6290092865545
1.60708948561786
2.32706729735487
2.2446139338545
2.04838312235779
1.98661355059335
2.21894592240073
1.91575096041681
2.06188410248386
2.19204468407753
1.77289602705118
1.89372316804096
2.39053856663535
2.14512033278997
2.41362380414786
2.45661049830653
2.31918672939265
2.28663176630189
1.59460579683449
2.19437900885022
2.2296201697434
2.1511106255859
2.24406441730466
1.89329299032761
2.15836564259743
1.58069636129066
1.39748298552832
1.18079984160685
1.73713812632889
1.78221742464043
2.06680841739483
2.34414269828275
1.59483955023954
1.78650028120292
1.73417608593304
1.33344849231314
1.74071240180238
1.33005435830233
1.48474124103544
1.92933944931803
2.09017075747959
2.26188158916202
2.05871559588384
1.82131758899309
2.28831230155876
1.59769732061407
2.06478076857618
2.26686733358327
2.35852410042272
1.70039701421972
1.78493984748382
1.62694824619242
2.23761943330348
2.16193678449315
1.94434559840859
1.4043000640129
1.50595614710116
2.13941220536085
2.00235154228867
2.01543273588882
2.19495811656418
2.17068173644219
2.38900522756076
1.83685208498251
1.7355926528908
2.30386705245578
1.25085537937113
2.22886238898883
1.80676039514537
2.36827681173461
1.96787344375467
1.73554941642683
1.60598822435967
2.08244082426507
2.45077733195976
1.62911547016884
1.19391914368277
1.50122197964012
2.20463168673714
1.93013958153472
2.1676812032946
1.48632167789865
1.75723028340069
2.15246775512683
2.33925921824551
1.98275279614207
2.27079045965156
2.11286978200578
1.74186269362489
2.33253683311472
1.96810873542397
1.76446535417393
2.04384013635943
1.4743275694754
1.84518691003072
1.54625234190728
1.99635036190777
1.27489613861349
2.10599571920473
1.5012348598546
2.21662432506209
1.67887235568783
1.56214792748427
1.71486082303007
1.2744641602213
2.41363516486641
2.19903459220433
2.38504053126696
2.17174241353962
2.30494161277978
1.91907308737727
2.37277733675178
1.96792338642605
2.04787653179403
2.09663367211191
1.69119361714762
1.87644915263708
1.26261968673912
1.74130457095906
1.18685280189679
1.48966738055071
1.70304462253272
2.3396719638555
2.39205069706691
1.67050139998877
2.35693298345704
2.23844546406609
1.73677091893923
1.7925499947677
2.00848688416101
1.52486946768672
2.47703251149074
1.3486716077329
1.81567336140342
1.81342087328982
1.89683948838334
1.7169028668233
2.12010624647014
2.17315426436641
2.06405276654486
2.07823114252408
2.25551654725864
2.45874773343526
2.47036052842382
2.4297997478029
2.1896220620147
2.33486356390054
1.95354933646987
2.06904696277012
2.37711387387827
1.79471133975718
1.84716031492965
1.4632004620342
1.95530578522866
2.41649841587959
1.69932251193801
2.11093424614783
1.91368157199038
2.38802595310729
1.71445789005784
2.41282609757439
2.2584715998906
2.33972879485398
1.62115009007958
2.12405893020143
1.70691703378056
1.96228164629966
1.85781544912654
2.17079175931159
2.29104216114129
1.61965770566592
2.18817420448284
1.89879039250617
2.39692622484518
2.31225603039442
2.19936955375805
2.19866318552825
2.10167289331054
2.27764874471515
2.25474650032437
1.42225588589671
1.95967998906827
1.41516808683119
1.92244288715032
2.21533346429282
1.82134829077885
2.08160146796881
1.41635393302376
1.60801930764191
1.98548381625414
2.15979402932348
1.66045994334832
1.72714128186658
2.0939148385637
1.38263263077457
2.08121869473208
1.75355187270928
2.02722109256934
1.91506711800048
2.23260442610135
1.92886712077469
2.02845559978247
2.16341094102853
2.25475941829714
1.8907955557442
1.5262915350643
2.11144216372487
1.41522857986856
1.26837467494654
1.1300585542085
1.61170629057415
1.99837928165891
2.22452741612965
2.34674376225829
2.23127487625939
1.75538468884341
1.8038811946905
1.5208933991386
1.74875312596609
1.78420113315213
1.99207219167523
2.15935038438697
1.80545752127966
2.17883201831777
1.84122649560829
1.3064012378742
2.23597967660373
1.49811616732926
1.67829208770587
1.96076761742557
1.9292489968411
1.6914113269571
2.19991475942852
1.75920433251708
1.90038745073081
2.15370927219304
1.94428482080593
2.19516749366484
2.04587090526739
1.82660757854508
2.09556825576173
2.09702220987283
1.92924231855412
2.14899522469604
1.79083108561628
2.18084612235215
2.32588408989921
2.22912470838212
2.1035513758212
1.68912966780366
1.85217201707973
1.30815106273569
1.67861656267135
2.05089201437496
2.0225095067723
2.07302691776055
1.50980235724285
2.1046568886652
2.15873176038451
2.37198724340096
1.45920760055808
1.92419210301456
1.56111235598486
2.27095568375954
2.17083343512134
2.0959314083279
1.89084285141165
2.36635000788388
2.43151461040122
2.45670368811455
2.33049182903881
2.15059213390688
2.38315477932247
1.77000083905356
2.1111689611979
1.87035857580088
2.10366052912644
1.96406193152787
2.27515531889077
2.26790966547242
2.29585873891762
2.20005932661149
2.37469657059611
1.83655395018925
1.81132368108751
1.68162071307938
2.23276633067844
2.13819875213576
1.60196611116026
2.31930193911502
1.53175992677694
2.27607737508123
1.89911151527644
2.38583541533724
2.38554740989055
2.00106857143728
1.77908553196592
2.15287459551261
2.09795278913816
1.96571351462436
2.09818714119511
1.41556521119003
2.17522362844647
2.16329019402975
1.67431885397862
1.36170960297788
1.12580054440158
1.24402306855089
1.6789725643237
1.30191678152184
1.77844840018914
1.91252866616572
2.34509212397812
2.06092547753171
2.38004047375296
1.91960331710248
2.37462648110882
2.36403072515766
1.5566686525635
2.20697128045526
1.94793316762941
1.70358243743924
1.77900137996371
1.9542831880757
2.12561148376243
2.18101686678793
1.51021129748261
1.64929994147875
1.2494213593126
1.34941103284211
1.45149949950451
1.50706688943249
1.46789405615351
1.18074811609486
1.92463578776512
2.40029922460009
1.72534043353655
1.5565344774892
2.27406573285877
2.4203393936833
2.44226073529161
1.70728163182676
1.70499634592748
2.00217303440437
2.4055012537
1.82180136507875
1.80030838493913
2.1185316757138
1.71057757160462
2.06803011357264
2.37533927492005
2.14549625174502
2.19397337550842
1.48210468527722
2.25352764791137
2.41612337174823
2.08940048267976
1.38215712796903
2.15675059844263
1.77389769283947
1.47287896408508
2.18893006296404
2.17139981880383
2.24641137420113
1.81203795009539
2.05154192978712
2.19903771880686
2.01781502736479
2.25987874542561
2.28271228802701
2.43440881359362
2.44574738952967
2.4287341329646
2.48073532506954
2.46217868162662
2.37491548920639
2.41716172393583
2.11153433537859
2.12700654921702
2.34108373187473
2.45004752633437
2.06505219665517
1.94584653917722
1.5800448635987
2.1195109826735
1.52387533430074
2.14547782630219
2.30420790355665
2.25700863742019
1.70978964401612
1.21963093227192
1.13676488276948
1.56816516457269
2.09672651957729
2.36715035534479
2.43580598289721
2.24513197023471
1.90512290919242
1.52397816370053
1.51701999002333
1.34789661450928
2.48027829786055
2.05475648216349
1.57954842265462
1.04620242898977
2.05207131378004
2.05273457561701
2.35185053638726
1.5945107413421
1.81768777406917
2.07170125328562
2.41960786016353
2.43537360602793
2.15898235623164
2.15013576218006
2.05607039040522
2.19024740099856
1.69490042456047
1.86950657489783
1.78584241084249
2.08424361904699
2.10795180726017
1.62385542636725
1.75964374823313
2.30736695941749
2.26003385917858
2.4675409958983
2.13661953533604
2.19514437037707
2.07779874195512
2.3421376027941
1.97971899097766
2.18602443854155
2.32977717007314
2.2743076745894
2.17162764331902
1.9247136407046
1.30141489164876
1.59240844880667
1.88409892423504
2.49103463540846
2.4423263583205
1.37760845371053
2.34715317755856
2.11624449641235
1.6118219919459
2.31920005697164
1.80670537369436
2.18759872689024
2.11644148068169
1.9070527433085
1.26961262810795
2.20693695995732
2.11594993001978
1.7317951000535
1.78099292685206
2.31906059232969
2.26788584391178
1.80147175695233
2.02385846436996
1.52143808779584
2.46345349591604
2.0218610706318
2.01641777630168
1.2825674786044
2.07233046650172
2.1861852679719
2.3518324169898
1.40816773259389
2.23726222088421
2.20745594281386
2.29941811020106
2.18003636786883
2.09337335885567
2.28109845221093
2.30693424561652
2.22782186932784
2.41944968956542
1.17901707783328
2.08098823617369
1.78013231280918
1.53626202463862
2.13200029146177
2.34518556088621
2.42432628511585
2.26306564162632
1.97603694025979
1.76166566882291
1.28950455146111
1.5978267258792
1.4139977544602
1.6735394568915
2.13438087993468
1.41051200855202
1.47840419274122
2.35932357760868
1.4140001096159
2.263403853185
2.49249485176238
2.48077352497715
2.12869541188142
2.40646668773477
1.47556555133412
1.85053803661825
2.13920381163324
1.41768022139655
1.29842095109108
1.99738441737792
1.44704251319117
1.49604768560461
2.01635655041265
1.73107649745388
1.95385372752081
1.91930475797241
2.14512320773966
2.35069719058062
2.36818014007498
1.4528705273916
2.31246980631016
1.57520182699073
1.2669146175547
2.32362966420341
1.73278786321575
1.92067482161698
2.12282839297348
2.35984172610935
1.28217633056044
1.29484746579603
1.53208186230936
1.87401709639613
1.85145332628874
2.32478210004503
2.24373035041979
1.83861070828426
2.21124682683302
1.87339134676863
1.19069917660448
2.04398162101575
2.25909148647089
1.99061359861022
1.92246975864121
1.27936011658452
1.45920259156331
1.33036162646211
2.1332067726704
2.0317677387293
2.34283408910925
1.67997235814284
1.91746698299346
1.81323931786739
1.51240677581293
1.62530434732807
1.70820428292774
2.29930779417658
2.27822892794159
1.608948797432
1.22312123779448
2.0365239361529
1.86884740381956
1.37715630613855
1.15361991424527
1.58247303835999
1.34081556189128
1.47357199465987
2.32496190145636
2.39354718015306
2.36184443769415
1.95824365437254
2.43526888464091
2.33146890404979
2.20465052820496
2.23514784921965
1.84038005297764
1.79903748833423
1.4335937533985
1.64374279510997
1.89448324578419
2.02750488632127
2.18646333273514
2.00075972960465
2.14703272507197
1.88514912368455
1.82833299170388
1.71779718677877
2.43083087050287
2.35298350905677
2.16362821248671
2.27849050856175
1.82048755252891
1.83148843666358
2.16701509912959
1.84933586652677
2.38889421142197
1.55599580975248
1.64402727093582
1.94404494709951
2.269540378962
2.14442400475962
1.730182381329
2.14378484414403
1.63496027493416
1.84771354211435
1.63479190858325
2.3205446675817
2.13684285927553
1.27153730785135
1.72195010143346
2.48948841852183
2.49066679216751
2.49078435872158
2.49550548380851
2.18997840182509
1.23282484865953
1.65005911763753
2.35006362179031
2.41547766730636
2.31893571718615
2.11272782892951
2.23248260990313
2.26364241342538
1.61879753537906
2.07269693337977
2.30396127317416
1.77057132150411
1.24020761080817
2.03787421954113
2.31083263166782
1.97940990738831
1.98701849889429
2.12434708166153
2.32736721693121
1.69968457973942
2.01166025268102
1.36453042264924
1.26056414640418
1.80159587807273
1.10053716312823
1.06994816966079
2.33998595987252
1.36698077362497
1.61002249097612
2.04813201547513
2.38514959019624
2.03162714653055
1.46901003685793
2.20050938281951
2.42871513629458
2.42715299018739
2.36867497993856
2.39910885213008
1.89632539813105
1.66550223728638
2.3890187063291
2.07713910040811
2.24537478991365
1.96261621170045
1.34539526536045
1.79197884357428
2.34095371428241
1.61588974265571
1.20598953533704
2.30976082207067
2.4223178889707
2.47035610076027
2.22302469095095
1.74563306163258
1.54442311375108
2.4254911095167
1.7988801463227
1.67217251288587
2.09718953512663
2.45935522083729
2.368414577179
2.15151166426029
2.15396055582737
2.12157034627509
2.27142261044647
1.52614932628031
2.18074578925561
2.41918863158575
2.3360087092152
2.05300810819278
1.80357849875578
2.47160885781688
2.44118645525669
2.48922528765553
2.48362031739164
1.32862372342155
1.63871709444703
1.98156622548607
2.47680200514109
2.1095307706843
1.19983618398002
1.9174760849001
1.04506740275784
1.03343327652031
1.10007324818946
1.10839391028472
2.11248354372837
2.38350968934854
2.36889526819321
1.75114251172736
2.35990230007391
1.35660992922767
1.81656029261576
1.71184614741216
1.31183931065052
1.54741382568156
2.25917005414695
1.85202101316056
1.09478963096933
1.57172876069994
1.63361171715113
1.70679932864821
2.32263181644407
2.23552882582471
2.10312269088119
1.3526641996834
1.63234321241221
1.23909224715779
1.01718096114984
1.03356127222431
1.80341382953026
1.98341449229977
1.99351358082288
2.23314883683073
2.35586193872035
2.300368854479
1.64522241097302
2.33829626980176
2.30480407679984
2.33389580676137
1.60504549127787
1.93161137120539
2.35935826074819
1.84663232350513
1.49772291137031
2.3374584859102
2.08218559993864
2.38356301164708
1.20516415220595
1.36065921751884
2.17407495028113
1.73672913791595
2.25078219502831
2.03396210207941
2.05622977769503
2.42384608206455
1.53239811311977
2.22433460381997
1.09905859961596
1.95853966363492
1.73233351899922
1.95755491720072
2.08956524288768
2.15574845883026
1.56972462330212
2.10609097592741
1.57080245114767
1.99563380750699
2.46112431829904
1.74320420752868
1.59441499307004
2.37500711457701
2.33572285166297
2.31906290139829
1.71758879673292
2.26430824221215
2.23238986893966
1.90227227849705
2.06718096573078
1.63007377598673
2.05088449231056
1.62050963471901
1.88156101067901
2.10107805362685
2.03280299834796
1.55398451759214
2.17156417204651
2.35105031384093
2.21927168271109
2.33177514849764
2.10269584338453
1.12791495363586
1.3799963149698
1.3109703695531
1.52637862758322
1.85174755635494
1.7522011486502
2.0773375072148
1.23514155885153
2.31839480112495
1.96612950836633
1.97026392369948
2.27527714756476
1.91458557527014
2.0022237945365
2.10808959892359
2.24086249573837
2.30767897929309
2.06714133614923
2.19156601201082
2.05690719439592
1.97141743214576
1.37165498982484
1.50028250360607
2.14122556031212
1.85600041087281
2.20777596679121
1.9045866307839
2.1199307716842
1.95447330218091
2.150940373252
1.8839816623905
1.87167721219147
2.14662706341366
1.89675617361266
2.15811070602259
2.29092064756365
2.40801242064587
1.27901625103917
1.11949177257418
1.24526090852081
1.88890222475071
2.24370164958789
2.06603511678644
1.49444991685313
1.49516770494514
1.29671573780176
2.30813483491658
2.40300576916452
1.74611200953576
2.07044736035227
2.06594345880387
2.46727166027063
2.33182662047712
2.19236924359833
1.15716172015788
2.30521340143194
2.46276798740784
1.90981071743241
1.26321847183258
1.50106716052688
2.03529458381357
1.59549331555072
1.47627060967324
2.19694740469555
2.09093832330894
2.41663208889158
2.25694849842907
2.14426367484391
1.53924575882729
2.27209246071886
2.4800664253364
2.36689867416067
2.13752950800831
1.23819936301928
1.45259018513992
1.6714733348462
1.64455592245877
1.4771258695334
1.13078958619207
1.82234161454951
1.24714827353634
2.30038489195499
1.76647275270731
1.68140113653795
1.79948766538642
2.41147754705771
2.10594910505015
2.3543805536619
2.48654475038795
2.46515520657007
2.4432641847126
2.25702503526076
1.67802815408226
1.31002457497894
1.18616989213569
2.33275170830334
2.33158204826134
1.89155799337663
1.40584743482887
1.80041790018152
2.33116980443806
1.57077104065576
1.09738737748112
1.90981008946685
1.80724802956409
2.10098640240337
2.45891071086764
2.21696253221574
1.69822840661585
2.15795551791339
1.76373018616341
2.4469335335287
2.24948275255797
2.08490578228326
2.46830671075448
1.87196351726871
2.20348186750033
2.28000666098977
2.41120365295299
2.45161379023054
2.0852917392583
2.31444573497209
2.49327348665904
2.4969227021394
2.40544876783064
2.45861370098108
2.48173026034953
1.69152965184744
2.35132746691178
2.37431483044758
1.6343182490062
1.46195079222583
2.35516276500658
2.41885560301603
2.14579922574662
2.42885170190315
2.45543896321373
2.29208125343876
2.06539332513105
1.6799812593226
1.96802828970209
2.03273202630668
1.56794012037038
1.8071168556347
1.59117089119976
2.43898605203737
2.34736373229907
2.33196235355245
2.20577485076773
2.49135912842622
2.47607077392973
2.40871200141018
2.43460416206157
2.46249816504643
2.24418281337531
2.34214549090659
2.49583565316547
2.49041769977621
2.40287997434107
2.495382217741
2.41593795206197
2.43108237374048
2.05880508297576
2.15721920121933
2.08706906206874
1.86419725077571
2.10351580827486
1.94370154812441
1.82282122429638
1.15465064252862
1.43167149984149
1.77986731687579
1.71691450350579
1.49127393878135
1.45354668504945
2.09823383691653
1.44644802803736
2.22539331320055
2.20844687833262
2.28180736523365
2.30215951720416
1.5601153432981
1.61385164709768
1.4951006203957
1.80806455741142
2.18737439986588
2.16323608415468
1.70409343192485
2.07645950218393
2.06936137299833
2.30724026772521
1.86399620261241
2.01846632338832
1.25252545293808
2.16605066702108
2.30229531337817
1.95340878361494
2.0249674945101
2.2028816609941
2.08094353750427
1.31121251054118
1.92136772451996
1.9226808678892
1.46993255697128
1.74112511969324
1.98452759439632
2.364233373125
2.05923578291155
2.15978120868086
1.91827421601373
2.03184701525897
1.90212268222556
2.09201469841864
2.34242201324578
1.90242617821167
1.9758738880793
2.23489991366752
1.93151930125198
2.08352484636525
1.61522160117788
1.66569716261562
1.29850543988039
1.44162447253952
1.8605407786388
2.33244579348642
1.99930752163273
1.68617259532747
1.83246278136576
1.8699541484293
1.38696293328552
2.3501737952385
1.90018449545361
1.93403647475134
1.71242713109213
1.74256952175986
2.07957883427054
2.03973113811426
2.04352854122057
1.42155629072897
1.27488748635869
1.59827044502744
1.35802135355618
1.27870866175286
1.61805261868961
2.47008998226376
1.53184505588883
2.05483793956109
1.91010900296381
2.2268551353088
1.81602955595832
2.28721923685223
1.79867813362906
2.1210020405289
1.66444402311641
2.25529929187932
2.47195674035713
1.68801026339323
1.90430608525558
2.21436216156176
1.99375966774655
2.48312127082778
2.21893639049165
1.82927585114343
1.90528568285371
2.3439805517865
2.10954295999586
2.01088860469957
2.27379402014296
2.0048634620646
2.18147716655648
1.87375915082082
1.66373008901539
2.01842771657475
1.61002093602715
2.43123740507584
2.27602215778813
1.9319031293511
1.74289436027659
2.3594298251956
2.29577156694516
1.8253542999155
1.85641241477967
1.67414918390354
1.19855764127738
1.08297632518601
1.39056311004647
1.02320785398426
2.10888416948732
2.33593499938344
2.3858479939716
2.18750037789658
1.85261125822775
1.72531996359651
2.28924949284356
2.16677216752209
1.82020457720927
2.3229348034084
2.45503568961661
2.48810590373752
2.45408975726105
1.41098018248642
1.57489719398935
1.57739059220702
1.6573281492466
1.49925120098621
2.04995370496431
1.75075405899941
2.09062915531443
2.48497241004405
1.80892672786396
2.34639191342479
2.12726370676689
1.98910835398748
1.55256966509129
1.89450113046717
1.75485781458936
2.36167852828538
1.97864204599315
1.66766428885469
2.09416377764553
1.72463613313012
2.20230556663598
1.76681823681907
2.05615447938651
2.38745131969923
2.33541932547718
1.21636217348848
1.54475918708702
1.59832532533886
2.30978693511077
2.24748320764035
1.29425534079798
1.391867546454
1.2396164196407
1.50477135253494
2.40875071307596
1.71998362973763
1.96186295636616
1.98515415154375
1.46441854492448
2.12736806223906
2.1384136333526
1.76933751669514
2.09477061261839
1.80595542397601
2.12516762124071
2.32092529655423
1.91095672942408
2.18224363524454
1.72010541233708
2.03034096572781
1.27320377313456
1.53249277468556
1.99901620727573
1.57633588684894
2.22739405245821
2.16727186582984
2.15892073490176
1.79016143884034
2.20910839075321
2.01330105821399
1.69472884139843
2.28244253974563
2.31229136701601
2.12578730492044
2.13990266266642
2.35832996206637
2.42023253440931
2.2259357494844
1.84113485853975
2.28339296030715
2.44975601010542
2.40443711764301
1.99901594525399
1.83891348128319
1.34136265880994
1.72564460727177
1.65730896097042
2.12542712874975
1.10007732248068
1.13215612077752
2.10029595599413
2.42758360889794
2.26063198277696
1.40743066988449
1.61732786009606
1.79581474943932
2.18761029541366
2.1509427993797
2.46426585214183
2.1013058310183
2.25400300832461
2.31961951324711
2.19017660921799
2.24874023603852
1.98440410677239
1.62890731003858
2.19256673431336
2.23859512087892
2.34664526344836
1.40980670423638
2.26050082685459
1.60447053330436
2.21366626506577
1.95101027465448
1.97047771317714
1.31405593005691
1.85399582208856
2.20880625515495
2.38611075491255
1.32869912736182
1.88870952815889
2.33236170218216
2.1314090784176
2.10354926456216
1.20415161109886
1.99757009348778
1.69510300664171
2.38147191238762
2.16691713129789
2.38294856161075
1.52761994238523
1.8099824377917
1.81675854835877
2.27342941888744
2.42885099693485
1.81482409653424
1.45132275116257
1.34990163661221
1.54673056136446
1.94299617015771
2.23896369497367
2.05545374256853
2.17698598212106
2.16839099200743
2.32652174340859
2.00146734048276
2.29969725442969
1.92090221688346
2.04989089852142
1.92899000531636
1.84199259324041
1.94804006979382
2.28540191272805
2.36828751454439
2.34927625152639
2.28341251176868
2.23550034245949
2.14613402996746
1.37316430176119
1.89092824583714
2.19814009049877
1.86437720379044
2.3106251682223
1.84220592809385
1.53870417979455
1.89066921157679
1.6480399866858
1.88049848506213
1.92144829257352
1.84445993046184
1.81139349388818
2.22909452503074
2.07192145887529
1.81520018061338
2.00401165892028
1.85299022695241
2.22506966854577
2.35750642419964
1.48140597598846
2.23765134097521
1.96272160361593
2.29820560820491
2.28655218972049
1.91182267384303
2.2848478035393
2.02942371084398
2.25741100242394
1.85348332502846
2.21806687425724
2.05614222978856
2.1498778039654
1.95238981022663
1.6628216073052
1.97632390958831
1.82218975882046
2.07340083755402
2.2143879347513
2.07263318465567
1.96523596344919
2.19132264384614
1.26200459493436
2.20101688398571
2.01161822396771
2.06754846529559
1.98933443241457
1.9689314692562
2.1071976068229
1.9421163677117
1.91057920346958
2.09667590271028
1.65456823213527
2.28530463425761
2.03717352534238
1.7994758055768
1.92671756747616
1.81101710380815
2.37395291483218
2.3944243051428
1.90572838462564
1.92836376295101
2.29634695543551
1.95146628046527
2.08640386957882
2.25659033187444
1.82759455058738
2.06904900374592
2.25943230364862
2.16645584668685
2.18499797893796
2.04614977224223
1.92691897173943
2.03888186201639
1.94406650239786
2.13804928504009
1.73659743858288
1.98732494924748
1.96165139945881
2.03758668636288
1.85922911959194
2.27103531905175
2.11120786179783
2.244775306969
2.33657761415998
2.25838690666615
2.00524159007698
2.30443755674568
2.38024447963731
2.22256361611651
1.99204299381258
1.71271728010615
1.98160553687201
1.36173106800114
1.73666263317751
1.69195304724624
2.35989058623957
2.46089935220682
2.40438849586636
2.38966305834506
1.66070073560645
1.75267978764709
2.18959811518822
2.09014646156941
2.4723635906133
2.46266246808198
1.98803550979485
2.26595402546467
1.96276142699677
2.39685680463843
1.85603290838525
2.10372344886522
2.2028757808673
2.34066288021113
2.01643258069512
2.30029142561486
2.2738362942794
2.04941512306835
2.18486479601389
2.02711756345785
1.71472570799344
1.50381722748487
2.16739405322685
2.38431497496741
2.31324551882414
1.73002157152359
2.05481651943267
2.04281468068361
2.19015674619307
2.30958768726828
2.31412491275135
1.6554609268142
2.12616312421322
2.34248207207224
2.35709357840027
2.23712003673936
2.28719175122385
2.2330784361608
2.17986540983419
2.28224904211712
1.91890526069671
2.17297713299597
2.18019228387444
1.85481140971678
2.04196334554913
1.58455889404718
2.01156007808216
2.10660963574667
1.90731684431639
2.38574538050939
1.42209458168551
2.32936635154468
2.23183337247828
2.00040471758764
2.23327860718336
2.37997651118763
2.19777980246115
1.47427307924119
1.60479627357973
2.44490646704376
2.42089839271029
2.39864340840304
1.92771152649187
1.44771413310618
1.44653801809589
2.32006115047138
2.34001761753468
1.78452423776336
2.09334096263009
1.81895193485791
1.71048790451045
1.78975799958791
2.3120207812057
2.24718072052228
2.32262288793539
2.15703184800757
2.42848377132008
2.04093467121235
2.01969963914086
2.47855694618726
2.49096606942489
2.32982781771092
1.92049118678799
2.3215551676964
2.43549808752444
2.35981202540672
1.19282950501475
1.08278806826152
1.70902104204362
2.29777069183084
1.55186741346806
2.05881243694363
1.70673384256531
1.92760982486682
1.62458565104328
2.32336705815056
1.6581832672789
2.18189576053997
1.69586178442214
1.78412861921397
1.77268478137059
2.41512172611808
2.12871411288548
2.09091955686815
1.86323873450451
2.21404348743104
1.88571577443362
2.09326464692162
1.92163683834345
2.01118777984618
2.02145792141112
2.05536410352572
2.05929364211874
1.68275505145215
2.01413485910602
1.57177994882718
2.08441518099746
1.78770836047579
1.92733188213432
2.26617050403468
2.20726757492888
1.72354560683853
1.98042312646198
2.05021367873208
2.20229716605258
1.5074633049256
2.18803928073656
2.27900366705019
2.24778067378767
2.00054698796232
1.9860137675913
2.18717591440992
2.26727547668131
2.04100521811665
2.15152326250471
2.07711149322132
2.07375893877839
1.18387056184563
1.17776618832851
1.94808377172507
1.41326695319969
2.42912358462886
1.82842440459776
1.93836465686359
2.15640936293036
1.51712904866852
1.94849346556086
2.2279831286512
2.16529711327946
1.82390530123787
2.37281704031967
2.03125859328005
1.54867053520492
1.86729525199762
2.11060182106074
2.08769579116397
1.99426656689805
1.84662687605099
1.71009676248747
1.81807220218381
1.78807055508784
1.69970240843267
1.90303582882542
1.98040098408776
2.04060310831172
1.56866668573644
1.80131039459038
2.0735210583985
2.15223722176585
1.19786038854952
2.25236314356177
1.49100994407124
1.4943486889233
1.95580426252862
2.25212793728916
1.92715346240202
1.2547277286114
1.74323596873945
1.39846303396036
1.23090222162509
2.33395300072806
1.73909005617985
1.42628933790916
2.18556344950829
1.37851596952777
2.09025160346832
1.86293171444572
2.13858184172992
1.9707634322122
2.03171996407704
1.65556582059938
1.84282991098729
1.55408100790042
2.05598838698296
2.29611942763588
2.06454395799975
2.21939477693483
2.09948420736493
1.84497725177807
1.84546217987606
2.08340366751598
1.30919162398565
2.25362346602563
2.31233206973068
2.31881022852318
2.08216344064314
2.37044296392542
1.38455464422888
1.98336249803406
2.38739138355684
1.82147064874501
1.99612045161069
2.0168738300209
2.34288749773681
1.98766377019042
1.60551795265134
2.30499602780351
1.48415729564621
2.15693455997716
1.806048903558
2.23181142822806
2.32257992955882
2.08161671242276
1.3920385688777
2.07520976033189
2.37503256329113
2.17290682900331
1.92072985629361
2.09144762435162
2.27486132540248
2.04844049374501
1.66223612128294
1.7950318719601
1.40528107054975
1.52205741663078
1.52108751375513
2.38133125423035
1.99665924345055
1.18954974704537
2.20855026859543
2.2693475531173
2.01753499414585
1.99360682860577
1.97122930258619
1.65282560328817
1.94280927059337
2.37919682447109
2.36969154350741
2.39367491709271
2.39033490244572
2.29196849104127
2.4924353051731
2.47880650723494
2.43114053255525
2.39624770580854
1.83114991978094
2.06741867607712
1.79668240205378
2.46446850105302
2.38012617198882
2.23911459037737
1.7669189670729
1.02231943717527
1.09240738258132
1.77744978813536
2.33501144814868
1.532003104619
1.31864443491039
2.48084749539632
2.44109953117468
2.04218519514734
2.12484225675594
2.31574987252324
2.44728066099748
2.24795190512105
2.43138283258076
2.13984288572617
2.26868682549349
1.820371799887
1.21060672261805
1.051225072545
1.73271840137384
2.31204962930036
1.4730035933888
2.47598417519965
1.85956977662459
2.08746505855347
1.7364743812766
2.43085837161896
1.31727638855591
1.62045291971163
1.61113743470246
1.02860610478896
1.28687851846683
1.4734039994705
1.03331191831824
1.6280407348398
1.59471537912904
1.36482953932139
1.79720173354492
1.76020319885479
1.66527070527475
2.14147832101554
2.12661181505656
2.14006123786105
1.10495028963944
1.10760090210238
1.61544024536925
1.3328990085021
1.93150483706669
1.17066975149423
1.99850574824725
2.34544517127419
1.73096093588742
1.68104118913915
1.07081073259463
1.01590252283784
1.77612533390627
2.39893843315933
2.44575640892881
2.24972608809054
2.37945473659803
2.07807627814773
2.07431415208961
1.61552413309424
1.360139348705
2.07332484678315
1.21755937260927
1.6445127037236
2.24267323763025
1.75717576261488
1.8634655346995
1.46460312373848
2.291135736373
1.86398806315919
1.86409404739345
1.23421736688512
2.08271412287049
1.7059257666512
2.00627752382297
1.18580638962915
1.83256245654354
1.94418218061087
1.89162591741244
1.67015516679113
2.44177338117741
2.20202842616048
2.31113027809138
1.14657618724366
1.7253764066907
2.3264637214737
1.6024050250003
1.78784439611859
1.82856458631417
2.24887072458873
1.85469223166607
2.00890877608906
1.21692924655562
2.05169744198371
1.81385127516312
1.56832120977116
1.32422122331935
1.9401698495298
1.09170645250244
1.82377093027886
2.40864094593984
2.48677924887754
2.39896707875411
2.46090410746326
1.97126048197195
1.96351094595793
1.50217002609006
2.27066085269486
2.02703529724056
2.34990169184802
2.28846349475469
1.63745436098861
2.36227102423306
2.32894070473106
1.31450346389481
2.41838784179374
1.33347695824021
1.67542957420263
1.62783524438795
2.03993874478608
1.39016955398092
2.0262158108912
2.17725130876763
2.03414475073536
1.73061240645839
1.94807680313276
1.53135744100415
2.07678513136517
2.31077507344395
1.65809602832886
2.37383539847886
2.08060012619891
2.0942686494974
1.52903385101023
2.29383039938333
2.22109875987803
2.08753555646942
1.64309941562019
1.67572859381778
1.9270635567916
1.97770327704781
1.94445068184671
2.12712057397482
1.93503078123418
2.23328616590134
2.37106404591504
2.01213864817369
2.2825777829846
1.40496350549006
2.34898730056063
1.54133882710213
1.14300043611032
1.7323902022965
1.33962228651336
1.81127873744655
1.51153864844748
2.43854922543289
1.85592018591791
1.85837587901223
2.29919676727154
2.34884025069354
2.31598578719943
2.43780102498115
2.48970536326654
1.91307232742669
2.0284907487183
1.96382528221689
1.87922216206108
1.40445829210266
1.89069667734354
1.49887239450689
2.01254120013833
1.98083262177951
2.4283460708877
1.77517921988946
2.43214398786087
1.46808234146031
2.2962285297062
2.26074935328383
1.51143705348642
2.22012032260046
1.54481903671771
1.39611714663122
2.23795629162753
2.11702867395717
1.91752642352289
1.65589580980693
1.31607457967148
1.28954842226244
1.85894158386536
2.07332481059652
2.23340048461656
2.40408608848525
1.50428112510866
1.99492009041723
2.33042354585441
2.36480270646687
2.12948697589955
1.84921891966217
2.14885190024836
2.0352814128991
2.39578208019832
1.7546684393965
1.60956058316643
1.51977501560791
2.39710148017222
2.39486436479231
1.35335093868149
2.39589407763022
2.49014670498356
2.49867123225715
2.39454263702527
2.49205876242931
1.81048178780868
2.39843254752291
2.48912131920109
2.46818073644267
2.4665643923817
2.28746561213858
1.65653434447042
2.17290612245273
1.79482218784689
2.34876958996088
2.2071885622427
2.41812679241041
2.45628197564645
2.19982050896091
2.39180592468886
1.91082637592364
1.62609219510246
1.06335592208289
2.09169095898796
2.28124657259979
2.4488713173817
1.74652906913127
1.59527110590243
2.28793688827767
2.23626914978464
2.33978230729772
2.41325033477241
2.19507584053645
2.24556699322384
1.87131935845978
1.42927120302664
1.24042139835498
1.06452345895292
1.47141196912802
2.30099953450964
1.61874979032401
1.51376503050396
1.50043880393739
1.39416889789973
2.16499579211922
2.41812983070563
2.47580258125171
2.41745967563624
2.44520168912039
2.41134403688412
2.42234580492393
2.0726970355667
1.37482825122786
1.17380666956332
1.75335337716191
2.11370438898823
2.2020653361097
2.42937192990864
2.43003880664545
2.49845489232998
2.4671124824563
2.17613558633207
2.48273920904214
2.28907409531428
2.15956892803269
2.4337893099878
2.47692045464087
1.46625483821976
2.15317638884246
2.13773230195224
2.20638805708706
2.03645844214313
1.80987823901721
2.30509798803368
1.9862783965084
2.38811109964492
2.40647686821903
2.4470174134335
2.34346021275731
2.03624268805181
2.24636786682145
1.44219607396307
2.3822943064381
1.84838359335462
2.13878226037243
2.38312218315634
2.23485666251595
2.24454722874882
2.12355471749453
1.78013557124095
2.24561152529303
2.25849378416065
1.69104476163335
1.75499244508266
2.1889499214324
2.05357818338082
2.27566984811971
1.83101690795878
2.33402553945515
2.02331806544499
2.26300482765162
2.30691222295551
2.40731701592564
2.18119036693445
1.39509095705655
1.5776962941044
2.30966297228189
2.07938136517941
2.43753499122642
1.5851210692207
2.37304832877813
2.43765955173015
2.17549117055567
1.98015337484376
2.22090544463378
1.67857058794795
2.13891989211326
1.3655873141911
2.34435544084497
2.48529524028444
2.21978819088472
2.13287092769858
1.20204324074059
1.46075532338938
2.22705967930527
1.63364415988433
1.21376603243211
1.77934609433295
2.07275754769982
2.0529352630113
2.15905089558121
1.66525574697354
2.06978144095201
2.21867112411854
1.72103437119127
1.97835249636153
2.21111290426202
1.86970197483215
2.42768343396363
2.46216657985748
2.19208878639932
1.84303178436281
2.23539706872058
2.02392773172105
1.89401180682411
2.24066104435789
1.7553117329893
2.10065599768672
2.01838989066588
1.96128357456419
2.41292872904897
1.78283804818336
2.28367358468786
2.34449557581976
1.87947686790558
1.93783437571908
1.90165668918274
2.04296772681033
1.81546497275971
2.11364754519634
2.25348639842371
2.1784143611874
1.32836292385292
2.10160166169934
1.95712060642318
1.8965756922413
2.25573108502078
2.34690708895476
2.38400982014238
2.02466397863319
2.13546572062151
1.89928926571183
1.87150513067071
2.1226024841764
1.51819520588937
2.30668758674599
2.08841851109018
1.96936445404025
2.43515325064833
2.3162741312105
2.04999950729195
1.92783891575336
1.27931848299414
1.68385829133956
1.7308625929449
1.70970896076115
2.44766064179771
1.66265321494766
1.4707455112523
2.14597554897745
2.43024496973327
1.22937092563952
2.34430178356975
1.95716884767057
1.6833701666077
1.41243970395326
2.34620012857722
2.45420079286041
2.2403670309983
1.94758838522645
2.03897118353651
1.67724872054951
1.05314577497874
1.75951939676516
1.26832574216944
1.79639425653519
2.08560152477797
1.48270059200184
1.97687230475751
1.38440831977771
1.48810704039043
2.18781537523981
1.65610190143424
1.74828575959807
1.91159230506138
2.31648006998786
2.4389622627832
2.28208775720807
2.14624551993904
1.42364740682804
1.61136491172318
1.32818862321333
1.98951318908227
2.22716551768738
2.33420407180439
2.07840978983336
2.41313696515687
2.16974496831477
1.27048520835865
1.70777980004898
2.06792189946698
2.44826984401551
2.15091292837359
2.29382485294912
2.04303583853127
1.98145494353359
2.30824121081238
1.53231957502938
1.69148566460316
2.25304126162456
2.32600678959892
2.23692846716779
2.26594905306125
1.79556369816769
1.63937815429409
1.83604406357082
2.04367895715991
2.04556173237693
1.54680638199917
2.01875475977277
2.03800276292284
2.20432444499516
2.22979376002253
2.19879239401697
2.00628769076147
1.66690263002156
2.18069208357243
1.9606868525437
1.63314591350316
2.21495643789881
2.32916794642066
2.35808898489932
1.88358808735493
1.9211773040514
1.4344013125044
2.29386888431474
1.96330063525622
1.80784491981363
1.77104164090053
2.0050651359212
1.83316533321383
2.21161106957092
2.27394856411998
1.89797073686035
2.11764889505934
2.07279235079654
1.91688975089365
2.30625673619744
2.24178377878403
2.15050587685183
1.5248534843578
1.97906614100642
2.07681755075226
2.03224285613857
1.97101750345621
2.20533865525888
1.92591088618574
2.43618579662652
2.38894279523916
2.19928114025344
2.1064145289786
1.76468437404877
2.0084747137453
1.60356481891063
1.12775909731869
1.11086391155302
2.43161272472114
2.35750671143361
1.59608696318082
1.6508974217834
2.32934376912628
2.2677012633209
2.36291653794371
1.6548806208044
1.39720843371974
1.70416428417327
2.23288913645821
1.30426102605636
1.5104505874599
1.34283419689398
1.16280808117749
1.08450017777223
1.06925844226723
1.17502393735356
1.9890309077868
2.07755350444257
1.5836680094666
2.17040118161638
1.81323565842789
2.42386455162494
2.4878182146366
2.26200068876235
2.06723907037832
2.2998090267887
2.00700535884561
1.62943387850865
2.30749685159587
2.43615843894489
2.12494083826164
1.7972483380054
2.36799118095105
2.20376793473057
2.13931288650223
2.02840776928678
1.96602566331386
1.95070785354107
2.12135199235542
1.88041882755743
2.37199131103946
2.09533846576821
2.08435868160337
2.0009354936734
1.78813487322227
2.03201855462137
1.81934016953676
2.11022601963928
2.01144164390427
1.60006722422067
1.91426746708024
1.61136213931867
1.30171037298943
2.0672020050286
1.45072296393672
1.8129040414028
2.18255319290157
2.21537086271281
2.24980169641543
2.25562218351522
1.45302978597696
2.40385384263257
2.41963048911213
2.41949434555786
2.29130431065833
1.32963423584435
2.22998294822391
2.14290532842478
1.86031725701835
2.04062791844916
1.46357152361931
1.47123875306061
1.60319117420474
1.71606350489119
1.38284277144236
2.29001741929644
1.97330869934845
1.74457633850463
2.3287020674624
2.0987524045342
2.31075553614991
2.36007040041878
2.2544686323025
