1.9
1.46174485600988
2.17060075370188
2.49864493181352
2.49399237956109
2.48333206525341
2.49920507861943
2.49913451725304
2.49985616595018
2.49807076952971
2.47456941879801
2.32726120600413
2.49777289713012
2.40785645793199
2.49452117246437
1.6734449067109
2.04138311308193
2.25785997247801
1.9052615000981
1.33045332804798
1.02097276880442
1.00018544751667
1.01990525783067
1.02906899026454
1.09331329363585
1.05391860321551
2.13674889733442
1.44997887667742
1.57829892011267
1.01925848929822
1.37532807003208
2.32229846963146
1.73487764475175
2.42120847777148
2.45973302549791
2.22740048429585
2.33217081375875
2.38299746635162
2.45534339892251
2.46994273558201
2.2564513370913
2.44296288547684
2.43844921476974
2.07183579363442
1.70235396791999
2.49453013561106
2.49868646159277
2.49798988291831
2.49594299983801
2.49903186278678
2.49998819438502
2.49998954766802
2.4999480719918
2.49967580478292
2.49906188176315
2.49440630321822
1.72872477347471
1.47602353208142
2.19536651723967
1.46777616585927
1.44349620484866
2.16640862550131
2.44902781875242
2.44400476944055
2.2573099698192
2.49843612919967
2.42697101241084
2.43891234859288
2.41044059878473
2.24258075415762
1.73318407286736
2.2034036337042
1.04366401448989
2.39152461225957
1.08683950168917
1.13233280523587
1.57476365782773
2.46499186419563
2.49986188323564
2.4946470626679
2.49410012011371
2.31747957037267
2.44749388888276
2.00230534796868
1.95816584498377
1.77115686574083
2.15271883305044
2.36646965204169
2.4788855737958
2.48292241838559
2.35060526518933
2.09306953415105
1.52665619169747
1.23144789638424
1.45906786305488
1.16288795276801
2.14673097148636
2.42558524318979
2.4741481598486
2.48293502989224
2.48256144339607
2.34156448631089
2.43652365933853
1.22852865645514
1.13772367952036
1.59263827133932
1.39643419673178
1.6707499112849
2.34338848218868
2.18149424393495
2.45466921192676
2.42447367408895
2.44937626623589
2.45026526187976
2.31096753646687
2.43605960333142
2.25611612751085
1.43852204252969
1.61683348039355
2.14090096277279
1.52710596103138
2.15067329926846
1.57120317219708
1.67839340429885
1.71068469775139
2.04293655933764
2.33896918415116
2.41020883033997
2.25832622614347
1.97046875690143
2.27096412113035
1.69360665831669
2.38241376892652
2.48701346798867
1.87378753228055
1.78628515215618
1.43804683279197
1.89572498223997
1.68019974882795
2.25888344319402
2.22593863151229
2.46639588911288
2.33022021880725
2.11411295623778
2.34107763533096
2.30981844387553
1.25470028481892
2.45404327074441
2.35267072547837
2.36725567185627
2.46909627867716
2.42794065122793
1.59453652553872
1.98096828228604
1.70985185327525
2.24888094741521
2.43303332694408
1.64156300747602
2.06460398990272
1.98477890811016
2.03500062625792
1.95981024019499
2.28418044797476
2.46028119087988
2.38041208279742
2.49058030900768
2.36690393092451
1.94012173169537
1.57534896418663
2.30888311955822
2.34990834110885
2.06847985671501
2.34129471052153
2.32830902128749
2.27596399395974
2.4534647566187
1.77386550178061
1.63765964490723
2.4106978274493
2.18113991938148
2.37604875688283
1.647485381748
2.08972839788163
2.24463369273134
2.26837125959702
2.18589896157896
2.34552487941586
1.49253161726119
2.13057094263423
1.95936834677104
2.25933347180254
2.28125837068928
2.32082858446879
2.08920940576014
2.39278044756717
2.18006543414999
1.37146905637167
2.26339669418795
2.32747291769435
2.00911295879619
1.93341481217687
2.09170170981073
1.96603570007919
2.08583421112951
2.45353522292122
2.47102676659278
1.36963729092286
1.90507303441759
1.97635609526371
1.16048885111211
2.09382522797512
2.48133126823026
2.21842907051815
2.34557672145409
2.44667761372934
2.12022741496418
2.15690556386921
2.40767425383597
1.967208705499
1.8408976761798
1.09210935584875
1.29780631882139
2.05673485355847
1.85456357374272
2.37733608585477
2.1548813908723
2.40107158278912
2.3452408104013
2.36581862316946
1.98863831118129
1.71961747707486
1.88802859350102
1.99806331311463
2.00992511237852
2.42690652885167
1.89576347851133
2.16893752937412
1.92679767846645
1.62431773269036
2.05532807895138
2.15330636230859
1.97123019282619
2.39138576996492
1.6728914004386
1.51540863941479
2.44009818807571
2.07542025082272
1.73082849448681
1.66883210013641
1.52228115880455
1.84325134829675
2.48322921685229
2.31201284736731
2.41328178353814
2.45917999607484
2.37507339980538
2.09509199934198
1.67566198299892
1.57678405716426
2.07123564702707
1.97651989747781
2.01449705104516
2.30099272722536
2.1051766687017
2.37387914892389
2.25399404964185
1.5425135570665
1.42234735564331
1.55289473334789
1.77401986848155
1.38422994529284
2.10288120102682
2.2871163240392
1.96814551047687
1.84865488231722
1.91152354824827
1.88806913816903
2.30266791439153
2.11959925220532
2.35854472502911
2.10821997132554
2.19874646855234
1.70022850494877
2.47695772965264
1.77701360509892
2.28882246631593
2.30265214198054
2.11999515069848
2.30708967576418
1.87956529942313
2.16607168513222
1.97472312261606
2.47196487790054
2.4091952558556
2.48390082158754
1.7254968464959
1.8067053341256
2.20615196587685
2.09599562290207
2.00768886518135
2.18324149298144
2.0041980403713
1.65601441765851
1.25471330086241
1.2030407260342
1.93139294072074
1.72641180816521
2.03047791336516
2.13730891188839
1.99103014977553
1.9076530565234
2.02999570416676
1.49742396504922
2.3616186635116
2.01245130366989
2.00378776716957
1.68432527021196
2.36694848906005
2.02959317450854
1.68884104282678
2.17701028851258
1.8251056471285
1.83143567871203
1.51922526470175
1.46593482165297
1.93794917097666
2.45027622743669
1.68641606259223
2.14414245250848
1.08367976627926
1.31674618127416
2.25916500433451
1.5554511030117
2.39144360069267
2.42048495903928
2.12244698587762
2.05684693126225
2.19277184157467
2.31919730075037
2.11585822808325
1.97333982257392
1.56109812386515
1.66924096184599
1.82913281145119
1.63547190658326
1.80221139618406
2.13520457816326
2.396720874565
2.32348134654149
1.31634173601588
1.76119787233279
2.38479398144986
2.46137084108703
2.48648762535983
1.61650338327067
2.23970961642556
2.34423428688909
1.70959377421044
2.47269662549457
2.35631989729421
2.20167984599391
2.49588194176941
2.49944116811558
2.3524747983197
2.4393266715077
2.40401540936399
2.18056474284393
2.07608059208913
2.45452698602971
2.06687304260507
1.69980961443117
1.18975231568548
1.62215911001241
2.23648521058558
2.48139875892959
2.40655285155613
2.35826653354043
2.31920454945786
1.3075311441316
2.07410068803308
1.42181464409962
2.41270853001416
2.48099910857443
2.28542012804593
1.82821430752091
1.03101753761959
1.09964404340861
1.43177711261156
2.14264911453763
1.78871546592588
2.22379306370734
2.48751034930391
2.49045580929836
2.38840823128944
2.37438637062568
2.37528741460211
2.42544985016964
1.76623324140959
1.89828749258819
2.44118190232828
2.42330048960854
2.12915039063459
1.24098279584856
1.36115028636368
1.88692018374323
2.32471760657308
2.04195067110431
2.40695725603632
2.34932245869397
1.88914793167575
2.14389135315179
2.41243234080752
2.24364282015305
1.89729805136625
1.73472969935947
2.06309187504059
1.71560446597045
1.41576289541939
2.14288345650402
2.25453211585062
2.46237004713926
2.14023999743293
1.88749150591933
1.99391031705822
1.32140548298499
1.67023165565228
2.13064377099554
1.868182079448
2.2360858013495
2.12586753001647
1.9970638480535
2.41089689685662
2.43657849423474
2.33678589152055
2.27289969321349
2.15225407510715
2.05901462674367
1.80195097612484
2.30255166549515
1.9154917260957
2.22685625243274
1.77667126990767
1.54536031514435
2.408009294075
2.31910421181063
1.72200296628065
2.4128242598508
2.01849184440831
1.9087083544062
1.71452410666119
2.36991063563585
1.89432410385037
1.69867243072748
1.18438227909572
1.06917412388955
1.34803202292341
1.27329212462792
2.17872189537994
1.73032853812831
2.32309628585035
1.51552354468495
2.22069317051285
2.21194857248376
2.23778116246941
1.57479231124384
1.96744289210086
1.59892396293805
1.7115051684208
1.93106339610406
1.93693937672475
2.35918906811632
2.03864834238319
2.15365939444488
1.87271510901587
2.21711001661237
2.43872948841473
2.30870566467866
2.15029107424537
2.34851714418243
1.80029053018969
2.15621198054484
1.57945110313167
1.48068157634223
2.44567962394566
1.78869330817876
1.84370594463666
1.83910377300165
2.25096663067538
2.35155269073426
2.10024717585685
2.00247501180104
1.78538912859131
2.0748581050762
1.34268471852222
2.03975736167301
1.98120454684126
2.18409267574136
2.14119071340159
1.79975271533549
1.89521889232235
2.05689583412384
2.09603245989504
2.05215085971822
1.74140796136147
2.25339639066387
1.79757453730648
1.85014344013097
1.71673255267665
2.11201086307634
1.72277760145041
2.16496549759174
1.90425272916127
2.02145713451201
2.1972915495497
1.42499681058666
2.37726646931048
2.04402860344584
1.80109370167178
2.34334664159236
1.52700407514606
1.63249428486163
2.12151169893161
1.75436062795744
1.53664757939949
1.36526060281242
2.16818548635963
2.15571001553351
2.46784848872351
2.47324995544361
2.01058422350196
2.08632588915049
2.34045862864072
2.43178618420537
2.48722743712573
2.40237550006401
2.08318224926538
2.02214695725549
2.29781935033996
2.18662735897043
2.38720453319459
2.41334664481021
2.23480403749345
2.17472017922283
2.23529328582263
2.14037871768061
2.02247472651785
2.2543187223257
1.76452897023228
1.54245273811544
2.11127818295154
2.47718934642636
2.42522473813724
2.4540795874013
1.9181884112074
1.99178851658449
2.20117012265786
2.05978492936153
1.91540808898452
2.35328457151174
2.42087366519664
2.35123871310969
2.40158652324703
2.14217691238713
2.3971120138924
1.95449290797483
2.18928863543742
2.09366815976856
2.13119482153549
2.15172678160909
1.66108586522004
1.79170000280404
2.19006624862142
2.26665260458867
1.79275127493604
2.08460934157022
2.15201500335882
1.89546425943217
2.14501387080711
2.23922001945523
1.28930489030295
2.16818251774848
2.29502510117077
1.45450157403489
1.92868410124211
2.05956494378765
1.37225058945334
1.39740824256575
1.47215769184155
1.42689593507041
2.08764671350059
2.2778822024754
2.20714504415303
2.26625102684898
1.52417901946403
2.08863859068743
2.25695136487443
2.3150378332001
2.42974461979711
2.44704493243591
2.10862618968147
2.01258367266014
1.64351612410002
1.06825965224445
1.21698917514308
1.55082761147815
1.57740274152002
1.35134140170983
1.99627421922868
2.47343211088917
2.1823083204703
2.03105029097576
1.24956942066367
1.21167600109909
1.38041876043564
2.31531271566505
2.13154292541202
2.26735023695183
2.27460842584622
2.41889595846995
2.13539081825669
2.21410114786721
1.63285304775848
2.47194944479524
2.49065885787398
2.46978201039659
1.67250225227281
1.73461790541334
1.23272460178635
1.90631523005714
1.82489819140404
1.91442801721582
2.2316026350113
1.77256942169274
2.07632367160251
2.21420919555535
2.32281505853286
2.05098925401799
2.22012223580744
1.60646912925671
1.23292786397898
1.43763319752279
1.78621402722771
1.69652584605299
1.53539001309516
1.25933983021876
1.76121914005641
1.64286044283973
1.24065059017231
2.23613089061778
2.27616177811782
2.07971230268942
1.95901767435777
2.04480222708336
2.28734958220965
2.03071194474982
2.44046249346772
1.84814591841484
2.30708520927346
2.2209310077629
2.37942423334352
1.69298835462964
2.04782863211619
2.29001666908333
1.93198841506302
1.65407955117044
1.17782438850132
1.5435432125812
1.64767526772394
1.42932733067997
1.50996808213524
2.06340705145132
2.14491724894982
2.28637770691889
1.61182633723558
2.32129832314
2.30513140621966
1.48220517172116
1.91400645293762
2.11306323303313
2.29826247421811
2.08307591660074
2.25865933992988
2.09999531465679
1.66655810928276
2.36528916840221
2.13748461951083
1.72729117132092
1.97158666054918
2.15124318277966
2.0072002904247
2.36972499514068
2.13784222345029
2.12737068587908
2.45969574852454
2.37785513474786
1.58982946225981
2.14576775923945
2.18241107366987
1.47303041085855
1.50923665790183
1.81586271548625
2.1767506032692
1.85102286643557
2.24039673653483
2.45945302236744
2.49698180580341
2.4735634871352
1.62093875646707
2.00391675821783
1.67444065434779
1.23611833828684
1.35868698847684
2.15103248158806
2.38625510570542
1.9948236276373
2.44694180758669
2.2735235228768
2.47919843326477
2.48641341058606
2.48597100848203
2.46974115806398
2.39313501249487
2.4148887189582
2.46481540557847
1.6025872781487
2.10684862785199
2.11363578078167
2.10367639830484
1.95567247084461
2.4034595334519
2.13866590533216
1.87955588452625
1.89281620498671
2.2174262441672
2.44357961573771
2.40682953959332
1.83405869898068
2.00808724937379
1.58666887322242
1.59092336678422
1.96381424492187
2.32458330515522
1.65175760261678
2.19994618323919
2.04288859780132
2.17894162180667
1.71896051903958
1.91835071955944
1.5064229166337
2.27228675226552
1.95709555108656
2.0028892925675
1.96922283195384
1.87232691923115
2.05828968607329
1.77660017213809
2.13026362030642
1.91467752808688
1.6025425024869
1.7658855918283
2.09076939803514
2.11084487387054
2.03438133935983
1.85096732858672
1.94875471648835
1.43811153789991
2.25483970397831
1.47331143272052
1.67440726194792
1.50411286790042
1.57203817992275
1.89748122356638
1.7879914666452
1.79314942758763
2.03760970134768
2.05724049622126
1.56538688553797
2.47125811475026
2.34599163889515
2.05133548390943
2.04714231749015
2.21352188968276
2.13378614778105
2.07752365142059
1.96871081046827
2.00399031127816
1.96376437068064
1.42502452630768
1.80533067629123
1.83191095330722
2.08242632146562
1.47551849178962
2.04286943401181
1.6274698037382
1.86096692291734
2.42715959406784
2.23275834378243
1.20571166447114
1.4849623687071
1.55255654560612
2.3928132854062
2.30810347678455
1.84138418618628
1.5364568905119
1.45235551972701
2.39623635374651
2.46503741523787
2.12113282452506
2.32909396785292
2.42785921375078
2.4388379406477
2.0407220119417
2.00994460130275
2.33897754737706
2.41382530543582
2.1882683886615
2.40001476212795
2.0969935739383
2.1020883453318
1.91927259978554
2.17830379751008
2.2465659323277
2.23715459689977
2.28491415472009
2.37165750657161
2.48628219178617
2.22008322915971
2.45832519355426
2.25666459085241
1.99817231661335
2.26737597704759
2.1666320235756
2.19847085027124
1.47519452345689
1.84937803124666
2.11139240627295
2.24118132528075
2.16672096933927
2.2941619643453
2.09968132465525
1.26155891335778
2.45640114824055
2.25072605344114
2.34260576211045
2.33120710156283
2.45018607696978
2.23735593397302
2.13541153870664
2.16386765506926
2.24316462137708
2.15522032739561
2.27289431106759
1.97154112143282
1.9655891515416
1.66189829094541
2.22430045885129
1.81506597354423
2.01036226671726
2.43960977144647
2.1798399093248
2.24828699363027
1.65700734597705
2.40155496594921
1.92318917821096
2.21639823075883
2.06567574822487
2.15143258639624
2.29789344957262
1.82156630029804
1.50816950171039
1.60884576024239
1.77570101438182
1.42445676829933
1.61380109657606
2.06573032365174
2.3847068688188
1.825703008735
1.66346068798467
2.3600931746299
2.28685728987475
1.20875808891749
1.4774776361701
1.73831395842556
1.66168798370484
2.21681198625737
1.92384945321975
1.8101704192111
2.40723615883239
2.08043480416237
2.23189442127948
1.89415564616149
1.42796274273881
1.58808605903422
1.79277670213539
1.82016816051319
2.21379753633183
2.20531084739344
1.7001856156433
1.99145341948177
1.52201397708834
2.17733469391909
1.43706927627465
1.06836708742548
1.46876741176662
2.39564810436985
2.04473129001921
2.09076252207733
1.79103390002629
1.42932943213447
2.05314352986314
1.44437886867416
1.59515078253766
1.96209458251187
1.96654140412305
2.3525358429636
2.30685814282644
2.39617428781161
2.38981644822634
2.18921930797568
1.62101058385075
1.50622420988733
2.24934982467784
2.24169379889994
2.14450273076346
1.42820301252471
2.01330183701637
1.83853910961908
2.43205451277898
2.47048672518058
2.24986503914988
1.73030078391288
2.28454308953684
2.11670060296263
2.42191404410913
2.36160013332762
1.86818860312816
2.09452542208753
2.01050549684093
2.17525586369557
1.88959904578849
2.10038725257628
2.14430306301169
1.92234582969759
2.16349147699538
1.47018128022478
2.31860488351633
1.69417502665393
2.18552028017943
2.41529924659282
2.46050929189229
1.57425067483612
1.7613438760103
2.27395874113269
2.12688735140943
2.33628958679158
2.19795818666514
1.74314584564342
1.89739851557504
2.33520393716216
1.82856499175135
2.24636512487604
1.7729757283595
2.30597826701236
1.51456481660917
2.09413884897343
1.80958033396074
1.83121921231536
2.0631446644374
1.99158707795024
2.35707709508717
1.44376681311558
2.03366060895981
2.46443249788245
2.469786775359
2.07060229056077
2.40710391384482
2.14073963050717
2.04961402564153
2.21462920873056
1.45495154486083
1.8278339135493
1.89230668030383
2.39305797739697
2.2240319127454
1.80422713739493
1.37700631073826
1.66497726993827
1.71109942278997
1.6182545632165
1.26468513179459
2.30094769617426
1.3552231757293
1.04852601224609
1.03775160106024
2.18492761422085
2.42385781793373
2.45135987720371
2.48918932366231
2.43492280349346
2.46664085289086
2.41191174220731
2.20923121511829
1.98876948000559
1.63031819947949
2.39407271518134
2.49687997063066
2.49289699385023
2.45372609998397
2.1880169214092
1.75757041610678
1.55748661035449
1.9547495812421
2.14977318083755
2.36797648640997
1.98187812576703
2.14275045462594
2.18306497196468
1.95759534764806
2.47658208189802
2.44087932663747
1.92370274829298
2.12344126342244
2.1839444795084
2.11070396939567
2.49116531770435
2.38654228691589
2.4848728396765
2.45321214553137
2.30055770739869
2.34939333017574
1.72765536724134
1.6189664781067
2.01347835952361
2.34920379601281
1.8793722738035
1.39016447639437
1.16612157351588
2.31410066771499
1.80295933526211
2.09347790072399
1.99150828140288
1.77151833937947
2.22860475988895
2.4859896605378
2.46553764256142
1.90727491387877
1.96984117687655
2.02852217924122
2.01829409654029
1.29083377370259
1.36167436371557
1.87094302001118
1.0879997530492
1.06175725164656
1.57739954809747
2.23986111262757
1.5020038179053
1.68210241878259
1.72180332164627
2.4158130962648
2.35832627922105
1.8939424711872
2.1979876456328
1.96233664125395
2.47570747887302
2.49958923846389
2.49841764114777
2.48972429679838
2.363552825246
1.97068700654676
2.35380421526045
2.37926890051069
1.99228131663923
2.08296832962456
1.89718105640611
1.8010764426645
2.1118651022823
2.0489928572365
2.20232135856779
2.44241609495906
1.94307015770411
1.26112311983088
1.76634388238501
2.06942448158306
2.25762096788954
1.5212521788333
1.57969698572812
1.99674959577434
1.75112522891698
2.18413880066525
2.31945164215013
2.23529027393783
2.37233816650388
2.14015519487856
1.89021779784735
1.69089923476934
2.29788379715362
2.07468154608402
1.67333857039867
2.0849595604814
1.95949192856248
1.90443253033587
1.50454692246717
2.22402392304731
2.25556541401541
2.42075161483875
2.42836631916424
2.42093602913424
1.92785248625416
1.92508715377569
2.06076149699924
1.93357593490109
1.95329487944855
2.38836979228388
2.34878195491661
1.37532193648489
2.07237722468785
1.54611367280656
1.78388728350948
2.3024991092844
1.80056267190343
1.5992489478426
2.26065348861411
2.37787489850523
1.80724573925952
1.85006463035389
2.28041249581409
2.32111180765008
1.94794566504036
1.9090459650819
2.11515400777273
2.00854469787337
2.31413461694807
2.19674556125162
2.13571843534675
1.88351879952714
1.18280269344554
1.60776363301826
2.27057054895576
2.272259628184
1.89872062198916
2.44907255949252
2.21458700246353
2.33387139630686
2.37112869254895
2.02251842244129
2.07144025785763
2.30563346242659
2.25723404136933
2.43419875475297
2.35745506487199
2.38653364251775
2.08241289293459
1.34251704067394
1.16212787156923
1.48775495781429
1.46568119166499
2.30574240256934
1.99917264464928
1.9287183342119
2.29234033526388
2.20958639013205
2.39506826208149
1.8825943290941
2.37758205524498
2.29091997819291
1.97960056911392
2.2914743098857
1.89863808867214
2.09150643852552
2.02966562326853
2.02263742042286
2.19800471053457
1.9619017449465
1.91947477755309
1.95794048558884
2.16262243918868
1.76071117577843
2.1756134630357
2.0072868426146
2.33071587151691
2.13172390991058
2.07134059152091
2.20373938125842
2.06326504708821
2.24657576582418
2.09158003109039
2.18694297906148
2.19334677849242
1.9935777536388
1.79137277465673
2.21575892024585
2.12543343849041
2.24834426694484
2.18364414694981
1.99488965578152
2.18059357992936
2.01505569556982
1.94287884732669
1.6293624808911
2.12773423300843
1.9070108749891
2.19679215256553
2.20796823078244
1.83602625292173
2.1613077894979
1.36092762871591
2.36133973730877
1.77579370895147
2.01669536228261
2.06126950061564
1.29257639101539
1.33930845642417
1.62742311272311
1.92862561841994
2.31453777809531
2.34838130694788
2.00300637030949
1.99212806456143
2.0362890981872
2.1697134149631
2.21433300156168
2.00662724842295
2.27473318666041
2.30521893104916
1.91010955731976
2.37261718139967
1.69592007646131
1.57252455862008
1.94092638654426
1.71714732428755
2.40807030812975
2.37652670289908
2.26676758247205
2.05237819585472
2.42906412803436
2.30470669809604
2.34101728033253
2.31565792354504
2.3780492656919
2.36354762923517
2.47940766589223
2.42469054543398
2.27002437372432
2.00356344091519
1.67435287941485
1.78189879141866
1.83260232911023
1.67332764834477
1.71891255706592
1.85293382938445
1.83833933780465
1.60559912107741
1.70454290742396
2.30399319304649
2.23140733735822
1.57203298965828
2.12260233953436
1.9179591635282
1.94002130703385
2.00372662356918
2.26070676296372
2.23737088692384
2.05439454640378
2.11853375006868
2.34006722946105
2.32217370815137
2.18606832188433
1.79868983425566
2.00275199953986
2.03056625046755
2.44875027115601
1.89867684068259
1.90154829663481
2.15178528463912
2.18429199342339
2.43531672434209
1.89077303698206
1.91622303867007
1.86035828677677
2.26918554526484
2.24990087218155
2.23866106172442
2.05032629903215
1.98016101338397
2.11919376229302
1.60011078885471
1.86276637354188
2.23748657692683
1.60486677242702
1.94427214688516
2.07032832592552
1.97185062873103
2.38813424366939
1.27039763242003
1.43106479260758
1.13669504351654
2.17652547751017
2.12861656439031
1.7998558357465
1.69753488947097
1.58118243706219
1.67288743459343
1.78095452090122
1.50911603827348
1.62112853641014
2.34363187051873
1.79221305587493
1.69010080277302
1.90295657683199
2.27234040242294
2.21489349494815
1.64358048616283
2.15490842654741
2.38283326720181
2.24210386687238
2.11691167863223
2.06658901857557
1.48440683780329
2.20166231900725
1.94641233915169
1.97143356723717
1.78787825299347
1.60963879072306
1.92145583429612
2.0252918504004
2.24488356181531
1.77248968517125
1.73584208092194
1.57558314507541
2.32656493333904
1.99658913684365
1.72798527239647
1.12088507529243
1.36700612581633
2.20989097274442
1.75182378156095
1.69597252208121
1.29283190370545
1.48970544685494
1.90749077720086
2.41613066476269
1.71628785474899
1.92737506534586
2.04525684793129
1.96934764714976
2.29377236478621
1.81451120679375
2.02541598540222
1.92965737534607
2.07599587501156
1.20663273655224
1.15451087749529
1.17293865546732
1.77150285529017
2.26751123081471
1.70992688548263
1.34393732050312
1.71372738420352
1.63117370949214
2.09479955920398
2.00524150174789
1.90119221127786
1.85272036170747
2.06366398491836
2.09150014060311
1.92317394455501
2.05804847909483
1.64507243498766
1.51147730372256
1.56503965575085
2.22847552856745
1.69064363467953
2.25183836054807
1.89596469910669
2.17009787682166
2.43741797810405
2.04900140777602
2.25420583576656
1.40492510535452
2.08431023682458
1.2376856685584
1.11423280793909
1.35897078436696
1.19968724309579
1.48166306738416
2.00622623201733
1.66109631102507
2.28247077322451
1.28555963984811
1.43158232788172
1.94904928178101
2.382877680837
2.46148831514906
2.44711992746775
2.41671171747762
1.7131148748441
2.05183184180103
2.17953681732048
2.11978015342527
2.08729546839653
2.15148388999672
1.5486554000595
1.64740674422511
1.74737024312921
1.72899355269354
1.77753062444979
2.12569962168221
1.41033732245444
2.37657713650041
2.44255987718725
1.79017343986836
1.41273526407945
2.12413080397976
1.98223914747282
1.9531607277371
1.47809435863152
2.29761569589754
2.39121734033445
2.07022674085775
2.46339375756054
1.97480782881451
1.43361440463936
1.38599071797701
1.22720975005607
2.17903808899464
2.11468244547925
1.97104612525804
1.7555209163773
2.07602825135875
2.24877774730716
1.79507522863469
1.51331236100798
2.034139669978
1.99459107105174
1.586114629619
1.71604663548092
2.43442361359634
2.32922326280026
2.27249483222884
2.38344130389812
2.43966151252678
1.89706030296187
1.98904352183955
1.83093712268669
1.63617833900621
2.23427967702392
2.4004385541556
2.29234854218461
2.26511892402266
2.31587256147785
1.80408913012528
1.78018875153634
1.63436057501537
1.48689093239502
1.96376104057968
1.99831583787091
2.20567169158177
2.13319008688286
2.39546088750251
1.95425923914162
1.66764486150934
2.40706657974026
2.44078944001843
2.46711678374034
2.05535859543567
2.24900734410749
2.03724766827004
2.30005222030065
1.78540606067471
1.92610805485448
2.30163222095614
2.48560301087725
2.13052198615269
1.74197513391807
1.19635896726846
2.21812476222348
2.36602628636509
1.13096419284618
1.26344573061462
1.73883896604454
2.2175296302046
1.55853755431875
2.39932516839916
2.41196958122827
2.28094243968115
2.47686005715621
2.49622748436579
2.3164253093313
2.3196769559691
1.62680893434086
1.88338540038602
1.11176894325976
1.27084732221113
2.1693413853409
1.42590764823477
1.33439617028842
1.40454247641178
1.09774363252032
1.38336263209596
2.366773129182
2.26125980733995
2.35289717634991
1.72998383214823
2.16853529220597
2.25461308228735
1.69029443702561
1.15436703595465
1.97686858201217
1.50396805693718
1.57075506792426
1.75109206398055
1.94905363751754
2.21496226498116
2.1972324845169
2.11206833232124
2.42382884458512
2.00592651842326
2.20980515889068
1.56615882262971
1.9234078464219
1.88645264451849
1.90697229039975
2.16591300817037
2.28114583956134
1.54545501850545
2.33611165344479
2.22353362414327
2.40484658385968
1.5726352361028
2.43554968895662
1.8438002375568
1.31141658301383
1.49018467235873
2.0372405287759
1.6909980840327
1.23622405363815
1.60656076079446
1.38573273189529
1.59779148576355
1.95138959284641
2.4196664813359
2.42299938993276
2.02187927195901
1.94680794151654
1.77698972906487
1.81450620777954
2.00341019564226
2.23676578474563
1.73599492456708
2.08687053719375
2.25981153416426
1.83134206049708
2.31788633620574
2.2176852878266
1.99849333751798
2.2080494619106
2.16990383247392
2.19844001157487
2.2101862999831
2.25695473343316
1.95792344867087
2.37248638192613
1.91061592036326
2.13495837202759
2.34633047929787
1.70131502161316
2.01270671092295
1.57591982734244
2.30525320955705
2.40216990168165
2.49283411703646
2.02472413789817
2.4643793032255
2.26147173170873
2.36660784640242
2.35035782639537
2.41347008100935
2.39409927036883
2.08984054581736
2.4338098290598
1.85699436536412
1.21234944299435
1.39202957473462
2.25185466855894
2.31497954968156
1.78960110763612
1.88223087509166
1.98821444942323
2.38791677131683
2.0114485270518
1.93956815914289
2.12097782021859
2.09145441753557
1.82045574990682
1.58697820974125
1.36132492884294
1.82465109210877
1.86314207261744
2.17372991860397
1.44336975849589
2.21915955156319
2.06099539763397
2.03809829387786
1.58824138081226
2.18854116941536
1.90446027202884
1.59472281571627
2.00618284098503
1.66998523887462
1.86801323897137
1.60988858577974
2.43310134170415
2.04270803568688
2.12740150340756
2.09649163248869
2.17276740047097
1.85200645286179
1.44619840086091
1.52999965262003
1.71196416076531
1.97438040739032
2.09853884853481
2.02696039535862
1.9470792390575
1.66560011785499
1.80910516586886
2.1993854303249
2.25396216647044
1.94190389890887
1.86799503830693
1.28080968297428
1.35667438080426
1.86152260146565
2.10682179567899
2.39449082053086
2.16916141513568
2.37971860473507
2.46215672290579
2.4044688430573
1.94493779801889
2.03911618767547
2.41832139222543
2.36072805717144
1.92062469629042
2.3509998253349
2.27869409987747
2.14381839754015
1.38250364319227
2.37053376281273
1.15913431045252
2.1033992930461
1.72948792062016
1.91637222672943
1.50695198207445
2.32418288243088
2.30549326026633
2.09490157590513
1.83959199823493
1.3799863368125
2.04765432949684
2.22485247242055
1.75391609459897
2.31828702003782
1.77019179987891
1.72756105088586
1.70098016541502
2.24541002531669
2.04588522052022
1.91342802458729
1.7405292391199
2.1121539610763
1.33063390168849
1.88485523110894
1.23440602973816
1.49080576721474
1.64703897134881
2.28788110730221
1.91808504469765
2.06662080964371
1.98896860509646
1.84994812982263
2.34184126881556
1.49696563143772
1.98732012597955
2.46921094376206
2.34916250990974
2.26181013199908
2.27323934350839
1.87406143472156
2.237193746341
1.97138977032418
1.43232368554135
1.79592307369988
2.01580870607108
1.97156233753132
2.03315658825884
1.57588159898104
2.43794238345074
2.43616899469083
2.29663194238685
2.25892304416862
2.47046856512723
1.94140073281758
2.02615782457675
1.1791683054261
1.23818766613624
1.95913757789787
1.986408240997
1.7201144711234
1.2178979452162
1.28492508096636
2.36251544269609
2.31628228708329
1.99635391854122
1.22661626265254
2.05887897172991
1.4288154702003
1.11829363621097
1.321062837567
2.02047671392579
2.29017586827058
2.06941102873653
2.09129871256559
1.91044581698601
1.99596593401106
2.01498171802413
1.61051765037225
1.90715013910455
2.1666969306968
1.54548130484309
1.47446864824761
2.08863218145237
1.55989794268366
1.75099180645805
2.2804747874823
1.86790810327987
2.24740774685243
1.89061500929906
1.73293958835586
2.26836495882248
2.04352913322247
1.78779374025859
1.95297602053387
2.31965900846461
1.78744597888856
2.00956095634682
2.06451231357581
2.31623171787789
2.04161392676116
1.86293078975595
2.01444358446823
1.91608143923897
2.005507819374
2.17779817599364
2.28000717753065
2.21787170420945
2.11218176106562
2.23504389882677
2.29199915907095
2.20586856072366
1.76957164304631
1.75360933024274
2.00320674830298
1.96974995516877
1.97760595620569
1.96291211440643
1.85925717943522
2.22189017289315
2.06683857873005
2.01008767262614
2.36856837057631
1.86520006764375
2.37923312507323
2.03500336528429
1.27176505077559
1.60575192838006
1.90832199066128
1.63510175227797
1.55916774752586
1.77653886656362
2.32485843673495
2.25586423052783
1.73975967251068
2.37156472212692
2.24527160207488
2.32450823632888
1.61980123671382
2.05996544345138
1.63521215932328
2.30724859018905
1.43784682017458
2.39955116417343
2.04556935865462
1.95741864633173
2.09228231855385
2.32313158807743
1.70691928886563
2.12410841847419
2.07120703071178
2.16321821158034
1.84167162205159
2.04955908472454
2.21877635151444
2.19327876960228
2.06030181195493
1.47239984740552
2.32966581419929
2.13268747408499
1.66020528234261
2.39265002723432
2.03984421677135
1.98374389912935
2.28704052796002
2.09155270768008
1.51751084231982
1.86184961849732
1.70052450816772
2.36374184141676
1.37255788269983
1.82015167433062
2.21858731414218
2.24122383882028
2.34863367098916
1.67851903015066
1.6103202971849
2.13648714355877
2.37591685173989
2.11390161112576
2.28330919369344
2.30805563190927
2.44349714744105
1.87056603595626
2.29516905999845
2.28605618627176
2.37196438058813
2.37479521191265
2.14212266692945
2.02893485791426
1.98657928343365
2.00171639770001
2.1200787192422
2.16701267975035
1.98084873281754
2.24000765734426
2.03451220089698
1.63415865813322
1.59360510188138
2.03157524802366
2.2463288136685
2.0661016623861
1.92795494721657
2.22177323120912
2.45107029579008
2.0851950828902
2.03008362714123
1.88113097966831
2.37027061718348
2.36487084999005
1.9297194285476
2.12478591015644
2.12752378995369
1.99325770947748
1.95040685201144
2.33349833842868
2.33958355705296
1.62393418016238
1.86079604984198
1.47256662495945
2.05584828851106
2.14624431616222
1.81443578419565
1.71141379630278
1.67260774614032
1.97017704748331
1.83156754415709
2.34782421482763
2.12760644253793
2.03991121713437
1.67499782574873
1.78593135413896
2.17122315228969
2.20669972341669
2.00271255748603
2.10519326480145
2.10083338489325
2.42926172818298
2.29184493955193
1.77382067394631
1.87854316839237
2.03272093203263
2.17669052494094
2.36087568715915
2.20714194432888
2.30197231985891
2.04214739539931
2.32358275697462
1.69556880641639
1.81571665450128
1.74666772717708
1.41049651404134
1.64413314844487
1.41940352162654
2.20038798431215
2.13563312764204
2.15561451632257
1.82852787541933
1.83794891037291
1.69192966091869
1.72764643039146
2.15129658637578
1.86127147212324
2.16519334061765
1.87923629908608
1.82033197948573
2.32562418147536
2.24991581215288
1.94166599024327
1.75078099601518
1.72926932934008
1.88143377716936
2.15212023323523
2.01071358793927
2.0565768984578
2.11958755180993
2.44700541242424
2.28355071601621
1.55684989607916
2.2196553623998
1.69866522424708
2.16227681012843
2.06471985442436
1.79152356659627
1.9989971002881
2.19269219525889
1.46178866069912
1.1663179974751
1.40638443150958
2.24631739127218
2.26054505318617
1.46487292492737
2.15767089003224
2.3157170732431
2.21434608884332
1.5937142064233
1.62368097898486
2.14631075865172
2.33289054110632
1.88985303666705
2.17764725909202
1.68381225696742
2.38335436074289
2.23102661060433
1.88145097401519
1.96278489719649
2.2717448596224
1.31890534741388
2.37984014707926
2.40071811976822
1.75105974071769
1.96569555788145
2.37615547181677
1.88767547105285
2.38015297614211
2.24021448358256
2.32758673469339
2.40214853208695
2.41558377406322
2.40568589863715
2.24495936598087
2.15375116687889
2.26150009485878
1.83591233991303
2.29927748086302
2.46006613888372
2.09620416774342
2.33363051605444
2.04677025598356
2.09210617331531
2.03715161219499
1.80839585178647
2.17362689684117
1.78191869110816
2.39172867971107
1.76097802250259
2.34483419808276
1.25847156079515
2.0494983999772
2.34465767558365
2.3219546161219
1.87011342281119
2.40295674398608
1.90134145004497
2.14832741681953
1.9951753671388
2.22445503115228
1.77389264803771
2.27975020991635
1.31356361230062
1.52747345792802
1.94146141816261
1.5235722152254
2.44219783034445
1.67911805111217
2.29819781581732
1.97170703211259
2.11036320922852
2.23708096954925
1.97771774784178
1.85602840193559
2.14832684135238
1.73972050979148
2.25578665340162
2.32600561667363
2.03418280519608
1.72325604952234
1.82670495132858
1.5230822181489
2.25415420843554
2.10789363203491
2.12524157817474
1.96871003935885
2.27739229081924
1.65528317528886
2.13955411148132
2.40121742473584
1.7715823744171
2.18823468999582
2.24967418218059
1.13090063947954
1.45899684510997
2.33683708655123
2.17884448791437
2.14584139086324
1.71359291031023
2.33897594287433
2.47034522907417
2.32703157652033
2.21424954629608
2.09338931690381
1.96862934143086
1.29697356549546
1.94311183036756
1.82471802553141
1.24097748093308
1.81649331081129
1.98778391857642
2.28241823326501
1.37622141810891
1.6216458204573
1.62619280092955
1.54307618129809
2.01914738362929
2.26737335866143
2.12329205662225
2.11531118716674
2.04563162229967
1.7411811381863
1.8394399453977
1.69613386359462
2.2338789609523
1.83892549533609
2.04737143807676
2.18673497700372
2.00760048380994
2.33932521654971
1.89347708465637
2.04203120785551
2.16997560084168
1.37070528009073
1.42054754565738
2.10973418870449
1.82422061533508
2.18958220883103
2.14165545855048
1.74563178901867
1.70191943135332
2.11155214337561
1.62398740496874
2.19611354453274
2.37587545865142
2.19717397783299
2.03086739579371
2.16130574633236
2.36087680214822
1.89375392699993
1.99555628754838
2.01623325640623
1.88326002194092
1.39462539298856
1.72521252561524
2.19245633573314
2.06015994265814
1.80763255435314
1.53118424238112
1.67239019726792
2.22430625417317
2.26552145186496
1.96462679479106
1.72323416312311
2.45373153155622
2.13708087099772
1.93721783207523
1.89790946172667
1.90751136882471
1.73571082930785
2.02658842050336
1.72591755758646
1.8013941573183
1.98658171989415
2.11956520064137
2.25872103268108
1.93141310107644
2.34998091824748
1.95978246320429
1.65833530359142
1.99566262149479
1.46172256648083
1.98687955102476
2.01902321669994
1.47290856523672
1.93218585612229
1.57900612989237
1.66048933291037
2.06132865380806
2.12854719885408
1.852545744477
2.2532868759171
1.61650762428673
2.26366660473
1.88276111277398
1.98230567142465
1.98755821346229
2.3793212025411
1.75962057133785
1.3148614063611
1.66193761605205
1.97005746492646
2.1948718171735
1.6330470382868
2.45730835682194
2.46104468593751
2.2090676313741
1.88422637473624
1.70475545446946
2.06524136190426
1.28513172320631
2.12510432047198
2.38914583921666
2.48542368981624
2.31029900487204
2.21717110113058
2.40531832004838
2.3807474200812
2.43940080015279
2.38316319263836
2.44282179176449
2.02173482997019
1.35733940894547
1.99555895943124
1.4201553168119
2.11816235706284
2.09613542286654
2.11478111421755
2.16121274889833
2.23765429643687
2.21426929157909
2.41685915239289
1.39109689621717
1.97301816999964
1.91967274011252
1.78805677722827
1.80081091302141
1.78508491383303
1.57253988641527
2.24224160278806
1.15091687573788
1.69600951087475
1.75608585750462
2.10413150398735
2.16204974597109
2.15533810373228
1.95053171753921
1.94762374447656
2.36660106411884
2.49890626337559
2.1912850085991
2.16360544869012
2.10333157034178
2.11741354224405
2.30005278736952
2.049751605346
2.30141365134503
1.78020967915532
2.15552134623291
1.60350354409447
2.16453905960284
2.29319298315782
2.39987365388539
2.1146525110206
1.80102737830186
1.23830826416275
1.33544243384852
2.43102346902572
2.07043790108188
2.06017746571044
2.49206330163933
2.47914726892055
2.45778770667145
2.43204694463637
2.47169816901598
2.28948854682613
1.19184168606013
2.05573265303817
1.9644795643484
2.30945752479591
2.33338040358164
2.12591683240111
2.1961698148249
2.01222880563998
2.20454093100823
2.32721020729711
2.23377169375263
1.99518071123489
1.93709203491387
1.87253718238733
1.61439778510908
1.99323379784766
2.05873045750396
1.28697214206435
2.17080658049173
2.411153891332
2.22541714242096
1.96828198981669
2.11364505111673
1.98231238610989
1.90170380532865
2.41613896678795
2.43993081911048
2.27187980279523
2.18284631635801
2.45047495704986
2.22495495791762
2.4226140718514
2.44440711028001
2.40723201070309
1.37087073510915
1.59365291795064
1.88499783326515
1.92049931561713
1.79347921114352
1.92745154501506
1.9032222090676
2.17729560000585
2.44774810538716
2.25515830949501
2.33390060085824
2.32783441393506
2.16545916300801
2.16877979552732
1.65065101827968
1.91895911592342
2.21161785266218
2.33858294363628
2.29499484382565
1.72640396817687
2.24789726525847
2.36352835063878
2.35411983483829
2.34002467585617
2.06012344709469
1.45744616555607
2.20572209440594
2.20691218244989
2.16822660460699
2.27010403436889
2.05809072758278
1.49477508230702
1.98921282015325
1.95472129832674
1.94045215187098
2.20760226214724
1.83541454713205
2.368340970169
2.22607134859047
1.96355454172964
2.33915128530758
2.40128334019442
1.95407037619012
2.38909551315607
2.28702841739676
2.06093193249664
2.47231385744531
1.91504362355663
1.10837033084868
2.0240412673082
2.39871228797849
1.7585349665034
2.27908377174016
2.17317218956749
2.15856354325582
1.82949416249995
1.69738300416064
1.67074402776381
1.9425895214076
2.23215464586248
2.47892756851611
2.39631083229192
2.35174296089463
1.40130384977859
1.35702395082086
1.74442526628345
1.92414589588872
1.83799608256326
2.02367449288759
2.13024505266788
1.65545539858584
1.1550459670206
2.00777051467071
2.17744606029459
2.37437667392417
2.21788131091039
1.92406413672447
2.19253695843936
2.29360053446045
1.98994788426227
2.22310998485466
2.01371486761023
1.96914567769017
2.01847967553794
2.21779512502347
1.36119089860981
2.11869011243126
2.07400748010045
1.78171629768921
2.26346973251345
1.6066347934864
2.34159499535613
1.48117582567213
2.16517370742656
2.3015722114566
1.23770578863764
1.61130651461915
2.16954197307276
2.32708492197203
2.3025573443426
2.34645753841386
2.18031470416402
2.26932566227874
2.3878685761807
2.27266309721682
1.80771393583073
2.2875934731438
2.30555055857917
1.18225780194389
2.20738824059727
1.61302033847868
2.32960630560907
2.47024945625335
2.07142687587262
2.07155474627066
1.23881364623966
2.11743959012948
2.2237129333871
2.44326411576254
1.68219079959899
1.68251523407921
2.35775017618636
2.15371498094359
2.034206896513
2.46790025083847
1.94513232898964
2.13595651176669
2.20049596395501
1.76648061110172
2.30894836642235
2.44409927759474
1.41311327741234
1.58385777420111
2.2138310327714
2.3008005105697
2.34167739844698
1.973282327998
2.34187540506086
2.16054204898761
2.16677302323953
2.21084122944839
2.21983504746068
1.73913400306836
1.95351341383448
2.04632538583735
2.18201084985453
2.21107617544323
1.71382624669937
2.2860356888422
1.7912433616885
1.85246625732741
2.02780740751509
1.8555500095004
2.02930926228882
2.17785763078129
2.00039467524987
1.8637817513693
1.93359594206383
2.12831906218391
2.33763909079642
2.34376313267268
2.37623996092512
2.03822007397816
2.19339717417064
2.22013956440844
1.24628664790298
2.39883800101801
2.48441836224132
2.45779559898413
2.4655684728578
1.9257323923478
2.36507422752394
2.12830227818458
2.04353487055151
2.32238954314621
2.49144507715523
2.21390913161451
2.18342070079862
2.35681445969686
1.47929332609419
1.95792981036476
2.29520177782552
1.16343504352556
2.10172696841613
1.88396468477698
1.77319002994587
1.91072971699717
2.22226148919296
2.30324207297187
2.01539389621184
2.44405865304488
1.96003857929107
2.43462774732181
1.9382433416407
1.85274739205747
1.89967897962485
2.07773788181315
2.18002379976508
1.89344062715105
1.46430523731205
1.44179358016714
2.27013903129475
1.80412991199286
2.26954278387232
2.06383654353707
2.29524117682345
2.29979944530419
1.89452002327447
2.42921475563282
2.47280074547376
2.30066091492177
2.37481648047804
2.21464123829531
2.43819207134376
2.39034732606723
2.2242135004896
2.36308561583547
2.20576628120675
2.47620609375275
2.30133369742672
2.2558500106439
2.19519175474544
2.37385005561312
1.66779240042942
2.45291131445416
2.28978907125499
2.12450769944055
1.62975206209822
1.32220031144495
1.7366547488782
1.28680717008516
1.51476081375023
1.48311651546894
1.32174217829647
1.34063650207467
1.98150691350678
2.37519895468685
2.49685195357409
2.43586405970975
2.46981515748117
2.06647631335581
1.36919923744918
1.53600208202229
1.29677047382843
2.37269490258997
2.42266356634604
2.01534747183457
2.15800754868412
2.25786398151195
2.45347507294921
2.39059049473917
1.84711102478646
1.8692208255906
2.10065348369359
2.17621289170894
2.19640256373683
1.96492013092518
2.47030869379204
2.3385524074466
2.48137577102209
2.04246606002755
2.33508330597695
1.44784780840642
2.24670752718908
2.46332998857459
2.34160546864738
2.48125299047505
2.45045962542025
2.13443833969897
1.21436326114233
1.23376510724707
1.69095574505436
2.34285559673686
1.3106345333121
1.68660683164487
1.88474409628281
1.98615541774156
2.32916376089174
1.51640778241271
1.92247730522074
1.72803630208845
1.96012071550442
1.30396213723289
1.63968510438978
2.39313442665308
2.47634541730698
2.10007761285519
2.35424338720093
2.31306818890475
2.4347240395024
1.72160750947023
1.31106453199242
1.60899641586177
2.19635252486131
1.7250038449464
1.7552237958836
1.63419043938364
2.48246708995465
2.37968607288114
2.42334347876086
2.42604599173117
2.13936510659219
1.47813052233714
2.1254882460323
2.37832646392984
1.94457774782
1.42462362365662
1.73466491326302
1.97766406893897
1.91137444673401
1.75811694173918
2.16593906986486
2.33708796049512
1.2840706606209
1.36333773639403
2.24608846282614
1.74298940753834
1.5023529234774
2.12413689433184
2.19095162373888
2.30198121949791
2.23189085752569
2.38462543200781
2.32631590543187
2.05937365575929
2.08422014470482
2.35310139588074
1.96389593640313
2.07657980296004
1.41849956885793
1.80140433993007
2.06832469709502
2.32135542638464
2.00770134817381
2.35112361178766
1.63169662354946
1.94760911319586
1.94032274338473
2.20795453364907
2.37336435791387
2.0979619056286
1.81682082733316
1.77879427103324
1.63127276566429
2.15891861459954
2.12100474451469
1.82215567157981
2.11724892042667
1.86613454138537
1.80166278316756
1.9341893183126
2.22186051518227
1.88877487046651
2.18211846918208
2.23733956100218
1.94676173119005
1.3515365720236
2.21786701283716
1.99503666198658
2.3060953392369
1.70368702280283
1.89089539951875
2.05829916048823
2.13286510277752
1.94020995246546
2.20837396203217
2.22227243173794
1.92937820008099
2.09293465221148
1.97854891778415
2.1547246165136
1.93694961673013
2.00101624710564
2.09684311198404
2.10180879744882
2.13105773379387
1.61784983733083
1.66384343347803
2.260306455345
2.11928118565971
1.81200716725391
2.11734193468198
1.87983378214996
1.8304330999653
2.00444487343802
2.13441961422881
2.39479111617398
1.82452388682779
1.69716226754193
2.33999310330197
2.42255801141533
2.44157733521861
1.30058523135016
1.24318024065649
1.59031101729839
2.18773582773007
1.72535571175691
1.54282579224873
1.78339635593112
1.95133459866849
2.36389838660158
1.92033050146966
2.34626352275105
2.28745364168451
2.47087449171594
2.45501496894898
2.29469165871937
2.36723929851243
2.49229817114516
2.48720228320676
2.46725052226432
1.97799187563828
1.78638587364962
1.83070218783941
1.45621202943588
2.23035014222868
2.46253776995235
2.29119471589034
2.03241379465309
1.93591241616697
2.3291628340175
2.13892004958612
1.8751954626764
1.4969358751289
1.89354056886224
2.1320917777097
2.22711506081886
2.30805080258407
2.26964371609536
1.87881043281679
1.91407176231468
2.44861796231852
2.10209699488282
1.90921497132007
1.31385204612207
2.30565851956205
2.48732783090206
2.02009084718301
2.27152297790618
1.76378492362806
2.27920434763319
1.87857727333519
1.23190458007545
2.09242187552782
2.4986371872885
2.48315166432125
2.49160096337312
2.21915461600504
1.84746013473734
2.3169110021623
2.04808328534588
1.60132986985254
2.47991418359024
1.66097533959933
2.47868910518501
2.39515849133381
1.4044150538039
1.3499221023189
2.04690041085407
2.37959872137454
2.32065684367942
2.19116343106
2.22538104521583
2.4035974972128
2.26016626295145
2.39333314353613
2.18695299071447
2.43249261446723
2.11310885277023
2.42167159044439
2.46085191213631
2.48389014309914
2.4930475350404
2.48215826763851
2.17031430500892
2.29635364977158
2.04018516853745
2.48209238619753
2.31355584144542
2.12828598224148
2.33962112836652
2.27358096199401
1.9816095467304
2.23945770849787
1.18342631573628
1.90221663793879
1.24911542076881
1.23223198790576
2.4466106995415
2.48222382681266
2.49277259941039
2.48605659250413
2.23506269559031
2.46688437946646
2.21363069709733
2.00555167732643
2.02699133170227
2.25871292075216
2.16131070467734
1.69795058438054
1.70950195582172
2.16494604466679
2.15015276337386
2.41892559346573
2.28948120656831
1.96461356878865
1.65933263629843
1.07472765220383
1.80099374105944
2.43205279984903
2.07902588428036
2.06741524974289
2.23492299636119
2.34727698643895
2.48500857107058
2.37354455831124
1.88039914032709
1.75302185378662
1.18840703829751
1.65927852992166
2.0167374854683
2.31689136006235
2.42087971533925
1.48589637782081
1.34553800937089
2.02749914711243
2.33771213614325
2.30906482093676
2.24542365298449
2.12841224689542
1.65426214290572
2.21837656445508
1.37641725900851
2.4283926375157
2.01353933059556
2.12262006144963
2.24767849851877
1.92775754010345
2.34750640392924
1.73540219192026
1.70524495919014
1.99240926214595
1.83784108951583
1.78156975013737
2.0195767604406
2.12809701507429
1.17436012143703
1.64481810533195
2.16446702026494
1.67843258568963
2.19697633836726
2.15818191799065
2.25124171327922
1.76143107973142
1.9683315199322
1.82880304835496
2.13263309487013
2.12795577094444
1.66121913033442
1.65114081443269
2.06171474711258
1.94906308128622
1.95358142166604
2.43925615738961
2.43585001514808
2.12200719456254
1.83759239067535
1.70665000284802
2.00913283099149
1.14299387349816
1.55912456310019
1.80691476106993
1.21919087790122
2.38754881195842
2.45194774045916
2.46849370697514
1.94965495542495
2.37461564467073
2.40740074054295
2.30582141766793
1.85126764276365
2.27670086317852
2.47142603297805
2.43841130393324
2.18287064030925
1.49526647354225
2.10627800955694
2.30184039279818
1.77415052166122
2.35516784491465
2.33871270272489
1.69747344553412
1.3535414060768
1.59020653904297
1.91221434086411
2.05421939429292
2.11932960215817
1.64454487836175
1.70027141587449
1.53215432656891
1.64471174359208
2.34611447475029
2.21937811511437
2.4146616530544
2.35739655231481
2.07707433777206
2.028948499516
2.00197322051859
1.58326878783446
2.15021907480305
2.33435116680285
2.26694541454439
2.1583082260302
1.77755758680759
1.52980595785034
2.42437602429167
2.4005041136759
2.18072585052118
2.00135956254151
2.17951114614401
2.40746381174947
2.07846879505418
2.3100220990102
2.19440075318546
2.05703703658909
2.27173607278631
1.44691232854637
2.16639427339304
2.13998895401509
2.24317264444729
1.88470681584276
1.95403966337141
2.35317867272477
2.44775246849295
2.43190096476705
2.48640477713547
2.48131107615884
2.29009645957442
2.38507489359905
2.26070073078122
2.11179582964325
2.35494185773975
2.29495528093986
2.02722174538607
2.41190169837055
2.20715971925156
1.88805042817171
1.49380338917044
1.53703007860989
1.70964037352905
2.18471227449397
2.25885415608964
2.38950469531806
2.49292949112757
2.32205151206191
2.4227404496357
1.72845264034917
1.22893129089322
1.29882817329674
2.06968031329621
2.34036081029713
2.40565527030104
2.34096718983216
2.17276620878223
1.94808099616619
1.37540524424202
1.87561028960921
2.19187093419293
2.09131941971564
2.33008752791314
1.61848166999781
1.68416418180047
1.85383264043322
1.71440891558971
1.22590054933361
1.66600494988364
2.08357939848963
2.29384667392106
2.2930466085266
1.65031707621221
2.29896246633617
1.94889714758285
2.14195964147333
2.41478670539449
2.38029583756085
1.48155380203781
1.16831710048943
1.14014579509885
1.27833761909096
2.18707503125087
1.76351851295739
2.38465080197428
1.71716924687183
2.04314662000592
1.27943202874996
2.35515325753507
2.36005069889669
1.99213921424642
1.76641144913607
1.77458108125898
2.39225963408444
2.14001877989209
1.89517791502801
1.64493590508482
2.418999066051
2.48071758571021
2.36282360097002
2.14708003650316
1.66984984890696
2.0826123334456
2.10445842969055
2.25305904862596
2.12817210877868
1.86179119686425
2.45519198632275
2.12473997593808
2.35906392495052
2.10956683030319
2.29996277184766
2.00983174034938
1.59466445912611
1.94214704199549
2.00803297291797
1.89560133547793
1.20812433281481
2.28398451575104
2.17236798940435
2.30670181629788
2.44064964844853
2.39183458523589
2.47830810236124
2.49483258785919
2.39812617913184
2.36978307180685
2.32816970191256
1.83346288439599
1.82280717466375
2.31995067437474
1.7070873324354
2.02003911269927
2.02964695383063
1.92170551984695
1.49613228472762
2.01639690890877
2.12211312025569
2.00179970778035
2.29305071654779
2.34410634913108
2.24623568912803
2.39918024200033
2.2920401359149
1.46147476653628
2.23011524600483
2.25770230848707
2.14401162572666
2.1519625307003
1.08665586879506
1.60268882935274
2.13788544982071
1.28260968884655
1.7698184172807
1.57227489479768
2.4090552049423
2.4256936721195
2.06416811924897
1.63061400662185
2.31208262277829
2.22022477454237
1.15791734774988
1.59634457982056
2.32584329195155
1.87183742375547
2.18782176613331
2.17217491642187
2.28292581505725
2.4447446839194
2.35993315040594
1.85313466584189
1.87109171223304
1.65298701068216
1.9637151151881
2.13171511224276
1.93667592539619
2.03219669052498
1.8303768768724
2.02342395672875
2.03645464992362
1.97406911538017
1.74378047345921
1.94939163972597
2.04424504632887
1.99662988786183
1.85555528018997
2.001255992487
1.66178385697128
2.31679407405238
1.92485707935675
2.20702661568764
1.83580653357186
1.85973031044054
2.12232658074026
2.11322486812444
2.01433592362228
1.95975173567452
1.70953528346009
2.38454781241803
2.05375814471085
2.13118045939748
2.10680514602388
2.21764172567564
1.96473440940339
2.12297563531786
2.41729756314631
2.09031577182872
2.26393105554585
1.86500639450995
1.83228792383657
1.75308748169611
1.6968264839126
2.1982400792883
2.43905068244124
1.90985532182822
2.23495340910009
2.42869031594266
2.08749643569803
1.75441057706052
2.16676677351695
2.00692302065584
2.27266097003671
1.82727489649131
2.28029272032025
2.26085853101374
1.94974698226212
2.05507172309138
1.98567967274152
1.86307899204504
1.71212697045666
2.32535549897602
1.56333770797701
1.89316633078498
2.26893712801881
1.85710414524744
1.91696103942909
1.68994669868023
1.85026274906633
2.0190387579485
1.87243449362231
1.83608586522687
1.60266885642453
1.93047804323441
1.92503541938221
1.7280752661011
2.05790915260511
2.15591690399544
2.17321818795597
2.04909757187174
2.3164469257015
2.26035766054959
2.14484226630269
2.23549304876503
1.83809378764742
2.28702090180881
2.2583620146185
1.82491405237297
2.2749146919645
2.04639162886546
2.01410892379902
2.30788173058199
1.99206582720964
2.26439893543506
1.68899009949174
2.17518591485667
2.32188100044248
2.12569747234421
2.04842318712204
2.22946154994308
2.24136867740092
2.20450433331049
2.00278168386946
2.15121074107339
1.92522468975909
1.74181074437564
1.73084741067323
2.39579436212868
2.12558277960049
2.11556453405832
2.07056571123037
2.21446900112576
1.7270936907128
2.3158985567005
2.07639073319292
2.33219944405365
1.895287708722
2.01095658029489
2.03281322676362
2.33819309108145
2.23143547510253
1.38674363811824
1.57427864063307
2.36531170571016
1.87495146655253
2.22635434068127
1.9325714035879
1.95079074118579
1.78784086134376
2.31643513227085
2.10320951964927
1.22906058777282
2.05850624650536
2.08411783747133
1.74804248752029
1.95242091591721
2.33781833064403
2.07573306744657
1.82926109356868
2.11477994847833
2.09956273644861
2.09761886886843
2.12263053244529
2.33822410169148
2.23023552482248
2.31516183873013
2.05897894592526
2.12880405310037
1.91412445306112
2.45335645070255
1.4869911340882
2.45990593436743
1.86527956186152
1.2029506431528
1.1658355586842
1.57559327865801
2.46510796526755
2.38527305542225
2.15573618943463
1.204229619981
1.95676368989105
1.25953018004398
1.94683620471936
2.21438248522887
2.25037840438772
1.66174253163302
2.30307560802612
2.045108931299
1.88899832775113
1.56548205276149
1.47360974980312
1.45086324819298
1.7980201901388
2.355541620249
1.90908272790074
1.74941522674072
2.00474644094487
2.18906448704629
2.38047800149529
2.41012117685815
1.8021290355692
2.04892885629231
2.02199463123723
1.56815230892163
1.90368794693787
1.49776857019886
1.95039744394398
2.19055728664736
1.31052658074224
2.41880798990817
1.72560403613097
2.18831531669772
1.7899007720307
2.30809644308366
2.10744786729785
2.27967003655654
2.16375338332336
2.37355751201841
1.87065377409159
2.42127032571545
1.75498485220197
2.28381699810727
1.31903809005006
2.2765318756535
2.4806040859746
2.41915168677777
2.07604904169148
2.26281325170226
2.36614573813348
2.27432156164709
2.16340838372526
2.04467661764073
2.29228030139189
2.40048755266623
2.23893277426375
1.4583402307423
1.59342029453643
1.98129721406053
2.37458221047637
2.07457118596118
1.84029196210391
1.96329901500753
1.8947125551721
2.13636534637426
2.13402203774705
2.29192398034983
2.10596014827547
1.60688189206373
2.11391172161854
1.9465863564075
1.94642130754044
1.82105420246687
2.14913992134543
1.97713557969027
2.19120150625273
1.78515056635006
1.89437550637284
2.11933578940709
1.94358786194238
2.18244437859885
1.45008760587052
2.174221015941
2.16968627591046
2.21274757475297
2.20910335486084
2.37643968483153
1.6779989543356
2.08745340718683
1.74039510874303
2.09724593618668
1.7522946408324
1.9907352100917
2.31150003745181
1.53133139276251
1.85544800945857
1.92775337406884
2.17006393937623
1.74247765970802
2.12997941280742
2.35731523456102
2.02352025654952
2.01938099383865
2.08710662626908
1.52649604880353
2.26588151257509
2.01922274028935
1.65440493485797
2.07761593184847
2.24212812615762
2.20697395547091
1.98495782097754
1.98412708705055
2.03681692134655
2.13898996471931
2.27235766303732
1.67477053115379
2.28824516100345
2.03931143424356
2.23915424835828
1.89231721893311
1.91801110551496
2.21938807232742
2.09660481587583
2.12504298134573
1.9873416064222
2.30181470163098
2.06900105660095
2.31229740313471
1.93123411874203
1.85203433050983
2.07398933022383
1.89665350763623
1.97348440152021
1.68803701054322
1.26234857019308
2.07060488495819
2.37689525075501
1.84280285392063
2.29142462968271
2.43041573478585
2.02281222617362
2.28271500939539
2.02546808276817
2.1814529225008
1.80736928610367
1.28741320012297
1.71755761271431
1.74187188662563
1.88436648644272
2.36363527794905
2.02927208002696
2.13606586082568
1.84710779112906
2.07016419009392
2.20780006271342
1.52636596872133
2.097610267865
1.9728414475192
2.00978932205416
1.83028371945266
1.78381367169834
2.09878588100725
2.01690859349648
2.10683166541111
2.31299145510395
2.01442680953856
2.33582180218212
2.14244835668672
1.90982598392607
1.43378217787295
1.60860418491565
2.31664813832334
1.94530914137292
2.13294803858308
1.63405237867718
2.19884650441073
2.1493159569014
2.41603628956298
2.28995863561852
1.92194500272078
1.29192964448474
1.96423601849619
2.18831198533998
2.31328367151785
2.2889498060224
2.16267594109977
1.78167198410049
2.26686062060615
2.12089745000082
1.93185765192837
2.33183209153461
2.38906781454558
1.93374565879027
2.13364023086894
1.77708344236286
1.95360453395914
1.18353600194126
1.67462152403724
2.22349823754896
1.94760111974787
1.94651099607772
2.19434579882209
1.7521715346774
2.21651967069008
2.2308632039212
1.85064558609158
2.313256786065
2.3905653191416
1.48938544925927
2.25415280125776
2.06866050591376
2.33935848448972
2.22268184179993
2.19956776677088
2.32030611721329
2.33711091797104
2.40180582279127
2.33640480370161
2.39382127888767
2.41513478047183
2.11228641931015
2.14717085220891
1.82774687395815
2.3063285880025
1.93395865706509
1.76329897283807
1.47443266000267
1.63563473635676
1.72741795190294
1.29941777766535
1.14659248100101
2.38422139341912
2.33211937131745
2.30491007491189
1.81169424455986
1.64823081719591
1.13189268493692
1.74540450306707
1.89621738617259
2.20336605973137
2.17847284653073
1.74311817573891
2.16257828070867
2.18349820707667
2.45074679871281
2.45689401466229
2.35209403545027
2.01377268681491
1.4822851199278
2.07342686635001
2.22176513044765
2.37546216565602
1.34662792830717
1.28689116884679
1.2633089046085
1.49531968283614
2.36723090360815
2.16230055226472
1.20045711368296
1.41399606384832
1.60008835819342
2.22413833672106
1.25618324613014
2.44082235282431
1.15701550839683
1.60731333309589
1.82458398263648
2.08464041672676
2.43702057142161
2.04763285201791
1.89072011956207
1.79918704455296
2.48042615106251
2.28558473474721
1.80847028946388
2.16952008780801
2.45454554094272
2.49326411656357
2.17482058872004
2.41571855288214
2.22129358232625
1.59245374666948
1.55577746256378
1.06758568056474
1.72118217251491
2.35421838131564
2.18582879887415
1.86712226075081
2.15245229684647
1.92559787373657
1.57171198394211
1.85127356186101
1.90646055601381
2.00869227533112
2.301969979035
1.99125283415739
2.29052826967891
2.11488324782537
1.8124864424363
1.77929368003193
2.19161375525569
2.41459968326324
2.28075707538976
2.28476466418045
2.07177427224712
2.25363786898694
2.11068256329715
1.93501884964055
2.23326577493656
2.01614650034283
2.33802712588639
2.36186742847329
2.30763352063275
2.46037961132235
2.35961443712746
2.32025112686768
2.20362744701047
2.21599579905773
1.67628412831551
2.33412900462468
2.07749767725171
2.33455517513534
2.48051392679183
2.21327574879948
2.15589376232404
2.38379572482283
2.28579796103918
1.37617288647973
2.42951414161864
2.21863328138682
2.29003983062093
2.32490245830576
1.63550869921448
1.42627778530864
1.92187422880239
1.14045273937712
1.64332939937509
1.8415722793535
2.11714299522419
2.30047358381005
2.26429650942683
2.06592899359191
2.18135934973723
1.75929589583803
2.28676362023974
2.01144837439546
1.66573042111935
1.74880579875523
1.28273097513739
2.42704220683335
1.76920639958437
1.4077663594658
2.07827826271738
2.11760456094227
1.28370705127849
2.19971365683984
1.97541102919911
2.25911844928034
2.42271732040078
1.49445511507498
2.21487162533576
1.7896643715194
1.75624007009317
1.68443561856494
1.9629488164928
2.20968821157188
2.43401280600898
1.88852663715768
2.34119928186502
2.31025779306933
2.10089627008867
1.87039674245584
1.43606994362
2.38439745945929
2.35138738806219
1.98453750479072
1.45351122754426
2.22779936255733
1.36505255979452
1.03690549396436
1.78723349846039
2.05477963115828
2.32104954694463
2.37348870507057
1.64516238623284
2.42571671346071
2.44133324373174
1.36197216820052
1.57286408647269
1.78658996459128
2.06639853895958
2.45507988822129
2.23754016672046
1.42464521763817
1.45403300138707
1.62801802304706
1.43757941022452
1.88466228951356
2.26294688287234
1.59880822911767
2.01892814993545
1.93175316533351
2.19088775790758
2.11126785998712
2.04119517269824
2.3838088028791
1.98098576077063
1.85466702405184
2.03609435314357
1.98126146917454
1.89384587987215
2.01926875361689
2.17345300498465
1.83964034230965
2.01702394423483
1.66377218798386
2.04749612499731
1.78262795224778
2.03756113947561
1.71480009570429
1.90275944393276
1.97277243658978
1.66372991888988
1.13397267046791
1.81134217470957
1.44589296735408
2.13252910630608
2.19633670734799
1.67882231885472
2.27220644546365
2.42654458632935
1.60818290094161
2.13929128908045
1.64652780998058
1.07539697741409
1.28639814749446
2.28106575776054
2.28820820655996
2.18325817120522
2.12042599181435
2.31928035329962
1.23112308821747
2.02713336933181
2.35457630629003
1.29265886406572
2.37900826480407
1.49294121656866
1.41872080125437
2.11706352075835
1.40217070931589
2.49331868467861
2.49954872513038
2.4924375372803
2.40783185878104
2.10432836946053
2.43267920481301
2.35724840876135
2.42738157049481
1.76116218378755
1.67896437601115
2.16277014132027
1.80175429279777
1.98628863507534
1.84544591478904
1.91648306261812
1.54771230265406
2.00293147378932
1.85908495270773
2.41312419388789
1.56653879651199
2.11979993557971
1.84683091840672
2.16849773359094
2.11373811518482
1.71876402729796
2.31438815091152
2.46722800105552
1.83107130317958
2.04542183116065
1.93809808334838
2.06269756187733
1.39525335890669
1.61107753289009
1.68347753472283
2.26469583644735
1.48659481056582
1.71241342629124
2.39365370001321
2.10269115255739
2.42288749893245
2.4471741993605
2.3457551864158
1.49610692587345
2.11408159182952
2.30814010254787
2.3022814430975
1.89597950562023
2.08905989263281
2.06801411117708
2.22270100973191
2.14176379420298
2.30348972187887
2.25337780109711
2.44435222151445
2.45778258795343
2.36807600322964
2.48002316344446
1.8868686848366
1.78169708783515
1.88933722257464
2.35829234169268
2.14551140320293
2.07608585902335
2.16781121634778
1.58807798537171
2.39647435973367
1.94779194908182
1.63866806615122
1.73593669724614
2.06136734999858
2.19806108377065
1.83451772599936
2.03364389423679
2.15932335196467
1.84483491845754
1.99599689241383
1.95907486345614
2.10548083400575
2.36068395400445
2.22733013049973
1.88465017645864
1.75095532654766
2.19293834982728
2.2181746498184
1.6546744196606
1.74508966458917
1.79264370703949
2.28682941893948
2.17902427216273
2.09480302941833
2.29162880503373
2.15028739498396
2.36878703446262
1.3983787026364
2.02879738626442
1.75336819695262
2.15754205227988
1.63725104324138
1.96688535858821
1.30628325884574
2.35542024461026
1.92640008834763
1.7157618263708
2.18414041328743
2.22561646605086
2.10635953365972
2.10917772941708
2.39460698160361
2.40573787488969
2.1945514908954
1.98441467948272
1.79359466979761
2.4491241435849
2.37966691860754
2.35761534299846
2.37915451918749
2.43912622752102
2.22913285237641
2.24389092627001
2.3059617451237
1.31979358436846
2.45951740172504
2.45838224876391
1.9347653629564
2.05908715215812
2.07957934985048
1.47049805057241
2.37932318163939
2.21213667216486
2.37701501934668
2.2301797991368
1.65027026608777
1.95100881602426
2.29700974939993
1.70446906432645
2.27219589354318
1.94474678243473
2.10951089625467
2.25000518193567
2.2265487274509
2.18243270985614
2.17214022142762
2.41106979220257
1.86326131818315
1.99209155548369
2.06914718151649
2.1522220245605
1.3937112866994
1.45770794188847
1.21197059242929
1.56646663581401
1.79668225242574
2.2318094211577
1.82155365687711
1.46890434772353
1.74773555438879
1.96243843076902
1.91588058079886
1.64354028160703
2.08598043943867
2.37186334499047
1.74057462647673
1.713993803854
1.5534024735951
1.34841910550508
1.86930749127808
2.14332312638517
1.80551421579272
1.78089855201504
2.36890645758838
2.13067021870572
2.26914798152088
1.75557744220009
1.69411865453091
2.33542975819195
2.2760162544243
2.26653699043186
2.44269161667791
2.36128237132578
2.2277007187144
2.35656638125131
2.15209608665586
1.57517918256321
2.37160593503746
2.21663208352959
2.31768888832692
1.57132524423954
1.58504349990689
2.17264440193398
2.16492820424883
1.93564840448068
1.58194625456196
1.54721968350522
2.13180588709212
2.03339178849439
1.90423860481801
1.99381403975449
1.71405383141054
2.38945222053276
2.16563175974224
1.82719987075795
1.39627249689322
1.45811459446736
1.24676757561285
1.92119644656824
1.20356426485574
1.33512551962033
1.57683609641836
1.49430238516279
1.37888701723442
1.93636227398678
2.42958388571038
1.96939463119083
2.31980816491574
1.93395987479093
2.43054651086648
1.929823075852
2.14821209387988
2.27415381548742
1.55200982127805
1.6169451310953
1.95837781681589
1.48423597664287
1.95517113527264
2.1743621021493
2.12267350503691
2.28858821464162
2.16609987649765
2.00728341078589
1.66033786692935
2.05213261434686
1.28623474767247
2.02244558890047
2.16271604981802
2.03487164034949
2.40957197432249
1.95998029911147
2.28079181738765
2.10704987234772
1.97865042730084
1.57753061380153
1.74140495316615
2.03016420966442
2.17367967303963
2.25695427204382
2.19622795074975
2.33639087430211
2.33032709443307
2.04571642871026
2.15204701281506
1.92639799009133
1.34197274225541
1.78002363163244
2.06839576115714
1.96614970001397
1.84413792574518
1.79253228543757
2.12416257112125
2.03082966376983
2.40898466372938
1.39172439313303
1.4933508149416
2.31400021179056
2.19813138898005
2.16735126836532
1.81595255807052
1.52694386317467
2.20607601875845
1.97706303667279
1.70185569077548
2.19307127429548
1.70444152932763
2.27818941551169
1.84823934077571
2.10505116104014
2.072696960385
1.74364357449999
2.20581030016798
2.27177025203572
2.07739553671385
2.06850181355864
2.24964706934576
2.13677575274862
2.21784297295087
1.81034008313727
1.85134209957619
1.67948578824101
2.24579011052866
1.99227667046413
2.46199115357684
2.45145971795563
2.3741298379653
2.26772001461113
1.81795356394435
2.25651127733728
1.45662416145567
1.39792437160666
1.41918604152798
1.76401825928672
2.25026181643723
2.40551161092705
1.91585963913206
1.12977860791804
1.52588280922054
2.03198483567214
2.26974041019532
2.06376630239311
2.15814447735128
1.66697729230832
1.50259440498673
2.05819958868074
2.29738842849966
2.28871136989174
1.94010755831827
1.70857328741359
1.42525724383758
1.11494644308776
2.43014707157422
1.94073010652473
1.47754684717695
1.76091963384806
2.03397127356554
2.284272750282
1.22021247666076
1.56987219749125
1.51686319379126
2.10292932083204
2.24035592173657
2.18838451709706
2.12579525273986
1.7400385035173
1.92265183803479
2.46221444360643
2.11969868332211
2.0947075219841
2.23391134744385
2.0991570738916
2.25948932562831
2.42254000409834
1.91339441333101
1.88836047380656
1.87232079160187
1.20109587762875
1.96296295553675
2.2202981977427
1.99251055345846
1.49189353480083
2.10865488293934
1.99013883910396
1.93677808590117
2.12957235082578
1.40496038752477
1.61704961136269
2.01553090793303
1.85589131534004
2.20385927392716
1.82317123932165
1.84611700990445
2.32167633281415
2.13704365512613
2.19717083176542
1.26060611373628
2.47982711278971
1.81995986542234
2.00788775485533
2.29736869263829
2.30878905760811
2.4376560870931
2.26643862513418
