1.0001
1.0003136991715
1.00020760567329
1.00068491851358
1.01358554106324
1.02179309430796
1.02934711242352
1.00342344429992
1.00146803593256
1.00076769650327
1.00025423487041
1.00144599800767
1.01459453444525
1.01585155206672
1.09364666764952
1.05869274403604
1.13433868345901
1.83470435192444
2.46762299880076
2.15042468544386
2.07388186324219
2.35206303514179
2.32158079832594
1.21294838435006
1.01433246824241
1.00035492636058
1.00085824812305
1.01675304410875
1.03240105272468
1.0025806554649
1.00018204150504
1.0000290717697
1.00001356714059
1.014874676334
1.02284330530352
2.34778844860076
1.843658606741
1.22914276664506
2.05842538737593
2.30987438355513
1.24984150757535
1.65043165280765
2.30010162910717
2.44549041488645
2.49368781634083
2.15517118676142
1.70036594974939
1.89450953253558
2.2362917087769
1.95677380399358
2.25173350540238
2.4815931318844
1.85862507981143
1.88283637902796
1.12347335604063
1.93252412212221
2.42501115159652
1.23296763383253
1.05956025146469
1.01209163373396
1.01158137474488
1.01912966751218
1.9341252282216
2.40266400689861
1.25241964255923
2.26783984787339
2.47148137446925
2.48070572945165
2.45448681305097
1.09990220419619
1.06120744651471
1.32427610401867
2.4352948790715
2.27753834098985
1.33422020957992
1.08161437366848
1.04040432175045
1.44167009398953
1.03719639809402
2.11221082178937
2.42560304036555
2.48360221730903
2.47719925626138
2.4382932137394
2.47038438767332
2.49664138917004
2.49395401610702
2.44872379468298
2.05658509181422
2.13349197322103
2.48882317782729
2.48452566772505
2.49625378466136
1.93059310086788
2.38090092657155
1.55443191985961
1.07702052822551
1.06038375753779
1.02523130530675
1.02758990421353
1.46227580503623
1.63819644277024
1.02604001062319
1.00585956645624
1.01174992785563
1.10064009316552
1.42856394261592
1.94797635771852
1.97849183773411
2.44477054216514
2.17984052533545
2.10987334198837
1.69099583493442
2.16446152443909
2.16054466805037
2.47703897546386
2.43978205459236
2.26669077774284
2.44946706213165
2.09229874822465
2.0498618353344
2.37351104884072
1.25876272649917
1.36034962239942
1.05591280336715
1.60956083465792
1.48513719902828
2.1412652691014
2.3184646336517
2.2645367033801
1.89749504132167
1.45118628515944
2.42606268955046
1.23199353192576
1.34433171303206
2.46473303134511
1.52633591885713
1.59876974867645
1.60356737864943
1.73969706282872
1.62197486660177
2.43123290452621
1.96124930833192
1.46639239604228
1.11086952154596
1.77279579228275
1.36941959346934
2.39186236287462
2.42832602546934
2.46292525481551
2.32901297922634
2.49232505449133
2.49768741754565
2.25364297129618
2.05934093478626
1.76776756647078
1.8876714312856
2.36787090944514
2.39740836809367
2.4693962839893
2.23574931500913
1.8813718446777
2.09868513006546
2.49553628213977
1.40598048450718
1.5503141873351
2.2199153695184
1.90051601054239
2.21140466645592
2.12158774093743
2.31507305031358
1.81728238865689
1.89695603188218
2.08538717170617
2.27510713288489
1.90291532763623
2.30218743448322
2.25087315362544
2.41727831526701
1.6421455580034
1.75568313275605
1.4906044974462
1.79423879395088
2.10525470036656
2.32131770332254
2.43627005782343
2.0889042215863
1.9157141178937
1.72443833948099
2.39629307434803
2.17506394887379
2.08422960241471
2.27965853735565
1.89166712714074
2.2078049877036
2.10579473035944
2.07889389115267
1.31881891111255
1.19797310726228
1.70643998253518
1.67188982046864
2.24978019404511
1.7599627454018
2.42757578318756
2.4352665195345
2.23972601729618
1.51076401389208
1.31361219292372
1.86725543225789
1.97568714027638
1.41539125367158
2.14263784600997
2.3560265462012
2.45652972242918
2.19903413613038
2.27283619367115
1.56206677510012
1.05720626829965
1.05166706799811
1.11688377814819
2.3181915409453
2.20861481602762
1.60988460946985
1.22213444554324
2.04379416482234
1.33769542936343
2.10073704972128
1.52195543825776
1.64127119223207
1.81064733806619
2.32806683569181
1.53706455531579
2.28877961932954
2.25061356397004
2.18829529197054
2.119129480971
2.47098065007281
2.45049917855355
1.2766265253865
2.4464028168499
2.21942665284085
1.69170543834884
2.0812564464973
2.24344241733506
1.64754925543044
2.46206657534396
1.59382521953482
1.30205715361369
2.25389534251056
1.99315867561012
1.58865696405973
2.44596011829488
2.38176623265554
2.20017077406199
2.46042192971801
1.94041149865493
2.28236069169491
2.44808306299007
2.22542045514854
1.37752780021031
1.74785725684028
1.86496201211886
1.44330879497121
1.7403176861904
1.81792941507054
1.45507055329243
2.07195123302056
2.41309898491989
2.44904027944714
2.44456460907726
2.32486754299428
1.91184781588117
1.18705736526657
2.08190077175597
2.16058680141962
2.20139350496215
2.35156892376453
1.51517779453915
2.01553902478366
2.10149775818011
1.88760777984714
2.39926857516157
1.79735930012548
2.4599803489535
2.43796772145282
2.30850081826449
2.20841903003522
2.14726228702835
2.22818672827616
1.80011959164291
1.88687928669828
1.47947167452616
1.99725384250029
1.90312636309444
2.2540999087019
1.66153497169206
1.87683874871659
2.05345067423374
1.78868926427537
1.86450521503896
2.33132252164625
1.33265373085633
2.23749087564883
2.03431831364094
2.23700228746808
2.1965536403553
1.3157348664249
1.54186899448519
2.0770928221326
2.07665267543326
2.41603098509937
2.12908359678538
2.38050443073222
1.75928332235421
1.58919950077496
2.11677185041512
2.27780967370347
1.61945830379728
1.73150547453603
1.73244104250857
1.87891349610085
1.75159700972988
2.34985723582936
2.30422254417251
2.05133354160598
2.2235192579586
1.77582168800093
1.3167100447321
1.09414195168116
1.1789142322611
1.54539754542652
1.64795598752195
1.08999489707762
1.19658203944922
1.6451999879589
2.44008766188868
1.23529380775343
2.02561396626592
1.97529742276583
2.10039523742454
1.49195916110338
1.6969977334024
2.12490504242193
2.35447027683303
2.22647548145647
1.66792860556152
2.16992782032618
1.38953270887707
1.11899747536018
1.54762406584086
2.29805388469772
2.46279975134362
2.49037427427094
2.49125875350559
2.47815512177356
2.47978689849992
2.48701173023248
2.43996435591473
1.84828310292662
2.08857850580809
1.92121515633082
2.42821773642358
2.38523039977504
2.20013658134937
2.28803851141082
1.87630189359065
2.34107910597276
2.04915276241737
2.43781312599431
2.31108738269663
2.44025732006905
1.70773721620134
1.14010627742747
2.32865699915047
1.35675913091695
2.45686573019286
2.39060746179361
1.71508527532135
1.74595610366944
2.17611787631426
2.40978031736256
2.19621938641876
2.17792292072297
1.56634730429775
2.28737609827226
1.50562720285641
2.38914812173438
2.39613112523384
2.36842578209208
2.18475776484997
2.3424648483221
2.48080411195764
2.47992672964925
2.06589075358146
2.355868123836
2.46612111759013
2.41961781186944
2.49758227445563
2.49673934200038
2.49607433826673
2.49625334546665
2.47016986831357
2.35580424770652
1.11190054158606
1.76890743940673
2.22625440389831
1.84755543638078
2.09606214252704
1.67107436203183
2.08404116535109
1.82514973472955
1.37145052149662
1.94996779147283
2.25260220790615
1.63742052160205
1.39105529445784
1.46151279328846
1.65079122164516
2.3005345869906
2.43273791232883
2.4164028153176
2.33467122682313
2.44427536150358
2.45364954351138
2.23602695198304
2.45076627302273
2.26188327615837
2.11036017394594
1.69813014572091
1.1237937109667
1.143691844969
1.21114845948024
1.26232001278761
1.26274148334055
1.20822750594752
1.51381517378809
2.28211212450452
1.71993014013945
1.50983879469838
1.20574679257858
1.28690157475096
1.37251238447301
1.25158481851995
1.50723373667177
1.07142472224769
1.07610127304917
1.45203651476298
1.55598967318771
2.40459932867442
2.27229213363242
1.91180528228767
2.22491900666453
2.1295953293906
2.20577201556316
2.44512675008078
1.79116038125721
2.37802086799436
1.72924790668464
2.23713084343962
2.38214803495133
2.25367184264037
1.38765021325707
1.8464867618979
2.36905001235863
2.20492327409519
2.22603110516883
2.1615206313537
2.35538651468791
2.35740408127074
1.31935053876261
1.2802303005355
1.09545829732403
2.33204675390999
2.30208988963636
1.9275336426371
2.29269618249865
1.85741106262925
2.2840933008465
1.60108660127995
1.99396885835407
2.34040742426429
2.39046067387715
1.60550250668096
1.42034278093493
2.25027574422583
2.21234212152549
2.16906942347551
1.64655169563685
2.03667606734057
2.25416010893552
1.99254585136765
1.86612154956371
2.18543995648167
2.07997080112058
2.28201986514722
2.14174484866505
1.98222988112804
2.20326196757477
1.9137897175083
1.87587158753413
1.88557928716674
1.74175923628106
1.97508347699561
1.63900080930841
1.95865606522046
2.28466256422047
2.29705343683077
1.71924833173427
1.87277517616249
2.01394467844124
2.12813965731095
2.09738163944477
1.53808539670633
2.15746256142593
2.36404882990828
2.1218164848518
1.86442618616944
2.21684670244525
1.0701218257836
1.03966520280857
1.44554511519707
1.78065622557128
2.09759692018278
2.25593727408286
1.99156841250211
1.17820336617323
1.09203490438084
1.14894815886223
1.0481752354813
1.53169191031819
2.2067418188855
2.3986657115498
2.46124114073236
2.46489985472656
2.37330223328521
2.19427425461837
2.38738682166474
2.1911443090932
2.49465549933535
2.22335929598867
1.66364649530409
1.68579643729941
2.33413766671851
2.09591869348645
2.23110911044679
2.40555025959447
2.11547580879162
1.72114735247227
1.25688616629102
1.27952967992706
1.47516910543748
2.18541467862477
2.15968042512375
2.41185610081946
2.49018088940398
2.48673481301599
2.46660214158175
2.44386458092983
2.00050556233305
2.3713008885331
1.21548491345005
2.25476152421248
1.44028937658148
1.77269374324045
1.14304758275695
1.10289047087717
1.90681870985087
1.45611993711895
2.32406965704447
2.26359173898377
2.27406361479343
2.40553282775187
1.71936149681413
1.85925622006792
1.48191433080845
1.83921713901908
2.12874079607694
2.27956520893263
1.97820216934529
2.11797494721
2.23125225327915
2.2968726456008
1.74004572027009
2.2420018155597
2.26133379485414
1.72970951242027
2.16031967527265
1.655634800697
2.0035497731388
2.09588539564745
2.34564876631881
1.9584168502472
2.3549362630962
2.38120457385934
2.08667437505701
2.10312135682676
1.77895009264777
1.57296615247614
1.71620026575631
2.34898533243975
2.13028334473483
2.38978431689043
2.23217971824075
1.96907686265496
2.41142246225914
2.1256377380084
1.85713816551239
1.84670981207834
1.21723078145672
1.41917539790723
1.12367809089459
1.35635511463631
2.41865922943414
2.0669652132757
1.20248042104132
2.04446651301203
2.30899680281724
2.39895011516542
2.1009151808785
2.18625621716417
2.18763306082581
1.44888526852791
1.69391309068964
1.121774805314
1.08741996031361
2.1559757874363
2.11129022573792
1.87809696562782
1.78286024350098
2.15084288621938
1.64580521480884
1.53402921491834
2.24910189036372
1.95761821467911
1.44855328365604
2.18204600864599
2.37168681826932
2.49089333948081
2.49478294509311
2.25557376288395
2.31376458291673
2.2972212460242
2.00900227153873
2.44091758256254
1.48830799867436
1.2770987313906
1.34202146777235
1.25148524311461
1.63459275380683
2.22573537909431
1.87809468099723
2.12955570358969
1.4647626889237
1.74098816179551
2.02285567729063
1.78753079703119
1.73356684872286
2.00957465018004
1.7936664929538
1.57278449970956
1.27970377472815
2.296924738639
2.03470553096944
2.29304161393131
2.20663718437991
2.44351336751213
1.89885050917688
2.3511645182968
1.59433040838026
1.96616290765732
1.56442234245972
1.48087608870696
2.19970729495606
2.33676900286488
1.55224473056227
2.10470058093603
2.14279131953077
1.98711058171733
2.09198702962606
2.07945130691146
1.79446397655384
2.062401206634
2.2079210070448
1.88601515486384
1.9608472102902
2.19659344523484
1.76744615000175
2.08683363097581
2.33268858115724
2.43734572544996
1.72714424678348
2.38361658593431
1.99987742363446
1.50312175032529
1.09650207637725
2.09246309577569
2.44264421324222
2.1099350033789
2.47342112046989
1.87252043462693
1.72456361627329
1.12717097221603
1.43501652740513
1.32625403432065
1.26185727693268
1.39779617514863
2.41781736214242
2.38385395596204
2.43746243454056
1.79053692707539
2.20178216809497
2.22359947779137
2.0763211136067
1.26879756947656
2.1317406307893
2.4374967005378
2.00609014636668
2.30274619691707
1.95595524636376
1.46557743519601
1.18513080859545
2.19295449168428
2.44681399958924
2.43014386753297
1.81740361255009
2.24609283229363
2.31371961627548
2.18461999131289
2.26322536013952
2.37648936120438
2.13659693028908
2.22260590258773
2.11901088348493
2.22900399616652
2.19023846697297
1.87798458848036
2.23513400134696
2.04937611797904
2.30235847658991
1.91230045248505
1.97791974151752
2.24211959174577
2.30943881482892
2.1151254559385
1.68823714971436
2.2643039255161
2.21109411674697
2.3914389816301
1.86230708588818
1.84178656844973
1.63666709971608
1.86670194633923
2.11123673690753
1.71468231716711
1.52478098477483
1.92483507922628
1.9437199190527
1.73174414496609
2.11791299148854
2.19550986065342
2.18646997063703
1.63829760807354
2.15211063939835
1.7907333444238
1.53751012848652
1.90615325232159
1.6497226408892
2.03717552164596
1.9692067889447
1.71781760196376
2.37860581646075
2.26378139678769
2.17884455028175
2.02830446428391
2.09830921741402
2.21120228055654
2.22977293313404
1.63030072076662
2.34333722362315
1.80657158676924
1.76719979853381
2.24448565416491
1.582972970903
1.99015728389049
2.01358121225298
1.66012647746536
2.2761673345309
1.99734381139278
1.54662453003251
1.28394693895255
2.00644453863109
1.88338141561012
2.31492314462244
1.56132323770666
2.36905451850013
1.99526294367507
1.49085024513907
1.72378959077751
1.95118930119603
1.54156654577786
1.16241700207337
2.16419166751747
2.39337628249286
1.66447788197487
2.40337664360415
2.47298846108438
2.42971939009195
2.11231589748033
1.46993600129685
1.411087657083
2.2116351423354
1.14897686826313
1.73464667813227
2.40430179775861
1.72924621008086
1.91182563548806
2.29966003996436
2.08139696359067
1.62597763354712
1.9174769663226
1.41186780065968
1.78739414591578
1.67969616868247
2.33184716008126
2.42270192455617
2.19451641567886
1.64038692092111
2.09732377871807
1.63434337460959
1.30543869848058
2.15574774862578
2.03828910710003
2.42530298196459
2.17558590283056
2.25346209512446
1.82481775612712
2.0658110009747
2.41448744136051
2.43452530299
2.37693962757708
2.48902671317416
2.15354530787197
2.16453052788424
2.40787850982279
2.30412321200099
1.32681983405592
1.33327276917334
2.06295434234216
1.63105283349273
1.99134219389354
2.12361578423788
2.30563706569935
2.2261408250148
2.22354109350784
1.99614660094927
2.25774036144085
2.08639297902915
2.35203697030013
1.8508073607139
2.08836254923153
1.98350161619347
2.41481598530659
2.21434693915915
1.64245813210074
1.64749550008814
2.11012494490317
2.43193153083935
1.29467782268024
2.35974581858548
2.08060773362598
2.31808879904995
2.11722780161368
1.54122779245531
2.32901627080118
2.2395326038627
1.92666896836889
1.82783897639401
2.12400758921882
2.39243361546864
2.40355336943286
1.64473388827634
2.15250640972299
1.32855161768522
1.66941667188563
1.39698600173884
2.00629780564771
1.33298631096274
2.15449570027286
2.22860447201673
1.71756183510123
1.79198366440815
1.96363225481358
1.9595652539246
2.07114466669244
2.26720129160814
1.67692416362008
1.83665931222059
1.29303187050318
2.15375031293221
1.84447281290078
2.41028802309368
1.8239798536886
1.80755485119174
2.36908721877982
1.91207339304063
2.28168099740039
2.39033194061184
2.44094600174852
2.14914027168293
2.20094693440468
1.81821075118253
2.16056378287665
2.15303498415587
1.8425556915543
2.38492769243447
2.17760437883139
2.41326986098468
2.45613858849367
2.11263739434202
2.18949272729262
2.15776883512013
1.93728991762365
2.12700287595392
2.09836329829559
1.81709710413379
1.22298994583616
1.514210725173
2.32946972481986
1.48098410151423
1.94887453263896
1.81796164668118
1.80086161560105
2.1875572304043
1.97656358961214
2.32719094137282
1.88685339065099
1.42602183758788
1.71254149161299
2.21541351987038
1.97112161939673
2.03901354934524
2.20992584434181
2.02852608745382
1.95257167258395
1.87538255652361
1.94188260870684
1.68566500486005
2.13971588461131
2.0412334174717
1.39260878847031
1.38653256916629
1.34043632661453
1.54731987530025
2.27126714005215
2.24792768645903
1.60766811557306
1.43343659125046
2.36759134646343
2.15490043917254
1.88343867758989
1.90508922935407
1.56826515012243
1.89333401902783
1.37728093765429
1.64395344613072
2.22784095520219
2.0148241482404
2.26953755323879
2.40464027509097
1.5718577263996
2.04235815335215
2.29038033161374
1.84816777251527
2.15445362507143
1.74490940245542
2.04630099247477
2.21835298347276
2.4254152303866
1.47503260110815
1.76667434188428
1.28748443371923
2.05765752603644
2.14023220859092
2.41370883715087
2.10793759540122
2.27681023601936
1.71230099344848
2.33353515046686
2.14844705058504
2.07374400145665
2.45711334083978
1.84942480537606
2.4092339400751
1.82965338070136
1.31596328579491
2.43475028459731
1.92786871229214
1.93406632337532
2.16041451605525
2.4833416360182
2.16757687015874
2.48353900190986
2.483756258062
2.48631405157009
2.49925695305066
2.4794637478371
2.38477476225913
2.47777288011718
2.34941981736452
2.33758778583889
2.40646911138265
2.39129755186986
2.13285022726241
2.0441202483772
1.9446899860286
2.41445565066734
2.42591752493044
1.77367883166367
2.15284514399379
1.27765041937939
2.12999252350472
2.20940660906849
1.50281688060354
2.35648155510823
1.44436652086083
1.06130378647597
1.33512717060214
1.22239647735812
2.14057901585089
2.48319686809751
2.41265741272986
1.26528321081217
1.35443942311169
2.3124118837024
2.28468554881804
2.42248554806306
1.95251174878766
1.7047967773075
1.76242783775408
1.75533080732555
1.41574966100858
1.68898122761608
1.16699905864893
2.06025173355913
1.38126249600552
2.37555885174793
2.4344210570695
1.95595821984226
2.44821605908235
2.44565839370035
2.45263280812584
2.46685964048321
2.433499856863
2.45421347609429
2.17937670085611
2.38218966519911
2.12066608977618
2.12796219877842
2.17321276028535
1.27561955234083
1.98639061764421
1.63076742020167
2.4942559558769
2.4937551295889
2.46875092721512
2.4841224606828
2.36175424634394
1.495300236402
2.39861912866389
1.97925265850066
2.0152471525114
1.22516723204213
1.93423477856145
1.11850836185138
1.49164982206032
1.48533031771694
1.771950552115
2.45094278272778
2.37778163067043
2.37609249334129
2.16115290615242
1.76129604493251
2.31729482750044
2.28490958308721
1.15031605422164
2.39589912054307
2.39826002594163
2.31985064723823
1.5674919059038
2.12339580641891
2.22107005770967
2.28744604671847
1.93222581444918
1.5521561084717
1.82439299092402
1.47833794891133
1.95488081656469
2.31765151269259
2.37460695621139
2.00652810588148
1.74681241934376
1.69098788956941
1.35269176938629
1.8630973464182
2.22003961303926
2.09478148183089
2.20610438474269
2.23890922993776
2.08213826289626
2.03118482931201
1.46668427598113
1.44361813287098
1.38449296031933
1.86552005631508
2.43108597666697
2.47325979476911
2.3918980963437
1.72201660373649
1.83806013245569
2.29453846559656
2.46917905809852
1.80195563254742
1.73311097366778
1.69490322361371
2.10539631356565
2.0317268538195
1.65685751021177
1.38610051658656
1.71131520639976
1.91954434129438
1.90384442941196
2.13042477514078
1.86182007942201
1.93186609439138
2.08992417226789
1.7107130190164
1.84140005013605
2.33616677354279
1.77667954696664
2.0963890053193
2.43820396402137
1.84623363007282
1.52430438174111
2.26726043147345
2.29414028876818
1.49181590373549
1.69719179360835
1.87340954028956
1.75562750906135
1.51477314231739
2.41346389726284
1.75905547728392
1.54849287145151
1.62944103870172
1.62163126341223
2.4332589993334
1.96672100897455
2.386153838403
2.07243063166743
1.83061051886029
2.04859349268132
1.82003182332843
1.48392777075825
2.22323454652639
2.30811157706192
1.83402262022107
2.0211569654664
2.27135050466607
2.23576834756837
2.32826320950053
2.18364926463179
2.06747324392139
2.06518562392423
1.89252369328513
2.02561750785831
1.79010988947129
2.01616053358477
1.98519102042883
2.29350336127705
2.16881279809547
2.3213653399125
2.04324705252685
1.9703487091186
2.11036228748398
2.30721524735173
2.16827601124052
1.85626148957797
2.039958609764
1.92440539743815
2.15254356481853
2.1136928142826
2.10695071187428
2.13496889909601
1.78205256715748
2.02348662736847
2.34156294806487
2.14257736462873
2.18352929336915
2.28307586921206
2.07198236639381
2.05117069751173
2.33544573107974
2.12134316891699
2.01363781253544
1.66513113938109
1.49707116203876
2.06251857648829
1.97072639520735
1.28100657244929
2.29489866059612
1.60989060604676
2.03156264713328
2.00023173488125
1.7341844350984
1.83967566278968
2.47063176942181
1.71576398733007
1.71261880999464
1.66334370972287
2.23652237958032
2.45368079710333
2.46033005789824
2.48838275181695
2.47649229977374
2.30349522123952
1.89025163197827
1.75609822814909
1.842450902609
2.38315337096789
2.47400327283648
1.32153854895786
2.40931110736319
2.27863924937159
1.8572821145986
1.24309987334369
1.02042983021844
1.50478669785119
2.3113886033575
2.29896205329114
2.47764461619717
2.03167833384791
1.85097347149002
2.12837530777506
2.36027089956405
2.04196289771203
2.27648037942129
2.00597786635211
1.91801513977869
2.01563878717327
1.98887782352753
2.02226503190025
1.69957640944021
2.06547344833301
2.02362153342818
2.47073019249151
2.29871353782555
2.30627571825978
1.93783076513893
1.42801464095377
2.36034231176613
2.31353206333829
1.94177744083829
2.3302578819737
1.62532053370399
2.01241508618771
1.89097014774002
2.09590862593411
1.66187217919773
2.36001134903189
2.01661162101559
1.72988568420814
2.20983385734278
2.3866067759706
2.40882647507274
2.06659444531965
2.26732596568949
2.4878075451532
2.27005164948389
2.37187388075906
2.46781220682114
2.18166179717946
1.88642952940894
1.85239291492885
1.93102996525869
2.39760761712771
2.38482901306025
1.76728247861159
2.24316744679865
2.09553224511012
1.19790277617082
2.31070568412233
2.10809235202117
2.28368833975412
1.400016336417
1.37897165828127
1.33052691735726
1.33238797328252
2.16047164050333
1.38702028204777
1.09882024097227
1.82830098906087
2.17620398826846
1.75120355012217
2.07094315010045
2.17884615694331
2.00921127514805
2.14508007477376
2.31943316268474
1.70772673741012
2.11536038837766
1.99162968116149
2.41751313480725
2.08887463124239
1.84680314634459
1.10846833729973
1.17699445440271
1.50240620349751
1.8169010250375
1.88500259088089
1.71159533049997
1.54468605246604
2.07797548501656
1.8091896436975
1.86025701445314
2.06265272579955
1.38814448207209
1.49582835276173
1.36418206686259
1.92738417902568
1.69558172980727
1.59137936682448
1.59403723534519
1.9350349371554
2.07483961987553
1.52594230866725
1.43254543617605
1.50348930011337
1.84075016760828
2.27490306331473
1.96400365153433
1.97425751447762
2.44993752728637
1.92127583983472
1.79402963533132
1.52259308269814
1.74694704721448
2.26975902776137
2.01875563327269
1.67718266020334
2.35332486841312
2.29054087850424
2.39614865062717
1.30315894179236
1.4157947595243
1.64024787404756
1.82704358253158
1.62671286699546
2.26291267026802
2.04156364519391
2.26815800726117
1.88221013836645
1.85603679424804
1.52216403293288
1.84391636405547
1.58517552490022
2.1012096696188
1.36540916921247
2.06473878302033
1.70165603236825
2.03382691779873
1.97999204418472
1.46797260411958
1.16246182962827
1.87769756998067
2.30023317672147
2.11692742267652
1.87010104306585
2.0624521472333
1.61106680484712
1.45006800240956
1.14514179222988
2.04321399930155
2.07473035404081
2.33676466651017
1.52230337097024
1.74778640048239
1.30523078816959
1.58915760636007
1.66264878556513
1.82984487943159
2.25724791363633
2.49069356754541
2.43064554957447
1.4275151751439
1.80997320731341
2.09958779525409
1.73314090305893
2.47597892279926
2.37828987849553
2.2117591732331
2.41606753903271
2.28359246084921
2.02903830790828
1.8219502128162
2.0386351472563
2.36368689363113
1.40660547204511
2.21807493058987
1.72543985692523
1.67537810208882
2.38906250029753
2.05481042605022
2.40107139196276
2.1201831864709
1.41374843589038
1.8500718612334
2.3993742105652
2.0564208245291
2.45880149252117
2.10527731450227
2.23097095105309
2.41367891391405
2.08014532661257
1.40893650200287
2.04486398029134
2.28217593133122
1.97347928845431
2.48106612457456
2.16999045124664
2.19650374818255
2.09824862717104
2.25244706932799
2.0830418309869
1.30940291259313
1.71053567838421
1.65279900349296
2.28923487974846
2.29279895655449
2.10782372745798
2.33749730643439
2.41710961036554
1.76728209601002
2.34947499112099
2.47000043768074
2.43843647441612
1.83810949231396
1.67750823243636
1.32991069595976
2.0712810845129
2.10773787475806
2.11372687860245
2.43068698362293
1.70685320697161
2.11419190685592
1.4613380270419
1.75996498667417
2.30638940302482
1.32763537680731
1.49962401153674
1.59442060044125
2.26682059838965
2.41667550146272
1.70566739488222
2.2847351751403
1.6136013648906
2.0321499061747
1.67450801151374
2.05595210999718
2.19348120435932
2.1278965546676
2.3478576000961
2.44501198569441
2.28675862401252
2.28885225784536
1.49881347052556
2.35912641662951
2.38074620572525
2.4225980748558
2.34445682842404
2.30921275551261
1.78571566418234
1.87996998907918
2.00207273100459
2.35867719305842
1.7573090505564
1.56053554292406
1.74870705007937
2.17309538394026
2.22013885130784
1.8037734219989
1.92789174853318
1.03288031937798
2.24780371658248
1.9196651787122
2.44705017776688
2.01310618637724
2.10258280606097
2.20476911671701
1.74182393693505
1.30292275413658
2.41825433147027
2.32363785158204
2.33592441706147
2.37532986902909
2.43507143379535
1.87731875360213
2.02311790289328
1.79611857266809
2.38205109518093
1.58557983595314
1.95164870127122
1.76361923856198
1.75620036886968
2.17834822140705
2.3928658259843
2.39883540646594
1.92035534110783
1.91171626423511
1.9746950083023
1.39705698592902
2.29620453028217
2.35926531018223
1.14250199517037
1.25400117851273
1.9422110767741
1.82475122579688
1.44312692906424
2.14525258275336
2.31565268839366
2.2952562101807
2.23473103324418
1.62036699626664
1.39649076848276
1.38872394600883
1.673807422866
2.45881602261631
2.2880773440407
2.24826064997705
2.19977600288784
1.27545324796728
1.40595082883871
1.90071518313205
1.70218160324014
2.29080306899891
2.00935374884345
1.58828984262604
1.71206381898537
2.12537158614154
2.24825687720277
1.47694697796207
2.16984476208134
2.06800805331825
2.01313558294439
2.15828340978858
2.13268474133035
2.24506949977154
2.14382343555257
1.69225541061102
2.26767027049125
2.36645632438184
2.29361535123268
1.97060560890146
2.41055265879588
2.07767189271643
1.66653420140599
2.28165005394104
1.67536097049945
1.70588137072452
1.23984614256906
1.09154855609459
1.12268397621942
2.15569381632864
1.46623985069528
1.26675939632225
1.18243254414415
1.36592054585858
1.89935027545429
1.80013754418347
1.50636477459
2.09602519574903
2.3384126782881
2.10859221371391
2.23583817303232
1.44296000936852
1.56171553831296
1.52707822272022
1.96920731772303
1.97241079752111
1.56199679036042
1.77904009071486
2.03912559292786
1.5647148770063
2.36433837510216
1.64189490967829
2.36324788621635
2.01979523190139
1.76391962612887
2.23880914881647
2.14225028237069
2.22507516522485
2.04572570500834
2.00171576084663
2.32479553612273
2.36721592206418
2.24956568047045
2.43556788169366
2.34165733008895
2.19898617129749
1.93269365196985
1.51357629471849
1.99884134969381
2.34481586338372
1.58682892465762
1.54893471911069
2.32260160249533
2.31518216050452
2.33275809182614
1.63664733125474
2.07365142451598
1.93789900202447
1.99492773337694
2.28722162564293
1.41156026506457
1.7770895240492
2.09565407684718
2.41316273271342
1.46372711178995
2.43170795170693
2.29234905406252
2.07429312041375
1.75984925256529
2.21982116998192
1.84803531115466
2.24982296506093
1.79537902572755
1.45813796992623
2.18530894720687
1.93134596508814
1.59790487161657
2.13086831912919
2.10956995730704
1.72208684252784
2.36856855584431
2.27133554682035
2.36726301980203
2.10997863284971
2.44813266453086
2.47265771799716
2.32549316648777
2.23157137553066
1.82514184315198
1.67918144157932
1.63554272920322
1.54001005974272
2.25985952759634
1.95579808458696
2.33740075410363
2.04960004902853
2.33581956999754
2.42994669057548
2.11584787234863
1.59799769462458
2.18763271541102
2.08766768133325
1.86167338963097
1.89706758625913
1.76050676561412
1.93471357181193
2.26110743195992
2.14429750645633
2.42443760023344
1.99637590763655
2.38457517064325
2.3925350845566
2.32169794206555
2.15923118458569
2.38441542197981
2.2562753745075
2.0513062587596
2.20636789083686
2.35024372721421
2.4616841218794
2.27068185148918
2.21768945716037
2.39411522191474
1.30174694578422
1.72789932982472
2.4204286420471
2.3961664821821
1.95864983210763
1.37750605832375
1.8132321982377
2.16125865453031
2.04263353572912
1.59660557566681
1.64972534290146
1.51945032121753
2.2220272022513
2.26649181104378
1.47399934615512
1.91942798848267
1.32301220789804
1.47570823291199
1.8606702926361
1.88635297636531
2.35798912928974
2.21863138097267
1.08520379734135
2.11161373782238
1.71993071033392
1.57647157045845
1.8047469574542
1.44616163321934
1.28807638583962
1.44176109701928
2.36591996922824
2.40740451045257
1.7720074477006
1.20800498277821
1.22785949987512
1.6965002906709
2.09397548152254
2.03541971597469
2.2487196930482
2.11205402967145
2.09399694486709
1.55740635295982
1.83663370332861
1.98192290214879
1.97916674382922
1.74839239783205
1.93353421778619
1.97112302861174
1.45834343832824
1.73235768126451
1.80041946589723
2.22015897841181
1.80841558267451
1.58929276235717
1.91859214780779
1.41591259417473
1.70682924972076
2.02850343307034
1.96602172301159
2.23477328882995
2.1095576528989
2.3004132156878
2.29254092716395
1.5722537637364
1.92086310051213
1.90483266799595
1.75898204129648
1.77945243275729
1.95330654692565
2.28697928148094
2.37134652274621
2.46068899031442
2.43606965334785
1.92736711784442
1.99153058432538
1.99361193697324
1.98167461235949
1.99829064749462
1.93995405257132
1.9223296966383
1.99515526309566
1.78040405860781
2.24667272650308
1.66113183267446
1.4864349584064
1.52778229434324
1.45004351817175
1.19347369447507
2.26374491362294
2.20050717104552
1.82704751145774
1.81252743613361
1.86445018500054
1.64864381445347
1.43391798359128
2.01858353703263
2.39606877878
2.3017913439687
2.12570574064769
1.4892119560125
2.07138096285432
2.05675828602424
1.96095277752021
2.05571928566177
2.41482201535127
2.23903060054626
1.60380290066949
1.85995608597778
2.21242981154709
1.53939589198476
2.05737561455174
1.79996603305031
2.24953650049371
1.83480027811395
2.41984118090343
2.01515019503491
2.12471133410972
1.91592369023194
2.31954651458465
2.01375633194629
1.58320806035035
1.35523058544916
2.15420338113598
2.001298523498
1.90714432635373
2.31029402407725
1.92536814453149
2.07275748467606
2.21355726892432
2.15462245763125
1.55195711591229
2.10339547401549
2.01554778754186
2.29423473830153
1.55229322807468
2.06241047920397
1.9428696532436
1.97829297974148
2.16163135932466
1.67702759728182
1.81008459319858
1.83983454483652
2.1621227314679
2.12999539950097
2.35548841904531
2.08854997482798
2.28569173932821
2.23363757444843
2.08556213336621
2.08049753732522
1.58489197786398
2.44814968798269
2.12346072499943
2.37280647494574
2.38308796857981
2.32100349330114
2.22500540928202
2.40148750495085
2.40970649900511
2.39448188993609
1.5002855199831
2.01821330766573
1.19312774507274
2.11566420586732
2.30025582488319
1.50298574712504
2.01102976741634
2.32572643386449
2.15220235474135
1.72361562087368
2.3491395619109
1.53287898570735
1.12050233308969
1.7760332760847
2.41317668578662
2.35756703980654
2.33754997703787
2.4673013570851
2.39416138860213
1.86771328950067
2.16555261671228
1.8596834961121
2.35391315719849
1.65064485064937
2.20237499835098
1.93943514286861
2.21742457882567
1.93546852799049
1.98971264647467
1.84528054508973
2.03117774309527
1.49076351298412
2.45663034431083
2.16908649751908
1.90078426191042
2.05171745090396
2.01912974210299
2.23529341925392
2.19539821520385
2.11014002332414
1.87656166560644
1.65174551500979
1.97274447315185
2.36375890194991
1.98895274278787
2.40855582283999
2.36423649305378
2.30013390424341
2.2462213719387
2.0714757812535
2.3237959388192
1.47219969824145
1.65029270216308
2.29357005827452
2.4100713466106
1.99110245799537
1.64657387501587
1.56066773468856
1.92209849713827
1.50763680746786
2.03895235372974
2.20246749852734
2.10475891032185
1.72812550886129
1.77244653493358
1.96317153540703
1.44618412344598
2.41318554505567
2.37072088938188
2.37100125610894
1.74405290976256
1.5111292249563
2.38590295495119
2.38260298236716
2.23832721686076
2.16697088824274
1.66766660708879
2.36395855655972
2.43729584934347
2.0155013849574
2.15842823748021
2.36209593655269
2.38373662255892
1.91113834108143
2.31750022838363
2.24466204537332
1.74395271638279
1.9031569982132
1.81162430770671
1.48053576154751
1.52775868521875
1.61204964338085
2.16865065536093
2.1172517916196
2.0607189920378
1.66244392861339
1.84715454411885
2.41594375604731
1.60724582745631
2.20122793765033
2.40075047417257
1.57740200766934
1.36897426477086
2.4339721585861
2.07234261730299
1.78701325985223
2.16908584188761
2.04575818687894
1.85715556501833
1.95778568684925
2.14816802658747
2.20371316443125
2.3041830935388
1.82169717826634
2.18751970942022
2.33374028486347
2.30258845970436
1.64138809679552
2.29802146043382
1.63948645417032
1.65920610170006
1.78397122667164
2.37804508592071
2.20543569540798
2.46961132424584
2.44448864104687
1.86550162549855
2.15198433834147
2.04550452124668
1.93545325206844
1.80145562718323
2.14123790129983
1.97143393166218
2.04356076019557
2.12751402771769
1.45823403594927
1.34273745010565
2.18025095734602
1.65183969482568
1.65815416810578
2.3990901768755
2.21438342578397
1.77082029920273
1.89324217074533
2.29171566840913
1.88267630803619
1.40578960736002
1.61964658474608
2.13998708342692
2.05755989080574
2.11458076070626
1.7653272074627
2.07464515655075
2.0651317725082
1.94844429026869
1.91465557083254
2.01278152721611
1.6108796015381
1.51773271165513
1.91050567792455
2.07690081627883
1.99224754860538
2.05505509173564
2.3198917241678
1.60983257167211
1.88336591005632
2.46798065359285
2.48231546143088
1.63981047661745
2.09567396011621
2.21533684732399
2.05337938485277
1.55505613266861
1.60472621042302
1.81659803592555
1.75105704754222
1.45349643982116
1.647103320204
1.95188873168717
2.32755127462745
1.89414190521674
1.27014236191272
1.96405928414971
2.20995482496432
2.29109162653722
2.23945662219961
2.0956477993851
2.37434590025981
1.75250506865333
1.7705609717367
2.36650566696755
2.37958347569621
2.28992206417793
2.15654569239394
1.98736236805495
2.36672225569221
2.23359114356974
1.70435156440099
1.85350278948101
1.97280092391771
2.0284243145009
1.42095087071414
1.79739031520213
2.21839374687801
1.22676025265082
1.50650743193207
2.24819434308983
1.68770036644505
1.98418785021648
1.57605770565797
2.0277244087008
2.04888054421278
2.28337471673525
1.7415658345144
2.34902432432116
2.35094740379848
1.60350043239768
2.05082459168223
2.11178850623511
2.40846698240765
1.95914123299642
2.31753553567197
2.20555295982661
2.16344515794752
2.12487307704458
1.84504632143487
1.86414017848216
1.51602197900447
2.0889641896334
1.47420722924631
1.7348094903443
1.57127146478381
2.2328187601203
1.49892120083651
2.36308423368105
2.39116681653318
2.22534352409914
2.2782018281155
1.46355062433729
1.65223759128962
1.62375141297664
1.88224654474939
2.33073198400629
2.41372828087637
2.38333121304241
2.0382529075585
1.88628475178369
1.82481659986693
1.61268010802373
2.06793892676634
2.13359043929666
2.16159479601794
2.09135075324678
2.43532166667491
2.09402305331304
2.08027954623856
2.28639847303556
1.78563377021578
1.49818036316994
2.12306205801896
1.55963531247362
2.10319295293225
2.02792225343827
1.7924489421689
1.34780095814131
1.95388267261438
1.96946641933005
2.04306194711915
2.00840497319299
2.34385891370236
1.99659136583338
2.08853239517887
1.74440032713886
2.33177926027244
2.02332186163844
1.29093468248111
1.2924131597247
2.15052038344014
1.2948643240212
2.18584109400248
1.63537849153761
2.19731923173771
2.0721918551658
2.35990479990764
2.36984696162542
1.57418767323166
1.21324301134764
1.78965524379428
2.11095324176541
1.78721836157811
1.88813523649797
1.914060711501
1.90688582529886
2.3165737328966
2.39481095473977
2.12803774100861
1.94933447946807
2.17853995852663
1.36947582365425
1.15179316368296
1.12585845584104
2.05035277550424
2.21373343106129
1.83252936014676
2.04124831541861
2.1304965426132
2.30394466060257
1.56460219360353
2.06056948752456
1.5090214739306
2.17391028924217
1.7829577279064
1.83105790272372
1.42640867948568
1.45706294960897
1.41430946668301
2.40974417011457
1.95927379176277
1.74332366519474
2.2429732393148
2.07080474160674
1.55365226060039
2.16198752569349
2.00696133211466
2.19244575747359
2.21403186433781
2.10502577990969
2.32704906479911
2.3886103899717
2.18220763186574
2.22672579947319
2.37077166306114
2.4399613088515
2.46178878971634
2.42861885829324
2.36843352992201
2.34442297141857
2.15792208108206
2.45529505135469
2.31044730085621
1.94800609179837
2.24115329325236
1.25585359528476
2.2502271641164
2.15466375470824
2.40639655078989
2.37240173926555
2.37037233582275
1.99451726357364
2.4064215412093
2.46058809710917
2.4017527341609
2.09045558104016
2.13818067596853
2.43844892033046
2.39016999911791
2.36969417293203
2.38301779769966
2.30351801017191
2.45352967805624
1.97437090015011
1.92201620706986
1.58189288098031
1.2534368537073
2.03249246216619
1.89472872794827
1.9838965834357
2.36361527902651
2.17840888087456
1.7404332810795
2.04833120252645
1.22060395389793
2.04389897294522
2.46059297818458
2.37048256819608
1.68597601847871
2.19146420955168
2.00978741884485
1.76611770701802
1.38656032644217
1.69047537892738
2.17630660378637
2.07886209872226
2.41137645793965
1.63799882619728
2.3831162831542
2.00292448771626
1.51432070577467
1.97603571684704
2.1652702182436
1.484820281694
2.09062541030985
1.19864257157943
2.19958039334047
1.63084269645419
2.23503135172858
1.49491353969197
1.42383662723364
2.03171015332383
1.88285204861736
2.24327206571429
2.1281117115316
1.90668736957275
2.31216021439065
1.54471321113565
1.28375202581606
2.31961960040201
1.3990683414735
1.46786987763308
2.09331622760531
2.08490510509552
2.30769892435097
2.23998602818554
1.6326524457509
2.10590352009692
2.42202961578075
2.08233182061023
2.16896880491354
2.28628659265378
1.70785615918609
2.23971630837784
2.0300430259228
2.13638163979953
2.04662770819536
2.40739958940378
2.17324994446957
1.93735863253102
2.16232950404796
1.92030378924282
2.15624846465471
2.05019599262135
2.28893388019862
2.06774045678446
1.30771954398661
1.81201194318225
2.08174311415191
2.36433708288584
1.95178416145743
2.16044520865112
1.63653945014389
1.64944831333507
2.11126044247781
1.93745175951658
2.29076733640466
2.44795570522326
1.31932946483291
1.76381815879608
1.54389513740218
2.07618138587858
2.357910134453
2.03050599786336
2.18970085858563
2.15135939434077
2.40074744352441
2.10248850889966
1.57424789201969
2.202395854033
1.88530106558602
1.25605300488868
2.24907717399658
2.33722940070264
1.16360493012821
1.05671824737282
1.06454040181259
1.04179191819253
1.89978397458094
2.37092544729888
2.44218008270486
1.88916517787623
1.18796681242265
2.00865639481379
1.62586271588017
1.91006777034821
2.31124537301971
1.57155188425924
1.66655089643899
1.43810635872173
1.77577293204234
1.58543151829908
1.51475898435228
1.40357558822598
1.61143099705461
2.43779465952043
1.62875701309032
1.36631247581756
2.31057362219807
2.39857094536667
2.08474362326721
2.40026508097964
2.03694001587707
2.42889391244409
2.33760374019148
2.39038867510373
1.78978920708622
1.96212326582327
2.34813552205554
1.52289352089931
1.62222094747319
2.19449059359279
2.21060033367373
2.31911262524507
1.88824497524162
1.57634938271666
1.44245898987645
1.33646474539857
1.3106866347372
2.11001628411744
1.84908482829116
1.97495630462722
1.73086182146916
1.84751529843849
2.45081530022656
2.23222710290586
1.75580528428367
2.06244677294378
1.73821853302287
2.22937747939465
1.79179935952895
2.3166824274559
2.27713895200808
2.18519265859319
1.65125096462132
2.057965870516
2.31139666766679
2.2753743988395
2.18632708879491
1.64749852288243
1.94621365383378
1.64609525288153
1.3354055066874
1.24772157134273
1.73004507185726
1.4896589110112
1.50627324234548
1.2127761274491
1.20534911526386
2.29844994905012
2.42834647226436
2.46190398923276
2.30971320229196
1.21587253058413
1.92023196598242
2.14411425397803
1.87152723361166
1.36618358743744
2.21436812053321
2.44310983616096
2.17770573082091
2.16913240184794
1.5177338748318
2.01778670385634
2.46589033746663
2.41810557520588
2.22506504671991
2.32175407588429
1.1825791771653
1.72664146483488
2.07751456014967
2.1266617043518
2.34017762773809
1.27717470441576
1.66449796210919
1.30433261449681
1.19696734662007
2.04841018671837
2.47291664643337
2.45556948475224
1.44483194376688
2.08881450498658
1.11073410607415
1.31902002396024
2.07358968931491
1.82686162753632
2.18367976978035
2.35008241196418
1.96680309447105
2.15394442192089
1.49355279435476
1.40070787250157
1.34943980230978
1.17568940918745
1.52001241738409
1.30744069364605
1.74893175831702
2.29063495027189
1.33087725733099
2.38019630442717
1.88123068485962
2.17327484416897
1.99309008760502
1.99622429548621
1.65952160540558
2.28684773095686
2.25169396257839
2.44844551922098
1.74230228965014
2.17415764659293
2.06948691049776
1.94599624153066
2.06166371109876
1.94041021708014
1.67931431647628
2.34695172644975
2.10370718526446
2.12445028214834
2.25775266954297
2.24788499584802
2.33444180773409
2.08091716304961
1.45924170754217
1.14931156091029
1.46054089481043
1.58259308441522
2.0199362007102
2.29152409232635
2.34630575613674
2.41259064628282
1.58228943704949
1.81242775428114
1.75922134072713
2.22169422062875
1.96116391649177
2.02759281655042
1.00781686530617
1.13160591821854
1.33350581847055
1.03592814255631
1.00625490552143
1.01431039765985
1.0176851611251
1.15705575602586
1.08190296972777
1.16689627707111
1.0402158865567
1.04332901702699
2.04350819023586
2.4151414056371
1.84662860324414
2.34916809502149
2.34145387433915
2.03705825011698
2.21399135514903
2.40096982924898
2.42931633812431
2.49724673254788
2.42729225343154
2.46548298864038
2.49071141269088
2.47055856928847
1.9144398212714
1.68258013197972
2.02636246858613
1.96505507640225
2.39671970658565
2.40153817393223
1.81713311017849
2.38665363699825
2.37752325011893
1.67440042355081
2.31078722210324
2.47489168693605
2.48999438144518
2.49842050412886
2.49297111617641
2.42490389844789
2.33464700350085
2.313959929754
2.27375808463236
2.22763063208975
2.34695278953301
1.97569065914968
1.39734683591351
2.33834001842488
2.02414916449178
2.32755868416616
1.88438304135296
2.47034636468926
2.42254419794412
1.87973942575158
1.86055160322632
2.32024000163334
2.00591306388315
1.87389123463512
1.96842723846396
1.83550315716888
2.4548722208641
2.01963631075961
2.41261677939838
2.24992580930212
2.34247679187366
2.44993927523299
1.80297291791738
1.83610821696956
2.1458514247205
1.51830311880462
2.17018052212411
2.49037723850068
1.87459839172603
2.23269923829603
2.47017001774263
2.3756005671523
1.66991223765505
1.86518172247312
2.26182694897909
2.39320284910195
1.98400845671828
2.41676276631381
2.1786527726046
2.41666920484951
1.7371544835936
1.9745821781437
1.24177457942877
1.2665910336558
1.77525314977953
2.15915515349797
1.56456832794566
1.4184643830438
2.39955389092325
2.12522606430384
1.88034591573615
2.14276947360613
1.27270436751538
1.7314685579735
1.6721849601001
2.33809539013039
1.4372828284533
1.92658970828638
2.13575215558283
2.40976762522692
1.76223321675393
2.42561004979446
1.97921251685668
1.32302719831233
1.79813251156799
2.25454818168893
1.7364569928944
2.3102773148765
1.84289874541176
1.89792308380442
1.41166627391225
1.8600632460015
1.66404064425985
2.24606692188318
2.03529741917235
2.03670051414971
2.11795610674324
1.65853885493582
1.6890895163592
2.05358533952633
2.12252632262755
2.00559403108237
1.87357466495885
1.36541630701739
1.65725741010691
2.10774493484144
1.48227291328126
2.22130387563104
1.86516564399649
1.72515812269635
2.22072070450109
2.13645081742256
2.410905138016
1.72420746956895
1.65706386929147
2.40049905475611
2.29721855016286
2.2701223446829
2.17944212724553
2.19962531594099
1.88384308608377
1.9892031562893
2.18574336883989
2.12691327277612
1.89372591999473
1.96713129188925
2.15353139872979
2.04795287048167
1.89911380403931
2.03213516778945
2.22931839026415
2.07590725703439
2.02519228187288
1.76067565324051
2.01167310190928
1.88997273577477
1.87446555279555
2.09733529534089
1.72858341224921
2.00392161757622
1.99838077659933
1.32343117133703
2.28647039457307
1.2892868441123
1.63627306734948
1.86766117307171
1.43378792843332
2.02059983226033
2.18298207794552
1.44643961296833
1.70683486815694
1.46807157565713
1.88138496384939
2.29511658199776
2.31692578758637
2.41528553578177
1.40981535486732
1.9067923565264
2.48499447621954
1.43212766709125
2.36540554544441
2.12292282809535
2.42043787848544
1.91563846580937
1.65529756369939
1.34967237417536
2.38984581806669
1.8097886785664
1.98567884462529
1.32452345259208
1.32190356354128
2.24065740846973
2.43775834654775
2.26829332052393
1.68040504882151
2.09419790166362
2.36540586761426
1.54258533354392
1.11030424166438
1.64656400897934
2.44432776424915
1.81450245709616
2.38572400831908
2.34999839605347
2.40999550472864
2.00865551179531
1.60963889062457
1.34253420086624
1.49202425907892
2.41735928790521
2.49145755244708
2.47577195547117
2.47251104441597
2.48430168924992
1.98519777966634
1.14514326085261
1.21273916936671
1.01894818397056
1.22985676838529
1.97026010896542
2.48926696331151
2.47300978799845
2.39576942885575
1.55187547680884
1.37772060605219
2.40066017222396
2.06602184524127
1.49441214018878
1.76007374914492
2.4378318108577
2.35423829450171
2.47978590612352
2.39531611952997
2.350251671979
1.797277096325
1.86937775146876
2.09418825628513
2.45555080727033
1.76209156760635
1.51405244260895
1.84602666160593
2.30214898232963
2.28290054162085
2.34366554109003
2.22009965262063
2.29861212227218
2.49508360792802
2.41657034741034
2.05620170085218
2.34314611551844
2.46159879230959
1.95416594014034
2.35127225411104
2.28342976323035
2.47522554621544
2.46707962621621
2.48935401400556
2.41667257279417
2.3574081312369
2.40337931590633
2.47105666458899
2.4113740220016
2.43704153112176
1.71766063505574
2.39193698577807
2.47544345743345
1.92578558751313
1.05613648040354
1.43672737776498
1.44782127206618
2.42004175277758
2.45037497970752
2.4717357301438
2.10743499482572
1.94576499693887
2.0957806852689
2.09468453891984
2.45343460952103
1.90557550024682
2.37239632732107
2.47471081840557
2.22123012176488
2.30134516847982
2.49075273635316
2.47672887472762
2.0547016360604
1.32207829056892
1.1087126200779
1.40434697218245
1.40200549353478
1.60772921021363
2.35149556704398
1.67554683119022
1.40847193696666
1.63059662726104
2.44956238572215
2.45310426621829
2.43985346474226
2.23800798631047
2.11417163915487
2.25690891921059
2.17839311525064
2.20926794654577
1.86014391869466
1.6715285934217
1.67754687640225
1.67429151430041
1.76271380798917
1.71761053148029
1.90022468329176
2.17170450172991
1.8630227317462
1.7798046766447
2.11508843035543
2.17532184861824
2.28820348947815
1.83418344551103
2.30920963559696
1.51885640660324
2.40927664522754
1.77538892342746
2.07875594380445
1.43903363886237
1.36992730645065
1.39178437209491
1.88332473225756
1.51508738952444
2.36663194571857
2.43176135757162
1.826499714693
2.21704453644313
2.34952052934252
1.82737762671037
2.22460156362298
2.04337270409011
1.99412809689848
2.34979555663035
1.76734683560083
2.03255907498535
1.7827989482926
1.53407595540812
1.66643276972669
2.14677343929109
1.73412921033532
1.38116006979948
2.34933665140341
2.19056979217081
2.31900480553355
1.64893262236021
2.31563398070205
1.5816790966984
1.90278585123173
1.29542393174903
2.23712346224074
2.11425233675564
2.25724938241535
2.19172078203251
1.97793409445109
1.27452840091045
2.12935360648396
2.20500003723494
1.40481760792102
1.89833776034448
1.26299357432018
1.94852432301963
1.52657496736778
1.30807500305023
1.92617945983094
2.15577870029197
2.25401246707364
2.41289599555529
1.62806663615469
2.06683147661037
2.30305920569555
2.11164760271342
1.81841046105614
2.21359226981473
1.91462451626709
1.81523971237998
2.20524548856924
1.65977382000854
2.35368857927672
2.20228094303407
1.94658890230202
1.65657948069481
1.43548094878136
2.32394033433834
1.90820639026235
2.00384290248767
2.12603670109965
1.92997749091246
2.33886718455492
2.37720412477336
1.5826969776865
2.32362917153897
2.26228445714628
2.14271221928963
1.54762102729299
2.24296095678834
2.22071026750657
1.91375764464689
2.17024972133867
1.70571540541169
1.43210913695083
1.74785805070539
2.03462402045144
1.48754041225799
2.08414693168914
1.70050490823813
1.97366615253534
1.45398664258205
1.51030952526088
1.90263490032882
1.56946381184991
1.55603007372726
2.05851444525456
2.38401080596719
2.49044414864867
2.31569635179513
1.53892558916647
2.20969659945791
1.67007389527248
1.59824714249608
2.09579469134159
2.17743468960239
2.1079830549997
1.140870212127
1.93183176978977
2.31948344747681
2.25503230779142
1.76559719638659
2.26180975647789
2.01356328582179
2.07451464468955
2.49590328139191
1.31967938189745
1.66249876036002
1.37825295708376
1.53629001903069
1.74337135332259
1.57578476973225
2.08240128273129
1.25731532917167
1.99632185284904
1.9738798344257
1.23087770203383
2.26529755256585
2.12314007739317
2.10092493041822
2.09700385448692
2.21417532970022
2.36971336954288
2.14703829788297
1.72239287200238
1.43673272225859
1.9999109797247
1.28954970543864
2.22944212511497
1.43013301847269
2.05686689323839
2.36208153434713
2.18563776143497
2.39158335126025
1.67791640840154
1.66825274906275
1.47815373365206
1.38928284071175
1.37352405327655
2.15751592334033
2.00118397238796
1.6081862613203
2.21917092645484
2.24491016646061
2.27619817271123
2.38231126681459
2.28410470215721
2.40814180105317
1.47827630702699
2.39097651558064
1.50603252103641
1.74901319837226
2.06261612454101
2.12288232609862
2.06853544006731
1.79257889128458
1.94116982193554
2.30993924671912
1.79472890556604
1.56824725064128
1.93253157764245
2.43687144225982
2.21718112571778
2.25656934687414
2.38513170622608
2.46935676331603
2.47763353405128
2.23514795371514
2.41012447230386
2.45058550937217
2.41845892423889
1.9714753910102
2.36680578907279
2.34419690957144
2.05235719668094
2.45123228973132
2.22614932795156
1.53790453389392
1.23259995362392
1.23867563370355
2.40719115189676
2.26685325940884
1.37588544908557
2.44331075514084
1.72217767062839
1.94109352907847
2.39884820024006
2.42228401255873
1.52349685970202
1.30178418618809
1.34878294762374
2.05232876806356
2.05739120723509
1.77065483337704
2.32889552993516
2.36314055251567
2.26409558191818
2.21405617380825
2.41830580046319
1.40478677393107
1.76384897595496
1.3224661751814
2.24300019038828
2.07096112591582
1.85386692637206
1.52309851417207
2.0167771556607
1.83212476981288
1.46696181342434
1.42721393497743
1.89817851386181
2.40070246695313
1.19183880254039
1.78177465759238
1.66182961578709
1.42256344175703
1.23388479501654
1.52382361279829
1.75013253819352
2.02162847403343
1.17764674324159
1.83466651712545
1.69758726593061
2.23825522072301
2.24202801104319
1.95671548703131
2.08779053638384
2.09371140138724
1.82841211512757
1.64289580686941
2.2972567310832
2.26890403401176
1.98097279050392
1.84149042419615
1.80114761517914
2.20236725373529
1.91488830734681
1.60454764986286
1.85410058791121
2.08030629545254
2.07277576011829
1.35110862454443
1.61517733351163
2.2181340377036
1.42021080686466
1.85980613805173
2.16181739323492
1.75941276756172
2.40158082436121
1.87923142844895
1.96879216238097
1.66482201064187
2.21675955103037
2.43890964144326
1.74630192358079
1.61939436662622
1.23912385389889
1.85373607368591
1.82936321072639
2.11349466490135
1.68320876730215
1.78498265182942
1.99189845961848
1.84342236337221
2.33856311617563
2.11713445963264
2.24169085424346
2.26598692459506
1.64293412870744
1.99691006698068
1.91962595547469
1.96991175753569
1.88060828038631
1.57516242559875
1.55116146794363
2.21869813794064
2.17002765048909
2.34026028342614
1.72362597989542
2.09961655767689
2.32093343421815
2.08466080880697
1.53334812502612
1.73676214241476
2.06998624269819
2.42330808359018
1.98394906166968
1.86163106642589
1.91205071567344
1.74789967005025
1.73998037792921
2.19736565344927
1.71091734889476
1.99569950369239
1.90173948825319
1.61337250657901
1.96188292487536
1.96756410021696
2.16011113886465
2.19732626639245
1.90744779360003
1.91826070335458
1.63979395994272
2.41783558460071
1.96327031400077
1.65952244231819
2.23200609627069
2.1209451634821
2.09223531377023
2.08636571454822
1.69685799315322
1.34222575219281
1.09827463960017
2.26030438961466
1.58187314296077
1.8722361739195
2.29427001767593
2.07102146467172
2.11497880476823
2.29018197718521
2.12977657285558
2.28702432648822
1.97664426681316
1.80242293336077
1.67590987202859
2.31188498913234
1.58924903490854
2.13289135075359
2.21805963322163
2.31156144912802
1.800104003131
1.69381890210858
1.5497942561385
1.72826276166577
2.09355262083017
1.73264737647477
1.40866110788021
1.88740370350676
1.75567608624819
2.26830579026982
2.44391500441906
2.15020038373281
2.41196806328324
2.45810316974317
2.13814432726464
2.26152532445462
2.33162989962811
2.39527985629691
1.21908687163678
2.24422468656214
1.74913712761693
2.15475638831503
1.99288729072522
1.9884523262753
2.10305527505433
2.24914506461408
2.20020938772135
2.34337780623573
1.7054532760911
2.08709296499314
2.12396648923313
1.84758741516733
2.12520082762902
1.6667227380108
2.26313325424313
2.022648090894
1.43336436609442
2.25898574896125
1.70238367374875
2.12772849584728
1.83393532640652
1.97620801312111
2.01009733107633
1.70603076069877
2.38659215448926
2.41826860127147
1.8445675958575
1.90721077813175
1.64020244138164
2.12930271772536
2.35416093054788
2.2314318585693
2.17740694683682
2.41861655499134
2.37518450803171
2.21759482606876
2.20065898493174
1.42584378258803
2.28901513873654
1.97400687012718
2.15945632535039
2.09007168822492
2.33891005325201
2.23755596575468
1.87793518839031
2.27792493408645
2.21655195481521
1.54629240458916
2.20837101294679
1.4254096838298
2.28212242002727
1.57664882367322
2.36863342129291
1.82521272693895
2.13567886308203
2.41488560559426
2.33485898834614
2.35899869764299
2.30598350203501
1.94850880042593
1.38370414938652
1.57290472771345
2.37946630555071
1.87725929018458
1.91959425218062
2.0271870748977
1.5640117164759
1.83990515132079
2.01998402436512
2.36001674830535
2.45755363371104
2.44686699877889
2.39285677062602
2.26299099038464
2.49582625482715
2.23948885653215
1.97317378564341
2.09524167514658
2.19325229426976
1.73407212765256
1.57897872060366
1.9465291362719
2.16000393618792
1.54261348910708
1.6425267633259
2.21139695232353
1.75868820907778
2.17456078761857
1.46742941965177
1.36307772038953
1.61051530653052
2.09606251930225
2.24871310494375
2.03539221584904
1.64928923370316
2.01494774850102
1.97468482473043
1.87878699733427
1.98385620957287
2.08652193077528
1.26808115575489
1.13967899459459
1.99714746455872
1.98411644353437
1.87440311370915
1.54276054716157
1.70562284350195
1.69800114986232
2.13908431379763
1.95843246664897
2.14503496442467
1.93661940823938
2.0705206659757
2.03206123202438
2.30175618629082
1.86672450181887
1.94877253266386
2.01011490034075
1.44295010012208
1.537198441181
2.24591226604221
1.57947616090406
2.32514941781609
2.12381436347181
2.05764600410426
2.18865047439697
1.8194429749014
2.20118488155325
1.73859403431512
2.1252087464622
1.81006881398997
2.26831512126586
1.79315295212558
2.03059132775004
1.66198901431743
1.35839880609068
2.01287755761356
1.99934842077547
2.06860254258566
2.3128793597109
2.11029636653396
1.84483190405008
2.06072755142437
1.93496194928826
1.82670499581194
1.68841034604423
2.31141497551244
1.99216125225485
1.56016994257858
1.80352469640242
1.92767535773154
2.079603395703
1.70780046932284
1.9489409140593
1.65663379530963
1.98160792133574
1.8940237127272
2.2344902978969
1.902244428709
1.95641957476325
1.91564490545126
1.39457142366377
1.48011319151303
1.36885949214413
1.96799410365191
1.48543899176538
2.01894092453292
2.01691824144395
2.21906806033892
2.13755757885114
2.04412944732357
2.13956002322665
1.86671393881553
1.94414938678653
2.08268981027094
1.43659745205154
1.73139918149117
1.89012624152046
2.2720002110843
1.95252854346781
1.74471649009968
2.13158448780739
2.16757027389136
1.66185494461906
1.97297934468723
1.96019447964328
1.99271440851186
1.68599354312957
1.38963426330397
2.31948106556737
1.74674291365743
2.20852648021816
2.32193333468418
1.68157419669773
1.70859250517061
1.78253849896389
2.23883091324921
2.04168535338067
2.04748897170376
2.24880421428715
1.45757038514466
2.18253248294943
1.8701896261872
1.26917659234316
1.32337247195836
2.43979286687674
2.41981559842279
1.83602728531241
2.20107366058711
1.17223389848887
1.26298177056982
1.75496309903778
2.3468267239729
2.1842224905823
2.29941223902967
1.67955743089085
2.11298088552957
2.29924938383547
2.04914459882872
2.23279872278789
1.99432853894486
1.80590253317949
2.15419253631767
2.27105185664557
1.97285594194539
2.02681504662258
1.77378869439371
1.92765516865719
1.59621112130186
2.1481789759137
1.18384152470623
1.76342566707027
2.24052850615851
2.43285812425566
2.13829358117886
1.86664697123785
1.93249748192691
1.89484481849308
1.9294698884518
2.22841034985808
2.43231704817309
2.44061882174722
2.43009628107844
1.65073582060942
1.58647925732012
1.70524900793263
1.87746404279711
1.60285040407884
1.76320909999323
2.15423077768709
2.08816127604285
1.61626713321742
1.72337921281827
1.94793707837464
2.3737468619011
2.32845045102265
2.4879956492222
2.35518017512504
2.3034419645446
2.17765048683337
2.255324742711
1.84834139447685
1.76748343427257
1.20396970599661
2.06274463738538
1.63066786662892
2.19239312001632
1.54115902448925
1.76731320832566
2.39132648312424
2.01607490292633
2.38586972802205
2.45498637985333
1.15027512594044
1.31452717786451
2.47237523790503
2.29089249451575
1.83821486962208
2.25484829926765
1.43636726852866
1.5141307997473
2.13490707940894
2.24292527490001
2.49675285096908
2.48987467332763
2.44881532100665
2.33579279999039
2.39309439030785
2.44424184394451
1.28843963445437
2.17504781843039
2.38544324105631
2.35024653553924
2.43933281331414
2.29921165235123
2.20861556664976
2.32656324385697
1.13418155234403
1.16447977927963
1.95301070352198
2.26716909473029
2.2350185255447
2.27841239628493
1.2412200270609
1.78399617343033
2.35073687009231
1.87855784484798
1.39465992552841
1.02883142497496
1.20975514989296
2.34548993989791
2.14833311401991
1.0756121212374
1.07378658266009
1.47608983939478
2.10113325885842
2.19464204527549
1.62818154068203
1.72657484867879
1.7295846814193
2.11012689071174
1.86442039860396
1.38456989880148
2.28825236527234
1.25959398439134
1.80957682795481
1.78674329390602
2.26695747463088
2.3712159886979
1.92250798605319
2.21530201668482
2.06689459252534
1.91638452998099
2.3004972550337
2.27181633566928
1.89024229872546
2.05440883065693
1.89757604623428
1.89516884896686
1.98442568670843
2.08252739744096
2.02090160400577
1.95843499774602
2.14461170770848
1.84249038866368
2.27136335283081
2.14930867150585
2.00111468399515
1.52631198780847
2.15744603820408
2.04305467084408
1.81204253710126
2.43027062623398
2.28904425022911
2.37034386835254
2.06543123720145
1.81518861151825
2.42910938415024
1.63028442518563
1.01165153384244
1.19704172062419
1.40885247519155
1.15468604791977
1.21920264318759
1.39622204557546
2.02866796821532
1.74099542387668
2.31352221560904
1.67671568385215
2.18520430710948
2.285756561628
2.10862968898699
2.46843205660213
2.11311399570263
1.29774809885078
2.17621045380951
2.14903997480313
1.60243691307183
1.94930907150317
1.78320971964469
1.36169176881648
1.638928761786
2.47012540701812
2.12809418631979
1.8165404140093
2.39861350942969
2.36310274497877
1.81768972608631
1.53318134135827
2.11761608658978
1.72501939911006
2.38663160538677
2.23439822017131
1.26748012383513
1.9320071241793
1.99004015404666
2.35504937668392
2.41597824753114
2.12876163355065
1.95431389741247
2.33630728065705
2.18853835105564
2.19357104418507
2.06970598212494
2.24026095386371
2.2021925445986
2.00824320340508
1.89647902692959
1.89677449922004
1.85621966357781
2.11917174611503
2.25836959043428
2.2452559951896
2.36508448185605
2.44654337351797
1.9025960542349
1.99250854635367
1.65625124481759
1.74508415629869
2.23296390439969
2.42511435927891
2.27293619421582
1.55611312035236
1.79411487350941
2.26864101634046
1.96137734386073
2.18185675675239
2.47305180940907
1.75064703474655
1.34636140559773
1.67956864071482
1.40475530391438
1.87736707339886
1.85629987631797
1.82885808327864
1.27893171002418
1.71940077717225
1.96823453288611
1.26314895911469
1.38508731944983
2.29779244780318
2.00176119446061
1.27709560024665
2.1989492470449
1.27002732162657
1.25330858865349
1.82271063846431
2.12694298937719
1.78092564554661
1.6133522187746
2.21637108225846
2.30406940797131
1.25677646531871
1.32083979447359
2.37125451205935
1.45074811720608
1.99135918572745
2.30374035239669
1.49706966765632
1.31875274147023
1.4377621388551
1.92622198883851
2.10931673493567
1.30521912987014
1.17201907934266
1.11079855804552
1.65615718957022
1.41870761930648
1.246308352121
1.17175737719873
1.14484744131006
2.13309765447117
1.52240631317747
1.40172129533514
1.83689819005526
2.33142408339684
1.06859755038802
1.02131911518505
1.04891084894381
2.35605139541199
2.16340661981821
2.45967681258436
2.25819828735586
1.81617506407321
2.47737412097249
2.35416384809264
1.39220126247038
1.72060136546729
1.29837584723502
1.36737928885512
1.96791213169618
1.57354712714091
1.27116862503576
1.30799829061884
1.29503901417146
1.95341539451454
1.20055116315168
2.17417322622527
2.43078112562625
1.64388523441011
1.88928803119366
1.952447925323
2.36589136422909
1.36008888407446
1.07921697880253
1.52354455432217
2.02185849632433
2.4600534153076
2.25254353893379
1.96804005795897
2.09793676223329
2.41275103997681
2.36959168631599
2.02742442325535
2.05712068788807
2.19782516107223
2.34930905237091
1.96266747463076
2.37202704107636
1.65082956655004
2.29713484063407
1.41748577254369
1.64979781501081
2.2035434501322
1.92105977754922
1.35247173305492
1.77757286144062
1.66237787681985
2.22186690478076
1.83499663717572
1.35296615103582
2.1106410499202
2.45955700808357
2.24895328490469
2.37941813415045
2.46543556938239
2.28108898792575
2.08300790589175
1.27933245621977
1.85157816087675
1.99107483565447
1.58742400598345
2.18523988659979
2.14318290095141
2.45303701060691
2.01274621821368
2.26020148128951
1.84619489301581
1.40188346708216
1.30418196241291
2.32036530930896
2.44314095336092
1.87170711923076
1.81784835722842
2.37493674514263
1.63256891450831
1.60643296085575
2.13325013198853
1.82871531337761
2.06701938056422
2.20370020825844
2.30213857398062
2.22956338403319
1.99280766205342
1.49211252393028
1.92005748137863
2.16491113198831
2.35795074449706
2.36459277280769
2.10023217520961
2.05448511239143
1.75297379079102
1.67149938118247
2.28093170992803
2.28067482421969
1.54888540151433
2.20398330065175
1.75190315025898
2.33865321689326
2.02951640082648
2.26185483052756
2.24531082734793
2.13229422867613
1.9817751762141
2.13395439700028
1.94164358230683
1.6418306250341
2.37573248076107
2.45646453510248
2.39984435022256
1.87498400882769
2.42231195011565
2.00164477193436
2.18103170308435
1.14321583373418
1.24474977836313
2.18754489446847
2.46454952709318
1.69817755011476
2.11505829281129
2.07400781010159
2.41937692108026
1.83235528382424
2.24880482589644
1.83977601799623
1.6517484774419
2.43780466914128
2.27430486892709
1.7130695604496
2.09365439170167
1.91591385980175
2.03990594678729
1.23400911243723
1.12197626054748
1.99162594851701
1.97606662601303
1.96032285642023
2.29241570436466
1.8020331903849
1.89926413652701
2.22312072339397
2.43666160763256
2.330074225463
1.89760161185668
1.59349635025026
1.64236055224696
1.9612696520722
1.74339724025094
1.47030834852282
1.79035483765458
2.01004642095892
1.61039976671006
1.66939409283561
1.58854957547997
1.99773071837688
1.92664810449196
1.7735112807954
1.19740928216527
1.81122629906366
1.54125760371899
2.01182486915428
1.40021767921243
1.96754399211685
2.43360227257324
2.1970791546366
1.42342812081651
2.01930322020335
2.25577688320714
2.36049262003443
2.02994181682818
2.43667884293174
1.62092689364203
2.2715631669596
1.85669321017688
1.88131718041817
2.45365593402368
2.38495823429853
2.33760789237015
2.48316090287543
2.2390149945148
2.05310688991255
1.3678475020357
2.03557121576731
2.1045288942118
1.5619721674568
1.71823629319505
2.43287322839059
2.23285393928495
1.63359389915974
2.11147057932806
1.81016269636127
1.9459639243431
2.31767576481236
1.39908370926531
1.32205007751103
1.4243981342854
1.7350695493961
1.1643886769761
2.25267439981879
2.35675507814544
2.44559321329792
1.40859418309982
1.21565701519634
1.79404144802413
2.47004176601026
2.41303110509103
2.4561256644416
2.28769800728961
2.34910459480271
2.03346311311219
1.93652348547437
1.99365658039896
2.17866607176486
2.38354524417544
2.32742685781412
2.27644300691036
2.11033567107172
1.52866530897973
2.04119204569863
1.9091300218069
1.71287546304082
2.3414259984209
2.26926052854493
1.7309677438108
2.26400543079476
1.99373399875359
1.75830725649627
1.90490714952524
2.34514255652712
1.59538623371431
1.95827110194488
2.20505489290766
1.49631650411356
2.17164669410877
2.10596788534347
1.71322846271209
1.7294057476689
2.31528305706321
2.39332864886296
1.92377430835734
2.09889357678279
2.03811743159079
2.22172513693195
2.24859498502632
1.3090401499257
1.92105634253092
2.27496232712822
1.9432081342511
2.02213246426181
1.44004684273038
1.46941200238589
2.15697740251796
2.23223868339436
1.61241006622737
1.97465555211176
2.15139275139035
2.34131617838821
2.10366982962713
1.49378725684408
2.02035053659232
2.10745562361319
1.64757280102988
1.95463647786249
1.7376518502148
2.01438917732563
1.97192656910298
1.72777574876545
1.73642833813593
2.06810894642341
1.73509600185835
1.60379535717275
2.12448503662167
2.18592241391633
1.73462489218509
1.45313137562045
1.13854421967602
1.85704625501798
1.7949915639067
2.31305582604521
1.96396595651945
2.03868733135856
2.18062381564457
1.7841454026795
2.32016587731045
1.86078314622047
1.5440585408638
1.81311486348739
1.91768059540132
1.17328136679479
1.69074290760941
2.11703455259917
1.32062447878629
1.43793864982224
1.16688349957564
1.67735355241118
1.52580995975367
2.32146762068184
2.32924917224492
2.31281505643193
2.2247218423059
1.97691912597999
1.59258849907416
1.37013737867468
1.50285823479018
1.42131087601188
1.11382780124545
2.38951291802637
2.42468362776927
2.35189161315265
2.41221694803329
2.42028810936114
2.1929048641085
2.15878187684621
2.22178657327778
1.94115908442955
1.92295516959209
2.31374838585417
2.12488188988507
2.33152837229227
2.152306679228
1.89075049481536
2.17465482615484
2.04764022276984
2.29468996978885
1.81360768919945
1.48700660891019
2.14564933340601
2.28866609908402
2.43768460362037
1.97752403336547
1.34467953754707
1.97627051583896
1.67082666216823
2.13656855509124
1.85159113114721
2.40198091812279
2.02686596265408
2.10266920151614
1.4590479139197
2.00846573224389
1.75029115561984
1.17374099451398
2.14431900023816
1.72115103950645
2.05432285846016
1.96802896420892
1.81475338637663
1.91711647741987
2.42709664295603
2.36065190602544
1.87309841095888
1.65810731023767
2.16211749987855
1.7354370080373
2.43126143509187
2.411584749059
2.3252219192737
2.37432102749022
2.42261793422471
2.14459071005522
1.87415448919145
1.49530049533588
2.09428226203324
2.04060735844553
1.11737280741734
2.09491608838138
1.90244699369289
2.42440540095363
