1.0001
1.00007921989448
1.0002249417156
1.00335643896194
1.00027720793465
1.00083613854669
1.01116641445449
1.18348440964084
1.45867930994245
1.26591499079969
1.17736275736581
1.70283706545023
1.26806193203782
1.82957555123302
2.18960538248501
2.37341036307131
1.55792569852711
1.01718233360239
1.15406787351558
1.86522412297192
2.21915732331785
1.79848025347382
1.75899936711909
2.11538139932179
1.38197560833432
1.25632943417568
2.44364075569404
1.02050264738043
1.01230959978005
1.08885783106228
1.15219486813681
1.82009653681408
2.02681200692657
1.11558052733514
1.07354897011921
1.82081659369395
2.49318102530972
2.47490223547108
2.24893924904384
2.308912630015
1.87477671508798
1.83877524197408
2.38073729798141
1.4834035611377
1.77268074969351
1.84084997348802
2.49123055085766
2.44756969812843
2.47852786307801
2.42616009670581
1.2478781906162
1.15465976901942
1.02998666302651
1.11087934289985
1.13210822374732
1.99429046048859
1.40606188487617
2.33141680010096
2.00975113942686
2.40824874652328
2.4993441771645
2.49979509631064
2.499981067807
2.49981869804877
2.49733224126876
2.49713714785797
2.49959892870628
2.47126802640283
2.20272645677106
1.33856152718218
1.08123640837791
1.92924932408777
1.17656899259069
1.99109934910839
2.12881773003563
1.05012155707867
1.33568320179633
2.29076977157349
2.43330066730709
1.19610607356398
1.97855364949204
1.88117382356569
2.22524572183879
2.38317428312128
1.89588613445062
1.70710867694485
2.43144636635403
1.87936902251072
2.44962662945399
2.49941902922559
2.49947035712525
2.49960970654105
2.49755583170928
2.49876882572719
2.49690569049621
2.47826069886682
1.99701109700576
2.47346196202533
2.44456690473002
2.35676157874121
2.43200605535089
2.48145466526156
1.28609545951895
1.77782184508953
1.2303110569738
2.47082921479909
2.48317899091043
2.49244836333869
2.48503879508109
2.4009464060806
1.50331850846532
1.97895695701569
1.88874914524443
2.45435944821424
2.34183697612189
2.43351777051165
2.277090765668
2.38066403206864
2.3817734099554
1.96642115889253
1.57169856438392
2.35651870253848
2.26810381593335
2.43268874999258
2.38212405383743
2.11204070377762
2.40283307399443
2.35517110262118
2.40467828269301
2.0708846267325
2.32553736516417
1.93515716408154
2.13184493836542
2.33854530662498
2.23012174246261
2.40438254629747
1.14962956626007
1.71850542611215
1.30389894344334
1.59809933509271
2.49125380255846
2.10994251151677
2.23417691779086
1.96037057537304
2.45107176760102
1.96476299103691
2.24645921376855
2.27204941291466
2.39337683452081
1.81472066320963
2.45246528045612
2.49898027423057
2.49004041844774
2.29708049081284
2.11888822464818
2.27357861365303
1.91018875747126
1.83308390847486
2.0202373184094
2.25171205178279
2.19621346927716
2.38051949844812
1.67458753011494
1.90022525519316
2.48248275540975
2.31067815896307
2.465603347674
2.45809946739697
2.412983058063
1.2568411406537
1.61799183468478
1.34976063066835
1.24610013965828
1.17286815543607
1.78986462747403
2.35545408988944
2.10337755610481
1.92132817929392
2.44251078019588
2.19583664982325
2.32000259956474
2.04994320467034
2.35270622320021
2.26462306271117
2.00390767012914
1.97679753066442
2.21614090152853
2.08857350679365
2.06942979950248
2.15122006962267
1.52245037444492
1.69972426214825
2.13103797173526
1.97427395005705
2.26401577107171
2.22532830487306
1.4134417090686
1.53135343354236
1.46636501860546
2.36739348609572
2.34172917460239
2.06982945179849
1.10015279063598
1.67779178528909
1.65949438681842
1.06867316272812
1.07570224048621
1.17011440351671
2.07692509450505
1.05549229033853
1.15704078295922
1.48797006279656
2.49596582667473
2.34150354178955
2.03894405796892
2.40253009179946
2.19394093395211
2.22564597028814
2.13317850584503
1.90319646010851
1.74166817418907
1.83730564083208
1.78202585537026
1.1515604191611
1.09912520075792
1.08638967963403
1.91294033798
1.97060205684214
1.98091292565555
2.19628584757545
1.78866278664985
1.46404428196235
1.22150851429684
1.03692853345107
1.22848000907452
1.7713018402611
2.43860105691325
2.32345329843655
2.04079610329054
1.47227548911538
2.12559680732484
2.12972284701586
1.40452329565086
2.18749729035614
2.25376663604721
2.18012898230402
1.99542806965626
2.32945835760009
2.02817078220842
2.40608396915861
2.47099631725189
2.49204376945265
2.47605251869902
2.31493517175387
2.10966341156692
1.9458327390063
2.4522301565542
2.39340069788026
2.24898376085183
1.98457453739952
2.35920839903204
2.32879717523555
2.20143475449871
2.09327769005488
1.67528846886763
1.49811299296488
1.85726406536972
2.2610772870805
2.0489307540624
2.38172634889438
1.85564159580802
2.40837615079291
2.06128776241073
1.95931236377347
2.35403129885663
2.3418365182174
1.61034610671283
1.44514162410216
2.23810917941182
2.32882916635505
1.93403440059241
1.40053257252372
2.26234223492811
2.28148172621901
2.22748927229313
1.47365400305136
2.33314489885511
2.20163821290636
1.71874432528387
2.05694580368561
2.19555390530205
1.99230943782097
1.84544731142129
1.56202685360393
1.76402934766503
1.73190766610242
1.76903533153958
2.36174587140796
1.9531476305207
1.91505105757623
2.25956601420552
1.97880226370508
2.18884488424704
2.20085883448535
2.2713621704799
1.8164313481995
1.16183523830641
1.67187833436007
2.25563516117603
2.09541497609672
1.78800697949619
1.10047084157228
2.32530683167431
1.99962821899296
2.41943660344569
2.18766234448885
1.68003171345747
1.4617167207559
1.45453769207972
1.62403445495595
1.98891372271587
2.22300605724188
2.22788184585707
2.21862777442134
2.39388425800175
2.45053300566536
2.40204512925485
1.97179237939331
1.82004414620458
1.8160168143738
2.06834551779694
1.69454469112502
1.14424186408011
1.27076461625202
2.06846046220971
2.20367905393157
1.75497109700445
1.319197149392
1.11914124049048
1.5454303842992
1.63255853157892
1.42340315152401
1.76926730141128
2.35104243054442
1.81476380018517
1.54985166941179
1.91368244212157
1.87254163423888
1.12894116640717
1.61759359379595
2.0412757141841
1.13386640153516
1.98386279080327
1.43457108250546
2.32471284718495
2.19226413848499
2.36181804893986
2.45222278527375
2.44193047553048
2.36284686313902
1.40585598203548
1.33296549294716
1.11418806856945
1.82416818138879
2.36570515218795
1.74487533089603
1.74291316909663
1.97530937034523
1.26282313733212
1.8617753878255
2.42811056723818
2.47548440268691
2.48056629911729
2.16900689396457
1.53427022983097
1.3955721891561
2.43620725960687
2.3510257779831
1.80858802871561
2.17301241508645
2.33804617779732
1.81667551160262
1.25664195458842
1.89134009669124
2.36772472211712
2.26540525532443
2.42189733143454
2.38296423859822
1.50171434185423
1.53975406802701
1.41877334034663
2.43965556888037
1.59512767120103
1.2382294926628
1.04141611889336
1.03189608510192
1.7178953306763
1.29261721509153
2.14219048126261
2.37680535586038
2.40301912293934
2.41364912697628
2.30633585720342
2.41431604078295
2.48266768729235
2.48812701701585
2.47428266451276
2.4948645774449
2.40829780970717
2.46680049985756
1.25926944341546
1.25965959063747
1.72620333589474
1.04761489544959
1.04811023641132
1.14610112806151
1.08343732021067
1.08926245651073
1.02992792086587
1.04953315457279
1.01714710188744
1.57052860267561
1.66749015844887
1.03033722059517
1.42555681661769
1.15674346538728
1.19670585472256
1.52364666328837
1.90853943520395
2.17454536922021
2.10804209086116
1.53762066756965
2.32776224010155
1.17512335773196
2.3547221121066
2.07550720470207
1.02306827453477
1.16385265609948
1.11099011687037
1.69704288281124
1.40664864357111
1.47107918777686
1.73514214908145
1.94350768146647
2.11296697215811
2.40777074170718
1.37393178726967
2.38683217755751
1.54087612570709
1.87161010578247
2.44824437324823
2.07711442515785
2.32472451295148
1.54454666360862
2.35744720089992
2.02644599110739
1.05936584006144
1.53226912990195
1.23203646382129
2.1018447216966
2.04859195750331
1.93717203172321
2.14099011043782
2.23474094651165
2.39559105903349
1.40369118090011
1.91194566486476
2.07536880604962
2.41839100781276
1.93010813269342
2.14743587311274
1.32081636530443
1.08221835662703
2.21775506195054
1.83492537374691
2.37835729661284
1.54248328113459
2.26328103067408
2.176534789755
1.86966844742921
1.70670162618632
1.37703922769987
2.08119355470347
1.22877665992648
1.97886403340264
1.64523476850176
2.18692611959525
1.88184597547735
1.9850417337946
2.32896673753808
2.09777815544623
1.94929720404646
2.13095558959986
2.04804741346958
1.8375535083672
2.15663185825616
2.24288937902126
1.66390176319919
2.05610509001032
2.33050011430379
1.81902289224945
2.03315202673754
1.97950380060288
1.96270206055267
1.60864539413342
1.76114580775607
1.76524897668673
1.84515543349102
1.99795885193479
2.09496753002037
2.24735576967002
1.73796723278392
2.14492553997583
2.34484679051202
2.07963299817048
1.94914700120566
2.22109158872778
1.72605808328977
1.94940545383801
1.86013189764566
2.26466942040494
2.44430693495765
2.28277437109923
1.96689084883849
1.7651183551156
1.65366893730752
2.00374700520418
1.40195308585178
1.60270042810642
1.48211170888798
1.2850708249335
1.39092346147199
2.0873253346325
1.59414614066227
1.2949264979891
1.17919620452777
1.33539937568712
1.22508674063462
2.29043141272309
2.41024165613754
1.95223890222077
1.31773631621422
1.22612306676256
1.86959714381252
1.86606723493484
2.33842703257497
2.34968027881131
2.33881485886104
1.96204211931418
2.40740491780754
2.39176217720499
2.46841664170691
2.10296772423085
2.02359243392539
1.49798372913728
2.33928958394871
2.38015219193462
2.36341690635585
2.11141896831331
1.53150174036535
1.72596745103655
2.03647560594315
1.8462278511218
2.15284291784596
1.9476194434166
1.77304117826188
1.49891362951105
2.38845167184161
1.44561788914619
1.60513014992196
2.21805863533711
1.64292286443286
2.07782981630554
1.67025467082444
1.8869791897475
1.8582616105979
2.10900846047679
1.89605218341009
1.66607648047705
1.53774424720704
2.19924549154862
1.38158116090158
1.13235142514629
1.29037555419376
1.21316055301343
1.92918832998616
1.61318080378129
1.67343853518404
1.80526437537339
1.21562629311943
1.58410354536569
2.24203867360821
1.98488195143708
2.28300520200581
2.28899771845223
2.17850230242245
2.25435559853868
2.35302737995214
2.40360860302373
2.07087605890607
1.20689910361929
1.03195521649424
1.07715826894024
1.329125380212
1.9983778253865
2.48261577204961
2.1042549704589
2.37558269905458
1.6841997435859
1.16051161760041
1.12971999269979
2.20152125830367
2.37797067557446
2.45638564791813
2.36444986373071
1.58737433399843
2.22233188349721
2.22849222555301
2.46430795741665
2.18981001267962
2.47031149404694
1.90628832821342
2.34285014162703
2.3160362975699
2.32299536449063
2.48037118518497
2.47442127431469
2.39688750464588
2.41180038702846
2.4760740562236
1.99701308942253
2.19476713419944
2.28730267184587
2.06489573127915
2.37127900141479
2.11046621520826
2.06362074688014
2.46106483562806
2.29625410497797
2.15285559529608
2.34979156442189
2.41566357198128
2.42807829526321
2.39124147018991
1.71513573534323
1.47470632816106
1.53916335764416
1.26452391642473
2.11336900132264
1.77616219939458
1.78373396875371
2.05014288176867
2.03192226717314
1.83570745199087
1.21683643460014
1.79999047550232
1.47494629861965
2.04723717577961
1.98852501384323
1.7739545121302
2.26289119194586
1.98244662292827
1.56515380895145
2.25729099763188
1.87583075677333
2.34373987813523
1.86461540827141
1.85281638872903
1.76413379404629
1.86076484163317
2.3700679263579
2.06548576373234
2.09760182969607
2.16831675318599
2.07830969843018
2.00415579892951
2.12865143700133
2.17421838236575
1.45417872154939
2.18689686924342
2.2951056930136
2.01708362658272
1.90227342659333
2.0549613125816
1.6212031612859
2.44544395072067
1.84530161388508
2.23834604653979
1.9927720180529
1.6340454141566
2.2583905387992
2.28494881883611
2.36946791811113
2.12676815172627
2.1465306875024
2.26834735520886
1.99547876442956
2.47356528648026
2.35982583946701
2.00661214908684
1.80671423533016
1.53153125485421
1.94501808696058
2.42936535849883
2.15120248494691
1.94678097265217
2.44480214783096
2.0141330821413
1.5782107635607
1.72901109036625
2.32565262084087
2.16960330062553
1.98481851415272
2.37026322449095
1.89319733267231
1.4732722461675
2.32649501048081
2.47571249048364
1.6841567357395
2.4329384522905
1.25481556680691
2.09351879968956
1.62626001273983
2.01628459243284
1.72631749884272
1.44951802112398
2.04639328364242
2.20022912512558
2.31719922682326
2.34325802781471
1.89632437150152
2.28892810829807
2.00776399466837
2.36227620060196
2.38636732071547
1.58427370372989
1.87737400074943
1.12500413390767
1.66406479345844
2.38162815296234
2.36894481110931
2.30749929464253
1.95351447050702
2.31795251591839
2.39548371728723
2.08887382773285
1.85818859791005
2.27810643098385
2.21643375822595
1.65632420520715
1.83267706002463
1.89700330276817
1.96716686099055
1.4332381905407
1.5706170078808
1.68076142909786
2.40737218804081
2.01654228168415
1.5735260306388
2.43998398883798
1.71218162010713
2.01578247377553
2.12372008018682
2.31911048084046
1.58156940849215
2.39802674765927
2.3411504247068
2.06282256979354
1.37204997999625
1.8360879233569
1.90864608302726
1.84281252039503
2.16276382640915
1.18674649237611
1.87271792806914
1.77429705425629
2.16360993442084
1.36875135629836
1.94151914043031
2.15548579812267
2.05648763498551
2.18119188996744
2.12206694208275
2.35157784209248
1.32950440834679
2.18383258763474
2.26924388560826
2.4169972221753
1.75613441324388
1.56556694347533
2.27035730116821
2.04697427976712
2.08893283803599
2.43018982366849
2.27290534941264
2.4773244849838
2.48753841352551
2.46569912851978
1.70781429235272
1.43927577071891
1.70180654039401
1.24800639571577
1.36093330118378
2.13591417441328
1.67407867321856
2.46888604773311
1.91325125169156
1.69117415022888
1.39278647079372
1.2877378997052
1.28537507771965
2.41636011689433
1.43583412883636
1.51458645819942
2.13772391521494
1.65595219461599
2.2745369744713
2.2658390990664
2.05083386792579
2.35364353532191
2.17029728151061
1.55090490931955
2.12655595772969
2.38313397383754
2.43556209335196
2.33619878002717
2.29753252383322
2.27291090355296
1.68512665382466
2.43212685314463
1.83882080420611
1.84550523603902
2.15524214723894
2.02757330891527
1.8846320103548
1.17762710062514
1.06706611132456
1.75664282577602
1.84672043709946
1.98703970112415
1.99229600730089
1.97462113149687
1.3461160326616
1.73411694508731
2.01056837662131
2.40077416740636
1.65138175553689
2.10073945835605
2.09879746775096
2.41674297004996
1.75985642529946
1.88282903361547
2.25885921141383
2.46019838547597
2.13209754948988
1.4525317029983
2.32013514920957
1.66792865112688
2.04924967503446
1.31271602979867
1.7645185949852
1.95481863166779
2.19791607144478
2.42370139062338
2.0847549025483
1.84490062819179
2.20117994425049
2.00178189547891
2.13755361585419
1.71806687164975
2.28046989258266
1.60006732105666
1.46645423991051
2.02900281578216
1.60509409720375
1.07621062652902
1.14609188436806
2.07964170204264
1.10723635716112
2.11012318536822
1.84984356464402
1.66732061025398
1.82784652426136
1.42527648480545
2.11513582720383
1.37624436093068
1.8835232731871
2.02368959586879
1.68858259963613
1.8844122356686
1.55692605023926
1.60391114583104
2.05129083147138
1.84219605157211
1.83620456405479
1.83015993054383
2.22320749431501
2.15164615246036
2.1806495959741
1.84559128488293
1.47003491342298
1.40372386138497
2.04673671032713
1.71275717701654
1.6216827053518
2.19892723086864
1.86024083041866
1.54755162668988
2.20213666678332
2.2855060438821
2.07915225761069
1.33692566469117
1.51739570575453
2.17948717613754
2.25801808296564
1.85310466217259
1.59425887605022
1.74828055801159
1.987590210207
2.45283715920294
2.42736071391321
1.93089741286474
2.07863600595262
1.8608323587056
1.74217231079562
1.89378438079268
2.29854600975572
2.00866017397017
2.26496309868823
2.13554661440286
1.8245815814987
2.42182497289181
2.3960668477374
1.55003182782744
2.18575668000956
1.28297123350325
2.10476760036089
1.38122833418472
1.80313675484974
1.86398681128834
1.82008616496965
2.14053493963565
2.33461269555696
1.55287913241812
1.82713254518929
2.36255168013836
1.88112762093432
1.79521556031046
1.51796121813899
2.34969588974304
2.21656711831362
2.06425193632907
1.43317180785801
1.98216669166131
1.79901735186877
2.03427865931872
2.19119194227053
1.83586168064175
1.44123128010978
1.82272298902681
1.67993186751894
1.46750779263867
2.18456725099307
1.50742526173602
2.16049860433745
2.0776341946163
2.24531594518682
2.11170834750402
2.03619247723824
1.91606782402012
1.87952341954913
2.15647431000498
1.63304064756431
1.65064703391985
1.1357865483377
1.99409547679587
1.7870543705519
2.24607868756838
2.30981275376714
2.37547069850394
2.21088829766742
2.46006878371603
2.42646846875507
1.78991095596705
2.41120042272745
2.44608158656332
2.06889894331703
1.88553319730573
2.46954942260482
2.44227474401315
2.3729683729771
1.90039334269708
2.36554255792606
2.45056994498397
2.46059953217117
2.1981448614739
2.11908314192693
2.32245643476
2.30076385890787
1.84310067622708
1.97991096553695
2.31919700686317
2.4926602551264
2.49947568760958
2.49856382165462
2.46872247461163
2.47820273311842
2.46613038770395
2.39984401897384
2.20062210406174
1.28322837444326
1.95187102403706
2.2824268436225
2.25731952509596
2.39816619914221
1.63627097822498
2.26790813061759
1.7484218935357
1.71341039073168
2.14844085687816
1.60348748440895
1.92176886062804
2.34690449565914
2.47587171573824
2.41790343513073
2.32430886890305
1.87644843329879
1.14284344504599
1.45231064711584
2.30796987018387
1.61861419872712
1.16372955502619
1.2449221405012
2.16155637169539
1.31541650725996
2.12986984060067
1.87156800438823
1.53088414452426
1.41589448785198
2.13819222121617
1.95058433210683
2.12269008356955
2.41008298879945
2.39482530221602
1.93589996021244
1.50990041560207
1.65206941631119
1.36388603349622
1.37521338430003
2.19858109812647
2.32121561968177
2.45705868194076
2.38521227197805
2.46489263567537
2.22659196513829
2.35334365183202
2.46034859118967
1.60287672505425
1.36133589849299
2.46071050255879
2.49375019255042
2.49430480959745
2.47164412222815
2.40122160855235
1.90480029556636
1.92409518107456
2.10391849550873
1.37227219586634
1.72280804844416
2.23629425224925
2.36650567797322
2.05925727644547
1.38886510485796
1.18402928545328
1.37516624624921
1.83739267573226
1.48643960341921
1.45353567627987
1.84436699549146
2.41150864243421
1.93709361479507
2.11118662413062
1.64256021719445
1.82206275761066
1.41789294441191
2.16607679793725
2.31146585320668
1.97542567623581
1.96626238326939
2.19553738609753
2.38807620362572
2.43504198087833
1.85534829960875
1.74484808767222
2.17155697682587
2.0065210418969
1.73569697622609
1.56959049542999
1.86113214991409
2.21453270879967
1.07937974640535
2.1239212206119
2.37679814405287
1.8550719386047
1.06791016300048
1.12443889874527
1.61622666282471
2.25523836864295
1.70856585956988
2.40987442592573
2.06174356427664
1.56119115295382
2.48428807852992
2.09495733535679
2.1966314307347
1.79515428356937
2.32933777945198
2.44885022045443
1.84372846611099
2.05901330422311
1.99640611711182
1.67986877604966
2.34921953777274
1.95543443056209
1.30597607881172
1.78597597688261
2.16500572863696
1.88582272195145
1.58529076198068
1.41331377581063
1.46717566068153
2.00125853726861
1.67408045381921
2.28741774920769
1.97248152194299
1.72287438416104
1.39193144600246
1.52442881758939
1.54567800909382
2.13264647430243
2.41732014615278
2.07495792864078
2.39042981374527
2.14325581882539
1.82012293653945
2.0467019507449
1.72319695040005
1.78126309418313
1.80602002053201
2.11297411019526
2.1469584116974
1.66613311766737
1.55826611534225
1.38433101246506
1.23476260747535
2.37540305981759
2.21916390057525
2.24606027155432
1.86222334210285
1.91574178696162
2.0011431620168
2.20493757831989
2.30698741991964
1.87909966855412
2.39244472216219
1.82834941364251
2.10341910115286
2.16644752272895
2.10782381097277
1.83159663126291
1.91132510778038
2.02041593498797
2.02076259772094
2.19775118746739
2.01759818534765
1.92922482316905
1.88122914884545
1.84105273795107
2.22912458900331
1.92676685452465
2.21156535322585
2.1584088001155
1.85318724203075
2.16417392961208
2.03943049936897
2.00430031323702
2.05276395659718
1.89642459357351
1.77874867996797
2.17998523841825
2.08249653379424
2.05659373561122
2.11903128304723
1.75800078733707
1.77347106486972
2.08721241950585
2.27517776590229
2.31450650175538
1.64400526108712
1.31073503611507
2.21197831476907
1.85935604726122
1.44039306567161
1.9797050872319
2.2212725504834
2.26429197484186
2.34856224879936
2.31331838779659
2.0992174998316
2.00957197771351
2.23054715250134
1.908326170103
2.19001697187128
2.02838807119583
2.42774463481979
2.19222455418416
2.39865686162692
2.21240762040325
2.36392586361706
2.48607449147338
2.16026735351264
2.41676332134769
2.47673759126622
2.47296939546154
2.49356520430978
2.49962546704152
2.47452798389188
2.47642425944634
2.47560220667923
2.43596353637005
2.03070743477765
1.58730279091158
2.46581378804389
2.48438798024146
2.16802812229296
1.89626669072415
2.40521997418223
1.82600249143032
2.28303508189938
1.94449163607191
2.36757176606722
1.63974634933451
1.99947317981102
2.02462425327131
2.07563495492721
1.95048859557016
2.39095840870082
1.4234211619654
2.33874259347588
2.39036657770395
1.6216997726745
2.10980466552907
2.38721450037057
2.42310248855152
2.42249747482498
2.0646233773487
1.88560121329724
2.15368880678066
2.17127313495467
2.0960482145328
2.2064942039071
2.38217207271489
2.19285890381734
2.2311038231505
1.51508828742717
2.45968195148084
2.28412888610185
2.38351936672965
1.49346717513282
2.14845470439813
2.17747308033365
2.18554897548798
2.33629977124963
2.0407386081009
1.91455753401563
1.88161113249232
1.55122529897995
2.36248474149271
2.33393666214758
2.4431891066216
2.40091591999804
1.53188687808857
2.36419434991583
2.1282690367974
1.27737900207264
1.04832516743333
1.47915917213624
1.54007286480544
2.06625321572687
2.17969528565494
2.34742532165101
2.40101288403482
2.46039849233317
1.41075808578207
2.26196746374242
2.18576014026075
1.7239291729154
1.8041864235696
1.12292916169282
1.23318668684831
1.55970387398163
1.80351385071656
2.21996024900323
2.06846561423458
2.08289793864792
1.66452171540918
1.9613247262306
2.3675067317372
2.19802176653587
2.40289394928391
2.2672416235408
1.8121021571918
1.56289609391137
1.92342424982108
2.43124999784759
2.0906361029541
2.4109753778178
1.39380015893729
2.41688055668234
2.43947953095749
1.94940718130285
1.98039724776946
1.98420669219903
2.03192315146831
2.20440073976275
2.20281572547523
1.93319209344361
1.84514787035789
2.08010973103032
1.81974256960082
2.29469814716964
2.06185542563655
1.95809308595851
1.47937497437452
1.87236097399979
2.27791655149551
1.85926280092241
1.81207402239534
1.47318992931973
2.05135419303265
2.0946046416726
1.94846701952599
2.18540558440247
1.78835999117227
1.9585313460846
1.68160310185227
2.35711247825142
1.92990769251713
1.64132222320249
1.75363214212386
2.25222223557622
1.83067155035913
2.40437645840243
2.06787836659517
1.93531151221639
2.25524036784507
1.24573565298346
1.66081184290013
2.18951092010804
1.89226865124648
1.59474813368937
2.08672232419052
2.07862830605833
1.46106405120691
1.97175196395438
1.37149223087905
2.04880954725395
1.98628219662102
2.04402769745192
2.38783681622393
2.26346414480157
2.39067471699482
2.04374935456423
2.01871062248701
2.02597696347692
2.02099587473175
1.79850300229588
1.61692128851165
2.19529419849812
2.30456248129661
1.68565500975343
1.71666716562178
2.44403159311768
1.7027736721242
1.4736613024753
1.99659312952139
2.33618304126978
2.06924294141231
2.00453266639915
2.07711226909668
2.13960810151571
2.38251673505954
1.615836408881
1.74479617901922
2.32447142201976
2.22818184543903
1.34849729259928
2.44114402261046
1.75244156621936
1.79220249068868
2.16789454408118
1.59348657234624
1.97622584315603
1.90996701692411
1.56989333391807
1.32142527586696
2.27656986815475
1.49268738254922
1.38493469170037
2.26145870948546
1.24634646455596
1.17599249659089
1.94446839370306
1.706703551921
2.18807736202611
2.37335239826921
2.23572419246682
2.18425397106137
1.88822480082721
2.46217229462653
1.51781440454433
1.48855505020613
1.99259864765149
1.51268528304518
2.11443150931616
2.13780350732154
1.21284717513831
1.04328371172024
1.35861810843614
2.30008264037348
1.77358371325557
1.80548991028156
2.48275165115219
1.46383324015073
1.16428003638934
1.88089869737384
1.12554225735187
1.64653852522116
1.69170894710974
1.28224768964823
1.11137698338468
1.27982870700766
1.62892566224921
1.72462414251523
1.66590883890945
2.28827451551236
1.63854564775729
1.89623432923253
1.94002161631947
1.40732031675663
1.55777292580792
1.7845474614789
1.87380878784558
1.61926542279325
1.99230568217809
1.98998284009541
2.46753345417419
1.67849392675906
2.22153131108561
2.23960691246109
2.10825933279713
1.3822493762302
1.94356745895544
2.01832334422983
2.38843124046421
1.5831698388855
1.83587732756705
2.45169168332408
2.372535371461
1.03859822933761
1.00507038950788
1.14980054910273
1.683489278844
1.41239724266209
2.20579231544611
2.07982797430637
1.85602646724953
2.42130956729533
2.47403826665846
2.49251100370307
2.33838441277935
1.84877696969374
1.43948959416667
1.66705589617526
1.82256230142429
1.59991991037687
2.18535439441002
2.49822924296492
2.15170123306564
1.30963536591073
1.08001785445058
1.03913594358731
1.447555329267
2.24232002369669
1.55253330799575
2.36190374807833
1.4729731491473
1.55468059982233
1.4489755157587
1.97534475548329
2.31340311725126
1.31542677733038
1.06574276681371
1.3571039305746
2.19025754910124
1.84371675428459
2.33240456301169
1.48626204695139
1.36969361438961
1.13105936818542
1.40651536192129
1.92901620854094
2.21035869285578
1.81702849837062
2.22038739689575
2.14443088736713
2.42511732015958
2.2749484283713
2.16881795491883
1.74898067282841
1.9896593437483
1.83088213208382
1.70823720760097
1.43626955330159
2.3657139280029
1.3799086452654
1.9268613350575
2.18098841386313
2.38188764665519
1.31254906574497
1.61947790603763
2.00923478870707
2.08036002718482
1.79972483992258
1.94822124133456
2.147127885031
1.9868469362089
1.9430961086656
2.14791730613606
1.22912951140901
1.67436969074722
1.82263576416617
1.66589316687767
1.77756566582211
1.90786578481856
2.10137791726975
1.80707751932014
2.21881901780451
1.20008927149602
1.8972596869291
2.35865060022051
1.83181931167317
2.05402335244102
2.30200755763415
1.6040587798003
2.3807104856936
2.19706193724217
1.81372816339994
2.0959625123823
2.42317592398039
1.75395506369092
1.77050456677343
2.16688534656104
2.04158046286234
2.14085496676325
2.48145774193106
1.99979395795003
2.36598023363662
1.41214443317425
2.02163264892564
2.15865286736543
1.55063479629372
1.93068789534898
2.37606281761737
1.40156521848529
2.15599238452784
1.91521123226725
1.88414230887466
2.41916963596132
2.01981230669215
2.29949225063112
1.32959878176106
2.16238384810286
2.25306661638404
1.89077502098057
1.41386269970933
1.6490691946118
1.8058040627447
2.21599662687276
2.41625676743036
2.41794951409431
2.44741059446435
2.36113676901034
1.30599808131968
1.06633397481999
1.81953230323013
1.67228323550873
1.58697972288355
2.08762090800597
1.79746665773298
1.49656399945692
2.23279064189234
2.39188777453126
1.44870414379982
2.03004212058879
1.829110118718
2.32230382486779
1.66101399677851
1.8296206300695
2.14753745407661
1.54575074316511
1.64384271578534
1.72013638867772
1.623007134486
1.95075138087729
2.08583902476119
2.14574645599527
2.38672501018918
1.58510650466646
1.93719607887305
2.27838836358308
2.36640656989188
2.4669643634409
2.10843125252071
1.98915040259557
1.86227212592497
2.16749813128601
1.6578661762666
1.77635874501142
1.77662521844852
1.12460671939112
1.80288439740647
2.0507383038936
1.837265048689
1.95285732832942
2.40090800237658
2.13724675488518
2.41430530124461
1.86969898551636
1.38169303992592
2.44883934855856
2.24605917317869
1.49296165490086
1.70929645051154
2.09591237358007
1.85835372334138
2.01763079032003
2.44647280334915
2.17864940293061
2.42050039151433
1.94716104016267
2.00975996187256
1.56714095069887
2.37712946329604
2.19570577645
2.1770079270389
2.26702843842942
2.3034074059053
2.14011846865587
2.36746354007869
2.03203713033181
2.310098869028
2.06266265025597
1.92464595500949
2.31527222891321
2.37232410284437
2.21116411467288
2.10304799362557
2.28311493705897
1.92029387265414
2.22958329002449
1.94287214797036
1.32783380343873
1.76911732816752
2.23398263833372
2.39813351183699
2.3200719149035
2.10198038208464
1.75769548504929
1.89256852143227
2.1728420320603
1.41765476003222
2.28210851523055
1.70486159998924
1.2580800752794
1.63804174030855
1.42484795932486
2.43781108046545
1.2955347037137
2.00139732758605
1.49229320561104
2.0411614393874
2.11385229412128
1.72462466834991
2.15358591832909
2.29198459677062
1.92642838098926
1.62662642889437
1.70173911553898
1.21519527797431
1.04404183957164
2.05744809560519
2.08340326429703
1.64983762111307
2.35967482420477
2.01319948491729
1.72859372261282
2.37688448758278
2.41035058693615
2.09386288058262
2.23970625076071
2.40895226152227
2.09195244980498
1.59498496669261
2.45184125700875
2.40757006652509
2.41853711229924
2.39712489330905
2.30355645711965
1.94431435916719
1.74916704633052
2.42334041579244
2.10285093461361
1.7002635701518
1.71865433277451
2.24654668337148
2.30341701718242
1.80394249936819
1.99044293748636
1.68430415479361
1.79518027914428
2.35119576136244
2.14107507964892
1.88610541752148
1.81537978535236
1.90415488570641
2.32062570293813
1.93892237266942
1.51152317915603
1.73526386243143
1.72212237620441
1.92910199904011
1.86668131566912
2.08907260999097
1.97160619687513
1.75362909806501
2.11069568827523
2.01011887632698
1.77188116925737
1.99731639769755
2.22307728405413
1.91416130251687
1.68291163043348
2.22487415217086
2.37418485184401
2.30791423401838
1.85551679720565
1.96298031062879
1.74310227051428
1.76114952102308
1.65921888648812
2.01709880220502
1.52033881772335
2.22359923609549
1.86146284706602
1.56007102823833
1.6184950657229
2.00528490956298
1.48532645618987
2.11598648387379
1.60756230827133
2.31765699954375
2.024504310942
2.26450361715169
2.28981312541696
1.91694966333592
2.07304800272167
1.51326519006662
2.24016823852964
1.42183825061318
1.63445006901358
2.09863586614981
2.30575315471436
1.73657491129212
2.20733959785518
2.41929704472935
1.80239567502695
1.95830482118438
2.24819733076364
2.36895254250023
2.1130400586286
1.854216506551
2.06923627210946
1.48643165162756
2.00486302239767
1.93156835963696
2.20676191324523
2.00400400130756
2.28648246867413
2.19936347271271
2.04591994146119
1.69894069700761
1.27986149963759
1.56514269565193
2.01552508428878
1.74149965858257
1.84199678233233
2.43807297638575
1.66991156920311
2.20312844392705
2.38823674441624
1.72194475938739
2.3010010323977
2.19028025050106
2.08751973915715
2.29431880403885
1.52434844714632
2.28391101442472
1.78417850903933
1.64559561974828
1.6165868780846
2.11882873715997
2.23899491169811
1.8719893918573
2.03387939964303
2.26219947678314
2.06375105752823
2.29826224471022
2.20111170182822
1.98915620713524
2.18568076356489
1.82937664794046
2.28120184035762
1.86433893164954
2.34771339311831
2.30294669938339
1.56574604243154
2.25036968292324
1.9000006809634
2.04087872884364
1.53063172756978
1.24334351647639
2.04666281160192
1.79193780762117
1.73428859584848
1.66747334335369
1.65210220368876
1.75098849913871
1.42232191343027
1.75261475884006
1.3115304779881
1.99279492180917
2.11102434087257
1.71690410458624
2.2472544276132
2.48603112723274
1.84792383906434
2.48871057123092
2.42016722164286
2.28047295759199
2.09093179013404
2.00339114104333
2.30002907837559
2.17128543438694
2.08953116970976
2.07082486915016
1.29202148127724
1.97654271998647
2.42282492959824
2.05618748019079
2.05147914138621
2.359861522865
2.25897050395951
1.37196461021807
1.89358754127294
1.61803406576545
1.74529201209242
2.38861359983755
2.13237750253374
1.47979880564657
1.87664275772683
2.31082439918425
1.39339726697552
2.23613945906947
1.40951306270365
2.1949262340112
2.35521983508807
2.10813053077956
2.2739985850202
2.37653846037496
1.7825304973661
2.12985698370994
1.81489194888916
1.8913717811016
2.29595812675107
1.86496651303174
1.95865048664479
1.87796431184398
1.33427166373658
1.27316546265212
2.19405411343095
2.00259223278773
1.795097260182
2.20169253869449
1.98564652698755
2.05446860761024
1.88644384980979
1.72364797645399
2.08521971437452
2.11461176558444
2.03165160276604
1.72293706652829
1.60211478511313
2.36569734310859
1.51742637860086
1.64662845481703
2.17094907312614
2.01318869755876
1.33773874551909
2.01355072729519
2.38692886865564
2.21100281805503
2.30022616301127
1.77114604341297
1.71997704998448
2.39659381442845
2.36232576759812
1.98121910481575
1.80901888232511
1.67964039038391
1.70644043775675
1.41525661130162
1.41272128419193
1.83319484383535
1.50571606904228
2.06002545102003
2.27859069240354
2.1891508187603
2.05427472648919
2.28431636451992
1.707098337051
1.34748541646605
2.06631310765311
1.68362701123311
1.57553496477955
1.63910513169399
1.72380878202209
1.68766152979157
1.79444253235831
2.03705073958419
2.28544433620724
1.78913932481552
2.09490542084333
2.25099219033223
2.17595780255536
1.37061555025752
1.22957838748652
1.47046960260608
1.85933484686109
1.2671826965531
1.62583888662851
1.32591684275564
1.60032885271128
2.00705322044027
2.35992368161883
2.23490103597793
2.24975316625364
2.48975055581795
2.47957466742964
2.02643723833131
1.79342884916023
2.22413499457601
2.42960798730369
2.48255910129404
1.73074858527288
1.7441061356684
2.20916761141945
2.47296463360817
1.99901414851872
2.23370683700535
1.73803521452701
1.96877379233415
2.15692561214867
2.27216099441281
2.23193976949236
1.5262665971352
1.64968569360458
2.16838475458576
2.03988468497653
1.69927351461034
2.07210796094742
2.22143816079572
2.26302006695708
2.06147923966944
2.18796620787088
1.74041959313957
2.08011809657491
1.99724020280455
2.28084458464746
1.40869431879258
1.34477428450411
1.81443695543655
1.74969159070791
1.26683385238242
1.47385735347702
2.06852951363352
1.45660404686415
1.82717864947678
1.65026930969031
1.72704102375081
1.48409682289042
1.25670819560621
1.13489334103467
2.01542888872402
1.41672357635742
1.30776770992589
1.63778665182269
2.25265991545505
2.15515978978773
2.31513554710305
2.41116329632553
2.18859755056651
1.94852917228342
1.94697019656503
2.35267139501306
2.13684679479637
2.2297628701989
2.01005118409351
1.59618122851027
1.47846843360132
2.33651426306185
1.94143060685548
1.96147193994613
1.87195463154851
2.21526806857142
1.82913259288899
1.71060362263346
1.96003870707094
1.8075050592525
1.86958292878174
1.20310454765588
1.91117282707553
1.40888044217136
2.31799792989099
2.15322454600842
2.27471637536181
1.47335681795249
1.54119835223788
2.07440268225048
1.78457608927623
1.6859827967659
2.14036941211446
1.8117231797691
1.52187515339089
1.54559249283818
2.08223154866816
2.2201906440034
2.13084083734767
1.75217707646716
1.42564379933111
2.31991746790419
2.20937806066561
1.52023409170571
1.32411938803662
2.24485693784384
1.78796693498116
1.94760097644853
1.77811794345164
2.05122528704167
1.75607520920734
2.06808141583341
1.76778932289676
1.34936331847815
1.48847264991009
1.98080307005549
2.2294074668676
2.16103115702834
2.08480334614893
2.12116931492595
2.10289651501144
2.0353404611673
2.13130194983482
2.2326630632355
2.02615010375446
2.1576053343252
1.72658953046892
2.31398504399379
1.47918472835564
2.23382556588804
2.0096397368428
2.24145889329284
2.04853413219193
2.25135321607289
1.8980227764317
2.20314843777427
2.25226381390066
2.35586612675989
2.22830101888397
2.06213557585726
2.15597382794635
2.0688695191832
2.08662893071066
2.23731028748503
2.01870642835625
1.29978408529179
2.12717727070112
2.1390111939628
1.69636651793253
1.76584573564756
2.13583528637706
1.63569768457445
1.67648219015506
1.79730905324788
1.8312665835057
1.55660435397964
2.04331494698605
1.9609331046144
2.06719781579532
1.48088608948125
2.01927251216608
1.68218277340321
2.0335028509631
1.95351140468329
1.17650928179418
2.18941457165364
2.01433238142543
2.33379449271484
2.4124037719425
2.35793373259912
2.01106716745511
2.39153580082524
1.86632786165959
1.88493153576506
1.94068659357423
2.4218295417106
1.90634600561614
1.78272384731469
1.5866659204894
2.0141571722584
2.27922688227931
1.75390361397643
2.47163915381125
2.32362815898483
1.53241476148049
2.06348346417554
2.14057884576787
2.3532256011553
2.03316682000784
2.08818393286587
2.35168823458173
1.94686980472195
1.80411182059239
1.78461908743662
1.88947345610385
2.33526633020768
2.45448406161923
2.4608085522545
2.07495354663399
1.98803612537015
2.12466360556689
2.38583338222045
2.35330017366967
2.22673648777245
2.16799879319232
2.45743473523037
2.23177655400054
2.46670243353782
2.42064509886146
2.42042052228758
2.49058322521929
2.33524544146051
2.45963814610996
2.38391468357215
2.46741606515114
1.76321350392589
2.00358532141001
1.77410779248509
1.78035799660435
1.60332113560831
1.82588699699973
1.88192703350072
2.39366096786863
1.97545173126668
2.24181155703222
2.39235476941311
2.46461400387166
2.48374786686467
2.33814315305672
1.94378488573052
1.40111701569645
1.74477862325772
2.37829908861521
2.17917686513153
1.07987869527122
1.78932346191212
2.45950781413156
2.38788601814396
1.85454582203168
1.98411060292868
2.36888289678371
1.99182991624708
1.70574158130644
1.77903407633232
2.38091425526625
2.09087983457086
1.27838689743896
1.02540171535782
1.27686952950515
1.72189160249299
1.66269960305312
2.03601867746576
2.4234026486066
1.147653688212
1.13139902055879
2.16359734607376
2.42316540393607
1.99434630860305
2.41520304222367
1.97889239768485
2.18713646559717
2.31987580371061
2.28020189298105
2.44853014197091
2.36840831483698
2.34340242854423
2.36901220894417
2.11371794793114
2.22875472245342
1.67213324303122
2.11471921786421
1.74413249090132
1.26157126300958
1.69934687764066
1.603521922763
2.22383617865405
2.38506390587466
2.16781866156367
2.02815735882599
2.32667488431449
1.41100775089796
2.33334807441924
2.18252406776004
1.48433874100735
1.20790134084812
1.41506790485121
2.06265092557101
2.0511493814105
2.11787814288792
2.42297010870864
1.42144674347845
1.52348097340368
2.35250575539338
2.40708721110165
2.13276168063492
1.96213222062526
2.47001497063189
2.14071049930079
2.12772534965496
2.39428339787926
1.60357750102261
1.84207562808513
1.45382031727118
1.51988450120255
2.1634167691197
2.14137379634105
2.04268868140087
2.45627364106547
2.33387524002093
1.87661705653223
1.80361619509971
1.78730212273935
2.0661552435733
1.99009061555444
1.86933936588575
1.87730658673192
1.53503622904442
1.49118133868328
2.06201208770019
2.14933731233373
1.55885037362786
2.22971181619017
2.14615327887935
1.76252774375516
2.34108595991573
2.40141279128826
2.45912290755634
2.47763616334108
2.12245774516273
2.15256305903577
1.44785345392317
1.16110929326473
2.07322158427357
1.6977454194574
1.23039875405714
1.17276837962983
1.34196331091966
1.43958710202507
2.36924762321455
2.47515896646389
1.76515761540337
2.05882487227164
2.14235666202402
1.81117347717448
1.60246165409455
1.79730626262601
2.31122795512995
2.1794179669335
1.80816546612108
2.29991333546897
2.21359292575893
2.36476747766086
2.26744838929818
1.55397766365153
1.45930507151737
2.23488255108017
1.20945950085896
2.22085654501943
2.34073434106577
2.04595633291985
1.77628942546036
1.87737806475136
1.38614484995841
2.4136032515509
2.4027488746262
2.16580229750221
2.08698429989782
2.21689024960738
1.7828230855353
2.11574493110854
2.45812826119988
2.48692254074756
1.62358330660491
1.72206676645011
1.8204699799403
2.12265392156082
2.18323363181896
2.02312639052859
2.25312025187842
2.14327717130994
1.51148572732381
2.38733292498137
2.31258391782649
2.21388124406285
2.11103207311565
1.40594054211039
2.36531965520336
1.39059411270375
1.29862536363347
2.18999870236837
1.50768450598178
1.29505953803387
1.89033492818123
2.0948808052849
1.63701982707754
2.48764456972807
2.14981784701837
2.02343279162666
1.73266044836876
2.16654172922416
1.20312039123739
1.66941655097329
2.37882006303988
2.27338825949043
2.27495688911697
1.84513965895134
2.22245245542386
1.86070764570137
1.85512070253238
1.81604997808128
2.15503060631028
1.55153549680437
1.53825462327946
1.1302758163599
1.40500112798108
2.34329672320038
1.993548160425
1.50300552091576
2.16596297463675
2.27347567711567
1.47338029180652
1.37133322376773
1.89207345459624
2.38282985521084
2.13648821049504
2.39821587240547
2.45295865099613
1.95416755202066
2.24159563629019
1.63961146689514
2.30091607131732
1.82745171713001
2.44862487891312
2.38080812607091
1.45288503300147
2.0658014121438
2.13779760883843
2.23877482170576
1.27228934663267
1.45837180494941
1.13572022376212
2.01743754884604
1.45167482527118
2.33083198370059
2.4728508350946
2.16182938512175
2.47420796294198
2.47972506276574
2.29438485223524
2.00612747320287
1.44871565299573
1.66779535970418
1.43450054073118
1.79681339442154
1.63796875407728
2.24442448588117
2.11435808785013
2.0420976018974
1.84101778223686
1.21934675629126
1.3049480330763
1.39624583776679
1.2382371637523
1.95687185077288
2.22660300307616
1.08144152445379
2.31540382331183
2.17934424439973
1.29516404369742
1.56770250629017
2.0172418128811
2.13133825592465
1.71158247189446
1.14302860164674
1.36682056784184
1.06897250584322
1.5876166382512
2.37566670670759
2.40824963622307
1.4373062209325
2.48042434958474
2.15016253686187
1.77982280241137
2.33137189293439
1.61629960427394
2.40939222101031
2.08681417557751
1.40128054623733
1.95217011267614
2.13210186037376
1.89977771503939
2.22365984760755
1.2214155556127
2.09692007969755
1.41453592107411
2.09996722256861
2.34694842037972
1.88113680714763
2.06515189539482
2.20018432141107
2.31572824000388
2.1382659896404
2.28113195417165
1.86456554035764
2.03242292239192
1.1382008592495
1.93864554162207
1.97210399461291
1.76952737104558
2.45591670574284
2.47196130209953
2.46986182162196
2.09128709333691
2.4588416275256
2.48447982882609
2.49565136902771
2.46264693811955
2.21322756274911
2.11666547728697
1.07890640477753
1.57889707126309
2.40430288391359
1.94244379289212
1.49756223122641
1.24020868523206
1.7824866564045
1.58850470102883
1.07061624718707
1.08023298190318
1.11496599161834
1.30867858536883
1.05846182301797
1.04573037313082
2.08264539719303
2.40333044083618
1.55595957197787
1.50521359542791
1.51992519986952
2.47367260430629
2.24566619751403
1.66342753529877
1.47175956905678
2.02675877582274
1.45333879927945
2.17709127847066
1.47459045608951
1.56028493533418
1.32335494470091
2.34193586538269
1.21881160048847
1.86458266897991
1.71097140889107
1.67241643291503
1.7763157056085
2.14841331984897
2.01268937944506
1.59452551121836
1.97472738350018
1.59664602731053
2.26236615569032
2.24573664664816
2.04805292689476
2.22841745369981
1.98001556673416
2.12474080559213
2.1673970217719
1.47985752083082
1.73047021724379
2.29893199356731
1.70855109478569
2.43048826464853
1.94558799118357
1.53274018500703
1.17412404335408
1.22763291553415
1.40279756556648
1.74413106048085
2.37035095337885
1.93749073955308
2.40788157576161
2.21273209671408
2.43641944320025
2.3909322578103
1.332843528621
2.14736484899939
2.40674603338664
1.13072647445273
2.07598286126487
1.9618757617214
2.26291973151161
1.20812180864173
2.29718346936738
2.17762346815868
1.32115829167493
1.81404389033328
1.24692636325409
1.64867454623047
2.2629641034087
1.28667320037283
1.35478968408241
2.38730421338631
2.11428870047998
2.42967746533769
2.26593265728503
2.17866305147318
1.67969534370592
2.38838953974314
1.91083632901275
2.1651548196206
1.946696811993
1.60429330438576
2.0619807979363
2.06746827757784
2.05496130943197
1.82243309840908
2.1863457320028
1.60419409105825
2.1860203157166
2.29605584304972
1.96832117804394
2.21485824991563
2.37509480151276
2.09189331476329
1.99420616965535
2.45369226800889
2.19348299810234
2.19072996790302
1.93831732828796
2.39254682239159
1.85004877123049
1.8501566260299
1.99179825607848
2.09964095296236
2.09270768416414
1.50611677513446
1.47985887674828
1.24361000192643
2.25112520292998
2.0105941598211
2.38995723378395
2.43540867831154
1.78801513876357
1.71747311256427
2.10433906094381
1.32533749332663
2.13900466278323
1.81628456497774
2.32640352872864
1.76674287274831
2.20321393159466
2.28284760621847
2.11675112575207
2.2920355747914
2.36926745948344
2.26986484936813
2.36129943924336
2.22945549795797
2.17672449743577
1.7847232352006
2.05193719807165
1.51267142488287
2.18946995548084
2.21861517446062
1.97558556981199
1.7307763425673
1.95083588636549
1.83015163535407
2.06156824147841
2.12380752255096
2.22347728418376
1.65959669422331
1.88976052568232
2.11079133829025
1.94889011961506
2.03029712982707
2.00493248667951
1.63399483359516
1.93089030312073
1.40293799025678
1.63621401546459
1.99717068592821
2.43977016360447
2.08533183149794
2.07218258177552
1.74625667627138
2.17189008602393
1.8582409099686
1.62776723076028
2.31766936709989
2.41298087647847
1.40586079489126
1.07332075090145
2.32896098202853
2.48842028621222
2.49258484766433
2.40672005598722
2.23596470626818
2.3487202405572
2.44948790369415
2.42951909754897
2.47241145013192
2.4818643549072
2.47437910526309
1.80264648034334
2.14084271586538
1.6780776802964
2.47914435845545
2.45739334009498
2.46201509454824
1.56688924553913
1.92159630283131
1.93906095635536
2.36418292252986
1.44722252704247
1.79102739952521
1.85417265969212
2.05796067397785
2.4008290367872
2.3097791814382
2.45527657955227
2.45196523406154
2.43982054421435
2.4857052263432
2.3649100535755
2.0284082026952
1.29284284988043
1.35643247417242
1.73441543251086
1.21916433520999
1.59655928206447
1.11199551933986
1.24108323803391
2.18423545009071
2.31420510789214
2.39662333418737
2.15964405938395
2.49728970119854
2.3865649988041
2.30336575136008
2.40225696797331
2.09863208285741
1.07077998474501
1.05833335349306
2.33436859284881
2.36524620452894
2.09166652831388
2.147678990634
2.27321583459881
1.40943929115954
1.84359803923673
2.48358794721763
2.39861073614306
2.40847297326375
2.45236098547932
2.44656828083983
1.63571086573145
1.80904929437106
1.32217242619516
1.64488974969397
2.0420980976637
2.42139622657217
2.15082443104544
2.41214576209593
1.46035593948867
2.34093206973841
2.03489630854682
2.35764781297939
2.4598790569448
2.44038867767475
2.48448555758765
2.20398999118657
2.47398419342795
1.58825014700132
1.82944399999049
2.35055718435088
2.44556588836658
2.34295195465216
2.42586257685509
1.4078108678958
2.44807004003691
1.83848053068443
1.63194527311241
1.21965990331868
1.83267579697048
1.97502251552584
1.38101373582454
2.29004581502092
2.05387286567788
2.17123505151187
1.22491413431304
1.59325651573673
1.90346529961086
2.44504153339223
2.40467656210446
2.40313535560279
2.3559762304835
1.92163498179916
2.46197780530758
2.49195451189597
2.49695672152695
2.49636896509211
2.45488037603322
2.05407847960498
1.91615460215685
1.50148332625487
1.94823069204636
1.53601927937531
2.29646485504669
2.06201680000491
1.83638058042716
2.1347557699255
2.09000788530811
1.59167969797137
1.99638034503113
2.19211325261303
1.73945460028219
1.94433994596532
2.46557099362327
1.82976861600798
2.38405261146183
2.15284130289195
1.51751122633897
1.89693812362426
2.27063456663109
1.90718584944015
1.75887426851789
1.89829177655019
1.70124046086679
2.3569292980528
2.38953150413421
2.39310360485041
2.11343869963838
2.2988073406155
2.18275120243281
1.88617793560592
1.93283162281631
1.57681462209987
1.47459915489245
2.10681115439588
2.24591321037186
1.97325197540268
2.32704293159861
1.14899864110066
1.36235757937563
2.14976956060959
1.31675742375535
1.95164495976297
1.66892706405304
1.87524105659718
1.8764446548638
2.23013000633334
2.438848630811
2.38052156755038
2.48028468454157
2.34624544635672
2.21935842573885
1.36572868490021
2.34005680695157
1.43206220474695
1.71758992754345
2.25165399055827
2.04275313566053
2.43426856967152
2.48420562704162
2.43537260873859
2.23302233982869
2.09434383473764
1.3022735593622
2.42303300950469
2.36477206545277
2.2981636284872
2.35698073113309
1.92404020877427
1.81789952157836
2.26553793874393
2.25638455171106
1.81932291946443
1.9271435530839
2.24838156016204
2.42860571002517
2.13636213228539
2.01234557202361
2.37773238266518
2.34096028366728
2.08089000373038
2.03022136574859
1.68746552455927
2.18153711661521
2.02737559143598
2.06854593485549
2.23297553167569
2.34956291121579
1.72471641178217
2.179477955543
2.1842253066528
2.0711297580456
2.14238213070969
2.09879821404108
2.08114023194479
2.10692239695551
2.149224741809
2.33537980852013
2.09372699255875
2.03091032503149
1.76105649953726
2.43343883059667
1.88570322220455
1.53227771068029
2.2668569146123
2.32305191272081
2.3676580728313
2.30150247705893
2.34736048051971
2.01134428724642
2.13051010498286
1.52513274344854
1.94012293659922
2.21403692518028
1.54906280717828
1.79800666086121
2.0231153931172
1.42320893210333
1.26242383072413
1.95310520063531
2.10305228019666
2.26506896241645
2.44333382412438
1.23881338891917
1.74628515771377
1.41342080046204
1.76500842066481
2.38632162384358
1.51209444566811
1.74139649219624
1.16594243268813
1.18641013222914
1.73593087431153
1.76710738696235
1.04882472215311
2.19033030226317
1.6087406694942
1.78225735816019
1.49359563470663
1.36292317679261
1.82389613546699
1.06190828613831
1.13417765242136
2.07025393918995
1.48089698134548
1.77891623778568
1.34592754536406
2.32520915495907
2.4899729118783
2.48506369741086
2.48140158875968
2.49648974655132
2.36601702180542
2.08407151649356
2.13540542049488
2.05458062045669
1.30680460870729
1.39242962069588
2.23883026510521
2.33310949478298
2.10773645963643
2.25548725909801
2.32354320016267
1.7254327779281
2.15023325741143
2.42779616942442
2.44167205655652
2.44238069719606
2.44538493330869
1.73380510102134
2.04626805393022
2.40952429508662
1.76625173946758
1.52041659995884
1.98072757666555
2.27400651029791
1.90461138707776
2.42246852449791
2.4355046805521
1.62652020462674
1.42879638627807
2.20358191753149
1.50129970479539
2.13386960512469
2.40141855347635
2.07519212912765
2.20541365690365
1.63545171283757
1.91321097636612
2.12533523095777
1.30895545528178
1.39373264821978
2.08495800288211
2.19134957940023
2.3573700745867
2.41914670153551
2.0336137625481
2.30821396432984
2.40577563529501
2.40683968800711
2.08214454452005
2.18535397329057
1.75490891899788
2.32457339062938
1.75701731433349
1.58622955669512
2.19357947017104
2.25265749286885
2.43785334541034
2.20529235315529
2.13904266342946
1.7211887738771
1.76382230028355
1.72938294096103
2.42294258803116
2.0245699021174
1.76261442278535
1.61286281737226
1.154594363472
1.09929849435101
2.33738931613577
2.12555687044615
2.30938482332755
2.46880260305048
2.42403529873665
2.49809755262151
2.41907981723268
2.17762145502544
2.0506845299576
1.3769056563344
1.25917035633549
2.39835721336642
1.88977805885095
2.07853155273374
2.10789848062647
2.10635812883128
2.11281619424291
2.2178318426947
2.06848934044048
1.44475186519509
2.46438886186241
2.20132713346991
2.2585646372162
2.05533178252726
1.64670609721478
1.79448985232196
1.63755626118327
1.51871634176872
2.15598947100855
1.14362243469234
1.20313524550133
2.3171861908172
2.08978250833256
1.72039672432092
1.19375968730812
2.02716909335532
2.05700478585255
2.19070978387897
2.39201815062041
1.90715459115014
1.97684692234115
1.68109321652798
2.36713115544795
1.88272924209025
2.43746957107827
2.00080974881661
1.47929103755507
1.54132515017962
1.89181104346767
1.96911466728602
1.26209851923188
2.3176275336297
2.11819753507673
2.28927845990675
1.97839660517016
1.95349967591509
1.96678698147844
2.21358506893611
1.94688809141142
2.26732517740414
1.63103439013669
1.80107524441989
2.39566731907947
2.28736368065971
2.19276785969016
1.92634434080461
2.24724890892019
1.7444310420802
1.92913971183079
1.5473517376223
1.75278870924582
1.43425906737663
1.1924590490122
1.42476401408261
1.96668851400881
2.3187357812563
1.98080577092436
1.76232866238887
2.17079450258928
2.16700240060265
1.90184421868473
2.36795571594561
2.05039067657491
2.27188151168007
2.29493396678813
2.04710745227299
2.31144107861896
1.89661501008289
2.03545652916756
2.16924591949609
2.05384274687092
1.81690678160702
1.60565133977751
2.29697183280975
1.81432830864612
1.90139177970772
2.10042527097876
2.16615606147934
1.91626291751402
2.08417040415004
1.81234336874653
2.05427993322167
1.3413485844212
2.25386040805401
1.84522841993318
1.78378444457446
1.79510348334468
1.89741853382688
1.89456544603411
1.47413462788945
1.58516380320718
2.22791348140453
2.03474668688075
1.54522348019197
1.83771371002969
1.73745400213975
1.68346570792453
1.80059000066383
1.36004644834116
1.93112409169962
1.77133461062825
2.43146909821144
2.20404800372163
1.64595632482442
2.18250622722479
1.21230315259777
1.54286264097526
1.55035628790606
2.22723560704596
1.98505126733958
2.03019967767385
1.83511040048025
1.85308666843078
2.09561396540944
1.33363776719003
2.17253653631738
2.06528633117896
1.84667953165603
1.82672019213246
2.09304996087283
2.1750021435459
1.83894340595416
2.1133130088803
1.5651726757677
1.68734028517623
2.00907122119103
1.49883472550086
1.96330181226851
2.21313291192295
2.2674965058426
1.94475311493728
2.13696809097578
2.04706609938624
2.26182857029145
1.99341376972229
2.16431740146142
1.81653451764485
2.35626224779796
2.43297276636188
2.06216856678604
2.20939041981405
1.76365539158043
2.41015268559533
2.44101437075715
2.48056115228792
2.47880302490726
2.49278141198586
2.29869692631429
1.95293220463923
1.63714261843692
2.16666090250143
1.44011597578029
2.18747669885526
2.0865552763661
2.42598841747501
1.70336507711749
1.79836696175891
2.04313922648764
1.97080074376361
1.73971595947969
2.34440816851101
1.97982497468617
2.04171483119675
1.92400173587139
2.18953264858575
1.97230626460987
1.97828469879356
1.82884458802666
2.06529347001255
2.41455178350904
2.14841775649532
2.43005099488318
2.34493023115397
2.43455877782126
2.03279204225453
2.05551231135602
2.48125320360991
2.08395637142555
1.78668113660866
1.9592717861764
1.2210949285347
2.4516252974219
2.41974278978879
1.15109783368152
1.87827082927448
2.12837273011201
1.83084057102662
2.33115419908117
1.82388838451462
1.7003764968511
1.94961461157755
2.35791912303695
2.22089975792094
2.21728144531898
1.87400145753381
1.37334928067331
1.15576179861716
2.34837628106718
2.32657610459188
2.42683357213136
2.11130544909066
2.48899268983157
2.13412218538743
1.4013677855304
1.1468365457942
1.79785949650767
1.74945626357352
2.11947980417606
2.4007378057573
1.91985710892015
2.44653108681128
1.27179589684699
1.62514418684233
2.44606273102178
1.57434785638051
1.9143616126151
1.80032999369277
2.01377269721926
2.32516176657349
2.21173076438064
2.45734039638829
2.29537309162464
2.21563930027696
2.44120230882511
2.05282173755967
2.43540005283591
2.44280342009272
2.21671425603632
2.42432902587514
2.46377131206168
2.46263574924265
2.44435753313635
1.64137624038679
1.33354591905681
1.5083179734179
2.09576942266428
1.99674201180017
2.15958731994353
1.71633479122176
1.57500710893522
2.0748677758141
2.16645700144636
2.37978551226177
1.92652430791584
1.60407690801597
1.36049063621937
1.77678930064475
2.01883307438428
2.185019583142
1.4714080138395
1.84592632705641
2.39703586109735
1.98983061563362
1.45939795373299
1.90304944590856
2.31609143512645
2.20695373762995
2.13261876935751
2.08316293741887
1.78360540409499
1.55295552936835
2.05050155132066
2.34801672989327
1.96198480768269
2.20460499627385
2.01948344782425
1.98218525393136
2.04342332348613
1.44278275954943
1.97384352004923
1.56164682048019
1.65108913155815
1.75465339009459
1.81165338942127
2.10761239109997
2.0985833967253
1.68117992927491
2.14881229749759
2.09172811865449
1.85997803055983
1.97217287260912
2.16700072317904
1.46317979145247
1.26001171173097
2.40083536910587
2.16219892543981
2.12242048187094
2.21951197435305
2.24678652249431
2.12929791445852
1.74395171566752
2.0266969855271
2.33154433381093
1.86342082777321
1.48694648441457
1.36840652115425
1.95872512008097
1.90004961683334
1.85654172201205
2.10878624462442
2.24050972964636
1.77080601746598
1.94904322125937
2.29942795215581
2.17481235205673
1.67833713520509
1.83223944208875
1.81942031700992
1.97219741846186
1.3923652323099
1.79690797778373
1.819490925797
1.474473420693
1.93479105424999
2.2050162802208
1.98113436495759
2.00479832110733
1.50179576760451
1.36967678784808
1.66723825583187
2.12593082622246
1.65966640936238
1.8814730441477
2.16824831200974
2.45311642013219
2.21149656447656
1.88056834530431
1.71967199278948
1.8512952844246
2.1568762337613
1.51621906748156
2.28851821590167
2.0177247444524
2.20975217004877
1.99524730758835
1.87867075585878
1.97041852416591
1.88964230525252
1.1131709445038
2.29520632453937
2.00193238438669
1.82956818660898
2.13598231958169
1.88525778153777
1.77471968774133
2.15169478936071
2.05400762266815
2.01091750503271
2.07340381143659
2.31440030663102
1.90440502513976
1.92022237182714
2.14738277697983
1.86703374640859
2.24299327910649
1.98868801586657
2.41724026695974
1.57219128392011
1.77199104496937
2.37263317485181
2.03444938753723
2.11007377718796
1.75223817959178
2.0517723470098
1.57043637547592
2.21425673614796
1.68940245792336
2.11388208978356
2.34689750266102
1.66725805128057
2.42109734469539
1.95259321631286
2.32547318048733
2.08498705301139
1.35917827366497
2.36518916764714
1.8136214071896
2.16224586282045
1.86504606554481
2.24690399520745
2.03892404621159
2.0848960319344
2.22279547157629
2.09212490275085
2.27430935967573
1.95826808161883
1.9266818092832
1.73317287505735
2.07205091744836
1.69906892681372
1.95792826560603
1.97581035757229
2.09935289211326
2.23473519666733
2.37758738545304
2.13295488411214
1.93983936111342
1.41855983989501
1.02882058312889
1.61868077841366
1.54600765937682
2.16366196425819
2.23143715528499
2.48582757473687
2.49285178841736
2.43752680408825
2.12409696841094
2.37706402950406
2.23622535990485
2.36468206519404
1.97666749809837
2.19053284333645
1.99305804581462
1.97304150244029
2.15241086663386
2.17828519502608
2.04390448938893
1.87039293232109
1.81759612866645
2.26362985765166
2.05831119313621
2.32000064376633
1.90283324833946
2.32059125835515
2.2077212720434
2.12492925697323
2.2909258953789
2.33676940859907
2.24915548350134
2.37338479380587
2.10266499653844
1.66356633696899
2.42747688257131
2.44282479331038
2.40789107664376
2.39254945848528
2.3779156100331
1.60271364967395
2.45823892694287
2.42532806098807
1.71619458102877
2.18318326151825
1.52642487413556
1.94526252374021
2.41400606286467
2.20657872912962
1.71365238186784
1.39034608391423
2.17050973389793
2.06685685589135
1.33309097311587
1.93282190397674
1.39134530213634
1.2213312996832
2.02223694940719
2.18385601738824
1.35607002482468
1.59483258861874
1.64394135329588
1.32585078058735
1.36697930826972
1.89501080391464
1.57762205666393
1.26293812580727
1.74271346921738
1.59472424963262
2.32619892409437
2.39363628381404
1.97129675912192
1.94713119806986
2.21777863119479
2.33746262515424
2.21594207867519
1.70194463496122
1.96777589199461
2.02301703621168
2.20384084331722
1.96874030437436
1.82993594840769
2.35985344004344
2.3354899810516
2.27530563192299
2.22350044622722
1.91396209004952
1.18812081818957
1.21005915201146
2.08941860041277
2.20077472307894
2.18033791917614
2.46030128219098
2.37227618392569
1.79431258301078
2.18311982254104
1.41608040494873
2.08685037384543
2.19540947115886
1.55814708712032
1.7982904153961
2.3227297784285
1.6845090505394
1.74779793239041
1.99141672852996
1.39460976773669
1.58643369892329
2.16271039190572
2.4328853807172
2.28459705153533
2.4042445534894
2.0389145613445
1.41514240835814
1.7883718501085
1.53600686275103
1.8245336568754
2.44096530827192
2.21172835272416
1.20259464331635
2.10186984410827
1.75375218855612
1.70943448453988
2.31224580397069
2.25648276480006
2.32295746848897
2.48091378361168
2.33806803446456
2.46938025996923
2.33525556590929
2.27765712455005
1.96372142158483
2.4333241826512
2.25091789328762
2.06388732708125
2.17532959161425
1.92735064808987
1.50842155989344
2.29018959069355
2.18839187066459
2.43791573811027
2.19617211168572
2.01198432181413
2.44666422966445
2.15416366702099
1.06937021452818
1.35095197165704
1.48460530430322
2.16111689606727
2.29694492980923
2.43908073856774
2.35651372466966
2.16641790759196
2.43541468184835
2.32207789845886
2.1529304274412
2.42439295064796
2.40918475739405
2.22440715808861
2.34663221758415
2.08101738370755
1.36797217585532
1.32567188148827
1.1193140197281
1.40033359837384
2.44751740155052
2.4926596428929
2.48573729085356
2.48254581470804
2.24702980028244
1.86917144058825
1.70512841160565
1.77709021369443
2.31808786967409
1.85188386168888
1.47303372978854
2.09421486564206
1.31595175852682
2.05378526611438
2.27678827068079
1.94141522497586
1.18675350663573
1.23073558028275
1.08368001681582
2.07044472185902
1.74460043454865
1.64315554654774
1.27613327554532
1.56363187570329
1.4749312097634
1.37782595454897
1.93106516454308
2.19961962839425
2.12628314804374
1.87232329534173
2.25408994377074
1.92484178225637
1.55690803451286
1.45394895965172
1.40293021852737
2.20797674395707
2.11379530206347
2.38692091975391
2.08465646781748
2.01216283787866
1.91367349459761
1.36455048383264
2.08504992730518
2.00187357850035
2.08281192759504
2.0626627893738
1.89682692364681
1.82812970828666
2.20214278062244
1.79655037801116
1.24429960308868
1.3036447058908
1.92914651925381
2.36956691721208
2.08840067890387
1.93322231759068
1.98807456470234
1.20384886693756
1.44445962715726
1.47652921802904
1.92464112799799
1.89062114246709
1.91574879691681
2.11079057771926
1.72441924041757
1.40053686039253
2.23915433011506
1.04530836947514
2.12098090083826
1.87028942055508
2.39132559807282
1.41084292184916
1.23533087567176
2.2885500541643
1.92780961616757
1.50012844786551
2.41739537425482
2.33574763518908
2.31271814667429
1.83558680319264
1.31350705470359
1.24097122372223
1.23074736193488
1.32461456306771
2.31306731467948
2.06396115436464
2.30730772356763
2.0636299547504
1.71683273734824
1.37556489873948
1.41076599483174
1.43313108922819
1.62328017414742
2.11399589157334
1.75839610115961
1.77546883479646
2.22525807937295
2.48774231133594
2.39880297278
2.3467369314199
2.23644821624582
2.42348444068978
2.31910462934544
1.98150827654792
1.44904529121524
1.29051957613746
2.26621764830283
1.86505293671588
2.43574687437689
1.99119644264566
2.16902826616877
1.50070568519361
1.72000072771089
1.9260447438748
1.67882362338284
1.76850808110497
1.01580392677544
1.51356756449371
1.47053923270021
2.02253210458077
2.49422435823717
2.49504842702111
2.47678318160715
2.32150621795974
2.48662241661454
1.39113349418114
1.42801441954039
1.36092996353767
2.06957264435226
1.79240574441186
1.58395191335459
1.21104002924885
2.42158874836379
2.32562397498372
2.21298125510253
1.87049357224944
2.02583673592971
2.21532053946284
1.29077393728022
2.05677916339368
2.15324158197044
2.14880670757525
1.84146966472049
2.26052569243569
2.34638117588993
2.35241309788899
1.91637800065349
1.53875532878786
2.40976341180643
1.93382066395706
1.69136153798363
1.91958293169438
2.13546112057307
2.25918952688576
2.04080041320189
1.55057745086788
1.33506608283358
1.86882611216805
2.32121565793384
2.22123131461281
2.43752002034944
2.19775773120949
2.18294506745906
2.29691050056623
2.25775286924747
2.10420021126088
2.27851817041512
2.27479701289121
2.13465401306722
2.08832790023362
2.17490918824201
2.29873089618323
2.07616459478333
2.01001105438752
1.73861225770838
1.60458805538802
2.13912455185262
2.32570118110526
2.37781441652212
2.49430687149365
2.29701087127512
2.20487981540549
2.38173823209846
2.28353620365141
2.38337674416136
2.20338159295386
1.86079164502863
2.45262866503527
2.29153373006768
2.35159370790598
2.11688978241383
2.24371220618576
2.24682609206478
1.77075346591065
2.07305841400847
2.42179275526222
2.09263962680598
2.31592216853054
1.68002196361642
1.76706072397328
2.32980977921608
2.29271704572071
1.60526039585466
2.11016440754274
1.20573228570375
1.99667532037637
2.36649626304142
2.19082791606189
1.66715485680255
1.84142730531315
1.96985210451113
1.98461510182395
2.41250628949193
2.1406901413423
1.89917359015712
2.23504481988545
1.96510764729549
2.43267473658814
1.47174789752245
2.30730126707482
1.2575834587984
1.67728310546329
1.81237760494637
2.21999613158822
2.12357089834066
1.85570047260197
1.85592961938038
2.45591889585184
2.23380187283552
2.09117229220597
2.24711770421383
2.13358600893148
2.0813535841821
2.38609460792603
2.3892698867165
1.55307802428569
2.03686615595473
1.67158292670923
1.51661019020073
1.92433023753256
2.00254325492819
1.56852676581583
2.38263233189699
1.68007976159389
1.84018699677078
1.46004405694302
1.92179547000581
1.97964499507067
2.29712974186791
1.52613622464574
1.24310399810725
2.27257832372224
1.7341574764839
2.04000575009052
1.55119026283636
1.50235143069808
1.75258693917517
2.27203022552386
1.34090750651823
2.36773113806821
2.3649268342009
2.15634154981031
1.88295690572628
2.12058462041988
2.40463690394151
2.04143863544715
2.11079280532475
1.44744671539139
1.8149762074722
2.43336594439272
2.2845044175786
1.95749417455487
2.32106499768751
2.27081884668333
2.41051410039334
1.77007958303959
2.28355149907206
2.26450243955117
1.32720089585136
2.22448628657594
2.28241456702925
2.21749827729274
1.97117667061726
2.17241663417703
2.32381767776168
1.86375306298159
1.79894765211951
1.5302357811763
2.17811712728343
2.09277794470732
2.05945756942681
2.40216776961166
2.35381309654079
2.33839193822779
2.21001402805231
2.30059008006547
1.594732615928
1.66311573750789
2.44103354802919
1.92486231728976
2.22413128370393
2.43926704796593
1.3980226751893
1.53802273915418
2.25822908192109
2.09171830379095
2.25965580424123
2.02916322247281
2.04492320455184
2.29926751875222
2.11038241074061
2.19255223843063
2.07778462360747
2.24473634437419
1.71404289877876
1.29284452915972
2.36883675882371
2.35171636195995
2.06547370187692
1.62258122982644
1.72833911748049
2.23482297670457
2.16774174102185
1.88102860113233
2.1086456054622
2.32768003133149
1.85767196042654
2.09417289704828
1.43260757496083
1.93808465633459
1.91213558014157
2.44108674685947
1.79020127298304
2.22998889183964
2.03597969635976
2.10748153219243
1.96991544392162
2.03694046197989
1.81952810668125
1.73707565864239
1.46970451796103
2.14252348819966
2.32937817825724
2.03449671031721
2.23873267243752
2.32961913104495
2.2652814355854
1.56087553222258
2.24443846394355
1.60779611208525
2.33848113416049
2.10422878087645
1.43909453369713
1.16377295658118
1.09306020316991
2.11719688861724
2.06733666698222
2.14381177236186
2.20474695031471
2.25174197015901
2.4220211771285
2.34785948881142
2.17624229887426
2.37897848792709
2.37190484142718
2.48164234067259
1.94343283645261
1.76567265195733
2.48209516710031
2.40813591335306
1.55432873511797
1.61132076067728
2.28164536192912
2.42430213910532
2.28277219033062
2.44321568392197
2.25154913358467
1.92435008140954
2.46305381295086
2.46149273644402
2.0312940522508
2.29069451419662
2.20169283758506
2.10730624411659
2.30212817697251
2.209443177131
2.07146077343221
2.17457477985729
1.78834880630914
1.95003409891051
1.76485856796418
2.12479988304164
1.95372041048813
1.55133517696773
2.11996664985706
2.37735664088952
1.50448255318784
1.78288005605958
1.69845186504303
2.27760933223942
1.45884489131626
1.93320122982387
1.82457612091269
2.12184972471278
1.86826414935916
1.22015281477041
2.10133343027689
2.26905296611943
2.1675040515213
2.28459403897335
1.8261898747742
2.04403557732147
2.08426641424699
2.32065180162791
2.37151140976992
2.46289087140278
2.41170896759025
1.70462230812647
2.16820667792326
1.73591192483611
1.4488326251935
1.24427161604753
1.96783582137035
2.28503489235032
1.82823114407158
1.48630347375948
2.23168531595604
2.09624606667872
1.75994467353657
2.38053451576788
2.26190589777492
2.37383407160428
2.27754969930958
2.28273445306847
1.45671731816299
1.74978669535444
1.53221192841506
