7.64495102409274
8.24271780576229
7.34177184794867
6.2749371016625
5.72215447594326
8.24885364818885
8.05067482518203
8.78757267430973
5.64063850181424
6.20595450287457
6.0502092354956
7.15469345206847
6.71154817288947
7.75303290184578
8.45933938069133
7.63611575692113
5.78712590809848
5.97706672513777
5.60024859689016
7.42649754960719
7.93141901985732
6.75053657259275
8.17594629142904
8.24948883640918
5.7191255505383
6.51249231497121
7.29172226353973
7.0099555690967
7.3545262510739
6.8867126750967
8.44680112541355
6.68733473636309
6.17763408748033
6.37045346902397
7.19150614648301
6.07443130546237
6.92726512674439
7.00953754220774
7.0319196383523
6.57452421629472
6.60011335652844
8.51222357243145
5.76868888820967
7.74507215963541
8.35691688832524
6.17100406623107
6.4340245030049
8.5795908537703
6.85599403207122
5.55013735737456
6.83898171080032
7.89675023419589
6.52107476369742
5.79611752247047
6.8501961437012
5.75285028688043
6.89454309688308
7.66066585478591
6.58405066987908
6.3790389634049
7.15498714326268
7.37004949275471
6.89215482378737
7.26594314483424
8.40079905026949
6.62874963439099
8.17276001893558
6.04511704586578
6.65091576677432
8.4711155019625
6.83548688108569
7.58709022673219
6.38695170813035
8.05951459440873
6.47527352629561
5.5064579117596
8.76498976072362
8.01295421633804
6.44473675990433
8.17154469270376
6.26288357101499
6.72524925894145
8.34805352664193
6.17463404852793
8.44086944334427
7.0687014403153
7.46395594236352
5.91385732990061
8.26625618129731
8.29804005924484
5.74035221536485
7.02326959022409
7.55486465657435
6.79224872794527
6.16499636724002
6.86524340929193
6.54710232861408
8.33966939789298
8.19616968107387
8.55242029474094
7.11979632597727
8.1105975795177
7.11312780261362
7.20624065752833
7.7254992058349
6.41795561429057
6.46148963415999
5.85874944104969
7.16918750812213
5.78662166030379
7.69389230382982
8.26557337415033
8.11353843217545
7.17002837643004
6.99461425741595
7.52903989969877
7.8684718794459
6.02584894623314
8.40282022118374
6.96533612907047
6.64521108495984
5.83074544326639
8.52250853067269
6.71508954145719
7.14425246801519
8.5878563057312
7.84561550137401
6.41881028999991
8.61439547772542
7.49522501187365
6.57176659781504
6.68316447826896
8.73132915680327
8.04553073282634
7.31082948555824
7.63710206732867
6.53240126851209
7.04072152135874
7.53101409381292
5.72926191568519
5.8996856878603
6.05020248340825
7.05875457676736
7.16212594081917
5.99223674664896
7.93236219088507
7.82497171823577
8.4938409372236
8.74969776333343
6.54632038744745
6.11313426815895
5.84874383145797
8.43949228259824
5.78458960804456
6.36974338414578
8.79574574402094
5.64449971677507
8.01800934239101
6.72993027114934
8.46714693833239
8.44628884359192
8.7088910173875
5.619915462122
7.50280696377536
6.7582656006108
5.56150015490692
7.68616769195327
8.09458879846457
7.05047344401429
7.59105981536529
6.54509542028593
6.97074376401261
8.47982573687125
5.82663286024567
8.47524944571361
8.47198206816059
8.47642149823702
6.91560844205073
7.13141236669727
6.44123698193308
6.77489368310464
6.28113221031602
6.67243535480226
7.81323848164171
5.83500134954232
6.21765895354122
7.8435320189542
8.35440784667376
7.95739968024564
5.77809834827184
8.30202627218065
7.94840397816758
7.03193784190784
5.91159459788157
5.66685709435257
5.53220889618009
6.63115982747519
6.88239837523011
6.1057319079901
7.75741370059723
5.87049780163466
5.71795551556991
5.6202096264963
5.653922673756
8.48436623434911
5.73736552310083
6.60785084946878
8.46668456289189
6.71874417972995
6.61205145319546
8.36057161620754
5.79958274991961
7.65245851131931
6.5777858677703
6.9910721345181
5.62575301609978
7.60805186992745
6.20444136573372
7.86723955032916
7.41098879107338
6.38340541508336
7.15944320930164
6.58789648213759
6.87994228915247
7.38864688349658
8.37470100798945
7.43708616926497
8.07492610354405
7.48044583419794
8.26090418165951
8.52386675086871
5.90336026641449
6.68985927262763
6.09783811211067
5.75930279186775
6.60827747128003
8.61179906742975
8.28183658019544
7.17214662354124
8.79718749972621
6.40834629974597
6.54971967504401
7.75683799070017
7.65105319712745
5.73100158198638
6.04283199310594
8.01722404265768
6.1052700638032
8.69310703231524
7.07906254810265
8.08212305623662
8.05706751435418
5.62310754100845
6.54828664479428
7.50233299683119
8.15974975869064
7.60107879863377
6.31511907031978
7.24594692368645
7.70508309789762
5.79107025050694
8.51340748905198
5.68238221283716
7.01915180542279
6.22070778866584
7.5433089672902
6.48360935570066
8.23540729064751
8.21540664903386
7.48214747297906
5.92917605595927
6.42849406142922
6.39964210055544
7.00726162446555
7.44290076908226
6.09821194675158
5.72214066824054
5.84782026202726
6.4030447911664
7.22977760805842
7.73171997853908
7.32427612843136
6.82082979771905
6.73179704048643
5.54726002237915
8.48595581088753
6.33789111447618
6.74609065507566
7.64696555812077
6.74721666531776
6.04821480960089
6.07209895392295
6.35033741344294
8.25953712298301
7.34492649179173
8.32098009929281
8.30864049826158
8.27176779660648
5.79185214940401
6.89227950823979
8.43998277893878
6.68169196501935
7.29655169707727
6.2498617518442
6.8439367428889
8.55981740168211
6.98310085113049
8.63802369252573
8.79546673978574
6.61394504178784
7.33524907857655
8.53867394945286
6.57532857813889
7.4722493417296
7.44832886053349
6.42101079845903
6.97717961358607
7.16378080290549
8.42644736232793
5.97050289481524
5.53560352286346
7.51849239699683
7.14737223419069
7.19129639820138
5.73379707574277
5.98471073191585
7.5273978189311
8.07271432041499
7.64775069441425
8.58968489551537
5.59331118797099
5.9889071229131
6.93345180724789
7.99803187450084
5.82440562147818
6.18547056069431
7.78293122729645
6.88855111766467
7.74462592335381
6.65974901794019
6.58771672037023
6.26998524928924
8.5414383295962
7.50437220141259
5.71038127286868
5.98065463325556
6.24011512957865
7.09584314880429
6.46107541000479
7.21149746141011
7.76325230091363
7.04714989187601
5.99844792775787
7.93258764629361
8.4085161543236
8.06323316803621
5.75119860967364
5.7898373866688
8.22631730701959
7.49225148569982
5.76712301432156
7.38233841680093
7.28298904828368
7.73321511428256
5.50860981838131
6.84026099257148
7.57350599407271
6.00970896285937
6.26528057794876
6.96249905419193
6.73498163106703
6.82645242706563
6.02723198221275
8.27333482824483
7.54875375704518
6.50289541836717
7.94909298475432
6.35084317907394
6.22631301716532
5.752214617769
7.64966072942134
6.77781075056466
6.72459595194931
8.68732561217662
6.21766909464906
5.79267430020261
6.9769818430442
5.63318212973201
8.12756689796665
5.77222680287628
7.46243097705421
7.02047634476315
8.23890665194444
7.95706716290142
7.05081813244169
8.68478448190473
6.54086673714283
6.82937894356635
6.22187646733832
6.86274486606225
8.23614082430336
5.60994638931
6.53084476518963
6.60956584899121
7.0180108654582
6.45325144551199
8.57763615093516
6.06715937233335
5.87707991706064
6.87303936658352
8.62854389512875
8.47692244394289
7.31541287228563
8.03784709211172
5.58131815214021
7.0940252615169
6.09660596157511
7.7445958942104
7.08261290638264
7.59895937452751
8.22755054053379
8.64409466329476
5.50208315062193
6.06157790959648
6.35569371820774
7.05626908113723
7.64317211227638
7.00621321484157
5.54395161981843
8.05733470282743
8.29098644281739
6.56142021824524
5.63557686842942
6.73867752357328
6.38231987605077
7.00199483324091
7.71280855524821
6.66133282940877
5.87194899540911
6.15605768049229
7.65922968714998
6.81172899522319
7.55211532285473
6.59981814765879
8.57865004044349
6.12124232584663
6.7095971266075
7.99380032386432
5.64911345663094
7.20894719788285
7.01177671686584
8.18883761334502
8.49784821292679
7.07735942998922
8.13351491760393
6.67695259944125
6.91899345838093
6.17554842507643
7.24496335194889
7.6439624954779
8.46491894620888
6.29207119176858
6.5033599857395
7.28338550199242
6.28104895823536
6.13359085008686
5.58925950416953
7.64354740111901
8.69025313544999
5.55430325634549
6.26543899875425
8.60223822676319
5.70538177049614
7.73362361677663
6.86779607320567
6.95052613194556
6.90371271947049
6.45794908928224
6.4207756425963
7.44223932199154
7.85580859442936
8.31136704005667
8.07557321578257
5.79298532026809
6.62036180010988
7.47575288314028
7.18151684477796
6.82981760302938
6.14605674551541
6.90270658112459
6.92070479990148
8.35508768308785
6.53999644324517
7.13583843275715
8.00858862825253
5.7651294179416
7.82812223338975
5.91838210309452
8.22780875402844
8.56989070426938
6.02807774567587
6.25465313428107
8.73375836502828
6.43284243153987
7.35724383420688
6.64473919429153
7.88320292468974
7.56381306673204
6.72118731844511
6.65868891437305
6.08902959181498
6.70172254271747
5.58879126421662
5.81681248670414
8.30345546859621
5.70891189165415
7.06265687336617
6.70275252791325
8.65122127815802
6.08042037270095
7.43723144153268
8.63153306022643
7.50324897788223
6.63791509026578
7.13529580906142
7.35608126969876
6.15472365453827
5.83789253014639
7.22711239304505
7.29888462604858
7.32087645065564
7.73818649115514
6.38769966105719
6.26231969122911
7.30384221130804
7.8019592631642
5.66115319220903
6.50959058059062
8.36541447371056
7.22814380054274
7.75643577218014
5.53327169247201
8.51308410513862
5.55234962408549
5.58996210503381
6.35748522520046
7.77453470482699
7.4215503238691
6.40101601546622
7.89839127599929
5.93024680362265
7.15989966662602
6.39343133055752
7.35376584738586
5.76008694658895
7.75162683024598
6.07412704337027
8.3201043742196
7.18845731566773
8.65784057622
8.18508584391136
6.32089700417331
6.22872602370394
5.7771098389638
7.13790605096674
5.9085321350051
8.6098701804723
5.84678582264245
6.47736169445319
7.64861326473084
6.49817699857443
7.02829010132204
7.00818809741335
6.60679469555666
6.16739267866556
6.22222881476919
6.49960248897418
7.26084701333704
7.13128824110802
5.89234184053005
6.18116649214487
6.18957157447299
6.12584426588658
5.55093149689807
7.67256298871024
6.87908817526494
7.57835127262324
5.81637632477311
5.68669134126808
6.02965706823752
6.41016358486734
7.11012005715575
8.32757668991736
6.24544182015308
5.54654034319352
6.74178268880011
8.09732669840409
8.43092324532716
8.26927144694637
5.80702692138227
5.64205017444458
6.00509063993734
7.8986536413221
7.85499228638005
6.53035716805541
8.5794360581449
6.9266011092443
6.70255827747775
8.76924320219814
8.46558024379006
6.03589308632633
6.23323997675085
6.46108164263022
8.04503411382437
7.365930408169
6.56385596718209
5.9796401701388
7.07036608084669
5.56446898021657
5.67594600569673
7.52150491692726
8.20475028789192
8.13755781186245
5.81635743560153
6.49734286103088
7.48720560907349
5.89139160813534
7.97874434568578
7.58945914203081
7.37787410413732
5.66435965441264
5.91483999119639
7.36595091368428
7.50605729011072
5.83244127044041
6.42568131413373
8.53557354940402
8.77090186892761
6.34553668199788
6.69510972032698
7.38351911487939
5.98149849601442
8.50799551857487
6.54757041911524
7.88740852019301
7.35227834209831
6.78014511718969
7.69275154841622
6.47002091186135
5.8995852484022
6.9775308326241
6.99930971405182
7.82286640616556
8.08579161060369
7.88237830628995
5.75601191585451
6.02408769065274
8.0476448223289
6.44912934468754
7.91967278502583
8.63919072050532
8.43819360129243
6.86313514556104
7.16666244075401
6.2487005883612
6.14172142367641
8.07582652014798
6.64782991796787
6.92280427860274
6.71040081214986
5.8954573525619
8.7438351517666
7.08438755685105
6.1077127564434
7.85895298449657
6.93312983136946
6.00410103019485
5.64881858869389
5.9609742600093
6.65245460506286
6.93737641808396
8.6669580749271
7.32719697799957
6.39827705577457
8.68863977363424
8.144532441448
5.5161559080027
5.65285248527916
5.60318534507973
8.47396949671203
5.67577356142982
6.04861858735193
7.30710457374444
5.58225254227031
8.04550610212012
7.93376504917212
5.62568100698182
5.917133082994
7.95730599373297
8.68298945908269
7.21893349664088
8.66986892178525
8.74090466731128
6.22111624284778
5.68792632070594
6.93940015026752
7.39227980382847
6.49307467830626
8.0182312765161
8.51354909034486
5.81150932321155
6.25160369684871
6.55991861539648
6.17412081107166
5.75491334684052
6.21572014088759
8.39868606149595
8.76296292506063
8.59661397325978
7.97700528998522
6.82428830622419
8.4040424827002
7.69201380888805
8.48749750519827
8.1198754683452
6.72621153002975
6.73592952498206
7.35751341417102
6.44379472325445
8.25362686287763
7.27403720258518
8.17150293557471
7.26664150932217
7.23685639189106
5.87775120461735
8.23967201744961
6.52012657419983
7.1377976911854
8.32830077398374
7.48652211435034
6.35759940618165
7.75231548187406
5.86500829417329
6.64735999311966
6.03595039567215
7.94018508804408
7.22735636648232
6.93896618032131
6.9642023479862
8.14276887280938
7.85488514658556
5.88695334750747
6.07832401223997
8.46475630441069
6.45357809952228
8.3039988815214
7.81771956931188
8.59672331558754
5.85313307778794
6.6411896470422
7.87708567969322
6.06259373251777
6.77522246507965
7.35433995831731
8.22059278597757
5.53148724973306
6.18750291063984
5.81839674796323
6.07670814379573
8.5688617238052
6.25738321456431
6.33201749168594
6.41943232707207
7.21989673328686
6.08095216048741
7.24829988061948
7.97248567475261
7.06192217000867
8.499900178761
8.20151571191571
6.38916088737288
7.93195601574352
7.33809345184177
8.63999257591207
5.78467387373779
6.93677643775361
8.72417398356801
6.09491124968835
6.50952550605086
7.23698790448718
8.54503826422113
5.79645592781823
6.41903303230016
5.81639433266289
5.98671322944307
8.14975019378596
6.97084898896215
8.6208496476782
7.36415491451494
6.3390473182901
6.82576321112988
6.85238214304451
7.94313510644484
6.94613280669566
5.56433352166112
6.13572622347326
6.13190962149742
7.26542519651268
7.06766861213058
7.44198574427534
7.15257718547559
8.53518224543149
6.2368142890427
6.59449846357832
6.28427515814993
7.11675504342166
6.89773207584386
6.4926877249096
8.03009541109738
8.75309087318046
8.60161202955237
7.00055288652038
7.51229819688434
6.24975792748429
8.39357685182762
7.84280180097579
5.79054390539312
8.75149970787914
7.46571732538798
5.66933972441809
6.54213121054401
6.91932896735933
6.12012877954314
5.86034928288324
6.23185058478895
7.04021014554988
6.32009377920582
7.90868819140382
5.76443915049716
6.94751243701646
6.12032012924282
8.61747949412967
8.38012415960938
7.99866608955789
5.75617145179596
6.10690103232229
7.54760023492588
7.17907060423008
7.38342495830301
5.60736958402126
5.52149412753641
6.02018773508974
6.10878415157374
5.99767935461091
5.96116143661879
5.99056981390723
7.35711315199755
6.93144906277659
6.33150076764628
5.9785881455377
6.89449970738188
6.74116984971639
6.7219352261517
5.59344145302166
7.08213655396956
8.48061935999774
8.66689891412653
5.56332771381218
7.06022707848656
8.66429589329853
5.65892519464624
5.72730006450319
5.7011713471019
6.14559786772029
6.89800767958978
6.94430329076937
7.55150008749328
5.50010313266247
6.61711195965538
6.07110858361223
8.14832237107369
6.94575634948881
6.72346094797715
5.98236034772209
6.96578351036806
7.20245252315737
5.86784761616129
7.03835106308684
8.69217617878069
8.52100647758262
8.66671206442374
5.75311094069299
6.47094425327696
7.19500896171783
7.47642421505185
8.24934935478288
6.17659968374962
5.53135604398833
5.98842926920188
8.4824644217622
7.52047694944819
6.13551079826356
7.52719577672229
6.39639281387851
6.45227649408411
7.19892244328843
6.49517130474464
6.90349403725788
7.61880596795965
8.12259059868355
5.81752718398226
8.70821582122289
7.79067516419599
5.89370840251103
8.79704754053421
7.78457635266498
8.73796222071575
6.61983316281273
8.65590377319142
6.27587875728634
7.89650357887458
8.31566496094845
6.51932804420306
5.8522603933661
7.6554861351276
6.21218199262783
8.33985258866368
7.30018141390625
6.91513426530666
8.73920023612883
6.90026895521784
7.69309391092616
6.95529651246848
5.79218423634185
7.71909283620303
6.14607118264913
8.19636409297597
7.77393345965643
6.55415869964981
7.88848177967607
5.87610654473677
6.77786916180737
8.17188706884494
6.08331549836559
8.43127725535581
6.28226613364776
8.09319010125373
7.1293701452916
6.5899036809154
7.5134500974528
5.57301478606572
7.25335298407048
6.29808133173528
5.68961519848625
6.83329106454042
5.51938013188959
7.40149963234471
8.55523377887739
6.24592097051741
6.16741845491618
7.36328960005208
7.62741465918063
6.72588866807397
7.43210838848016
7.24864737985581
7.46209532021368
5.75034564323986
8.05348918619502
7.13477216873528
8.41556147806027
5.82615934787949
5.82641941307595
8.5043647341008
5.90495414408872
6.68060566727945
7.66296804243551
7.12175899211698
8.12410949957633
6.17632940935295
6.34927404709612
7.75748734858473
7.00585157560423
5.56123703881605
6.53036887625291
7.48369521188641
8.35982211046409
8.12303538293127
6.53259756720094
8.58040476357549
7.94016910563277
8.24925904826644
7.8391241513922
7.0457125376651
7.90409988174979
8.54688612694286
5.7351065214872
7.5846765891062
6.96210719614456
7.46633720772333
8.40459604110952
5.57750840419996
7.43402502408515
8.07088738099244
5.58643512838814
6.4653168063903
5.6567837478075
8.70944904727404
6.80206056290415
7.83597439402148
5.68748991923581
5.81456712503297
7.05016779521564
6.24289277426443
5.93605143743642
6.69116662704628
6.48209469100826
8.51733910581688
8.35299479555403
7.99583859220644
7.00135916188623
5.94632394133408
6.52464232137698
6.35108791471258
6.46657464340839
8.7054049406419
6.13411765467091
5.93057262859395
5.97025457470822
7.41685214427864
8.60700004929242
8.10429960284625
6.05174365250757
6.53121853145169
5.59756621975114
5.55304589707883
6.08423945245467
7.37659540980317
5.68643358237309
7.7748813559912
6.04273940337201
6.3610044287932
6.10867598292832
5.82966331725469
7.33736078669714
8.62390604071606
6.79465431175886
6.3177429925904
8.37114162703509
6.15907101344156
5.76733365087585
8.19327336935578
6.05625845621246
6.98389210222061
7.02657572354535
5.757299836007
5.54497276253595
7.25155478874103
7.99263789121599
8.58842682248602
6.10305522994357
5.5199617720794
5.93782282218232
7.23834495506386
8.67747515174781
6.45736076190571
7.08787855614793
6.93860435863631
7.74235735400393
6.94938264413636
5.88605404058181
6.63718673640555
6.29598957736472
5.56324686282395
6.51899805247136
8.5867075627133
7.18597288873571
7.66096970697694
6.09644902521224
7.13336318625462
7.25467528952908
7.4005056511527
7.70064727106367
6.31188989479239
5.60961311809531
7.33597587955648
8.24711329464543
5.69008951510879
6.12937904324489
8.047270026056
7.49239574072364
6.13635774115752
6.48128361373713
6.88145603472989
8.67757178412402
6.64267094440283
7.54826383073227
6.3072577159494
5.50851745808402
6.02278324873055
5.75509499747551
6.10355221251211
6.81135037091255
7.29447839481301
7.15525366121301
5.78997191301226
8.20863833921006
6.40857201270007
5.70453603155628
8.21232369420405
6.81539094580751
6.70488115542869
7.95439289717929
7.27613529073476
7.91060369388875
5.71940905071955
8.01919877154158
6.74879396020295
8.03895908141164
5.7711295820694
5.59553399492529
7.83314119912953
8.5569719483637
7.91184729521923
5.7759423312462
7.6174948544144
6.43191612764923
7.47485737407039
8.20390279765143
8.34664915135799
5.79575288688772
8.57962405726755
7.44892794603564
8.6200496197147
8.25844093744808
5.83589225050708
6.44568141681604
5.8752632435196
8.60625520706398
6.77932488290422
8.57139642958068
5.77677165145324
6.71502566004021
8.54562207191779
8.45252100866609
8.16283633998808
5.6722787220588
6.63475363657055
5.68248032046305
6.62894148786517
5.52852360921922
6.50995614625744
6.78917310467505
7.1269293148094
8.38183909709855
8.42673532433831
7.06091390468576
6.90739240349883
7.42710943026382
7.57781887547357
7.44606281804217
8.71564569776833
6.02451869723301
8.32323736917447
5.52977573251422
6.86142971320346
8.61305384782641
7.68928274990741
8.60427358273066
7.04142172428323
8.53182530756133
7.49865351630449
7.53866133687227
5.73403439368115
7.14201707995287
6.02777853892892
7.73123316786695
5.59073783532216
8.13395934850932
7.64647431334609
6.83381969234235
8.76199046628801
7.25914459999276
7.19911812194206
5.8766666871631
5.78226835248012
7.19531945055776
7.69475898829794
7.91943204756596
6.55604816305556
8.04007416558246
7.34634365210003
7.41971827407306
5.91878757934711
8.65726867501781
7.59235474585048
6.68799372691982
6.29074240193561
7.16517500893687
8.27827929184472
8.60294950152644
7.15536549308994
5.60627542081296
5.59922205685614
5.53339461584791
7.98553092584242
8.06692648622605
8.294312076697
8.20597429409762
6.60396131368047
6.94527393225274
7.92527047545419
8.00105065542497
6.56323186359507
5.91398317185032
7.52823434591509
6.40040778374059
6.98280634590242
8.10810882698566
8.19149607531154
6.45159885024457
5.69745602129126
7.11990152548861
6.94402269000936
8.43650232432017
6.22287928194306
6.58415917752029
8.02183540770704
6.21673266245113
8.70052566264841
6.16170195009138
6.59574120697546
7.03690261046358
7.82799146518515
6.20953985854665
8.33901654690527
6.24842517362181
5.83364026213951
7.67839927730326
7.60982664199365
6.341470491036
7.57021139487537
6.36081489473783
8.56785589717419
5.57369680093336
8.59033390042667
8.492832845281
6.90443437853766
7.75300751196106
5.88814621204272
6.75518200607938
8.50314592179791
5.90111681151968
7.97457641590138
7.17604651070063
6.29028731222482
6.54837015821593
6.50151136764917
7.06240410156969
6.96109658382109
5.79589179332306
8.19133000024265
6.7329882749352
7.82967483914253
7.1821799526741
5.96073531103287
6.09113854300966
8.48761235112171
6.28353090627317
7.14469877996721
7.66128728141528
6.47444546831572
6.25765013097608
6.12547230804325
6.51951575781821
7.91662894919582
8.59291104567536
7.87419638871072
6.85927951510062
5.85769689411151
7.02741474507805
6.87762009567672
7.38063451277009
5.73643914282625
6.37107580337203
8.26654618530277
8.10607373227148
7.1474863316199
7.48128041511419
6.52310797125398
5.84515579934786
7.35828317543247
7.17286058480539
6.27907174768833
7.17152952199936
6.20821008573212
8.7177295189103
5.95853568733812
5.76521018428442
5.58442255919907
6.41253414816496
5.89587283535664
7.1667378472631
8.79591967095692
6.47948401544036
8.78410307465524
5.62880873102311
6.95026382453783
7.18191407225098
7.12849430112812
5.99907735919218
6.72049113390948
7.90039771038748
6.08894538122011
7.31572416750261
7.49583022818886
7.6128842755165
6.79645960648693
8.49153549352885
5.62021794872131
7.31525753315896
6.53691901135227
8.37654149572803
7.00056697024834
6.47058059194532
8.00633246137707
8.67082150830714
7.18143008921192
8.28771578095812
7.36137927282971
7.7356092120622
7.59254163388537
6.02589986131335
6.23549991094191
5.83324104582032
7.00790644191757
8.09323700001925
5.92662860464907
7.08131508387348
6.82275527706346
7.17200510770951
5.53125310867887
7.37287579610121
5.8778323688922
5.78848292188533
6.16241026311148
6.73090645417021
7.8892498359252
5.62954220650798
7.98409787270212
5.78418946993484
6.6247473995791
5.66718061843565
7.66920718983489
5.74200446813072
6.25373033038438
7.56231216519277
6.91465349011369
8.41638463436829
7.51335143088932
5.67482589596731
7.40983559936902
6.29531385144214
5.63347560303089
7.87524387494092
6.99373918574644
7.46842529771997
5.92009595059073
7.8094422555866
7.57827344825113
5.5636124702459
7.74909099032332
7.21878496717753
8.29644507771925
8.09406880385175
7.59889105155695
8.07043380103196
8.4281664360805
7.48449666792293
8.46158173965421
6.60073577662199
6.836806730539
6.23752368637715
7.47339194237745
6.65628707785165
8.24209606293312
6.43572218237877
7.90285030296921
8.59658855613572
7.10685774772329
8.4921074130076
8.70733891169147
6.16280492083011
8.29643107288352
6.62337004086476
5.56520007713034
7.25052628166481
6.20297230177372
8.32062841362648
6.4377335529555
8.11465812050299
8.35567530734173
6.77741212159021
8.50821304784398
6.77589178238442
8.54983870855896
7.29548960890818
7.39435737296562
5.54874650128815
6.48917221280546
6.76602594569283
6.68265299881462
5.71589183282336
6.44222168223627
8.33396212628506
6.91183264922704
8.16190827594507
6.02930315830071
6.25954001647053
7.25178434132535
8.25201392484749
6.30330456550401
8.43754576199852
8.52514444852076
5.6867049799623
6.80834403197839
7.81444800848628
6.51989648886678
7.44623712505716
6.84879307006191
5.83828244974735
8.20306898958586
8.03789197971966
5.74435605150923
8.60680840637761
5.51770114310764
6.04738939792441
6.49744871808575
8.28788826413836
6.41906732781776
7.1813421228833
8.02777320556294
7.69915547408425
5.80996610440861
6.60641711181199
8.04359442886437
8.05035455924292
7.23875278476596
6.77180970258767
5.68103285623652
8.06581552741051
6.6811388111822
8.69661146922339
8.43455001690504
6.46454762535085
8.62692741443049
7.23102391724171
8.05420303692547
8.70634557892164
5.94452395950018
7.51676280977367
7.306302620384
6.52563173919764
6.24573622040849
5.6383719555248
7.95151009357915
8.44228813861781
8.64246809021304
7.10642707328299
7.2342232755272
7.03878620764343
6.60730504396269
6.55355806787402
8.33635928575842
6.15380109816394
8.5574574253388
6.38976639046483
8.26598952853747
5.55556449482299
7.03216954313528
5.64034915932415
7.85770139461997
8.09367243985594
6.23476414781067
5.81234930658289
6.08471055723519
7.14815562227931
7.52228666154283
6.48542906684653
8.24953478851177
8.19944207993587
7.58465331471148
8.7761707452389
5.76266123929511
6.76977913885922
5.82190921356794
7.27248651604377
6.47763489636037
7.25171883379393
7.76585334974512
7.2338138682387
5.7101417642641
6.75283891411961
8.42446867043108
6.51926964572261
7.53094488259431
6.47338611507015
7.78550282700161
7.26117208759182
7.7357489316196
5.61324293514224
7.17458267814947
5.54445706657458
6.79879317407137
7.05162075544852
5.75570900560361
7.31081787346254
6.01658001811155
5.85427237473348
6.37194366277567
7.63548803323618
8.04688388164306
6.27649850690257
7.67733496675613
5.60251323016532
5.98659588983456
6.11000257706948
7.59154696123947
6.00775797767687
8.78769675193029
6.974039971941
5.57778685356042
8.305879627771
8.22086116263574
7.95224914176681
8.71310658501522
6.71622619204366
7.80927453698395
5.66809880938068
7.39440417431547
5.71259336654666
8.37290384533614
7.25055122015177
6.02422304913062
6.81081435000497
5.51363381365366
7.23731953030837
7.46514397904368
5.7963926844203
6.52130276675753
8.10124343890442
8.33308738908347
6.25986260986021
7.05790683188823
7.52363715757309
7.54095665133156
7.3591554568797
6.20008361678955
6.90642678475383
8.03007204095567
7.14920892579527
6.19237080686901
8.55617034309916
6.07768827001239
7.85330683449089
6.48077525620871
5.82762082479767
7.78171453979522
6.90957185206592
6.26121216001161
7.34308762472498
8.74834780718476
8.46948571975591
7.42306727592142
8.75882385873378
7.28295429129306
6.43629772953282
6.07041806823253
5.82750524941416
8.48787019588184
5.93809962172248
7.36480526401835
7.10106497055612
6.84838362606188
6.54567997448137
6.4720387594909
8.29304505231457
5.93309048257146
7.17111734884039
7.45553086767037
6.29288929295346
5.62713458678013
8.72055951789973
6.07030575722919
7.09080132713243
6.70162803278137
8.49797091597928
6.99289644795419
7.6063030198219
8.45648787998165
6.90220956672136
7.926030346974
6.1155899417386
7.09872746484921
8.07425006933404
7.52926221327691
7.50186101194991
6.91831374577576
6.29485442512539
7.33199431339652
7.5172165449568
7.63331807384545
7.38181287064588
8.09017635838997
7.34387076359011
7.84999742658412
6.05145587483893
6.2841321073191
7.81755021109701
8.71659311063855
8.682949200911
7.03659541332915
7.34090903442455
8.72188576253277
6.88528683295585
6.43617970864504
5.87896630342209
6.66265940260598
8.2248503964286
6.92071008825442
6.37344130688015
7.68755391503247
7.72829788065158
6.47000706240664
8.70212756100016
6.65546566678029
7.76245428821375
6.09038199081242
6.67020467670911
7.50414894656567
7.11419304110322
6.58134941497173
7.34665022371554
7.11123415615182
5.70770078603747
6.89320596690758
7.44300395133069
8.71695288883316
6.85951008599568
8.66059566006925
7.47951929213585
5.60723525273304
5.75200010842635
7.45849799876407
6.93234717293917
7.24049420645196
8.34536156712992
5.7798781850119
6.90503531449708
7.12042766748831
6.90003076338908
5.66171415127682
7.95814313623553
7.62172503582011
7.06812433227184
8.30113900596969
6.2732013396298
5.66720246360141
7.28316670741859
7.2311938200451
6.41921331820484
6.64850459062884
7.87782144937643
7.91734326958091
7.62177922799193
7.20584548806273
7.01306248291459
8.75357447402997
7.75077440126661
6.19408379234495
8.30302512657861
6.57017435457867
6.41612169112528
8.78321468445948
7.88462034064569
6.49974683209667
7.69261703553656
7.69433241181907
7.1523502459214
8.72777987387668
6.14446463599711
6.4466809521942
8.68738719293903
6.7303402278312
5.53862007493632
8.09254922908758
6.47800245851648
8.66776132156321
8.66958846787786
8.52979332111217
7.42217872411916
7.29656491072153
7.65483622409069
7.83555784245583
5.6262275142258
6.12721515766799
6.63322780343982
6.9351924277217
7.43470661490049
6.02718869492941
8.41770136322607
6.05847305041429
7.09628558961954
7.85048208458876
8.20463229939914
7.2974891954873
6.30262095859194
8.22720596194717
5.67724818594979
5.61490339217965
6.17165553789394
7.51537195873712
6.26118255150771
8.4375500146478
5.57837349930976
6.31681791527481
6.62166184192465
7.67615273879632
8.70976775327732
6.24008743855911
7.51026652965386
5.86405347263424
6.04068877730739
7.51967527025759
5.75665838235547
5.53256604137499
7.36855576687177
7.56357137854469
5.8627860809474
5.9598420177779
8.26734224131498
7.34802476020819
6.03137449037184
8.27357952574378
5.96762498295447
8.08529025692211
6.24303401119082
6.42756711954259
6.50579464107172
5.5751007694946
8.6101159747221
5.72507052254342
8.67466369055986
6.87566718907296
6.75273875971201
6.96259512115327
5.657087222087
5.77342006643443
5.5545071651671
8.09421344399022
5.73708832228959
6.91990984205051
6.83063878104794
6.00049585775583
5.94576394496612
7.75632359352443
6.44160739160053
5.89142729729952
6.97606509421048
7.4355131403506
7.40624378768236
7.70478827128493
6.76507286807733
6.00955041957831
7.57369348427653
6.16032739900223
8.42695440590351
7.99623799670671
8.68580068062512
8.67315251493161
6.76191618421384
7.32784580581346
8.4896532413779
8.4872826143817
7.56917243775501
7.03043652154712
5.79427931667499
6.98591689227032
7.94508123622602
7.43147215197976
7.69411726268986
8.10141880729735
6.06247460229317
5.60132314294308
7.60254932902125
5.99032497143569
7.46350756363006
6.40465801938166
5.7635837072111
7.22063110071658
6.21532219726911
8.25380894355433
7.61404938426242
5.69464137543872
6.35963842834564
7.69052783437705
6.10581748838772
6.04968979798221
5.83216641023645
6.41289345714221
6.687696776216
6.01180253207471
6.17166859817383
5.95205221522488
5.77044009600672
8.42243216142764
6.13854069362582
6.2897218466255
6.37356350532642
7.20324727319107
5.56403560325984
5.63040771499112
6.79701921569501
7.11840466002468
8.55083143768103
5.51899113130848
6.29873267230628
6.46426526152894
5.87126556612072
7.00519540288975
8.42265050983487
6.6877663290214
7.06496968664794
7.46212678780811
8.71165490570655
7.13348298128127
7.66748795047559
8.5570825614888
5.72328822015039
7.02446450502704
5.68594208060452
5.93679057023746
6.28276459749176
6.44668570351427
8.59723338541139
6.00978648015735
6.39905561081946
6.21594919969163
6.55933353592307
8.28244329849069
7.91789155607925
7.3802163885907
7.29115169894535
6.93286246179389
8.59149489920874
5.73164551783408
5.96471180991026
8.38935672951786
7.91591469536962
6.88288115361167
6.47146229170657
7.89939132159191
7.66168301471616
7.52231070267892
8.77026543827423
8.32806368527117
6.00633305219317
7.97390367194627
8.17533337962144
8.7205423305404
8.46138291926781
6.02947151767584
5.69169659865598
7.13401044489257
5.57910627421629
5.80260754090091
5.90220477245098
8.33017172510053
7.28352325443123
6.86867450545419
6.16276341598471
8.69681244054748
7.4046808293786
7.42083193772164
7.32783342201614
5.65204351470851
5.73654047902548
7.89110286196487
8.77560029093376
5.85142203395394
6.57888174520293
7.4782589833197
7.40580055724259
5.76009540863367
7.74362134818671
6.43873079153312
8.60625500897048
7.09159161182029
7.64385725630636
5.82365859035089
6.13007526642258
5.5819872842819
8.00564179315031
5.56896615566145
6.57277107496459
7.16181644192046
5.93709567092722
5.63608246432888
6.11669696863148
6.10362930394566
8.00365743265861
5.57753450648427
7.12263925809794
7.59744727722027
5.90485734730881
7.54328482514333
7.62275958192974
5.60613563817609
5.58769214354758
8.79740755057415
6.77950242745796
7.89356710757715
6.59056108227809
7.86104056516973
8.68622810108631
6.39130153659374
8.4518093548274
5.67656199793438
6.01708843143488
7.55378604575882
6.47183142103969
6.60923740498386
8.44269286921753
6.76118536900716
7.25854671179818
7.07319395069127
6.90706777073351
8.02151083434759
8.37346471134113
6.15345482096419
6.34749769392345
6.68458255022789
7.72318913947184
8.12119234112436
6.88047416966216
7.0224680761786
5.9353191196968
8.44388594328125
6.97249428840589
6.69244743281334
7.09946616706113
8.52348671662395
5.95498468354454
8.20416449578558
6.55377393053783
6.32108250024717
6.66607163936898
6.2006144179966
7.80191429935393
7.33018984306473
8.15812014716083
7.11391962043611
7.10369006960268
5.7313988356227
5.70267868502931
6.79977301020436
7.86187763790069
7.98729076115147
5.75680408524339
6.64333569180368
7.55386196139839
5.76959469947877
7.8805436253026
6.71634183351211
7.30954624503954
7.52597981063332
6.52983002264572
6.0738396206408
6.10524337388569
5.88410479933234
5.57230627436756
8.49973436029275
8.21713574579296
7.57751630323488
6.294016270284
5.60692345586551
6.2747313029544
6.45662020263388
7.61938233441498
8.37327310589345
6.01642859195464
6.77042198353664
7.83492449008717
6.60570908255859
6.14349950112851
6.12901312579906
5.71466437239742
7.41692057460074
5.543155716053
6.7359072213943
8.01054833660139
6.56295573080346
6.4772630558001
6.63541048269585
6.08992805707493
8.79700102941784
8.67412362967127
8.44954495251854
6.42793743411977
6.01950661691537
6.73614511760242
7.11438183254818
7.71224022696039
6.99650237176543
6.1350823128282
8.73748527737742
6.44953444945718
5.55898571724316
7.52971780024008
6.01351489633025
6.1812095464329
8.25366377317629
7.54277889298295
7.21734251195138
7.4856914468322
6.69015127250054
8.13184309940192
7.84039075905802
6.3558586415935
7.91402526695998
7.59255635527906
7.25319862350261
7.55363058248295
5.70400362017036
6.88746401779711
6.23685924171749
7.26934366664648
6.34581539197878
7.47638865437837
8.61661980891302
7.21899717496766
8.31974005084127
7.34355201546998
7.74905884374264
7.6086652456879
8.79868691918242
7.7090945721366
7.77333107468391
6.51955090633962
5.64875304026546
8.48052233110909
7.46579586744438
6.95829668588595
5.82179116586122
6.02908327418502
8.32541506566691
7.38915640669178
6.96037422618506
6.05315256959821
7.44691961437467
7.16045022647905
5.93638748119321
8.14438856339812
6.72955752042635
8.62605128203668
6.20635946718362
8.49815953435988
7.36874441522181
6.62085913846879
7.95236646760839
6.4003898265191
8.67385405212389
6.65457842341247
6.14065830251661
7.31578074161454
7.31442280662173
5.95915905897475
5.66923897842886
7.32238622300886
7.02624918242719
5.72048165716786
7.87422265662087
7.48261229699545
5.79616169709119
6.12220429846566
8.15145086658651
6.98947329523029
7.85831893689487
6.06953248199741
6.5770038891141
8.59016263231414
5.95546442764779
6.04045798487994
7.51264008785869
6.91103680346591
8.03277912442375
6.91005203976416
7.53430672118286
7.25295581994036
6.53851180259352
8.50435226070042
8.12739892101359
8.68183143143062
8.27682864339158
7.03777638328464
8.78213683338336
7.57886472379128
7.27499126973103
6.8013189641594
7.31278523007381
5.76028908550186
6.03380053829944
5.99408575189813
6.47662603595066
6.4653902354744
8.01300290913116
8.65611990529261
8.36466130922076
8.16423357752466
5.63574399153256
5.55362361372288
7.42954860860779
5.75832375090969
6.56489843072844
8.19561114774971
5.91209684921769
7.40250065377648
6.62156683830311
7.63423258044738
7.13972641424233
8.56276373314236
8.50601020840272
7.47371432396251
5.89002877604697
7.07373201066408
5.59316822072263
6.14487225806351
5.65953750470793
7.3606037793569
7.073208923149
8.70655206222024
5.90806808334787
6.00560880976885
6.10182455224659
8.44397803388149
7.26750009401887
6.02904454599061
7.75189350661429
6.02916437528564
8.16637151854829
7.52128562200204
5.60898301169008
6.20512030887943
5.58247564458071
7.56212895256186
5.70157769524592
8.41825515390411
8.42404392826556
6.41649311651598
6.56594876485478
8.23117757271849
7.74488727216143
6.28793782937735
7.67554299856606
5.63130089292282
7.94968058428539
8.23939761340775
6.00988625622655
7.86185928637765
6.09128792473811
8.75114347085935
8.4638327155316
6.93576626627378
8.49847187222458
6.66936550298219
7.45107061384612
7.42467379160958
8.16310995795257
6.14598980928652
7.43040076290094
5.92409369847185
7.82046093660163
7.88922426643734
6.91334360882897
6.40910884557755
5.67814069960954
7.45186752838758
7.43096179950839
6.23618597711972
6.67668189636279
6.29919740307766
7.15621552626273
6.85806909935539
6.53176175597315
8.1751135434962
8.60132747785149
6.778869934371
6.40998564230024
7.37660035861327
8.49838790120852
5.79197831599408
7.83804613404633
7.74948605561855
6.38454368190982
5.8176005553266
8.71883041982209
5.67300368647933
7.27770327002769
6.99372758162861
6.28565975389732
8.18245810430041
6.10666109108553
6.27046098138234
5.68816762524141
6.79605676301674
6.62109123476781
5.88358827165993
6.63709121181064
8.14504222267245
5.57085284759294
6.27588770695768
7.27904983272304
8.40407082675226
8.48561380654906
8.69400687436317
8.22092044570693
6.25079422476191
5.96150111185618
7.95533210779767
5.63716262677174
7.31354549125277
8.02794094102183
8.67758939542557
7.01085289855314
6.15155211467326
6.8468506384393
8.13440239527652
6.04098947586783
5.67741310346678
5.8349456714496
5.64008576305384
5.79447362146381
7.32170823096812
6.79751945713379
8.1206807340261
6.21901253022784
7.36488143058862
8.27497498681233
7.83643295310075
7.35033603144868
5.84856150119873
5.53399648729719
7.50408431914667
7.62422920688203
7.54620619509057
8.23765718627966
6.29276244224952
8.4063804920971
7.15626626531713
6.42695775113759
6.69704322506068
8.31595219397165
7.50626949422778
5.94342669176431
7.52619657955117
6.26414134560492
7.02196357303953
6.50913027316924
5.81843329115604
7.51015685267936
6.86060400683596
6.49830004743269
6.5101623819406
6.86200293605053
7.34516020067649
5.83866010935313
6.27326566576068
6.07267871078481
6.71290543995781
5.7197377653118
6.94007818038568
6.20610699038924
6.17657549296361
6.6146464659371
6.28831723696607
8.68925592939873
5.54756573711075
7.24379981864169
8.02223983510591
7.03294144659798
6.07008298013729
8.01494722336332
7.1857896101065
6.7914878181312
5.82777282229871
5.66129907674398
5.91035579691127
7.59718224937768
5.79616514966875
7.37941581944204
7.82845417572495
6.60283187965083
5.51620167277972
8.43581773266691
6.94674500186288
6.78294861771967
5.73629171477442
7.72415371798763
6.43758880533487
6.45231512332263
5.64111679145248
7.56350177793579
6.9794065084628
6.15646630241007
6.09915620616722
7.29141106821577
8.765993672959
7.04536887189701
7.65365527456193
7.91215907791415
7.11111210671429
6.30317658914962
6.36388303569047
8.35760327152283
5.72742256908208
5.72849701036756
5.58752335520678
8.52974892935923
6.08393904748767
6.45651022441931
5.5762007907491
8.67397927594421
5.82135633040247
8.26885493971144
8.58992575592826
8.71164874312199
6.52265190222022
6.692007143803
7.01777081973474
7.9804800234834
5.5056032143966
7.19108037570975
8.71199587199173
8.24385184030241
8.7180889020992
5.69987920579146
7.39937370273698
5.89773788166355
5.85817358290247
6.53979068302215
5.8514833623951
7.5235867845363
6.19442193331583
8.03475473460017
7.5407227345802
8.31285199894354
8.77916068021744
7.05400804252612
8.78058595355423
7.03790055024815
8.6233023158361
5.54018711958889
5.95051596879574
5.73345421688984
6.85031110366196
5.81480854584387
7.79502850711716
6.66596277622063
7.81757921124563
7.93505447883353
8.79251710574758
6.17723200477178
7.50369210848252
5.91960513302568
6.03165546459742
5.64202811723575
8.73162027147717
7.38640580337858
6.20662349400848
8.74536646610499
7.21956928183968
7.62300416695125
8.71519296553933
6.6090853914152
8.17320068066784
5.64271373665212
5.60589677253461
8.19803156506343
6.54444172677585
6.46558495436192
8.64291973499405
6.20869853628639
8.63417087110076
8.38792491893344
8.50119541767781
6.9932261882737
7.91380067663436
6.20281409874699
7.79930112466426
8.53842685176059
6.98617607298832
8.39928955683484
7.29264362404638
8.62517685789269
7.10652538928055
6.50545682817142
7.81765090944604
7.1973092258853
8.57342706561407
8.53216591907837
7.38891792418759
6.89105966302973
7.54320787894908
6.88582198959029
7.74560455103159
6.42950385242497
6.91779241537695
6.37028803312642
7.78102457045795
8.25461796567815
8.30081931234263
6.06002108827378
8.22274498088849
6.58161705602195
6.6832659980196
7.64508324747423
8.51124428162458
6.54577815007038
8.42949488583519
5.96826496922023
5.89116619872584
7.89343628454316
8.00856800006723
6.07065324040666
6.54741601720568
6.64974013053377
6.08222298871118
6.4402096251887
6.77305889072629
7.1176589553401
5.6864102692945
8.50416272355852
8.72033212604686
5.65294221595558
8.47096422276377
7.02792886935644
5.73586230825281
5.79574731753019
6.18799400778429
8.49184779028101
7.62491098431924
8.78094339387154
5.92730307117304
6.28549095179101
6.56783991870663
7.97023847915538
6.48278006972746
6.5806304714774
6.42191999459253
5.82423657976112
5.95690868431446
5.95404419742413
8.44926944989816
5.53096223848562
7.17230090416389
8.45995702588146
7.44172659856877
6.02408252874014
8.7116116412107
6.44147213089218
7.70606624548439
8.02454896486208
7.55380261668306
7.79399151908523
8.76444365960591
8.33020198896132
6.67253883689634
6.50005050140922
7.44830442922395
8.06388727115618
6.91518728708655
6.53551213553935
7.46648505697437
6.30445174980635
6.04232915529893
8.53599941358353
5.94918003525296
8.10000195681973
6.55453622195246
5.61700449424657
8.65431156074105
7.33106092331491
7.70799922120608
5.66292561060525
6.18947886521293
8.70921991117382
6.86282762925754
6.30578757926439
7.55022880695188
5.89224291484476
5.81608399969004
7.90356824604745
6.55577885285865
8.06469386921968
5.71491859766609
7.52568489225742
6.00263874061989
6.85195168823461
5.67452857576277
7.71087395286417
8.35836040369991
8.49695926940679
7.40095132624459
8.49925267128024
6.24295174349124
8.25161315762377
7.80874579880135
7.20524278067069
6.76384070793612
7.63605259174275
6.21969854422466
5.87067599288384
6.41026671438797
6.83351237082864
6.35918218915634
6.59020998144137
8.10023599312835
7.39009999032453
6.99955235158465
8.62668734666247
8.48169880546741
8.1725722864994
6.76757061824469
5.76443733668357
6.1891609175063
6.24407393708913
7.41719840980578
6.06433125627273
8.57505811983025
8.1180758540656
6.18970163813328
5.66945758618379
6.01731254558756
7.47760851239522
7.09631281436358
7.91299881799853
8.58883586883763
7.5575108651591
6.13610396375176
8.34512174059191
6.2537152103739
6.20684621748786
5.55719770321327
6.08098872953103
7.3726449115243
6.6317153012145
7.46705674464041
6.76809307210324
6.60763512708605
8.57738865325825
6.01017587073731
6.8383073738319
6.47091816150301
7.1447921333959
5.75856487197966
7.2208714479014
7.65882352876959
6.35384275191867
6.59068197820599
7.77715460857561
6.78707426742888
8.34872317375339
5.59008229208735
5.9892194204339
8.78091415946393
8.14332307349181
8.1709210510513
6.71146727691395
7.10462543332718
6.16196524778297
7.54955172488009
7.90919923860874
6.5922742819643
5.55239437370551
7.63410504721254
5.93782872701365
7.41509590914756
6.46675119767645
5.89850203307174
5.77015828935102
7.0566967680374
6.91871731351278
6.37386468366461
6.41348529537833
8.0496761153553
5.81202367549401
7.28635013199789
6.43117797727333
6.6270323155967
8.21868944952675
5.62456216510153
7.21074035068111
7.34279883808931
8.66764949206552
5.71410680651941
6.75562511289672
6.265822209781
7.82439514952845
8.74822110585021
7.26434005717666
5.58404795314569
6.93178839263995
6.21103783686543
6.30532920618073
6.83802483646781
5.96570901432677
7.48008122386917
6.54890597112215
7.8973667040788
6.68883810368903
7.78108684761214
8.49852322778187
6.30681743427504
5.67730118309985
7.75721684603655
8.7345579189984
6.84329151785437
6.50900373082022
7.21921595846781
6.93801030036161
8.51674996746864
6.27146414402409
5.54417116380543
7.80015846492126
6.44371190677405
6.55835131075588
7.7055862871194
8.23804537156925
6.62772428133446
6.13046408682664
6.27443540777376
7.44784264647587
6.2870234529032
5.81544240757506
6.11756729808032
6.17244511921842
6.28366993604642
7.89852833518806
6.18064262255416
8.13614296407487
7.19774659507227
7.5098537973618
5.82324111296657
5.76948066317838
6.48144756288472
8.71873944427347
8.72867834761986
8.30730496059789
6.69165424133043
7.10677473645194
7.64416268131845
6.62910520131134
7.69791024625597
7.92215261019766
6.70392920222604
6.6326429983108
8.13507319099235
7.54008017187311
8.42850606206482
6.58873119243654
6.29942021799754
6.71289872978497
5.53464603990401
6.01872829404542
7.6917973946465
6.91520323555636
5.64340872345751
7.14126232440337
7.50690158094443
7.35103958748135
6.00423470630193
7.32862364312465
6.40647167851757
8.65701632111661
8.32235448434123
7.91919513298512
5.71679719563687
5.82886871594904
6.46825991120022
5.69265923353697
6.84392340718055
6.69477101048611
5.77589857051909
7.97690048355593
6.20909021506656
8.50784004118362
6.52451677126011
5.58435520842544
6.65645712077281
6.59045950634415
5.70782530484722
7.91255531296256
5.92671676043147
7.06167941566559
7.77019606433498
7.34958507249563
5.83554035760323
5.90769975803356
6.86736071280143
6.11575331010836
6.64337403961437
7.13123754877397
5.8943801949783
6.91875735950725
6.21350853267004
6.71517052817977
8.73899446676344
7.62315410592813
6.14854811568608
8.23919225731059
8.13269076115726
8.10410801928398
8.65050396757717
5.81909987936218
7.9062634985647
6.1126964039394
8.70254622393943
6.43219054228804
8.11568996150474
6.02573329515106
5.70301971159411
6.95736351699243
7.84785114659575
5.77282199918571
5.83319132255739
8.76930824057598
6.65923654828903
5.61387519816513
8.70601094647346
5.77089998585935
7.56981815093419
8.68750731995708
5.53030039522719
6.0727040253369
6.84226927079552
8.41878992757438
7.69977015434913
7.99277086520681
6.31104502582765
8.55973825530389
7.70270770917508
8.25114022466761
6.79885698703057
7.3837586880345
5.87657961203847
7.36491658525565
5.59751166420236
8.14554950063931
6.14444901228243
8.40571711517367
7.63102056377765
7.87014703609835
6.57839162933786
6.40320678978987
6.83646425415727
7.83432752039815
5.71857288115947
7.22651780798135
7.80809719311108
7.01623646470634
8.51097195731776
8.02126236961006
8.22888015201742
5.76700400109663
6.94107682543803
8.31759826383796
6.5107279447679
7.00704181679971
5.71093366430137
5.58534316152493
7.62227325264486
6.77421533709901
7.25505117170352
7.48473660436662
6.20522101590651
6.31519337130389
7.36586740334981
5.96732478279436
7.65911086837098
6.40933452837241
6.10472203907128
5.89120073109538
8.19291222183636
7.36289289493514
5.73883720915333
6.44347162172124
6.55614380993313
6.68324812478218
7.75219661890499
5.92317417086925
6.00833915228596
8.59635624480411
8.52790893149601
7.12850830883384
6.41024492803511
7.60262347434057
8.17151564465207
5.79373567839567
8.43692689720016
5.88151790109915
8.69856039835186
7.10328905799265
8.55199809224354
6.19246953394369
7.68505024747686
5.92358083790957
8.56049009921999
7.1022641914066
5.88013852082913
6.24420058039031
8.48198048884583
6.36044783722849
6.65576152617227
7.8059201484706
7.07659005768475
7.37446570076772
6.73867261076756
6.3599518934524
7.06557271363647
6.33083112035345
6.89241028009756
7.38624458632467
6.70254647872072
6.01274267042579
7.27883481463244
5.55680883462077
8.29743258351672
7.54488196953796
6.28705341166208
5.62398618871465
6.4060181838003
6.12473572353748
5.95075150416661
8.01927323107237
6.5257892029624
7.92135848141993
7.27494091482527
8.59377972892002
7.36971424351288
8.78397882899497
7.04552333063245
8.36754293661913
8.49899151189914
7.83958918275031
6.92905929939725
7.51208118963168
7.7561257403592
6.79293193951958
7.61616452335788
5.5783357050396
5.94939571332951
5.80913022020635
6.80318673099443
6.56682791301928
6.997775395519
7.20039944554417
8.58215193504955
7.35520208038463
6.11577290098731
6.66162425430128
5.60784873010567
6.21345465831041
8.02384890597566
7.00376531068785
7.04204633583562
7.43548759944391
6.10001037316541
6.56609901245255
5.89025961872012
7.87349609769565
6.91835392366183
8.48272758682153
5.60348158124052
6.4805746256634
6.67642249266537
7.22439876441577
6.73128848786956
5.66190422820758
8.7531166541388
7.55084800597039
7.11999155824343
5.88663391850296
7.5252425592173
6.40421982064792
7.39610112141058
8.30861175650539
6.76284317237053
5.88031740452782
8.18225557822948
6.27067899337495
5.91277739480127
7.04350193638298
5.53736588125665
5.59152841664058
6.15272994384068
6.25364592787052
6.26285652294669
7.2094436181438
5.55582341692262
7.37091360929876
8.19348726924143
5.83216928242527
5.62061208375849
8.33122748721565
7.24088898785951
8.00794472158238
7.78574152481365
6.72546758719994
8.48365567113746
6.30530393020652
6.93083632720814
8.67719081285386
6.42959980398592
5.86031320731944
6.21802391926948
6.73146326475217
6.87021469170387
5.92640795233914
6.17091576940882
7.80006590314775
6.44355588464542
6.01876277817728
8.77940522591108
8.73534060732498
5.88019640737004
5.8022660997383
8.09746448540965
7.14185290952756
5.53011574715602
5.79850883600653
7.96772320862628
6.87257546330819
6.16640089005401
7.10525081667967
6.95555466772967
7.37470848423955
8.40702656436574
8.78175952459793
8.3478364239577
8.51434052195644
6.4102267720291
7.4276596498724
7.58969669063951
5.69742736275419
8.54168247675727
7.66081427342949
7.04149726056642
8.62851513564849
5.91776333102685
6.75090421648025
8.2360164378424
8.75821053643714
6.80696352967134
7.43883048715593
6.34989371313514
7.28731869551892
6.26530402871368
7.40110834265486
6.1455696440507
8.28899264793717
7.99801702338097
7.06857553400448
6.87198047099021
7.53019240419176
7.00685796998871
6.15515541822257
8.69121706616655
8.31209128684223
5.67486959098274
7.54543641681695
5.75441183152268
6.43034800105622
7.51041868691667
8.66112076358393
6.01103553748764
6.43321629329299
8.73544598086384
7.80225878971672
5.57795266464432
7.64021309427943
6.2275000885517
6.94157949173098
6.44302756530779
6.58062323951849
5.95674410411836
7.19733720813974
6.80068419598333
7.86259920656865
7.16446484751732
7.49121323513194
6.55085899352884
5.9700189283344
5.89599721243517
6.34536420978882
7.96281880321547
8.11958255058238
6.88816734453146
8.07600220472762
8.37206581929539
6.06041140359904
5.57238701942987
5.52691271649091
5.84314046925647
5.52474232767939
5.90515214458495
5.83143233754184
5.99026212266073
7.20646328704099
5.58629183529794
8.07758439214853
8.73900951521574
7.31796628314563
6.75316667305052
5.87430507358799
5.56417993101128
6.93394886416454
5.94900705877524
6.97456556838061
6.64617484612966
8.4907459190564
6.5631649156498
6.6320076549223
6.15707271074947
8.08807085540925
8.63495891074399
8.32713386935325
5.73108094600069
7.50385717583777
8.66085370962883
6.55160524922544
8.4244715522792
7.79633934806794
7.28454664700793
8.59698475299605
6.69774771474493
6.19786675691155
5.89216343944264
8.11698525729089
6.0252056619778
8.30611985521492
7.37556476712036
6.15153434158949
6.95815159568916
7.14926720817871
7.15826964595581
8.52241372882613
6.83244212220035
8.04565115225235
8.09100692763631
8.7259019920271
5.59374390572332
8.17868680673869
5.68233666693325
7.31475471945031
6.04887787990812
5.68573541351403
7.8961908976831
6.52362687681102
6.81493749236705
8.18259760940808
5.97330554890191
6.42817988617152
8.27022678057813
5.54782006242743
7.57788480330646
5.84424455805743
5.5080824092652
7.85461219071524
7.46350413264983
8.62786838118333
7.70297574720552
5.57664191994622
7.37528242697803
7.31016513936385
6.7342011787509
6.89667832170815
7.0647562705537
6.97999841601683
7.10824756222483
7.97956129377171
6.95300003104314
6.84431656891708
5.76806455764715
7.00904328682192
8.22704718150227
6.17789405410381
6.86002414549716
6.08987082883921
7.55194855152413
8.18297137323349
5.90414434693299
7.13082602269539
8.20062461531486
6.12804862517233
6.71322327637268
7.72497278622141
5.57112066042352
6.19864875942115
6.0878953579303
5.81843327462849
5.99561539096545
6.45104931378124
7.73282236331235
8.27774790146457
6.96535078205926
6.01316287199795
7.8060111472396
6.22332265708568
8.6065064059821
8.23594144961434
6.73968275883857
6.63883950330063
6.97988981282043
6.67992774928366
7.12057125543698
8.36330935066272
8.27935602907091
8.69618503678976
8.04997252450632
6.2540040394066
8.24123789083638
5.7891158113943
7.41095374653163
7.38079366431163
5.84384113364474
7.82503226671651
8.01889409990783
5.79690852887342
7.50338116631976
7.7212206400089
6.99360156876808
7.91807767724187
7.33997948175605
7.0023424316676
6.97841861978846
8.59493840843621
7.0218302528324
6.69351773911907
7.93554553266057
8.73019929631701
8.58446373969283
6.3652862725248
5.9464758527874
5.86552863341404
8.09483720684136
6.22202175529004
6.86109659606462
8.08634201973622
8.28636834458233
7.25679920892583
6.36241103784847
7.66041410910557
7.53820352116794
6.03904725065998
5.85476260590339
8.74429355545781
5.62118388842905
8.1526795715912
5.9425383728218
7.30181945065947
6.61150451378947
5.92588988870111
6.59847593049461
6.22852646303215
6.43377588747617
5.79448078018528
8.43136162031318
7.52408221821824
7.66442084772006
7.53569210728638
7.12968747312898
6.66591720147022
8.78023823105371
7.76957019838611
7.90753117833161
6.25776787463027
7.12587376515137
7.74775347388313
7.28043439718194
6.60625533637196
5.91301102468118
8.4629267330459
6.98627952818373
6.29352550195541
8.69599214026666
7.28434617630854
6.13943965743745
7.30169409582776
5.67080162454667
6.46961559221813
5.87967836736502
7.096963170505
7.70949614444383
8.66643798024733
6.0415889252433
5.68306175493604
7.878499202859
7.98040218885473
8.24249918543817
5.68010226116431
7.50022656431817
8.53470599604181
5.50459660214681
6.32734829801019
6.95614147922162
8.3139330741569
6.41588825157589
8.48817361330365
8.77049376591835
8.55918513187412
7.98949407223951
8.54228448993083
5.90193161496179
7.95645704324876
6.62924919789235
7.17457611974592
5.81124684855789
6.9602801736598
7.03730179197938
6.71118592395797
7.25722365197217
8.37954058675151
6.43539131882172
6.41196651826134
6.126072868993
6.04872556734193
6.94091317520879
7.06449459457566
6.25803024590382
8.68222834127665
5.61909035819287
7.27035001446873
6.96405695513471
8.15486436708324
8.54957038300973
6.57010554938172
6.33457652064218
8.69170994350657
6.52265064568082
5.97868031072039
7.89997442114557
7.03676368527655
6.10790190963181
5.55099626540937
6.94947989255381
7.1245718504226
6.37296213463279
7.14813146740403
8.76434804020198
8.36600203360472
6.11850238137572
5.80502962412333
7.72560721394553
6.89480208473729
8.50689905345069
8.5899255576246
7.77747022741682
7.4259056309475
6.42265851934607
8.53572221443122
6.02878202651678
5.55816476365777
5.64474898287328
7.32494849644397
5.52342482207991
7.67034584157817
6.53851705384004
6.39287097802189
5.54195161546122
6.68992230614638
8.23396056765174
7.81284582221745
6.94165739106593
8.14205377988773
5.96438262577825
8.39662227238663
6.20936383390834
8.67265702805601
6.22948893496524
7.60625486188159
6.125592927274
7.17443715437555
8.53716721589627
5.57726874795081
7.95002488388716
5.99095050031703
5.6427763583048
6.07689135820437
8.20405865494802
6.37327655417907
6.78948160197178
7.92327660698733
5.70551388014658
8.25326918278782
5.71705322049945
5.75666671672334
5.69689115384514
5.83275305934108
5.70904389764273
5.67169223493756
6.0413557764203
5.81759272121365
8.60270906706765
7.63850903544367
8.26637382030043
5.84580428190405
7.70521610653736
5.77543483065233
7.63302787430501
7.57532428872901
6.15562003029848
5.97809926393066
6.70887248293268
7.47885976259102
6.42495722775175
5.94793922997492
8.33839879764717
6.72870894309916
7.03442849028715
5.60428840071874
6.61084270448705
5.50260251368491
8.20496508582654
5.81381110133466
7.60388361443234
8.62916484412112
7.1771919216481
8.56785549378789
8.16215351559366
5.90504073136759
5.76782880446723
6.74015058225839
5.85355921563437
7.57067846768097
7.94655504480838
6.14098098897294
6.73451508486014
6.42696957378946
7.24638183006215
5.74578183148011
8.19557807120459
5.83683244628411
8.41571103124779
8.63455036757201
7.74802879210602
8.23600960354685
7.70846807436561
6.18081899925484
5.80763730730219
7.60505945836972
8.53841991884777
5.55034805539495
6.8526062702931
7.33914109456099
6.86633218540329
6.71700416392413
7.18806748289018
5.86488278403615
5.85887883908622
8.12262554742975
7.37599424707077
7.70620225016623
7.60621179988804
6.937626379102
8.58917720574599
7.96080392952125
8.13653491511096
7.37488600481426
5.92613615030434
6.57258645143306
7.8532787402161
6.42480277073999
6.72582255421663
8.01685801310595
6.13089381745636
8.17300733336752
6.1923020690659
7.33627986291856
7.64846430560274
6.35503842661041
6.56508400496635
7.30933172736165
6.50666289334848
5.99437589706599
7.1211005797328
5.9109379774195
6.57865939508575
6.97676395712503
7.30599395880339
7.11282461107014
7.21161091248236
5.67992645961283
5.54055518749316
5.77303717077328
8.15081716746161
6.4812297443605
5.50330710398857
5.81606559846901
6.7401185722983
7.93482903346326
8.27648131953005
6.97933421791557
5.62731536575518
6.29807095858813
7.38144369368502
6.46172604915624
8.0497361750945
5.52831421118055
6.42175862738964
7.60420327975927
7.81470578249822
5.72667128054383
7.80852660565873
5.77276830032493
5.62850846515799
5.6239538847206
6.52682883730626
7.74679911588965
8.3254658237497
6.43372989977378
6.86410625673351
7.69139713744699
7.23354268734041
7.70618480032511
6.23917433724639
6.72646236136342
7.07148675417982
6.1184669342648
6.49333278282659
6.51391675950759
7.07943802491919
8.58375385519409
6.46017244037342
5.6837257619447
7.22757099808213
6.43069702113136
6.31194721113214
6.10655362411666
5.90643076933815
8.27270966047082
5.8388056397853
5.89798107783415
6.44341824270073
8.23173087105207
5.66752039307343
7.98812321683743
5.99808833552742
6.41135041240159
5.98168495350254
5.79462542550532
8.09168305644518
7.66580189820526
7.93159011987075
6.31320991052006
5.64470782587661
7.47426044463014
6.13479169870414
7.23953425548501
6.37341071739561
5.9897850432114
8.77567642014867
7.44561496136452
7.71769232062631
6.94867087317829
5.74299055347788
6.02940302992106
6.09292049941187
5.5695080854011
6.69822343271765
7.54237049630226
8.16425159004068
5.81240707314185
6.57097264498817
6.25555537114376
6.95429856472753
7.50269012349013
8.19546233606492
5.60899691790951
6.7057781893724
7.53876272477375
7.61783515630985
7.71284849902647
8.53661479809211
6.28480097342818
7.14090742343198
8.74514252364576
6.47217935203358
7.06946077761708
7.74751384009182
6.51101831181476
6.76618929251385
5.67341780074894
7.4474162727891
8.5303252904857
7.85174424255955
6.05411321696979
8.76055229781106
7.62950725913688
7.99995019792576
5.85954478454875
7.26220939714628
5.95962369850639
5.78167570739599
7.07653063350333
8.56889489016994
5.63032709739359
7.92902912312987
6.52951511858193
5.92281714262982
8.10260139314324
6.17403880948067
7.85296020392918
5.88382077309201
7.44024817263141
6.42684223291098
6.31814020749515
5.82976473090942
8.39165799258194
7.71578765860774
7.08947393009283
5.71927755805107
6.42064493280491
6.66999693473339
6.00026775403737
6.37564804783401
6.09614375527828
6.04634308564845
7.01623330915104
7.15640110183802
7.40428344360822
7.21880332309201
6.02774037396199
5.504517882843
8.0961908568498
8.61889166663364
8.55359923886898
5.82564588242345
6.91780934593261
6.66871878512004
7.76262166885288
5.97202967409171
5.74083993750415
7.41821890507481
7.3933734822721
8.14644365301331
8.20349663635444
8.64198086592658
5.54154689210531
7.2679674301761
6.42427027116145
6.90695036396733
8.64176650224665
8.21600030144916
7.15419761429022
8.30246834749599
6.76229535138558
6.44527896006339
7.57916905552407
7.89371601329547
6.11993071906401
5.6025082453455
7.16841186376227
7.72978261502141
6.14106517972815
7.67158395726729
7.36614464717816
6.21339062660159
6.03211530740693
8.07911008276576
7.85914265086287
7.33317142902855
7.05846603192975
6.43803153231287
7.99807595581932
6.69599959003494
6.10250685076561
7.08287211140669
6.48397711977001
5.67718462706506
5.59303017487982
8.73724115551757
5.67133804174126
5.82613983394002
5.50488002319064
7.11931157927871
6.82521418588759
6.82732939587458
7.16757529821928
6.31282827200054
8.28065736454931
7.48301049615727
6.07125679251907
8.06678813189217
5.93794867141923
6.30963832529326
6.37954814114354
8.60472186117645
8.12386351764707
5.87923629637482
5.61655667966666
8.7505066005108
8.23062297786272
8.21071596757866
7.84089593781756
5.60884075661484
7.47889617701931
8.11925821156393
6.08313635279312
6.24810264929009
8.7430983808006
8.19719132322475
7.59775887761993
8.53816153817978
5.62698997242284
8.69561263612247
6.95488600129515
8.36033976359766
6.01017143631744
7.34389604429077
5.7358355266879
8.3636051899524
8.71511827680754
6.97015004917851
7.57695193315084
8.63635973671211
5.77709281152391
8.10046412522232
7.83492306342642
6.63865105755749
7.55260326644968
7.92253475860594
8.75491645866023
7.85865235282266
7.02419380864707
6.44377736149525
7.84503865610672
6.59840574917797
7.11578467208772
5.91262248312746
7.99969115464587
6.81635005147536
7.38520885508141
7.24123288320647
5.95573185484897
6.22544223027975
8.39662381782332
5.83995684333815
8.53978485969505
5.66346765611131
5.50014425466182
6.48052434701729
6.46126877694557
6.25897243100784
5.51409608419685
6.79990517253571
8.54434292834226
7.44906081086414
8.72239431474803
5.58693911640033
8.28621443910881
7.36840856041837
6.15743581747649
6.40734869396985
8.25532416665198
6.78790237883973
6.5573676263587
5.94408263410864
7.96337935223006
7.13121797590223
5.87831496066374
6.65907364896713
5.71041575515893
5.97631377916345
6.62114106687915
8.32459480221723
6.27687079921209
7.98048458108401
7.00207536777442
7.2822055408151
6.29034994853048
8.12728525443429
7.94374702305563
7.23820478812478
5.86688016684514
5.90274222426721
5.82476479726339
6.0314092514908
6.81049097678588
8.2479733857663
8.50270640158761
7.89331694933888
6.65041888330549
5.81217761251049
6.36545511897195
7.42844889802832
6.31337035948822
6.91340269413916
5.76489839333106
6.37814671557127
7.09864730505742
8.73940811554888
6.30329991680836
5.77266417231999
8.18036932483747
7.05918596266043
7.26108071203144
8.75309242972989
6.80631819945676
6.26159024660123
5.6628330529948
6.7037674060519
6.39573403311128
5.83963832467611
5.76305089634513
6.12553350694383
7.91453844323022
8.29841623289653
5.85356115627569
7.5603665545596
8.31648137268741
6.86191823035556
8.51673599034693
8.24959753349977
6.52796858556037
5.92180717187229
5.76006290013083
6.51677754270714
7.94660786854164
5.68202974329611
5.57124224266046
7.24986785101618
5.61566154527927
8.13443456047757
5.80295767472457
7.20467046088968
7.26504747501288
8.12902061520425
5.77524368843536
7.86576025576973
6.54570705529713
7.77812731832278
6.53058837538643
8.23771346551269
6.45877323476803
5.72245305672291
5.93107226281986
5.88371958576838
5.93440305053078
8.45962297964388
6.74420323446493
7.69672753319706
6.24082805638439
8.26386121879716
5.68008047676532
8.09933050352619
6.72978672131684
5.97131916013827
5.69164252515372
6.88535577987628
8.53758486789734
8.46857624739471
7.80861849015968
6.88709553337095
6.82225845138174
7.73498621854209
6.73288789217406
7.06133110495894
5.62396572109652
6.60098967515758
5.87388874076626
7.80847639008548
6.37828751896976
8.37651371594817
7.85241439786832
8.3499676852324
6.57525178956108
7.2236602942025
8.40886136710227
6.44024469473858
8.01209214895109
7.20516534856259
7.77513323489487
6.12941275674262
5.62491235534363
6.11824202757389
7.90043960089887
7.84644916401138
6.05241125686481
8.56160948263861
7.20457646818381
7.02032592963633
6.2903865613432
6.57677801291286
6.39686556317319
8.34237113587248
6.93110700479424
7.906471308936
6.50093508951752
7.85935174327002
6.14394091514952
8.22189748786886
7.42971783181685
8.12538732192409
5.87877067245755
5.73443302863097
7.28885875416009
7.94302192466613
6.42854029586229
6.87961627664066
6.45232853189905
6.44129889634769
7.11875242252722
6.32292414000158
8.58215050891607
6.69747550536484
7.27036312770134
8.65027865345621
6.62593847734334
6.68573310995376
7.763934492183
7.82644018101929
5.81740944797669
6.82891094659571
8.47849324150761
6.48238736383596
6.9245316253493
8.11388634199241
7.97938269041943
7.06772508512907
5.60316290166132
6.691612136355
6.55054396912844
5.95207204747193
8.12269285496042
8.70554911938794
8.4783318592605
6.12182452462463
7.41839907931941
6.09635813258254
5.52869931811511
7.51204619955106
5.66505552543709
8.21395142224247
6.38208649322085
8.26038950404086
6.70318515045509
8.66625411183867
7.00670825756893
7.9690221205268
5.901128289575
5.89138655028205
6.83612845258006
8.43677034968649
5.93894737341492
7.89015417411072
6.87039007722943
6.41670331373555
6.93785062308079
8.66869934753971
5.60859662362438
5.83383561833253
7.50256242654621
7.58757197979522
5.56749671376939
5.50643526159383
5.99740743320607
5.53996632112348
5.89938194523525
8.67023368797905
6.40098591082197
7.76740033412294
5.65472185704554
8.35215340764352
6.5209834587702
7.19536056253447
5.96993764444916
8.23507032702444
6.86857129145767
7.13079984244944
6.03595763425274
8.33813781914036
5.65112813990248
8.45582127262636
5.78979041478056
8.77932910825519
7.20779296388866
8.35602149044021
7.66607130964907
6.57603121791129
8.61438610329212
6.82844447381673
6.22029523369578
7.69310293769755
8.31985460258902
6.89765390206234
5.82624744014373
8.51589708246606
5.89410205059198
8.39883868376345
5.51422347641022
6.50307215833085
8.00087882674255
5.76509961461891
6.2927788945013
5.88491295744024
5.80245708014376
6.74533584883125
5.63380445570949
7.42414478873675
6.95052624952492
7.43572391392617
8.67299259393199
5.62136829389246
6.1573759709471
7.73458246537538
5.78145777360105
7.89444024877356
8.32577393659388
8.28689659600847
5.61891973561133
7.20017805504302
8.1641546749105
6.67730927874695
7.11517401643261
8.44990309063263
7.90866204840216
5.97575376417502
5.7295666518543
8.04218121573855
5.78079971592685
8.6029078541144
5.86599480919283
7.47534475372281
7.87101911872971
7.95964436604266
7.37063165142119
6.46636810764119
8.5981911799436
7.81520292905406
6.72563035005768
8.35532490535428
6.56118222012469
5.63971341250004
6.3004137694512
6.10295771971146
7.50651215905804
6.72745078933113
6.06151877904977
6.27852498067414
6.10783363850483
6.9463267697232
6.83489109377283
7.37080227664546
5.50035878170115
5.59052870201145
7.74109447571887
6.56166682054962
7.49830687745504
7.61668291035959
8.79495929107063
5.84329586811282
5.61694224825598
6.71256911825255
7.45762882619413
5.87285352073136
8.48573808069596
6.25821859240766
8.44559071106711
5.68325476068725
8.39030261386675
7.4103561669721
6.32042297725619
7.00084206096294
8.04950462069641
7.73078729828854
7.23151744593613
5.90033389694538
6.34706536395549
7.27774569822805
7.49169239925811
6.31257132148219
6.33718028812819
5.54225819732528
6.67770465856662
7.85800332338257
8.27317850390298
7.52555926177864
7.65584029410289
7.21507777039723
8.05027711124562
6.87195727617076
6.36207226233987
