2.03440637800377
1.51922022824346
1.41254548555433
1.83502442149974
1.79240392461322
1.5716712120395
1.83720507624207
1.76991157089211
1.80915915038181
1.95681392327347
1.60929696730967
1.76997905846198
1.8090701683852
1.71114620901335
2.10177173187536
1.70905523026014
1.75165615110198
1.85020616143456
1.64758866211741
1.53532462324394
1.65152305042081
2.1356442080826
1.79927624733461
1.66200953237923
1.6351021241732
1.45931457928281
1.86213685007181
1.83269523342943
1.80280076173406
1.67210437304186
1.65181904043435
1.7850728557218
1.57705454412683
1.72259277254153
1.73851289850008
2.26872706851979
1.79652656448643
1.81817101600827
1.74567355021538
1.55099932885241
1.33821600430142
1.49856852961038
1.74581906289561
1.71725977618952
1.88555908355615
1.98488305317233
1.70058590557117
1.95203614107656
1.79909731932889
1.75009997485432
1.71516680932465
1.92187589968145
1.79567650792032
1.52570831901709
1.78051727901374
1.75022988384672
1.76687497965388
1.86160295052301
1.55576125223322
1.7776698623511
1.72249551099404
1.80298894365931
1.77142642115517
1.59731056046847
1.79903687177966
1.89998585012924
1.69227559748586
1.83305071937391
1.91137108405737
1.81217796081081
1.79954749527277
1.97878623444296
1.64250507920438
1.81544206878641
1.86735702766902
1.77198191737383
1.79655542092351
1.72811386871067
1.79455936043895
1.8092002839455
1.90160648976168
1.58007066516154
1.73128971539597
1.7726775103636
1.62369122877368
1.65677613964323
1.84819964018563
1.65726060941242
2.07985397143309
1.84802712227123
1.55598185584728
2.00523655444189
1.88910548852657
1.79212650010522
2.05035566804559
1.76922422239939
1.72448836606224
1.67843443586018
1.75775044442721
1.67595135568825
1.87939620792802
2.09077707667334
1.96651925790442
1.62983332916489
1.81420283927801
1.82295147272046
1.76391973131956
1.8332314457523
1.82444274881929
1.76230131658543
1.77146482160426
1.79418343096662
1.91748826906453
2.02387910439007
1.83228547335958
1.78151383368934
1.7370914620569
1.9171330900533
1.81762151062877
1.6751969233493
1.64151289298679
1.56941384100115
1.73444999912544
1.92713292890504
1.77378381187524
1.72722441871837
1.71503202992385
1.74995696400189
1.70118829362227
1.78403223591284
1.80240309321508
1.69232853662282
1.76173872323309
1.65991147767241
1.7045074555015
1.76835999633002
1.9223463207835
1.67608334153727
1.6769750555256
1.84044068277241
1.83235435824031
1.71132942735729
1.84772673834766
1.72197001160325
1.7184314475746
1.67931894880619
1.58524958660872
1.65268831951429
1.6042362377776
1.74962337278893
1.62447921058457
1.72280935282487
1.60879810262433
1.79371206810322
1.7174935026791
1.80902892527393
1.87921488028878
1.86252443562976
1.76811654535265
1.83583228465857
1.73430358554135
1.9230263627857
2.03252179897033
1.71466188709622
1.88329424704545
1.95964549856579
2.00065746869424
1.82484023944232
1.90199422230016
1.85341627022385
1.72879463777019
1.99912199147985
1.53386186587324
1.75196864537606
1.71651985481216
1.54849111657995
1.76534286457609
1.6938400517626
1.87563164689084
1.69105098781428
1.97367204666975
1.79453899932228
1.79480954205474
1.79365977186274
1.67703927827314
1.59515598014979
1.65372482886275
1.75483095461914
1.79650421405569
1.70297138740069
1.71810549989708
1.78773742556261
1.71901875047597
1.77861812233114
1.89753923661098
1.8657076960222
1.78577657628733
1.80723775990365
1.82025304757022
1.90064419101427
1.65852577113456
2.13113988465606
1.76317806087118
1.75448024918529
1.57276544775092
1.50145404277568
1.82759399512737
1.72471464703246
1.85356844045952
1.86539104034207
1.80611953640965
1.87177387974476
1.76807710184921
1.77562506408741
1.79226645312112
1.77638281424464
1.80314297501817
1.69376882081133
1.71232717357013
1.74266079599397
1.78316840278835
1.78072529579093
1.75439688126681
1.75212744360048
1.76936962745611
1.77237215837135
1.77784900888965
1.74361248875458
1.79446662251372
1.80029503398882
1.81625891053381
1.79448892262204
1.82727543475451
1.66535681843219
1.72442210904384
1.73820269704926
1.79429368989182
1.71013023309299
1.67041833974257
1.59401496070387
1.69734362046367
1.63117533844552
1.75362983372487
1.84215700067611
1.72809740734417
1.77734668253926
1.71966785026593
1.73345029333212
1.73486832686765
1.71581342310576
1.69955319979061
1.70681979062475
1.71738579411973
1.69063620167031
1.66956952201197
1.73801093168706
1.98557117286787
1.91940518143606
1.74883119677872
1.81168066612951
2.02288525124928
1.89775178421956
1.62878020984408
1.93109100600554
1.5411338079498
1.66208354007056
1.38391228339935
1.73804589306338
1.69692745906048
1.82000846935124
1.78979904860582
2.06066587749394
1.69739704168067
1.70206640465269
2.1507960098454
1.55733674892269
2.50126135001496
1.92181673428469
1.88120223696604
1.8895385688339
1.7864024350618
1.7059355200918
1.78968414119879
1.96272522258179
1.94999146866252
1.71950770852374
1.84814741624056
1.85942909363971
1.78522453883634
1.83168061260758
1.93512032221836
1.78261755505389
1.73023946071708
1.78521889611113
1.96907545431882
1.73343032270111
2.07396004006819
1.87436939787077
1.91515568459284
1.86623197803022
1.48197372987722
1.89949014466538
1.88847051225324
1.97083485859247
1.79332142493372
1.66134921326181
1.91891565574795
1.81586721883354
1.81490172552849
1.56238023556951
1.78863653340223
1.67426645241529
1.87871660877965
1.74191319918399
1.76207033333387
1.5664932572237
1.69135564381441
1.79571060970377
1.96002107847341
1.6438339577483
1.78069984237712
1.87352214094075
1.66995741245405
2.15937440861017
1.99445432901347
1.69460540728246
1.7312256612703
1.92970859613187
1.83750892190129
2.08037209661957
1.67010449287303
1.78490337090759
1.74450133274114
1.6773285542649
1.90127765040049
1.98089923415634
1.80361988359905
2.03125314216558
1.88876535991114
1.88088048262795
1.66794363451666
1.82133140141112
1.82982199036322
1.72444322425988
1.73149327014897
1.71281708511431
1.71051900322276
1.72776163828007
1.66702317978732
1.68136283058532
1.75011696730261
1.47703429756787
1.70950190415359
1.84735356378411
1.92262043669643
1.97130258454247
1.90189277287173
1.78022721758825
1.99904248610041
1.680292419507
1.68469476052411
1.69753683714754
1.64231518332524
1.91053467844671
1.8666125414346
1.69312488252205
1.7353395594676
1.76853263262997
1.73140406441173
1.53467274160799
1.73507519368261
1.63886219220258
1.72945956566179
1.90385355716019
1.7948123770088
1.83407965889278
1.6802420072057
1.63483706362149
1.72522175493028
1.76379735851235
1.66511944724948
1.74969801512494
1.57303109468794
2.07022568415422
1.68395847741336
1.61003310367086
1.5205109463309
1.7510070503695
1.67638214334173
1.62361070753869
1.73350563035142
1.68483848977921
1.71126755267609
1.67658902731166
1.61528974681006
1.83464876858607
1.70794202099465
1.80980638378362
2.01527651609326
1.88672995828153
1.75582704795756
1.52573539219533
1.86878380366639
1.75869153620909
1.9545272832609
1.90553198621619
1.89739911381119
1.86222854721199
1.91833651825607
1.71179725065821
1.72508844580974
1.71467557375162
1.71372097366546
1.64249495727226
1.48498151744497
1.77559515555708
1.7049740368315
1.77785966297857
1.79809641950377
1.57777984666921
2.24339876831121
1.87036675595932
1.85656212995926
2.07234531970868
1.89040913788449
1.77953566893285
1.85464054729269
2.2006774625938
1.79975268406304
1.64707383086222
1.76703182521687
1.68152436567817
1.74344261274524
1.80883530535788
1.84086530942612
1.70944878764087
1.77689092802996
2.09168310537518
2.00553646735358
1.82184625463654
1.85835055565351
1.85134086812997
1.7741741648239
1.84944976939325
1.72427777889597
1.84075691430467
1.73015742803847
1.68631993773087
1.69874930249105
1.69474701506493
1.70707466256577
1.70930933200837
1.71627816738591
1.68273194692036
1.70956837098424
1.64273245380907
1.74339704086463
1.69848123210571
1.67463097791954
1.67084514736281
1.73905613912328
1.78781440767928
1.75277142305521
1.72094708624055
1.74106206927952
1.7530746209597
1.71725928239298
1.83793413749079
1.87066081111712
1.78006663065964
1.81766667384327
1.8872244964995
1.82571042184047
1.76711190019428
1.75254885439934
1.86713974680929
1.85209290658226
1.80528815065364
1.78894296577851
1.85295748647735
1.83677505765043
1.83017584913642
1.82675237646962
1.81838465104991
1.83912957491427
1.82164336674121
1.86944231595104
1.83495368220679
1.8396161704556
1.83322817971749
1.80126307752001
1.96887873394466
1.88768482789269
1.87328811371565
1.86881536989541
1.88920075302663
1.92296993487887
1.74180875458327
1.82470501997508
1.85607682227521
1.89702181744046
1.93253719741844
1.91901698451327
1.92422439602801
1.9302713823448
1.92990820534004
1.93164750396055
1.93232002745125
1.92778854904865
1.92823161601191
1.92488364582359
1.92353256138536
1.92204848576679
1.92566238811067
1.92470631732094
1.92407844033354
1.92266199279305
1.92440779824594
1.92344288576623
1.92382891471865
1.92507967474606
1.92381217141326
1.92209761033537
1.92515381171166
1.92650514735179
1.92785202752518
1.9260090660741
1.92718453634791
1.92655705648166
1.92904673898977
1.93099495016104
1.92520721889059
1.92461975495903
1.92758033377222
1.92925283150192
1.93055354933763
1.93252061788878
1.9417695213186
1.93764753310218
1.93740853416392
1.92940625788421
1.95520544775881
1.93218771186893
1.93627324424948
1.92701327049027
1.93733975051749
2.05857927793546
1.94779428670667
1.9357554245334
1.91233056373602
1.92295133164287
1.88129917151549
1.88754675810399
1.87912670346286
1.86038228657886
1.86346245231063
1.82525790682541
1.88665876928608
1.91103708859936
1.79851504757673
1.98220901819111
1.78082877613072
1.86848918088956
1.82340619408762
1.80640401744063
1.76988506296196
1.816225835434
1.78832510712709
1.76752061509421
1.79533403638636
1.74773004445364
1.78625510329999
1.78269497787426
1.73561774109237
1.73992320617867
1.72922796752397
1.7454824471208
1.80008371572539
1.78480507412253
1.8137702097479
1.72691116807637
1.80735191068108
1.78736128834009
1.8468496365655
1.8021437418376
1.73799375980316
1.50814715321929
1.7133883294372
1.78775026533401
1.76306049765001
1.40265558457727
1.68230356994235
1.61614577207109
1.70890440265573
1.81262193359319
1.6581678342694
1.71129249477101
1.74634550610257
1.65147600767153
1.6812862909856
1.63787833303518
1.66932868680485
1.53097054501306
1.66240321214602
1.75155283581713
1.61615974273834
1.72130460671411
1.81113054459797
1.73550092775351
1.78448136147396
1.74024686172171
1.77302778891129
1.69803232643584
1.78247105362955
1.8235398357458
1.86004665470098
1.74692000046127
1.92933479526275
1.8658574057901
1.5227721207145
1.85856619279428
1.84354378164232
1.94199100811501
1.62851818785522
1.66485044277487
1.43437067898614
1.75902925572415
1.68097179838254
1.63318501252574
1.50807866334702
1.84756318629913
1.87426556805182
1.71853998771096
1.64640563809182
1.79534327259832
1.72076441927586
2.0767150651062
1.89929696231736
1.8619620472756
1.90499515020002
1.57351999182477
1.71195533826415
1.99308322200853
1.90827401656995
1.5033066660136
1.73460697472408
1.8165764254545
1.87251578608422
1.89615290521928
1.80936591549676
1.68243425828158
1.62424665362268
1.72037549321574
1.71247511057252
1.63989493703147
1.7283901470326
2.12664965870385
1.86358947719607
1.54610515213471
1.87053597777969
1.84754143682329
1.96578059207887
1.75699756586378
1.81776936628302
1.45786202701418
1.65543555904488
1.44271973250375
1.59302477837136
1.96984644726197
1.97757213076578
1.90260792407465
2.16616338556086
1.95484623344291
1.70392710338158
1.88694097121523
1.68661959628943
2.26456019120347
1.26051481975097
1.96189773744023
1.99868182704297
1.72634080573859
1.71740797615861
1.94688069684015
1.91583181208746
1.86707244512562
1.82940102313424
1.85852502398584
1.84392967869422
1.85386537881974
1.85488348137703
1.86573491648856
1.86104552374012
1.86414971568478
1.86379348736986
1.85852659361902
1.86313763591655
1.88165588658494
1.89648675984321
1.88333208899495
1.87243471898831
1.89782879258691
1.86963295533366
1.90068887832813
1.90565025456303
1.89739380314529
1.89139465137349
1.89404552192815
1.87148306830394
1.90106643287875
1.89013392030804
1.86826031097692
1.85270371609051
1.8427251979588
1.85569607136471
1.85209123292072
1.84063554356534
1.8335488471847
1.84478425291596
1.81165160498308
1.84129317062834
1.83727757660113
1.83353201286282
1.83541507450861
1.84614537254153
1.86719100093847
1.84072702554575
1.85216525819849
1.87859177770316
1.86136451803567
1.86921114019733
1.87332322222059
1.88062021542991
1.88127207804391
1.84175832784345
1.85528685995052
1.88958837917391
1.88956286342441
1.89197447197179
1.86055404892691
1.85632326446136
1.83680891128569
1.92867874471556
1.94677386949419
1.89373932413674
1.92701426323676
1.89771814793994
1.79640894512996
2.08377040757137
2.00456839065624
2.07022855047884
2.0238035444644
1.93196064891337
2.05566037453573
1.8485647850988
1.89419667616039
1.68898271853788
1.85042708614442
1.76989514611485
1.80551905192027
1.60240904362192
1.86158028370233
1.79608948873867
1.92809621546535
1.87204814602771
1.91371588631657
1.83934772177838
1.72558208564507
1.75359674917839
1.70447297899162
1.83257902380066
2.1547540539526
1.70060034263054
1.73472309013285
1.90400727054556
1.86625028585134
2.01803279588033
1.76104620808417
1.87620999016643
1.69427278903551
1.85352344765206
1.58923025847327
1.64738776840323
1.61016681764166
1.76752351168826
1.74632982133555
1.87189162345168
1.77238648994588
1.72026524922608
1.89792368533637
2.08581431789352
1.74211631639865
1.7808781380453
1.88344683983373
1.66344026686747
1.78783411292036
1.84180718954032
1.86188028311045
1.95884088808146
1.85322173858266
1.87636932774891
1.83262925776526
1.77983245813491
1.79277976677132
1.76449560043901
1.79247051338888
1.87054895527206
1.72888144480792
1.8056948270408
1.70522011726029
1.77157181605825
2.01190943345687
1.79777029184779
2.0864522597239
1.74121986635463
1.68724634947245
1.93150090103725
1.84614571997929
1.66158082513119
1.63484355860684
2.07637337254515
1.69540861315431
1.7106668493962
1.44555687773234
1.73106916302379
1.73615314956262
1.76664443777188
1.57461882698036
1.71761074073575
1.76114110657478
1.70165191509593
1.72857810631711
1.72723341711403
1.75528154331372
1.75823403537453
1.73627919754969
1.75151418250786
1.76260579531409
1.75584599750059
1.75784943371362
1.75405137535286
1.76066863914086
1.75289034068685
1.76995503684931
1.77549216172749
1.76908947626484
1.76623974893686
1.75961669466496
1.76101927105466
1.73969377393876
1.76446179314743
1.85238721887867
1.84045313951293
1.80182251911481
1.82399298775867
1.78544694052103
1.78440071962712
1.81574875831683
1.87198085605845
1.80421605504032
1.84170908764751
2.04021724119559
1.95342562472425
2.01339881727476
1.73352917689927
1.50560470355854
1.5111852259788
1.75895504447688
1.72030629549796
1.78535845509505
1.84493630527447
1.54791122033467
1.6771727626192
1.54281174124827
1.73271522607944
1.86211087606708
1.54450143013493
1.81928321003448
1.65948524141733
1.68104318924343
1.79020533487739
1.79700311367088
1.70409597411991
1.86888633797248
1.70214983797055
1.59399822197354
1.71991581578862
1.37804500884476
1.72992623429033
1.78944346948286
1.7264346326807
1.81331289524958
1.78863144387001
1.66483537954851
1.70371412444289
1.67398062269655
1.82481414778423
1.74235848000849
1.63898157204779
1.54835199332815
1.67057897187929
1.75722843622177
1.70529130221565
1.47817295603492
1.59172578071124
1.73728497158361
1.74617367046313
1.78564034588685
1.72783984944431
1.71478003883316
1.74563921402161
1.74527055813225
1.71190031607803
1.721522898073
1.71395654807945
1.73922683284413
1.73080865202129
1.71580775806274
1.71237466331094
1.72546197292903
1.70682112462505
1.72589962218967
1.78837829531012
1.78601884304786
1.72052778591201
1.76284571063874
1.7372514564784
1.73100252488724
1.73060549275365
1.73196887878731
1.74280608927112
1.73526566555702
1.79526341998693
1.7145011079792
1.69840467101835
1.52684494707512
1.80888853580236
1.58598512340427
1.70289061424978
1.60536875732082
1.71271644190305
1.64383038482643
1.90697813350975
1.66033121757722
1.79706984003368
1.70979903944029
1.79354515002395
1.81336512686456
1.7223514791642
1.77880271274907
1.85402985782887
1.75459847024499
1.61283762664703
1.64033132897901
1.68647671389636
1.7397787251836
1.76318808357326
1.72565996747537
1.83552507740402
1.48306236569448
1.68491880611348
1.83478321802712
1.59600997551707
1.58620336307741
1.71488184150271
1.72585001824336
1.95306357858631
1.92041083866895
1.94073957653783
1.70392303107621
2.07053050917935
1.76459391655212
1.93358367258881
1.6344903367402
1.9251330923774
1.7880189539574
1.7610785860884
1.4687257222059
1.67923944865003
1.80419466191697
1.43798772084438
1.63572255296562
1.4690852430568
1.58851266664669
1.78239242411072
1.476911194902
1.67540389042216
1.83771233501389
1.67796392022439
1.69688661775578
1.80173351328175
1.78066691958117
1.87841074388333
1.80287360853979
1.9048113867681
1.69281457288744
1.68025709859997
1.7550925224756
1.70841816256505
1.6325301646409
1.67714122432693
1.4745453881062
1.7834660551546
1.63822930007435
1.78176332375636
1.67901665895855
1.87234544031164
1.8909057027752
1.46178969388649
1.4964956112087
1.4446562960155
1.67451073130426
1.76703488638414
1.74284080206517
1.82687994110783
2.06435275658279
1.84613652185008
1.65642552236678
1.69566461702962
1.69186481755735
1.81842578678682
1.76517749040455
1.55143222666129
1.7341337434978
1.65541245306273
1.74272479166975
1.44913685051474
1.97418577825847
1.73795341598958
1.78488731073055
1.87143055583864
1.56864376026434
1.76079606028608
1.84547037286567
1.95446157054788
1.70986932131705
1.80012445551751
1.81577883240451
1.8480979604741
1.69186139438065
1.79443965429386
1.77548059919174
1.73802377755789
1.63655187285297
1.72843367770668
1.75795932262109
1.73255592236448
1.75984560908521
1.76058561356386
1.76029921184909
1.75574727548081
1.74727364234545
1.74449815088287
1.81556971856745
1.7777617280987
1.73517290996043
1.7503185841525
1.76237997533953
1.71338446479307
1.77336498643304
1.73393646300689
1.794104070362
1.8102595830375
1.92298237551866
1.89277057658583
1.81786201303298
1.93589767542015
1.72299563765583
1.79379314413666
1.78100950389075
1.74377966890613
1.76498480080807
1.74313603281296
1.73978745126015
1.72907723735827
1.76895943157056
1.70342438023384
1.72959810720293
1.69021960130824
1.77464520432268
1.71325186331698
1.75411268548748
1.80421150156592
1.69427522347191
1.73770348896775
1.74911771394277
1.745349419782
1.73619133836403
1.78380014087384
1.69103991133212
1.81501917243929
1.81678814475865
1.9525724358675
1.7498173137146
1.88177146939712
1.55507929737593
1.79753738018152
1.94160886648015
1.60802164701467
1.66259795995338
1.7442372288962
1.61841890457791
1.79155076809221
1.73257472129555
1.86834367697212
1.76916244296947
1.75559433774141
1.88252771539218
1.88685718513409
1.87838770941831
1.82375883490214
1.764593939672
1.76834993990878
1.76565342689059
1.78357655399022
1.72488477061786
1.82320406908324
1.91805768492037
1.81825702626752
1.80321990727675
1.64851256880615
1.61701629201903
1.7465558241359
1.74938665101559
1.79200276535046
1.79138449181392
1.8984241724783
1.72623325910118
1.85242861866786
1.65162426895113
1.72042331154823
1.45886044978272
1.79126538521324
1.40195377053675
1.71059277119333
1.68228671963039
2.1611948161351
1.46263869915516
1.94228682899959
1.70120654007304
2.01897944376589
1.68581809003432
1.70873386500551
1.75179943404009
1.75296919292935
1.80322724921058
1.71418795348086
1.60420830617798
1.80120024400009
1.82532697815969
1.85978674716633
1.85398734811394
1.76161052122168
1.73284889534719
1.85184443296093
1.79479024316828
1.88025222878457
1.7958034779548
1.87268276771113
2.04149937400298
1.81347359380913
1.58974720121956
1.74167400508556
1.54070498499426
1.55740359491393
1.87559429997262
1.53337204881646
1.85872639477687
1.76646475222787
1.72746386959159
1.77020513411742
1.80509187925112
1.64365279180772
1.76330587414829
1.77833763454534
1.91195366203384
1.79555337659037
1.80714991582633
1.78906811215043
1.68973445761841
1.60158123553937
1.65262297721751
2.15658173394578
1.80168146425116
1.76954197195823
2.02608081358034
1.87031168342949
1.6765096263471
1.64194883816554
1.54828083994005
1.51953033276438
2.07191713760158
1.77865933254776
1.59081650689265
1.36244325926775
1.60223069907262
1.31748817655174
1.71939935709179
1.60451665020929
1.81668087451228
1.93713454324113
1.76903209521706
1.76263514618591
1.88057690386725
1.7809822374374
1.79802411752006
1.49581350806752
1.6522022115365
1.81521542465465
1.83213152912653
1.67232877052866
1.52244485813789
1.82379559044314
1.76523460291392
1.67142599216652
1.8015167040643
1.77768552585776
1.90966301101424
1.83276143418748
1.61896433602281
1.70902696530669
1.63239018622331
1.81647455415485
1.78923411046221
1.68145252481233
1.74791908178805
1.52717228170156
1.64074685673127
1.6520441931986
2.12509521831385
1.71209311954741
1.79799557555362
1.7549776548631
1.82816119637212
1.79135358118746
1.89325827686645
1.92851943288216
1.98467441940707
1.76461997948991
1.98569615377202
2.00952078232195
1.54284182332764
1.60272813204277
1.76546140478339
2.04670235942748
1.90938903586719
1.79962519869025
1.83073789005819
1.60788764309785
1.78592148956809
1.75282505607567
1.70033145706097
1.71615395708003
1.53321403958314
1.54291859372887
1.8243592326676
1.69836858826733
1.69119126115678
1.8420287787035
1.67055625392998
1.64137558631229
1.70389802523186
1.80220798607904
1.57805096464211
1.79455178492386
2.0294573031387
1.91313098931173
1.87239439258419
1.84439272886808
1.84848580913014
1.89101922721689
1.87150475242076
1.93905025935752
1.83597130470341
1.78591232023624
1.82845758144908
1.83314480698682
1.84022240951928
1.81679152169549
1.84038226791894
1.83306273119035
1.83593289756221
1.83033548792323
1.82117400912618
1.83421964462974
1.83433615269998
1.8346081044675
1.82896563054794
1.8138852317552
1.77366920090606
1.82576773060648
1.80134704495164
1.8715401824407
1.63415321554936
1.83395052683574
1.8244209410482
1.84972383222576
1.74672548509792
1.87004294507771
1.74138386338298
1.92150803238373
1.87147165094524
1.87682546020994
1.65296600473112
1.73321564559531
1.6848569647484
1.70003876587338
1.66904601781941
1.75128096615026
1.81220680449815
1.73317877088691
1.82914623113466
1.6806765242879
1.71142809750466
1.78301035349943
1.70708067755806
1.67380570873861
1.70356668659991
1.62915240682813
1.79347992368231
1.76909589312268
1.79206615660421
1.62700610992674
1.77419752061413
1.81339542760777
1.844400567135
1.87832181294941
1.84582823732361
1.79772810496756
1.77070326117724
2.09818270340336
1.88872385343155
1.77617649866194
1.66700827423003
1.81358032609519
1.74939705824184
1.88383337996111
1.86865711958824
1.94447257386812
1.63348328211551
1.92801011489563
1.76381953512742
1.90083697846567
1.9022238277287
1.7904839743095
1.93707257106083
2.10068369074428
1.67604415715862
1.66957255477045
1.80082187519143
2.09990857692706
1.72648073127042
1.71814624408273
1.78267291839039
1.81463147803529
1.84056565788085
1.907172844815
1.90279936682243
1.91901938929926
1.94987949594017
1.96317809319733
1.84412847639389
1.64863716140545
1.63980360238104
1.81319170040645
1.81094720327084
1.85881928843184
1.76347166498093
1.69452812101553
1.67681834962083
1.87880437777079
1.77095962134848
1.60683865955252
1.55977724030827
1.79799113611445
1.75000983280405
1.79382226984959
1.699055627959
1.74742354336457
1.57669646789419
1.81165120736997
1.79170364833968
1.91454682391218
1.71864961999943
1.96205615705488
1.81458077423654
1.91564507170748
1.98486762255048
1.62442588324122
1.50149922708867
1.85740831231273
2.04956080289045
1.87781108899804
2.14429571428267
1.99031839050682
1.70932630103272
1.8351349921221
1.85763952813956
1.90016816591973
1.80778197215214
1.87471181827339
1.92972843470442
1.5963988977142
1.90821209815892
1.8714375210024
1.97982280618031
1.93575481854486
1.72396298729496
1.80516972476702
1.85136699913966
1.82616483508745
1.73169496069097
2.00675860346447
1.50795209979069
1.57878765661077
1.79768085290662
1.85960674373763
1.84367899803065
1.75797941219759
1.77241750533089
1.66188679210569
1.82926971705924
1.79523569150524
1.76791860532094
1.73977360997476
1.82418852118496
1.92418282473362
1.88096114759447
1.63646546079407
1.82907914010194
1.81054303617383
1.74628052395027
1.74844407587188
1.69981478528846
1.67868774363192
1.73952327895122
1.70948749961808
1.62521889316458
1.65080974539239
1.62437428937917
1.70692297524426
1.85899611419122
1.70050235000286
1.60315916282083
1.92109497636936
1.68680688759186
1.74626707050476
1.8041132668197
1.84868340393755
1.80292325715935
1.78308129743719
1.77092106529503
1.79938969929079
1.76667515301529
1.72900557192556
1.80033414800794
1.91793419988923
1.71418343590954
1.58282289652065
1.65070969775216
1.65910691463729
1.6147849150801
1.73153952270253
1.74509437273481
1.76057593657035
1.77950011828166
1.77998937408273
1.71017971016499
1.96940513735162
1.68052322977194
1.84878299837786
1.77837152934581
1.81293948931665
1.77279188704389
1.43094135756684
1.64195975273761
1.86319292864294
1.65534697223911
1.69130070836507
1.64526765984523
1.67235500325774
1.69855491013602
1.74577738800047
1.60379836131749
1.8495136893816
1.83297578889426
1.81095925491812
1.90797564994991
1.75455191192852
1.81630679005579
1.77794989400726
1.96676353113576
1.75309789863106
1.8276112005835
1.70713474220004
1.7853517792217
1.71269770413253
1.73030536761789
1.76009894856771
1.70108183220947
1.77461845971814
1.71756205994383
1.74627943267096
1.74768303168901
1.73374080304508
2.07214816893373
1.81752264723573
1.77896772137476
2.03024793779506
2.11686976423546
1.77165577862839
1.65304602914915
1.86588853358626
1.61781949169772
1.86443897716449
1.69336690753589
1.92613771021271
2.2844046243048
1.84462510275204
1.86008469472157
2.05604588480725
1.7592362989214
1.79913211360716
1.74976820995641
1.84130495035238
2.05203315837744
1.86213241350892
1.81732842346345
1.91698266425727
1.937333135464
1.57713092753365
1.81747011935322
1.80434795780921
1.80404518901266
1.43881606321933
1.74172501893719
1.79465375030353
1.84614064309239
1.84575815458466
1.8041039475191
1.83453282567713
1.74173363329805
1.86580099987136
1.63024440925622
1.65782027946397
1.70694660777449
1.64063522869361
1.71961029879223
1.6554896750618
1.90257218976776
1.8533704323247
1.95314036671577
1.67715586450984
1.88526475180795
1.91738952142681
1.92174965381703
1.74606077195565
1.71768284849879
1.74175985103879
1.86029457422726
1.72833849117771
1.74159627923665
1.63325972184216
1.67464468468344
2.12483114394334
1.99082047606691
1.83094230101805
1.72277643430705
1.66923674670402
1.83768873685634
1.82846976702048
2.03166800309864
1.9404310215859
1.75364515083624
1.70743780912127
1.72446731903371
1.85180250932912
1.80871870429895
1.7479126558963
1.70124925081953
1.7276238729222
1.65644064702812
1.71830124177382
1.67817673887964
1.74096247996935
1.72187647780769
1.73901267466586
1.72606588979452
1.70984482644476
1.75382830505781
1.75078069868808
1.7958976351371
1.7825075892034
1.65677135060929
1.8090515276393
1.8592838748809
1.90477088776562
1.74414650182534
1.62917597738701
1.83358753233384
1.65779645028227
1.65869261655555
1.66363434442845
1.8257412617298
1.68625267758082
1.80166525049391
1.86661162246162
2.00339756771247
1.49806263346566
1.75363196362924
1.85072681284223
2.20059897337313
1.7960625944895
1.96431667240849
1.98251414325203
1.762261122259
1.86022540154691
1.8484727294066
1.76438304873318
1.69292389886775
1.78655124828539
1.69333631732686
1.68083082509106
1.80580003657754
1.75390833041628
1.70400859258325
1.79184834974741
2.24615049614742
1.94953249763504
1.72303415498348
1.87259451748309
1.99066052172998
2.00436079189525
2.06151126489842
1.5827417637464
1.99140499653372
1.68700153515449
1.81847917162683
1.52741556386969
1.5256782274594
1.64471776191427
1.66491170352565
1.7584340690284
1.90991657480502
1.851108168842
1.79515740260289
1.81077805615797
1.77268563596852
1.75887839615354
1.74140574120767
1.67220208067405
1.65328035797027
1.75682179985298
1.77223050627524
1.78683248783221
1.76648480550117
1.74698395481294
2.18901425036919
1.68699062470075
1.67201842394091
1.52324799881611
1.70542560440195
1.66954797369167
1.62201742657695
1.71515997879376
1.6573883180497
1.66779453534138
1.79159819784098
1.83529169916428
1.83410625563946
1.8111924823544
1.80182501474492
1.7735731100005
1.50452664194847
1.76975529505277
1.74299409616128
1.78518724826641
1.79298479290201
1.68227585606058
1.9610603018608
1.9419137940888
1.85838179868162
1.70673775323679
1.74127482398278
1.9149643502133
1.75546758721769
1.42519093573324
2.08117246186658
2.09129047829147
1.75505783323698
1.71094707054863
1.67530143326897
1.7454340863747
1.71154918495808
1.60842568391108
1.83911540274003
1.93367095417758
1.8842802824634
2.04572099068056
1.65461041203369
1.82410266383663
2.11079504052399
1.83218269040016
2.11028537671866
2.08218664591077
1.75045032014398
1.63322189412882
1.85958506035095
1.72244379395206
1.75426669137424
1.8682133160689
1.69063828282945
1.85425011619273
1.81648635540367
1.87338768649943
1.99435849891021
1.76891500393082
1.82023212906827
1.75427069826646
1.68894830561028
1.89173101955884
1.6739302220209
2.19238181765139
1.67621623740531
1.90359575414896
1.75264725219241
1.82817768075779
1.86281182980726
1.77835945423328
1.96461144313953
1.73502299566727
1.90294654808621
1.53670737010254
1.65565245732517
1.7670603709812
1.70826952492858
1.75672699113077
1.73376890479115
1.84326216404599
1.79376920888006
1.83542842925706
1.84234263497235
1.83142302106022
1.73282964570363
1.87667393203473
1.90219864615111
1.92571343633261
1.79560260593796
1.77390140160479
1.80348057848353
1.79705951920316
1.77987150513722
1.82050928810075
1.79101558055581
1.74906079225424
1.81318399348845
1.842290892501
1.82020209212832
1.82236771180577
1.79908095893994
1.79868852927066
1.79327928125406
1.79098605165605
1.7698679492196
1.75129051180613
1.76776884298574
1.71262720417034
1.72958373837095
1.70683337732473
1.70573301639068
1.73244521127985
1.73411566124932
1.71524763892428
1.75570506731645
1.7032286917359
1.74994976951406
1.77562305687321
1.76828541937446
1.76901345815534
1.82981900353709
1.82018718265443
1.82408643924098
1.8181824316005
1.8251275666491
1.8329853782893
1.85026616855202
1.84006429155071
1.8330722261521
1.83939159815857
1.84400978126575
1.84309447086928
1.86111485486935
1.8650890943651
1.84054726578079
1.86925212676072
1.83336494710295
1.85541549317094
1.8535275460866
1.80690530622781
1.81933394848094
1.84941868575794
1.77693273519886
1.78048966496835
1.86839243517001
1.66670477001369
1.73112710645498
1.81837112473182
1.89816250497808
1.82510478743837
1.85504840983476
2.26576044467326
2.30585838384398
2.03338283638126
1.75966040738171
2.25530251531168
1.73453779747973
2.22378891535442
1.71789746472282
1.52529692168139
1.89034089183577
1.72013105393635
1.81130602301415
1.76748918039179
1.76449820068874
1.85672339413006
1.84608352361306
1.7124541702798
1.81665578929715
1.98457299915053
2.00540038491223
1.55378017924394
2.0425951679727
1.86199528000677
1.88120690851086
1.548395176068
2.02304694667859
1.73540061189419
1.60154658873776
1.7296934544907
1.75461570373259
1.77384788997961
1.76842021958462
1.89426095213434
1.81196754696148
1.79263862243675
1.8017806443336
1.79252359876572
1.80024238064413
1.8137694519038
1.77503435972751
1.77619053672765
1.79947889749128
1.94800635562071
1.54937372211409
1.70815629470884
1.57053865317839
1.91601802938522
1.70132198025472
1.83791553489046
1.75566918761718
1.4876081648701
1.86409559041764
1.76669165025306
2.15276556191663
1.94973088145863
2.011334871226
1.94001699744763
1.89113770455615
2.15458166506
1.74568506034543
1.69387187022449
1.79819266482148
1.82414576573088
1.77856335372662
1.86902357769906
2.06456805428516
1.88667431910225
1.8574673285859
1.90242876275521
1.66929422657189
1.66232702879162
1.71203137566272
1.7151290218312
1.7581428857746
1.74513138211942
1.73595162434124
1.62376708936636
1.68604326006304
1.75433634723178
1.75419687310576
2.1955696328799
1.92883084728773
1.89913544513966
1.98646526291471
1.95966041175783
1.9531059848808
1.79516550239379
1.95275295566073
1.50652595581959
1.72172408611988
1.73068384472234
1.99935633346233
2.05601855143018
2.0045117732884
1.90737464971557
1.99678446488001
1.89212245602872
1.75819099271898
1.71630674855246
1.78458206410118
1.56916165519737
1.56198933368412
1.69544751330123
1.80303389387741
1.30818978787144
1.78770071902378
1.64345159644154
1.56118457325459
1.69177042399964
1.77019815886011
1.62815938655441
1.59630438580369
1.72288470893971
1.64924836233059
1.72787973604158
1.71019153429996
1.75186943066508
1.90660380504451
1.63412988845457
1.90160287558668
1.76083532119062
1.61629242179571
1.78811758234475
1.63617890266777
1.50873846119803
1.95111451846872
1.74349743119391
1.69411121549968
1.77236986856782
1.70016060759653
1.74225552004021
1.76448185841977
1.73828485699943
1.78633230416654
1.80642486131312
1.76625304114148
1.68560510604415
1.72264774644001
1.63823258442647
1.64404709425114
1.89751032861921
1.6815003783322
1.8522577682224
1.84471700456696
1.8696063197599
1.97531597647797
1.88823677219144
1.99795138508709
1.7483055366103
1.78404726688305
1.88091228139673
1.9559874655901
1.99615901498122
1.9038400233259
1.62105685971367
2.29579499639758
1.83627912320441
1.8375825361947
1.7817400714728
1.7480672989982
1.77779860298478
1.70222967881047
1.62260659083093
1.6359725262867
1.72473091476567
1.77857353999947
1.72718737556006
1.74246879937485
1.73106195931862
1.75696274200181
1.71660207358658
1.71015319633456
1.69799736232607
1.61938169999673
1.90190707543296
1.58448438675756
1.74621149064267
1.88604992243023
1.65655881985199
1.90538842583646
1.59172901818639
1.80445682953996
1.85252975150411
1.91966478842539
1.84472068009921
1.79535387585442
1.83555342021002
1.82952256169503
1.8206156780854
1.78813542334009
1.77962100570186
1.81136747003817
1.85472776799182
1.79930594761074
1.81166343934368
1.81790547977889
1.83385107875944
1.82617997807937
1.85608059843219
1.75230081525002
1.8998211345399
1.81334499390226
1.82206475537871
1.85145905559684
1.8101482110042
1.81610915285783
1.78461862676097
1.63954144120616
1.76473727310933
1.87780807858727
1.77671040687459
1.89276661470101
1.72513178353462
1.76780178404971
1.63386064295968
1.69529296570405
1.75970192139635
1.7118613864203
1.81025998690957
1.77915869410759
1.68912872770029
1.75735000557054
1.86781535964887
1.86693419646712
1.9288541053622
1.6831261575391
1.67738465159155
1.78093698604095
1.65821735679736
1.51075633359074
1.57972629681123
1.53905453557054
1.67102828877706
1.93595808960833
1.99844486277611
1.97262115296004
1.65335637669829
1.70717450035314
2.09274640838616
1.78234722933811
2.12854239512294
2.12609061988955
2.15750651319707
1.87702363633444
1.8635358998873
1.81752161999989
1.72609381311555
1.63397556262624
1.43995360413021
1.78899160107099
1.96222592446698
1.71814811044692
1.85488900509322
1.68177553206086
1.77563638880961
1.74033617069891
1.80613855767427
1.86091723163408
1.80934628314464
1.7414188716508
1.64910509653882
1.75088178863625
1.83071877885536
1.29106958452533
1.95416508599772
1.98814377631797
2.18395706945189
1.82778239663246
1.88641816173254
1.54377032273882
1.97455826560345
1.94931895181895
1.78471506656845
1.89851694601673
1.81187371928726
2.14395262681969
1.80085967502202
1.84676252296438
1.44832265480338
1.32877517825879
1.94383673763764
1.69594386833574
1.86538303264877
1.89661075603976
1.99646852112364
2.1383288853032
1.76745123430808
1.60636675389975
1.86943339163241
1.82722117919305
1.49714321380131
1.98380998298328
1.86812613819069
2.0224807247701
2.0324436557706
1.74780075816319
2.00189765353314
1.89747081263312
1.78149181221211
1.45892824938295
1.7653041426848
1.86978145745811
1.95359338749986
1.86410842960609
1.64441986270453
1.78174385156906
1.23914989129694
1.61976754643895
1.90982160754544
1.75525520287954
1.75898030723188
1.71271647258483
1.74464721858578
1.70791044577363
1.78484448390308
1.77469252807592
1.79835588236454
1.77156311355395
1.83861800149325
1.63039314379429
1.76424090143179
1.84759231726322
1.85524844625636
1.84091708954828
1.72035946341807
1.74734725943497
2.09340653091066
1.75466004859821
1.62715752347666
1.73263464474821
1.74251144584422
1.75055169582924
1.70828132326945
1.81784770943286
1.83975487266359
1.71109982648846
1.85931824508283
1.74832338477932
1.84530306436593
1.71484084173931
1.69295577917545
1.65776031854352
1.92535202301117
1.80694260311806
1.89617578696611
1.94109594810888
1.64887767090961
1.97917878094804
1.7836337014941
1.69910414603642
1.63463242524391
1.59008695509344
1.77222668290437
1.55372416893403
1.90325124079878
1.87370693576371
1.81145358693043
1.94531763097284
1.89641150174517
1.66407231242942
1.7742779340466
1.71672402384003
1.75828845768496
1.87564659816914
1.7387946164754
1.87181642501317
1.66563133309017
1.83820702921174
1.73601570199329
1.84329478305727
1.71288396590133
1.81539208739037
1.73415589402908
1.72934933217708
1.73205683438932
1.66551073687154
1.64482132616149
1.63100015035795
1.73695394317682
1.86018230447582
1.77942251336313
1.80721301115617
1.89325647654627
1.66064612598438
1.72959734394451
1.86408867319438
1.52525950734638
1.6439870106424
1.85443799382302
1.68363381891474
1.80088069503645
1.87584720703768
1.66958385247865
1.77361758422626
1.61582828638085
1.8827492965234
1.78528565616376
1.65349596269932
1.55474499872207
1.92311129546579
2.34920502804646
1.92180520303866
1.84698815724456
1.68116177286817
1.75739541035136
1.75038515358961
1.69757470954598
1.78374437070857
1.84904087053668
1.74606205458843
1.7925579964785
1.89858681523194
1.8012152864864
2.11784771828646
1.58183597382112
1.76204524149067
1.79394341796423
1.96965928797474
1.83045340080576
2.12385560489311
1.86092165513969
1.93784770534376
1.87322542878134
1.78612239220032
1.72139120957808
1.54699012791335
1.68344234540141
1.6675748974262
1.53106656903347
1.71116727930872
2.01741963814685
1.95582031485634
1.65671186191762
1.83435729951124
1.70238988138434
1.78342877078204
1.67869977036864
1.61802379854507
1.52594161398104
1.50126657677387
1.8641793672566
1.9057829207172
1.85218406079958
1.60678898709851
1.69095225849548
1.9212436541206
1.77685715278771
1.82595570357965
1.79778545929082
1.68930991005974
1.77096599846884
1.85589358184552
1.63146791032297
1.39816421220769
1.94043648191455
1.80803209996224
1.74889316872965
1.73189686415898
1.7191210313361
1.75236903576054
1.93557435766371
1.87702984122116
1.66022974864533
1.72881064707179
2.05869073879729
1.751402158871
1.65716626756105
1.91539722345565
1.6423388962139
1.76434601062142
1.67220947539001
1.86178641875254
1.55204623958823
1.70330392893885
1.7863032513246
1.83990255230086
1.74351995268743
1.71117394946739
1.87391636534902
1.91478790807581
1.88321904455137
1.90517709635577
1.84548147187661
1.83781828492387
1.89042229800181
1.90982812407348
1.83649522478558
1.85931862038506
1.84367699809402
1.90839628794446
1.91611264861067
1.78172187282978
1.8506057022015
1.85283800720231
1.84491886799867
1.73409002058318
1.7353439816397
1.77335640473595
1.75254103937781
1.76661595488264
1.78414796998405
1.78695612690765
1.73572122580091
1.77227603628402
1.81993367769477
1.83117478613544
1.8096061342093
1.69252712588731
2.03665726504261
1.90229169095812
1.68665063013139
1.70055538855808
1.72544279284887
1.76331175617442
1.73698038624929
1.72539360059697
1.69346855618177
1.86358879136092
1.8730728225489
1.69974786174744
1.72899625030062
1.81350773072649
1.91405909466312
1.88026189971643
1.86102493251383
1.7139379990332
1.86902331780606
1.81311721320805
1.82723783982918
1.86761986692062
1.6824878252244
1.55997808578233
1.7004103163141
1.82856573262651
1.83522311513346
1.86900424451253
1.92921716343362
1.74747095573071
1.72051618024725
1.59660168524469
1.69332503882221
1.71496787761189
1.78120620742543
1.69852073516822
1.72550620398922
1.78346509694462
1.82858082974844
1.89664419519415
1.69619710667117
1.76791851886614
1.66999168849906
1.6686473710124
1.65900404776745
1.61727919176889
1.67037483583025
1.69583025762717
1.71240502988279
1.71631566498049
1.70444196024018
1.79732657814369
1.82697069997415
1.79067480621403
1.79372745931465
1.76285012157026
1.74267607494944
1.87280187576894
1.7005516775519
1.80673681438401
1.81095594041073
1.87025016798876
1.59387902585716
1.74240170577304
1.69231580362282
1.76041241071257
1.60023907513564
1.9507367680025
1.75781021530594
1.87928391045482
2.01819834733253
1.99460024344337
1.92923826184383
1.82792673428373
1.89996029570957
1.79347427992105
1.74339203275757
1.87521277851489
1.80599142356731
1.85751057890383
1.65095650606332
1.76543213391803
1.82176650107996
1.75871474888402
1.89628999363365
1.74628886657958
1.85819918501993
1.770595943995
1.81295924081898
1.76652387771122
1.78292963884183
1.86462792850727
1.7833006594918
1.77059863385988
1.884357607864
1.75565808285746
1.74994872848918
1.50825666622271
1.99656296487501
2.09961154056174
1.58719257495278
1.69198899258768
1.3231704708167
1.58713972442436
1.98327954382864
1.69246356260836
1.95635579905318
1.78001305078279
1.72058381798697
1.56864303571204
1.68391391123638
1.67299238731425
1.67951036442832
2.03539927207905
1.75335995742602
1.78944059335302
1.83217263679996
1.95920715830871
1.64538189514695
1.65286239577637
1.7844435468656
1.85393310156881
1.81913075065816
1.7739304018431
1.58937302275027
1.69165676877038
1.71591656885582
1.73116778237614
1.74168189114307
1.76036447448307
1.75144075513978
1.73809739649259
1.76727452321767
1.74420997928596
1.75154916083214
1.75910058792003
1.74453143283512
1.86587986041977
1.69601707521701
1.77895749028706
1.79166566234976
1.78652303013624
1.42954072170733
1.56998519226362
1.86935677110036
1.90058228061523
1.82497585293161
1.69243013387076
1.64119440811654
1.65984922325339
1.65363013950548
1.87018427574021
1.74986431823543
1.77440273532961
1.67536259940761
1.81232856021659
1.89192895220288
1.84600581332201
1.72811857960406
1.76984710121538
1.56225603832697
1.80635769586569
1.85857340206426
1.64125760703115
1.63384290728441
1.73876500985715
1.53887532423252
1.6598960584989
1.67232888033952
1.74481732483014
1.60488999337483
1.72684610191942
1.81378975524636
1.90647016189553
1.61231627505403
1.76840254714445
1.76267608185061
1.72752776333055
1.8697605381694
2.0960989137852
1.7412295654139
1.77154978962589
1.60900681688107
1.57876693758154
1.7060737544376
1.69224075493272
2.03011947542208
1.70602256304808
1.73809798738455
1.82130465385741
1.66730493546778
1.71833515807097
1.84104828594193
1.88547571310616
1.91085930903185
1.73097254851467
1.80531248403061
1.91689378912603
1.87656637678692
1.87724708354704
1.82471700114207
1.82548488202781
1.877429647976
1.77116861043164
1.78375251572899
1.8053635697325
1.77997684993319
1.78731715519192
1.72435013867146
1.7135977201131
1.65342840445989
2.01632299486291
1.87385207890942
1.93692574198632
1.79909656527157
1.94504258426979
1.79702893559327
1.81413503707552
1.76301255139658
1.99355997632818
2.01391688401682
1.82619078682115
1.78785534874983
1.8170017929462
1.6586122387543
1.78419515092226
1.70684974317383
1.7682158647345
1.77992937610554
1.8123732467363
1.74895477707644
1.65394516681538
1.78068010879196
1.75030856275893
1.68152042437587
2.02222604225294
1.9890609445148
1.76892511567562
1.67991647487774
1.80526001819619
1.92370684933561
1.86215702062304
1.87401099780851
1.86160143652824
1.69675521001126
1.77279498537992
1.91088935497785
1.72621031199823
1.87627890009104
1.63380200334755
2.04800777693092
1.78314043949877
1.63704377287982
1.7913598983222
1.86148538251112
1.85028905286203
1.87146789680151
1.52801266746698
1.71292806050367
1.57307355692701
1.59022407087441
1.72827418221616
1.66289510790598
1.61487025289217
1.70273388778132
1.64969743689111
1.6968279595604
1.68831545705194
1.74994613067341
1.84943414967994
1.90448140159587
1.73916004260052
1.86219500941383
1.85754781231851
1.78722670827975
1.74615378580926
1.80353655854024
1.82474858777726
1.86020831543936
1.89602091492369
1.95790425064442
1.87197397209544
1.81124916865573
1.78752438681113
1.79477767083275
1.72687722269033
1.78076902209582
1.74360598034109
1.81658960906613
1.77097637806144
1.70938496408217
1.98615093161233
1.80464904367001
1.58639713134683
1.91354929940595
1.98389546023803
1.85584110947634
1.8506055330956
1.51032437166943
1.73671976771123
2.03104776661716
2.05529939251168
2.02129325965059
1.79421448521145
1.90621364180987
1.62078376910436
1.69619848380646
1.87347923333056
1.81939986021527
2.08733761668475
1.750905152552
1.93286243651855
1.6048011087181
1.88639590087009
1.85771281327381
1.88972537086952
1.70373979202378
1.65721581289964
1.61231657700124
1.77932522305796
1.90814333195147
1.76564967911783
1.65663769308507
1.73925708737078
1.72908505924595
1.72175496049798
1.72634424332099
1.83964884938662
1.72100886952298
1.70077037973426
1.71530878777924
1.74800541570891
1.5140747459454
1.79799429980587
1.77322002132237
1.85427642160684
1.73922831720401
1.93769831692335
1.85608772019437
1.94922757372566
1.86501447860897
1.94030380540744
2.21066901109479
1.94499617165402
1.89994590359607
1.86491021414201
2.07938800324721
1.92115743479468
1.44688660899536
1.63100557757967
1.82114743907479
1.8227828196417
1.71246928029102
1.71565592372583
1.99874840703344
1.84336302633617
1.7685392673765
1.60530905662806
1.65026237206282
1.76761390961159
1.85590553369741
1.78160802347539
1.75523566482468
1.62848691666811
1.8467116585617
1.69240985518714
1.75691342611719
1.71961889385803
1.57378945201463
1.67190714099731
1.82864590298294
1.77012602333518
1.7441120018133
1.85630402305077
1.82769815188673
1.82344776116313
1.79629416033054
1.74309823188304
1.79326897983046
1.76290179685557
1.78796771093039
1.78056707645796
1.58439976652757
1.7913029670825
1.68062594182141
1.98529491754253
1.77376040276478
1.78950257717263
1.73279677915002
1.91119077348792
1.84677462075374
2.20684313535615
1.95250475913902
1.34660274924572
1.81577544504004
1.89288877216787
1.66234741939235
1.68397495366342
1.49856382913904
1.75461865891396
1.63753767299769
1.81010706810426
1.74396949795248
1.63671316922379
1.94350859947902
1.7331830148763
1.7071350701894
1.99910181349405
1.59968290517488
1.964628587258
1.62142390184559
1.75806758101611
1.69960207950244
1.67575165605944
1.72939044842589
1.73753818437686
1.7297010436618
1.70206788822763
1.7984524843692
1.55736102777563
1.76120054658428
1.59306322306652
1.89533760733914
1.9178080053437
1.73894804019649
1.73437256636604
1.65649648266944
1.83434863121234
1.85449379028332
1.90862886960167
1.90477477525435
1.95140143071984
1.82390490360934
1.71396578310899
1.95144478760838
1.76292080432344
1.85889298601098
1.76202163247207
1.73359618494818
1.62596792711299
1.67366597345759
1.6535500099873
1.600265498675
1.60893618820342
1.72715583010164
1.78084218981885
2.04322484091898
1.67227089527499
1.76954815579921
1.64678758774123
1.74690441168939
1.90940907450111
1.80062522558319
1.63993382911998
1.50403454070556
1.731204940596
1.68616712804385
1.63528391270298
1.82774777531011
1.64583920870531
1.8490156248324
1.74192614476087
1.68703784400346
1.72626093113751
1.70950853947666
1.7477082502012
1.73225966866636
1.70323497541495
1.7735773486936
1.76191517130422
1.86005534602498
1.94752214956134
1.67687750137951
1.76230947412669
1.68454572834263
1.77135994867024
1.87168421406162
1.86077177617467
1.84953054981016
1.75109310428946
1.84466160900352
1.65545537646432
1.47143906535201
1.78514572281042
1.72577486134068
1.77982469919454
1.72128346919941
1.79565664421752
1.74040260713166
1.77314566181532
1.78242305596669
1.76944883456834
1.78411308644912
1.79445581500977
1.79849062341755
1.79292077385384
1.74375131492189
1.72177051768065
1.71486167375168
1.78090605347111
1.82871682921436
1.91301949805635
1.80130829447333
1.76149711311777
1.84663426081592
1.79349071819353
1.74634832561954
1.91861954458962
1.93271971541978
1.79998954329131
1.7905587398979
1.76599365099247
1.72905062300384
1.75269719311048
1.7694628362546
1.74959963978751
1.74524752982698
1.75118141763398
1.75285271149639
1.75598313191269
1.75753302044547
1.73000052541974
1.73842166332834
1.68596980096569
1.75646756351117
1.67110785655209
1.67592036397477
1.75086435861903
1.70609113742698
1.78003151356896
1.84571101674031
1.89559632098334
1.78889369138374
1.86932913948791
1.7979012041493
1.68812297625142
1.78359531954346
1.63937710188921
1.78910290359199
1.97470212362043
1.80481206486374
1.74777102555757
1.74398954407406
1.76947067584013
1.70214905407762
1.48283513204354
1.80840141445021
1.77357274021112
1.78609971233033
2.05057043685343
1.84669873475906
1.84576218800793
2.00979723417053
2.05470456941363
2.00807956462969
2.11056319070302
1.71105086854473
1.92426584641729
2.10611964828437
1.89671343135384
1.84154018890431
1.88615752233876
1.83363375656722
1.95757345288393
1.88061925081514
1.87099700771434
1.78920052533777
1.83021844973413
1.91484619738166
1.81025520192033
1.89215176667645
1.83576256460901
1.79820831433008
2.02256260729436
1.84357062151137
1.78851545802685
1.80156691573151
1.41067507926286
1.67169168687627
1.77404081236739
1.68684842702037
1.76632675905227
1.72490179318528
1.68104506748579
1.72385181044159
1.61571568539
1.70699538366239
1.48488189168487
1.6769682121054
1.61506529061415
1.87794872209368
1.86115077394664
1.77405773564841
1.70481822015647
1.97175392057506
1.79900353024648
1.77379688911203
1.7845203800972
1.76088892859777
1.83576795077289
1.81417470154905
1.66561757594272
1.74141345415972
1.74551688158909
1.63966250199677
1.82323920211864
1.8423250460089
1.74327249124341
1.78496543220943
1.62181461542699
1.75229885572767
1.78606638128763
1.52309626095792
1.60755071676164
1.44462877169418
1.84767767085496
1.62316613149318
1.58680833394342
1.69727067869591
1.78203791874019
1.84163974710416
1.90110528972321
1.83866227093024
1.92691798729276
1.85739700182883
1.82997470546089
1.87378937159573
1.87840506051107
1.888452262291
1.82728029808755
1.83273466930574
1.86361226376661
1.79624334688
1.78126873544237
1.78844395382228
1.75886299866178
1.78027856956681
1.83720557889902
1.84855827533078
1.90982094706171
1.91938354029411
1.54324397853931
1.91594186343942
1.85289559481629
1.88638418239763
2.06652953331493
1.96322546638467
1.88510280878661
1.93655724596275
2.13894982188874
2.23000644957395
1.66463279143901
1.77236151358918
1.67805554228362
2.14991715668829
1.82381385328851
1.82024520174289
1.5884658640145
2.0759102420955
1.68703620093253
1.66930558365862
1.78103010036855
1.63309524384905
1.78952100283294
1.80833216469382
1.76814999385569
1.77455498595095
1.72250711112814
1.70106758174599
1.7718095427017
1.76333461899839
1.74906845600342
1.7874490462454
1.77491533713058
1.73153950867901
1.71436945642264
1.7302920956074
1.69387769549754
1.72627375157739
1.75846588326365
1.7329161271284
1.6886250291323
1.77024428226218
1.83447135030207
1.80660199933716
1.76795561418295
1.74927062001964
1.79056432367026
1.79560185142078
1.82594601461025
1.77519105677398
1.76869559730778
1.75954234549232
1.77418525164464
1.77676565606278
1.72339000601384
1.76468813591143
1.79012242421841
1.74776849184444
1.79538173860726
1.78238679260842
1.86753448960994
1.77532844214252
1.86146245091189
1.95792929784758
1.81431543717169
1.68578897957365
1.81007017096313
1.66453543158283
1.81787919691723
1.7627864655101
2.01602424476505
1.67395065824841
1.43923296510303
1.90980912275528
1.58525999591588
1.82173368420138
1.94335195732241
1.79657025814843
1.82833138972521
1.61967616185986
1.90352018316615
1.76311707851046
1.81008043157905
1.84169634715179
1.82497360693631
1.81878931356952
1.85239278553868
1.99421745016722
1.77209260130726
1.90551545089451
1.63610880123164
1.7280933499002
1.78573718552424
1.80849790539982
1.7472012107735
1.77359036171545
1.76010594869472
1.83804381009478
1.56673800403769
1.79648036396506
1.66649333570332
1.68620990251825
1.53391943176169
1.829069920707
1.74734585356765
1.76832268752107
1.77644827418875
1.70169690567093
1.77524356246522
1.67274513016969
1.83797934550487
1.69328289320962
1.96102527354641
1.77572131774394
1.72367766873296
1.70802808756718
1.73098444649757
2.00436670939566
1.87030565688407
1.93322865028087
1.98776256884082
1.98145510207764
1.95628802270373
2.10848984402226
1.90447971633607
1.78042533711714
1.77235947725921
2.03230775976766
1.60241506063567
1.63016130904045
2.0398995811239
1.86027119340376
1.36237004739296
1.99483775403611
1.77223620288483
1.84756984672167
1.82861639930336
1.73759536556811
1.68108600853312
1.69823651509259
1.8435921491429
1.79198604575108
1.75374769278756
1.622259756607
1.92067342521262
1.65760202061253
1.84155758812531
1.91687536976936
1.36215565279618
1.97004320351638
1.70543145490386
1.8325103234352
1.68641090898929
1.76031761166514
1.94855418072765
1.64731488796672
1.55913493830618
1.77141553231264
1.97358914526471
1.8572537596345
1.9096375881626
1.97898591081683
2.03004722964165
1.97205030525487
1.56122107768007
1.83020753264762
1.80018115640022
1.92729560605425
1.68847168884345
1.95509793930849
1.83640182457857
1.89569968914809
1.56461129625981
1.95016926749834
1.47120548392943
1.91473564313534
1.65618646453002
1.6038692987587
2.2179738743006
1.65253672129975
1.62641232765936
1.71585619272108
1.55177764810803
1.74447331701342
1.62866661234491
1.8685258491589
1.81189531156502
1.89871741717264
1.75503962361953
1.73389913914414
1.69009290227712
1.5274858745208
1.76359612874579
1.84318844490203
1.73915875797546
1.92589219202719
1.86333922574465
1.73098656022989
1.84069906319887
2.090484786329
1.8375106500035
1.62163215946211
1.62116042708931
2.0096871753094
1.90026951339863
1.44541294830898
1.78108652788183
1.59106171978864
1.52454423621707
1.78838714593729
1.71022274821814
1.8456462170742
1.73770112861061
1.70359705715873
1.6169640297639
1.76110267277105
1.78037071933819
1.8985997833296
1.8807431329312
1.72882604763208
1.58311614227729
1.83184174631522
1.95336586472333
1.96043971284962
1.84025985509685
2.03077775650488
1.87555097989749
1.59484110009433
1.79189497788691
1.94650918157444
1.9016296725924
1.78992898630978
2.20728891880358
2.0791164016775
1.98667589985693
1.68823174818417
1.72537622269612
1.80920901444044
1.83820094389768
1.83747877706762
1.79822409893856
1.84939573639681
1.81993882615294
1.78484591631299
1.88324650659752
1.85764661061389
1.72682901557093
1.72778753048864
1.72864665525781
1.81617070226578
1.67500036972237
1.75722528983647
1.81143770343242
2.02145088942304
1.68878482602446
1.6105708832126
1.64214066714995
1.67958892433469
1.7978367549306
1.61482535507975
1.73240857176377
1.81924983452102
1.68708923080114
1.93384757097088
1.8986349572239
1.80831728841753
1.53890530887965
1.74734557956386
1.76574081433299
1.69685182182307
1.8119870657131
1.83616749152636
1.83828825297277
1.75793901950246
1.78585241245854
1.80687967078623
1.759772516605
1.76598269617146
1.78395267777286
1.75116097649081
1.71532900384174
1.91809159817878
2.14441172602461
1.65440403690108
1.72900257946792
1.7062556513257
1.7045144444425
1.73579951607332
1.69126716198542
1.6749201738939
1.98298577888507
1.58287702374428
1.60128407391007
2.08867243359543
1.80573632856284
1.77353112196768
1.6629979486175
1.70610805265802
1.88292179086016
1.88660780593559
1.83053440296074
1.69601368676061
1.66879153284146
1.62579862781482
1.89835431101221
1.51870197410152
2.08320828158714
1.73713249992475
1.7227793833764
1.75999076047933
1.77819624835062
1.81650644752667
1.79631101060692
1.81288397646846
1.87615693614267
1.8323651777971
1.92329159435544
1.7557924598125
1.75777803176249
1.95699806364673
1.65166344422173
1.71536676159814
1.70179586528776
1.86032064183326
1.92615385012012
1.80123034421405
1.65584006908226
1.81556382821708
1.88671866529663
1.88995043778172
1.92953731049878
1.79402245481752
1.67589891662243
1.70658951581737
1.63335156586255
1.76578269013877
1.74016096722785
1.6823587377246
1.72864280712705
1.76599935068065
1.75052734107086
1.80525931081177
1.83955694046928
1.78004577852684
1.75691936111307
1.76331098025043
1.74396571752185
1.75512977214811
1.90215599564269
1.88524235971867
1.81093203429872
1.73639542252348
1.7911080126584
1.79068198070966
1.77979546643447
1.77106238990269
1.81883925019684
1.86599531879989
1.8003422771189
1.86299609019847
1.42395552197829
1.73675879039801
1.66064748286706
1.72061461643816
2.05967752436344
2.05014735568727
2.13180289794077
2.05201326953636
1.96181315539455
1.98180577768175
1.5883523492957
1.61525909097961
1.67082468958572
1.70032076745034
1.57793548448826
1.65436068126952
1.63609063587005
1.62052282025893
1.73195183147803
1.79578036526225
1.77268962112666
1.77487135044318
1.73922528969168
1.75789488380922
1.8680630822597
1.82788221365296
1.96645086812691
1.88368538213114
1.66385508043624
1.37848075267411
1.52154360029787
1.68528537851293
1.74011457345919
1.70749034887295
1.72774731418044
1.66411919234298
1.96238392561047
1.83905496956523
1.91638852218297
1.80263917852825
1.97306628213281
1.69770101377384
1.49698600761108
1.83389879918289
1.75916773981484
1.78886110519607
1.85786166936916
1.75309904520396
1.73642093442833
1.66707339835242
1.63773446931295
1.76003008862924
1.86054536858926
1.73357575154628
1.64646915240888
1.77623592265377
1.70651649250272
1.85268603825057
1.66077103174401
1.83088924652451
1.60561801885502
1.67947839094376
1.73021439320052
1.73611061336151
1.71494474401246
1.77945005137983
1.743622638973
1.80013219435638
1.70874407042829
1.82356895927309
1.86396868227121
1.76166943920993
1.80746337846102
1.83651762107089
1.84096253323577
1.81747991782016
1.86367785574592
1.83724417289325
1.8494540756361
1.85588757648593
1.80168297819694
1.79841332124897
1.82369188260425
1.86313456676991
1.86184414940328
1.64482445095585
1.62634599381879
1.66572015403954
1.62829123805922
1.79889395799681
1.77337857317311
1.84752196435768
1.754712560429
1.91636348009114
1.90850158392579
1.89545749799992
1.89647142956896
1.36059776444445
1.9137317438502
1.74459834740058
1.80005794393365
1.71609533059978
1.92391564690502
1.6939871856796
1.88985345897313
1.79165452148828
1.75943316493154
1.67817759671596
1.90486231888863
1.64487075918302
1.81813347192448
1.72143431329602
1.76848272095991
1.6847277004991
1.77623081493655
1.69889948190826
1.69492515717348
1.85162458637853
1.61804532926843
1.56719669760458
1.70363707215156
1.93100492128204
1.4242063755726
1.59334521430827
1.58745876528054
1.7832813962425
2.03334586638809
1.93564052947516
1.64273108242395
1.867234686215
1.80123507595574
1.83336568397492
1.71391813307386
1.7065482319
1.6905407008216
1.65069774500977
1.67154389039452
1.67024074260006
1.67806610149504
1.64424739686147
1.67990001647547
1.66309502135029
1.68811806323246
1.69450057459793
1.67834888957855
1.68279393489909
1.69868338568322
1.69907004391555
1.6995359346842
1.70802548962893
1.71594895162426
1.64090549114189
1.74767980551605
1.5992382578286
1.77958180194175
1.77306986077515
1.8369686352706
1.7789030854683
1.84143418345184
1.85106068273194
1.82806493140209
1.82305082260195
1.81361797670825
1.81834320091412
1.8041907016062
1.82460236563664
1.78897467636157
1.86471284941897
1.87489231910839
1.86304195493271
1.85612300346568
1.85841324614341
1.84195915215607
1.83688867331498
1.79171436500984
1.94435058091866
1.81573093194199
1.66389141948442
1.71688205188076
1.59201418740875
1.47570123985032
1.96624590396279
1.63536480333715
1.70793198250246
1.80315924064073
1.6662767274135
1.85078492164295
1.71523098195536
1.65920248655282
1.80188736385816
1.67835694742821
1.70788772718071
1.73830655699667
1.65360401745562
1.60591587008766
1.72433192573695
1.69414187361887
1.78266054949547
1.9104391963265
1.67266464014057
1.73852197592809
1.92237089923749
1.74101720726796
1.83782112539659
1.72599807516963
1.81371013099121
1.86289964702015
1.95474584976272
1.87588068444424
1.99331603806427
1.87051375787894
2.12902343134838
2.09608483662595
2.01710341981948
1.75223002002484
1.84443718900281
1.9961618307312
1.90411051927242
1.79577066630538
1.84276579167469
1.82963041656045
1.90235858102014
1.85947077093261
1.83114825928426
2.01359714777581
1.86797863278847
1.92924681276689
1.93080051474813
1.69331610301171
1.71607524815906
1.60527709769701
1.62842173744864
1.58845081695863
1.88888600236638
1.66747409126437
1.83544843673974
1.74524881848051
1.75575499154387
1.74466971474903
1.72562205006509
1.7425453251949
2.00443046633543
1.70621023922362
1.68824998485199
1.71630989574108
1.78733886046705
1.96022486756892
1.60852890727896
1.68846028994761
1.68780465695321
1.8458334610079
1.61990391328827
1.6294853379909
1.75331598826638
1.73553466867827
1.73399814553483
1.91761935918719
1.65399230671569
1.87132659049591
1.92209559858367
1.59949277302138
1.78949538841379
1.88449121900326
1.905402220998
1.94744759887889
1.85962603110877
1.80262527250717
1.87437705163012
1.7570077538468
1.65707628849522
1.77683358993275
1.7483320306235
1.76822958460214
1.8017177597421
1.83439587920121
1.76147439115489
1.83215277241755
1.83487298366931
1.77673141636158
1.79327121876618
1.83858930921254
1.78156270712225
1.76474560092831
1.79007370640589
1.8365067909941
1.80959123588477
1.78687249183247
1.78233904248668
2.11017818393109
2.15871642424542
1.55212018128197
1.73853514915813
1.83827629106179
1.64533303960838
1.70518629701638
1.94349408851128
1.65655191257847
1.85447398937316
1.82470682489489
1.96359048116889
1.56031675761881
1.76276609056384
1.941591719286
1.91046624941726
1.71897597587113
2.02506320962239
1.77741552389163
1.74416899497556
1.67455504445178
1.54990639621838
1.8524619114406
1.71869409299312
2.12296048686222
1.98450098131622
1.69252554344962
2.00289876170518
1.92587712028756
1.77655359951362
1.80834571666264
1.7250684654396
1.7641679413465
1.81610328254186
1.84111267288922
1.83823966505611
1.79636750050387
1.83073407290835
1.80493022720759
1.80526956792644
1.83445158302194
1.61854384153851
1.77412082922731
1.9499294887268
1.58632329272971
1.70622886697255
2.06525255956948
1.69571402073902
1.60042828703223
1.65650067114834
1.75415752223237
1.748161350057
1.75868692212567
1.79764246796224
1.76247347698985
1.75237228710374
1.78833778714606
1.75365545799012
1.92018757720327
1.75596090253321
1.77774845467981
1.81742142411246
1.83412788790957
1.80190341379984
1.81458494159575
1.813940080703
1.76529833791838
1.93998457194863
1.80404350704557
1.83262412291147
1.88336554448526
1.87597018695122
1.87181471991588
1.87251033251742
1.96016691636506
1.98969910738905
1.9547925896418
1.96200280111481
1.9432955070857
2.02105296788832
1.79235526979846
1.85366096081351
1.70684329806543
1.66919532048759
1.76241925708927
1.68497935385255
1.66658476558518
1.64724592263221
1.69266403193377
1.81628179822239
1.58330583864512
1.59319916471319
1.86474356843316
1.96901330264393
1.879596900193
1.86634702122024
1.75547083165026
1.81513772146911
1.78587932336198
1.94528802718506
1.84751235146508
1.72930512212208
1.64907608538794
1.98875400264122
1.81043484767042
1.85493374593742
1.58489605970432
1.78896345758794
1.83064458637471
1.71067383804946
1.74327131440556
1.57088283568111
1.61462290900063
1.57959019533344
1.98264173745689
1.80298630007424
2.00342999761569
1.84321135098607
1.84832866438314
1.81097122717153
1.77897683056138
1.81547850519283
1.79948641280585
1.80691488004737
1.80486743694942
1.82826930116138
1.97394527595837
1.77367561963436
1.94296636179721
1.77394490821516
1.74269121722522
1.56797911479076
1.72001467489453
1.56971683639227
1.9418074540743
1.79870271692651
1.78746866315108
1.89689655912348
1.85768132435799
1.71654178199052
1.68209684627216
1.70434916980742
1.83124144052583
1.88505231975273
1.73401395609763
1.66912077328774
1.67551006223556
1.77881366413776
1.62454197309873
1.69760878398803
1.9368349624468
1.73243659756164
1.86546303585528
1.83665153764797
1.83927293442382
1.90802231288023
1.94527505091888
1.64501415467941
1.70345468356161
1.72325394368377
1.77341399340139
1.86041658382729
1.82718553963298
1.75727979083825
1.86267545161598
1.86850242708089
1.86917930868462
1.78728175858078
1.69589189097095
1.93623907422233
1.64959286245756
1.60616823167926
1.69803647091758
1.87856553863859
1.73188036032833
1.81328664028181
1.77626860397929
1.80769632993937
1.73185189391362
1.836337001472
1.62049482956872
1.72167512875854
1.63722152314933
1.70956718852235
1.75874938528132
1.74188011828061
1.87766476363094
1.88190513041624
1.8002303097904
1.74598279589122
1.74242969079963
1.73445895790265
1.74890877685814
1.91840759254615
1.87864575569013
1.75974444110625
1.77388570297559
1.66667489259949
1.93928069721639
1.81717153194597
1.8903983744868
2.10205855780421
1.70181161225116
1.74667164375701
1.48199407652865
1.82525011236147
1.71089830810218
1.6799240189123
1.74532438839328
1.72289482477417
1.76211083617476
1.91902626068401
1.78811624699484
1.91823304803602
1.87700428165284
2.00435866535917
1.72563831619745
1.88549867971984
1.91740011868942
2.43888988866972
2.57250219201879
1.86878075993833
1.71788350696921
1.90362406359401
1.61629046817016
1.68627650835457
1.92419141505723
1.75210501368257
1.72772388086406
1.70600450142052
1.84258559233085
1.63073672768568
1.77342081052279
1.84830847797514
1.62191359954226
1.71848697299698
1.79332486344028
1.86122610839477
1.69861227833268
1.72923231748665
1.62413877987884
1.85914974174284
1.82512707285466
1.78412911189526
1.80126992943642
1.86989693793359
1.87118391884221
1.90731975664876
1.96221908496477
1.98253941934258
1.97293465343807
1.95533055436966
1.79805142563574
1.7845000486763
1.82252514845134
1.83853433407018
1.8985215861641
1.7015674317023
1.89835551200359
1.54794721307969
1.80721572270511
1.85060994853077
1.75184495358507
1.75445723427431
1.77959732974229
1.6841474052967
1.64798868222013
1.83469658014151
1.72371142137369
1.73627266317496
1.7366136657001
1.839117422999
1.53431363941659
1.78223491728578
1.96399380663326
1.6922303179963
1.80056712475174
1.77500623583923
1.86672831566207
1.57807213022563
1.57714896724288
1.76393370213666
1.69300787539268
1.83267569689393
1.71469737608508
1.8124652179128
1.85088824801996
1.56748396928385
1.86394054369019
1.90217044868371
1.68277270201794
1.78618048614091
1.72414788291769
1.69721493795082
1.41438700047063
1.68057625683729
1.69336764942535
1.57157560421943
1.65861654152562
1.76298271333491
1.79793137761956
1.82368827077564
1.75406094122935
1.80923243019726
1.76834639096202
1.82257163849784
1.86962213907083
1.84783143922112
1.67315293115494
1.76399935555448
1.94905564310726
1.93599803759605
1.76418461362118
1.70783535407628
1.58660892980593
1.6975908299176
1.79745852149975
1.89707731843401
1.94942030739648
2.05072633862559
2.05498935320218
1.67103945925864
1.66506403568836
1.82859815549528
1.86518741776949
1.66552755613094
1.98667483155937
1.84982682305392
1.77732479615745
1.55202597454174
1.86054796801189
1.70362922254426
1.73314407703419
1.7972383601248
1.69669193961305
2.12985414958851
1.77934025347312
1.62276582809171
1.6722483073579
1.71866235681318
1.71830309523526
1.80023057371887
1.70944377371915
1.48865601639949
1.52371057067316
1.65898916482133
1.69386504112421
1.47616307718875
1.74177883451865
1.83776411814838
1.51301341071998
1.84480533256471
1.70338530737657
1.74126688558572
1.49593932701212
1.54592993569843
1.83124804524075
1.83319050440709
1.8116641189896
1.7283514284009
1.76806442699638
1.70377452075158
1.67937687078425
1.72120406854638
1.80399366059554
1.85288213380356
1.76948915840212
1.63792968116312
1.86687787288089
1.95451520782576
1.93383429963747
1.92276723357303
1.77011275852019
1.68912038757885
1.92715862629526
1.71346331620172
1.79904990688075
1.79109251806335
1.80768252159707
1.77427024852827
1.46379596705216
1.68165608711114
1.53334144240027
1.5616095952089
1.8355737248713
1.81020169701246
1.7601673081569
1.71385225556177
1.54629481906682
1.84615469306694
1.8895830919552
1.70390417694832
1.64146097342927
1.63684233911562
1.40491008016922
