0.85885153580457
1.69872616766461
1.63950286262942
1.78822932863493
1.85258854294834
1.75005334527957
1.79025812636076
1.83883262000484
1.84966023884238
1.83827418212539
1.69263294861718
1.71600148841715
1.76396372148323
1.65772300054004
1.68130935013419
1.82077397883508
1.85947460717943
1.81787690234812
1.78872832638672
1.76830089689734
1.67987424358247
1.77459080826594
1.76082367500537
1.71151654850467
1.71403936650409
1.69543647947513
1.71513378284715
1.77357749147705
1.7442137845275
1.65264052987423
1.71209156438359
1.7234488735604
1.7228721623697
1.8101522558427
1.81598801008488
1.92438131817895
1.81746008047541
1.79319233722207
1.73722482285081
1.7331746562882
1.81554547958081
1.73207842965941
1.82567416023861
1.89508954317355
1.69204301858924
1.70758042668336
1.73800566581133
1.80603211357754
1.78385601271744
1.76418403389929
1.7097059091865
1.75834757091293
1.72905574932288
1.6322175487804
1.76431016096331
1.66971935967053
1.71561528996589
1.75962460188365
1.72278750526142
1.69642705103398
1.75157616336551
1.78379778604175
1.70894427093344
1.72636371205654
1.81720527372212
1.79676956779752
1.77530619307859
1.78741112007452
1.80314744705804
1.82971200426314
1.84274195368894
1.83783715871862
1.75743070875134
1.7917000171824
1.7755666957909
1.7483885543739
1.7484271438909
1.72793685636882
1.69718576862913
1.66337891417479
1.82281881889045
1.7272179212485
1.67945431587954
1.77215629709037
1.73510978323513
1.77740932495138
1.76036135968071
1.84901720200095
1.87965490931696
1.79155499023685
1.7952334078073
1.87381143274596
1.81992768884127
1.75969674309834
1.79183467640839
1.7813507089818
1.73058128575109
1.72338406130294
1.72846556018333
1.7718057989349
1.80845066125696
1.89635489477212
1.78239143925543
1.7502205387945
1.77513403058623
1.77278056194448
1.74657790224068
1.72103351207401
1.76697034188253
1.78075065861121
1.78817233511004
1.78206064227112
1.78339345228777
1.72790675629679
1.86739684694357
1.82793591124233
1.81782648924413
1.84478795231929
1.73599585513708
1.76762189284292
1.67678453702049
1.69341278536333
1.71887008423077
1.78185652767446
1.72667815585509
1.7244554212294
1.72680489542495
1.73702689761622
1.74513743267498
1.76625362974505
1.78108680765338
1.74044231153542
1.76379683070158
1.74524852459625
1.71820599653548
1.78809630838966
1.74850833328024
1.71969087031172
1.68475833297641
1.76654582670302
1.77083014108533
1.77452298368691
1.77953295630777
1.81450566338798
1.78450884843021
1.76004677901767
1.69935887653238
1.62016216589653
1.63515038004673
1.65929228768293
1.65999876925302
1.66357019559037
1.71596407134126
1.77045411399537
1.76192544781453
1.84946407734189
1.94922439721459
1.92067278621875
1.86410040516663
1.86758010465637
1.8317683573593
1.8616997756846
1.94038659950199
1.92346736112438
1.89989787297987
1.87267331367604
1.84443248458089
1.79015756406473
1.92948386489703
1.88998055532555
1.81781604489906
1.74506691352477
1.75767114400131
1.77706971536844
1.71468165471448
1.75137143059728
1.8015412314358
1.81103184907366
1.74755667084865
1.78288632829876
1.74075241707486
1.70707578679323
1.73884815640828
1.76214201858348
1.74442734732385
1.73421740330084
1.74648602918129
1.71644348709219
1.75165121515642
1.72971439486256
1.7402616371242
1.794781639037
1.82819497230097
1.92000338301703
1.85046559603795
1.89978240269149
1.80405011067216
1.78623324135183
1.89111750708231
1.77509834141804
1.7713089558399
1.81216689935918
1.81976954806042
1.80536527419624
1.74777418018916
1.66023406018315
1.77804116644042
1.78542339183698
1.79450236522034
1.83033814361464
1.79375551479448
1.7649950251116
1.79250448746962
1.78844204062704
1.77966148336736
1.76283534632221
1.74306551849721
1.75957093968732
1.76400773058007
1.80033214972861
1.77928253716618
1.7575882693502
1.76293264905468
1.7646708948506
1.76323485590233
1.76417071106852
1.7656332236232
1.76564449459115
1.78501503080375
1.79748649173316
1.80246701453589
1.80016607066579
1.78128887479189
1.77147069148445
1.69930195628559
1.69018836304503
1.7578661725297
1.6997314624776
1.77057565053686
1.73601273866594
1.68240051118731
1.72428425708716
1.73496190122393
1.73014113466682
1.70671341870141
1.71653715566333
1.75095880956346
1.74131213945533
1.72796692100156
1.72248588272127
1.72197545759808
1.70410516244911
1.70090793657208
1.68165201097039
1.69378432225733
1.73228981590448
1.76323711086087
1.7951813921519
1.75556974930456
1.73892365532572
1.83324198007932
1.70044706406821
1.73676853508424
1.73497816257248
1.76231518082491
1.85254373327101
1.74249000162654
1.70818099405988
1.75735333180262
1.76169154015555
1.73628641041399
1.82823373191212
1.75450166287032
1.74416101844949
1.76119204001635
1.77790987388967
2.03617638842892
1.87013219560939
1.88378997075523
1.94568148361742
1.818314848784
1.76263219007865
1.78069468620178
1.77480233868733
1.83207034382359
1.80088637962656
1.74839739307897
1.71114997139983
1.73548875257112
1.74539827271947
1.812210834265
1.7795869369978
1.82081569596043
1.75537179347801
1.85225813490369
1.64258624285134
1.8198699206603
1.81636669944181
1.76004090236582
1.78919757719816
1.74836988228743
1.7903079995773
1.89465001506785
1.9038682761728
1.79167915872359
1.71233138687595
1.71178521998573
1.78333170017207
1.81167349140218
1.70980533635228
1.77269076166133
1.80626364757048
1.84800202758622
1.74713014025088
1.82735613350098
1.7382239957261
1.78723653175442
1.75922607348441
1.76302612045902
1.75933745686758
1.89543480867411
1.74156906295985
1.83317640316123
1.79161232486729
1.95991170705711
1.77524861702997
1.78625181818961
1.76277662548062
1.68143926531856
1.86006339718873
1.70163827417994
1.80732401269371
1.7955091667564
1.81420398917876
1.81841994064086
1.8458719597433
1.91530708873155
1.82459973558879
1.86177980719198
1.81539428310104
1.72877175022211
1.7077725493104
1.72431597296271
1.74690092905981
1.68667085842548
1.70959952690543
1.70892928054066
1.70292653112017
1.68198216665916
1.6752550270108
1.70299962556139
1.73939805484447
1.71806807350909
1.78578594757908
1.84655055175003
1.80263669207715
1.80309786555246
1.75742477962302
1.71021814612725
1.62013744205071
1.74099049653511
1.70585702863015
1.77780677794387
1.750249652861
1.81918097738222
1.71185565326001
1.71474246002968
1.72045455479926
1.71182717143679
1.78065319365272
1.72504305466959
1.85174706324896
1.80296863177811
1.85711479223903
1.76685755012428
1.76130527705254
1.65324766059036
1.77647546423814
1.73562425715211
1.73464181451846
1.68285917655142
1.78344159105608
1.79219959047572
1.8942311775867
1.77817178775173
1.71550197715415
1.72295887758195
1.69792576362617
1.74249659236045
1.68312467874338
1.69791197948456
1.70951670718463
1.7138638019459
1.69503499531986
1.68935465621009
1.73318375264669
1.72978178306688
1.73255062126258
1.84073968477906
1.82449176116227
1.7532632920106
1.79466356176157
1.84523503055792
1.81963602601888
1.875716652624
1.93257347004044
1.88469495812514
1.70558653921473
1.78748383288368
1.74028295830956
1.71462293486291
1.75078118747635
1.66680902346305
1.64055667275454
1.63621616410232
1.78829299525425
1.7661917967831
1.70389102015104
1.79131032543024
1.81753928843856
1.90106003274037
1.87723311287716
1.87080099951404
1.89671442077556
1.84081774813557
1.86545054760617
1.87067024738922
1.87578740830291
1.89385855905726
1.72639112534449
1.71158978827824
1.71703189279396
1.70880088436655
1.74370004480185
1.801888858998
1.7460148490102
1.80028385359457
1.85701248977989
1.88360757256598
1.83110001916007
1.91376307189655
1.85303330613696
1.88018106193773
1.83170935930797
1.83434859726842
1.77144233332755
1.74486671547653
1.73650037164146
1.70494218419438
1.71634944892934
1.6979678479365
1.69752472836122
1.71503331104113
1.71072825923133
1.70173678953911
1.67384278202248
1.71716148988786
1.699277643255
1.69115833744387
1.68218263067609
1.73955443565594
1.75514218665498
1.76724567175442
1.77623848365929
1.74201148102827
1.77814423314546
1.74256180417555
1.76834245580772
1.79198413605603
1.83137474235622
1.8280576046692
1.81069966394544
1.83876766926825
1.85892978141801
1.84968617430669
1.86581733481722
1.80334534006501
1.8239713799784
1.82252113718244
1.80427921754549
1.82274523415501
1.80950697587005
1.83181133598174
1.84740153583019
1.84087141517577
1.83164192760072
1.85140904553841
1.82509164237143
1.83643125899203
1.82906119924667
1.82716352789571
1.86659561547781
1.8819507346256
1.89830622725738
1.85573741839884
1.87584317763862
1.85468365193378
1.87880951637583
1.85928794095619
1.90114737444881
1.92364125258534
1.92372012884477
1.91666004609041
1.92604732337707
1.92749882216457
1.92988396672949
1.92953079269146
1.93124607021745
1.92960749149269
1.92834478130154
1.92648522194744
1.92472855588192
1.92454928008041
1.92440974620047
1.92446733996746
1.92519997540625
1.92546217522738
1.92203106446383
1.92293162034558
1.92370832257553
1.92407546357358
1.92469225298708
1.92359664030855
1.92565715160353
1.92721015780669
1.92633257175496
1.92614679883458
1.92598632559617
1.92673743941088
1.92683100578267
1.92606847314847
1.92841391510287
1.92512158842236
1.92618583604618
1.9261054678358
1.93541104007304
1.93551933277821
1.93457906300209
1.93671142622919
1.93124963932296
1.93443807499031
1.94855682546391
1.94408084444656
1.93797406391712
1.9462212736773
1.9428338371878
1.95516247591304
1.93544792617434
1.90884500910148
1.9149346781246
1.91195959186836
1.90795690252059
1.89153770959096
1.89380557461314
1.87162761387487
1.86069439005305
1.85253655318163
1.86336322929824
1.8663863120098
1.88525430445675
1.90497117000655
1.87962895350119
1.81849194062933
1.76859527116984
1.69918384556866
1.75313128753978
1.8187117784441
1.81614181979702
1.82432531478968
1.83964352233572
1.76797198051578
1.77718342314785
1.77541169809511
1.7692116158977
1.76300477361766
1.77280082937629
1.79768913476443
1.79394484934304
1.7801972649915
1.79887613505123
1.80754452231317
1.80158105234621
1.77343227777813
1.74027637703712
1.80439458718512
1.78383201482105
1.76332740518204
1.71639413375939
1.75210743709092
1.85861423925941
1.69952363938118
1.67628459166359
1.71475943380691
1.77266306892718
1.76015758111428
1.72313674554426
1.68315827401488
1.73103102455398
1.65549382682861
1.65534516911065
1.64436926396266
1.64269384425439
1.65909771034576
1.714567180248
1.71922177054601
1.69522933424088
1.70530925237513
1.74073053203826
1.70930700058393
1.68501187021121
1.77394035556014
1.76995925775584
1.74840015138928
1.76065302353359
1.76714935551671
1.76684614040722
1.84160099548411
1.78841263766067
1.75178980597551
1.70308782511549
1.80847395382241
1.83881023570508
1.72989298623229
1.77096458889002
1.70673811736519
1.6533418399287
1.78155957081185
1.78654259025839
1.79438630295999
1.72838818093251
1.76537098103128
1.80184617144392
1.79344687524493
1.68482907111227
1.80493388919185
1.77375400734082
1.81354193975324
1.75960115829799
1.78221768577982
1.73838774062176
1.72869794236615
1.73809306654073
1.80222266041374
1.77245212922726
1.7503650911132
1.7914416790099
1.70836729359406
1.78307659858445
1.66299702228773
1.79350808702542
1.64157495113721
1.70285720553635
1.68853874192467
1.71251114243536
1.76862486578654
1.74239014830903
1.75812747741641
1.78622017131415
1.75095051148502
1.70975278156503
1.66437304269831
1.7497209040287
1.74212964107289
1.70489885314334
1.7255019952658
1.77220690922273
1.72265302903379
1.72529897578453
1.84211539072062
1.76719420905504
1.99157500293955
1.94931425512146
1.74005639662444
1.75466786417405
1.81905541545698
1.6869833062164
1.78554250036776
1.75431250177711
1.79003332997707
1.92004524539288
1.87379420712871
1.81740273841117
1.7513269750878
1.857188053984
1.86275377981298
1.84932536279607
1.85620152288267
1.84697889605176
1.85074363680534
1.85639868809556
1.86356958861791
1.86262664724904
1.86697155838731
1.86269066219847
1.86541337552292
1.86896831752596
1.87873008394606
1.88390548401983
1.88194100847745
1.87699486610348
1.88917535341701
1.87391936824315
1.89724690141759
1.89682301563966
1.89328234263893
1.88834207871594
1.89545915196756
1.874248708669
1.87324797457545
1.87918465183339
1.87301394954607
1.85634719151582
1.85642247748786
1.85329611182025
1.85191017542651
1.84965547271171
1.84773812195735
1.8375779287685
1.82918004028011
1.84820573573068
1.83647601609182
1.83638444923134
1.83484806301952
1.83870795240891
1.84231392330015
1.84487623363636
1.85201483292904
1.86852539707607
1.86493016236678
1.86770621558722
1.871486650221
1.87876616440168
1.87495104154079
1.87440536900587
1.8928306537145
1.89043661923031
1.89617546167177
1.90381212436202
1.88967296291707
1.89223856865003
1.88231447658541
1.9185633939257
1.93423655803494
1.9153212969626
1.92345946298014
1.91731986772814
1.93165628376281
2.0092435045545
2.0299319408976
2.05785960153319
1.94931971012858
1.91579972442325
1.96159425195744
1.8805217223943
1.83344258557255
1.72970166592732
1.759040982765
1.76031310038722
1.77369780533015
1.81886015925661
1.78245413162253
1.81809952713926
1.78628132619452
1.84838099556007
1.84415678040402
1.81261424424037
1.79470066574892
1.79747605969372
1.80694722876916
1.85111703753742
1.87979038729239
1.95193662151927
1.76571343125544
1.87183107732894
1.74489778844792
1.79030990389854
1.77475823845872
1.78732809651106
1.73195196862443
1.71413860234072
1.69534113407638
1.75482505018391
1.71384493445241
1.8089037609737
1.78036432071876
1.77202666688706
1.76324212336952
1.73365121148169
1.68224372531814
1.85331591038247
1.71819190847943
1.76791019168781
1.83881852740532
1.80388513054126
1.82504140064829
1.8631370280913
1.88326216242287
1.89255410393986
1.83830013343464
1.85112315395276
1.83089290031187
1.83960676514364
1.80268929240983
1.80784725611062
1.76350276439666
1.82647949941902
1.7226240142847
1.74031974581813
1.76606684546792
1.8111602611518
1.87717634670895
1.79261222515762
1.79561683516668
1.70498925612724
1.7050347171445
1.74981401057486
1.70919328891067
1.74870958122374
1.73826197234865
1.84313090401875
1.74170161648472
1.79367066174159
1.70948391479009
1.74293572465089
1.7761457964153
1.69307100906447
1.74566007670186
1.73685983528701
1.75242324459949
1.70674763317599
1.7297847948172
1.74144622281395
1.75050329880175
1.75458033753211
1.75407598857305
1.75384275502147
1.7551892574486
1.76013653542879
1.76083615362825
1.7595738557364
1.76273784048194
1.75851764643889
1.77136595732985
1.76953374412645
1.77125894573451
1.77146576166678
1.7651090310742
1.76427998602302
1.7514479543631
1.77464777451128
1.84105944805898
1.83316960428536
1.81922169727477
1.82469159514181
1.81680384320274
1.81434549830342
1.81779136675567
1.83830947172128
1.85574355949272
1.84054054164369
1.92379350555471
1.92524769235929
1.85433788160189
1.73009704745548
1.73823472261444
1.76016045918814
1.82876519182098
1.91727677447679
1.82609189420023
1.71175116705966
1.79240717170313
1.74202105126078
1.72103263616729
1.70253256358417
1.68436723017037
1.67121027638007
1.83992563102421
1.75516607427992
1.77060500860454
1.78618979146062
1.78213023221588
1.73829152381813
1.7865864261527
1.70864034556364
1.72651615713886
1.73674061051735
1.66931581355524
1.79884683884761
1.81440504196827
1.75420438513721
1.7187653218626
1.69806291053245
1.69233627816801
1.80109694537801
1.80132214747849
1.83242829380198
1.76908589953166
1.83942011660494
1.82320068046464
1.6981144761873
1.74455661409951
1.67699967073607
1.74298232254558
1.77727939342452
1.76728283799914
1.77415223261513
1.74419497545541
1.73308667701126
1.72316506604538
1.70323201826898
1.72449833797994
1.72633691209317
1.72154363306886
1.71696315870123
1.72038902554739
1.72805680344128
1.73320193334485
1.72431548245997
1.71464349817718
1.71512961988072
1.72371463959539
1.69290148268574
1.71854500800262
1.75828954071167
1.75257518019696
1.75201369050996
1.74150143502556
1.74258725315176
1.7375930467219
1.73837632615762
1.76929658276086
1.77816556365286
1.75869685403894
1.71303201018175
1.72391384522559
1.73820314553591
1.72689466585913
1.62249026206826
1.65666257306042
1.73167124875364
1.67298902701119
1.73175616616258
1.75090703818481
1.74598057827736
1.66689147917562
1.72671982891242
1.74630605765556
1.79230461788489
1.74938909962655
1.78253456863064
1.82650562743368
1.79277019427242
1.82246319612621
1.77269274749487
1.75793048470988
1.78529274515105
1.72096294297429
1.71027410156601
1.71681371826754
1.71894499082965
1.77883401235388
1.71493399327626
1.68678741713951
1.71976711280083
1.71030792399851
1.75302785668587
1.99520388229391
1.85686877095914
1.77499832682641
1.8484253533562
1.73996917612387
1.74123753459408
1.8384231480265
1.79518500182476
1.76015943234823
1.80277640318096
1.63521942980648
1.71787852860372
1.63559710981046
1.78885153081781
1.74639191957991
1.69627326216511
1.73402224206972
1.72193707034426
1.62747949172592
1.7067805888437
1.70378512504413
1.68748555301922
1.7500055486203
1.70764420295533
1.85576068441188
1.87705454024926
1.82994915343662
1.77717519545213
1.67831120854911
1.7230478126802
1.76164699122958
1.76825078240425
1.73754421505696
1.70202383722765
1.66966666553929
1.78102010992452
1.74860278921278
1.71949252299459
1.74331136124376
1.73848973162253
1.76366785241782
1.68222905554617
1.6517562750708
1.74604157437608
1.65188974309591
1.82467214107641
1.83569778847972
1.73846387295408
1.87009351475845
1.83563975472598
1.71751010442346
1.77377995718472
1.76099821840759
1.71065660161431
1.70326814436093
1.66188587093298
1.75806177809419
1.65301359610622
1.68448895320877
1.64183302211668
1.73860084370613
1.70558313215803
1.74539659989115
1.71764355027769
1.77240286242597
1.77065791708781
1.74218591417918
1.81945515224925
1.79099654997142
1.78895400580432
1.79775720553673
1.8597901802537
1.77348565640908
1.77876219059916
1.74984429789245
1.72808303476374
1.74597359932574
1.75092619096949
1.77345452083236
1.75820164944245
1.76540130783676
1.7637484601342
1.75937729906287
1.76795333476737
1.76529803758977
1.74340217073467
1.7653818773998
1.77031157257317
1.76043093487827
1.77038804079033
1.77355734841834
1.77531411181217
1.75255653791135
1.73909074487881
1.75277430114151
1.77445735068452
1.86776990909222
1.84562678230621
1.82321488142491
1.81069262607951
1.80399589271524
1.78057642216929
1.76064178055001
1.75986825165488
1.74799732929647
1.74737623936986
1.73961921352263
1.73170430777531
1.73322653102103
1.72820106216412
1.73324718895658
1.71134067618979
1.71235342406476
1.71393582547201
1.75458875153818
1.76737569959497
1.7533219565515
1.74382464751799
1.74104123424263
1.75200813779272
1.73741977445061
1.7338663875478
1.76143483086928
1.77311832081639
1.75179708315935
1.79459420093844
1.79493508587423
1.77782773860272
1.68543719292024
1.73810441618776
1.80885842395466
1.70672814828903
1.74895042045756
1.73764948796076
1.71369394179955
1.77479381585939
1.77553198492701
1.7701089553206
1.80525498952152
1.82627520187679
1.88244901871428
1.844444128201
1.84469565661191
1.82335790055744
1.77814669115254
1.77113709135492
1.743712137581
1.7547403372997
1.75533338931534
1.81441572890208
1.79154530320293
1.7982794637897
1.75474703551416
1.73122276415349
1.74473830375804
1.78879561622295
1.79625561563601
1.77054651618423
1.78913762171919
1.85918168770399
1.81841958222071
1.73574327317918
1.70497898355672
1.71521786168396
1.65259777867805
1.72562405518121
1.78618171881755
1.68068373732687
1.67365883991739
1.96243149501127
1.69760582229797
1.77837964022671
1.78608895636886
1.79665721556521
1.7372077848013
1.74454688275389
1.76086632730222
1.75606209632834
1.74282107086473
1.67241113739077
1.67703889840244
1.66987488232187
1.75549167446356
1.88964340302916
1.76612906508307
1.75083156010178
1.75730237382132
1.75771308780726
1.79642730647552
1.71307204957386
1.79526272512357
1.69687712701105
1.78683987484847
1.7373945703399
1.70194724901282
1.74811044163257
1.65429506786229
1.67496495260055
1.75730651134392
1.75563395847397
1.74513024824897
1.87422914528822
1.85754136050785
1.79366951983036
1.76937526745852
1.70792562444787
1.70871831327042
1.69283295858875
1.79068524621473
1.76223217510996
1.82997401676694
1.76590067740382
1.79992587533376
1.75111957203822
1.78762997316475
1.78722546680568
1.72238505228263
1.78374345585221
1.78257655209359
1.86633057434912
1.70426104045489
1.67607494399301
1.75361076838867
1.62088273348313
1.69769429492809
1.68728922726474
1.67473163906372
1.65193070415056
1.75628586732606
1.70603517676003
1.69859202863597
1.74728595030323
1.72167716419382
1.72757084138631
1.77025122040798
1.76532209447155
1.81566168545134
1.77952188713302
1.68788380100913
1.66717524020281
1.71621734977755
1.79163742453863
1.68387917966415
1.67352012532119
1.62642147456185
1.67878578368816
1.73153964475122
1.73792419098698
1.78218027790396
1.80795270975873
1.83554855219559
1.78095906077379
1.69382889701787
1.68397459770029
1.73422307802802
1.72415672513715
1.75960684689388
1.72422269811295
1.73567873970848
1.74384112276841
1.80149295276255
1.72947850501162
1.7678994499769
1.88054168436658
1.82789626703585
1.86439699714082
1.84193064007789
1.67203988078792
1.8395746292053
1.82558362206609
1.8951109728943
1.87199678542559
1.97404634927135
1.90678696369935
1.84155223852041
1.79583031623372
1.74194334571044
1.81582541974995
1.80195674777626
1.78495298786088
1.75513061435504
1.77125731991279
1.78528449323434
1.76668132886979
1.79177833455441
1.77003259841431
1.66747241879594
1.79841634062712
1.77342342510742
1.75290484325394
1.75281066258008
1.70537989633088
1.71077170779911
1.71345703563954
1.75255033099254
1.72159850236695
1.75927705597838
1.80245719010202
1.87800334758475
1.87876247124083
1.86532198072247
1.8630562003622
1.87076813919472
1.86624557355515
1.84288798203238
1.85744872332058
1.81888535421475
1.820068359759
1.80908343309008
1.80990715920472
1.82048030005111
1.82084407783447
1.82527431594839
1.82855066363417
1.82996174628297
1.83062865874197
1.83009563536308
1.83391089410656
1.8337390103125
1.83209975620096
1.82608166613197
1.81608296800387
1.80577537940488
1.81857407069463
1.82441161552181
1.81858079570238
1.80086123243752
1.83954450476819
1.85408350953693
1.86070785370825
1.80927829055119
1.81494234081292
1.82356619239882
1.81529478608819
1.81652801761812
1.81958810599071
1.75996812191849
1.67137145988336
1.68331601417197
1.66094505448467
1.72296718590332
1.72456825624204
1.67966453679261
1.76883451499229
1.85017393969103
1.82377157912133
1.7204627212802
1.73482227674621
1.71624720318578
1.74911101938342
1.73594148472935
1.67111472417421
1.69578309106727
1.69975529986024
1.77821170211684
1.70828513399979
1.76917408328489
1.82858033756408
1.79237068616775
1.78343809515587
1.72673297960358
1.79326951485273
1.84846682533209
1.90916688283217
1.772264204544
1.7756010854313
1.7196708550546
1.85228951265045
1.78196746573326
1.79466866689911
1.85153839534239
1.77229926015216
1.75345556919286
1.66058655291021
1.76663271444149
1.86716698093929
1.82222086427506
1.83740600098664
1.8174449358593
1.79235063421616
1.84061005603711
1.81508143303372
1.67918449177029
1.7225589731682
1.74996108337301
1.76036318415054
1.78721657594222
1.75432755576602
1.86088339791119
1.88272163576735
1.89918000207822
1.91608442163224
1.79640455455348
1.88498084632218
1.80060143649233
1.81332548029097
1.76186779526751
1.83476031581176
1.79016662945265
1.78726249073384
1.78557785349928
1.70799221333687
1.71979186137927
1.72038378962789
1.73243924988729
1.67756344295278
1.72654376327027
1.75552553515009
1.78074181135053
1.82985846076272
1.79287763575317
1.75365577873987
1.7281358753184
1.79928290635247
1.87183580293573
1.8301307090382
1.81583640575055
1.82800328850045
1.74597276395611
1.79095507122206
1.82085927797603
1.71904580936084
1.76371982124623
1.74657326634649
1.86629822443968
1.83985738162602
1.85842570831059
1.69206029710724
1.76822116173226
1.79142907137881
1.75736853342937
1.79747282275472
1.78784838397409
1.79011896081834
1.83612022693161
1.7864981156915
1.72587305054308
1.72424537637045
1.72231028149064
1.89818949638061
1.652153912051
1.78761897212033
1.7850339333763
1.74447226139775
1.74836467042714
1.75184915887587
1.79446610229033
1.73460544856842
1.75964874481731
1.80613299999984
1.8461234381388
1.80770734796502
1.72205975493549
1.77758982981353
1.81183307185314
1.81380174980877
1.78123808591885
1.77776006548291
1.82380255656396
1.89775955569979
1.83740353939052
1.80484559860192
1.81046190349199
1.76502192597542
1.75574515781145
1.73546924642287
1.73460140596684
1.71679148775029
1.75256504008378
1.70474062030703
1.67952847218651
1.71573246561254
1.68621303627884
1.70547022023949
1.79358842614089
1.69384613397315
1.73627599035503
1.7674574741636
1.72193318622017
1.76011048371325
1.79815659446195
1.81553703467828
1.81713572498855
1.78603441477773
1.78828400482615
1.79343657934718
1.77165074081052
1.78020115152372
1.76176303759262
1.77308737950319
1.74014105072641
1.75079786990143
1.73482995210118
1.72841110947453
1.74593648040199
1.7680843430254
1.73963940661007
1.7298245519983
1.71326452244602
1.74715993271276
1.74236224979471
1.79207361687263
1.76138696468654
1.8750855832337
1.81514793265877
1.78710692586711
1.8258632964718
1.73167850735143
1.84688015000557
1.87149764218744
1.74015756606923
1.7183087551735
1.70920636250102
1.73313826444781
1.7679626291955
1.78027815725183
1.68046719609756
1.6966720370562
1.7529694012247
1.83404980474165
1.85456603168068
1.83554971902035
1.695356039763
1.75369595060588
1.79061123206501
1.83408313047227
1.80755450300656
1.77034162879931
1.74411972264897
1.73308754953143
1.73480481543786
1.74659248312049
1.74399746291975
1.70358599181329
1.71308873561902
1.7330762363748
1.75954890197616
1.74401623856575
1.73205897583822
1.79318735850992
1.71151408312598
1.74146194483384
1.72559997990073
1.69535016888767
1.76155037831714
1.80011947064625
1.72977305077946
1.67060162823328
1.73787751941087
1.78011766191167
1.7689313733796
1.79203357652877
1.81633990799328
1.85782085560733
1.86258828137431
1.85695796495101
1.77297411228235
1.83251915646794
1.76939314147445
1.90601495538389
1.85044152807021
1.81215046973353
1.81977264660882
1.8742128477514
1.65922763093949
1.69255492649195
1.7538452958963
1.72635001946577
1.75962628947304
1.75954572699573
1.81000565119591
1.82545333278815
1.82126261345697
1.83594183201552
1.83226191044463
1.68884510297426
1.72399067646703
1.71284737501077
1.68745612745897
1.72983870147599
1.70560233964593
1.80106436939644
1.7682824630386
1.85837243206223
1.95706477952682
1.98302466384595
1.9238177691837
1.93909099438906
1.90600626122425
1.94495038831833
1.96917701147504
1.74925392656381
1.7569870833041
1.78395119748403
1.7574126939284
1.73802574193825
1.78650956487848
1.77169733341185
1.87502507399256
1.7751083163618
1.80563504078332
1.79036263882124
1.81163124917557
1.81149562532422
1.79379674345774
1.83500660557664
1.75757704135835
1.76365649177748
1.76759558122888
1.82581804705
1.75275005746855
1.74172194433463
1.72756716390417
1.74306048984397
1.73773045583184
1.73591596845141
1.67131226009668
1.73224228389144
1.7254455755931
1.71864376101523
1.72536968175135
1.71228300471401
1.73225424942978
1.73116422943919
1.76753911243008
1.79737471438711
1.75126794154685
1.74872542460533
1.73198549989012
1.84084601841669
1.62778476293757
1.68526816213988
1.73025621668438
1.71576113705044
1.71289299756393
1.67360167403967
1.7033780689333
1.73721694909975
1.88289846036159
1.73823429918588
1.74814671626814
1.69302320209196
1.84217170446405
1.77211834224141
1.94516297129732
1.81560595007549
1.82900402711599
1.82717499860547
1.77358208297055
1.76166526288461
1.80436408471374
1.77826699618321
1.79364494833955
1.83374537982102
1.72801247380398
1.69661188088207
1.73924026197873
1.76759444041586
1.67639906958102
1.79740063250168
1.77716106341919
1.72598692954423
1.73819664451811
1.67366248873622
1.68364975678867
1.79167159532926
1.78129230623521
1.74497178966046
1.83315516830862
1.7746217328083
1.84508890141106
1.74775451460514
1.71321280196444
1.7908733307133
1.72265063787934
1.73397455298775
1.78430036384515
1.84200613130799
1.84411352172745
1.77655779776502
1.77392805195142
1.7713455471321
1.73349223020399
1.70701837094549
1.72577569001846
1.75655676122262
1.76627640368419
1.77733326822844
1.73728915547557
1.63789338102438
1.74198418909572
1.92091147558345
1.76414966381718
1.77588685325842
1.76407895319444
1.61608717536751
1.6929655975087
1.68447495190305
1.66405483589263
1.72762859026884
1.72953016076927
1.77972528127679
1.83085394587199
1.80068431363128
1.80551151884352
1.71196460569771
1.72293610340849
1.79190136203451
1.77788743710603
1.78477374910595
1.75844352836743
1.7953565813925
1.74305806950459
1.77507172161605
1.68240117273096
1.7519542759416
1.79202021176759
1.76610862797811
1.65546552935044
1.75405178701065
1.73165202815168
1.80556228874389
1.70893983967093
1.68631442243505
1.6855886621672
1.76226106188792
1.77552838912989
1.71898119001604
1.62354007955562
1.78103578401093
1.74313089989949
1.75261048499201
1.77736126698499
1.70728332039132
1.74840161346069
1.80345989129306
1.84214922190687
1.75792063344824
1.71148100011332
1.82756158281821
1.82619916390201
1.78464584798448
1.80640327809822
1.78648566236017
1.76886230641733
1.85603938280281
1.89827953097928
1.83294561091483
1.84813105275124
1.83879680569806
1.86481172919541
1.80088378909855
1.8170932002065
1.90976875026823
1.89799965574195
1.92151478691986
1.84749889921095
1.84949773660482
1.73232474769575
1.74856282212689
1.77841820163969
1.6932819615401
1.71700692256763
1.74975921217243
1.73743365458483
1.70720378535352
1.71691871949698
1.76067813697347
1.74431968709244
1.75558413463866
1.74204509212786
1.74040846020893
1.63889609736881
1.79486460367648
1.87984080463264
1.88735890258172
1.83618599933992
1.78964530677254
1.83586738372266
1.82633230305999
1.79735734250954
1.79423404643493
1.79251444641527
1.77899261080975
1.77089908878288
1.7824609774972
1.81153893236967
1.81738149197467
1.81919918574924
1.80602951880088
1.83062963601316
1.83307424439714
1.82915321614808
1.79041305632341
1.77227907087534
1.77332636228582
1.76766139700081
1.76249904793984
1.75445758413654
1.74400057414616
1.7432039876103
1.73269778986413
1.74001583159988
1.73018244887913
1.73956464134786
1.73950701057628
1.75176818765216
1.73645400623555
1.71362714086606
1.75114438112618
1.77773215651119
1.78406871874333
1.81928186544221
1.80619963678049
1.80404406519969
1.82716575594893
1.82835304108967
1.83342388025775
1.84378199159991
1.83966946814919
1.85184355214133
1.86884866623432
1.84409618573062
1.83951679845461
1.85749331518378
1.86233028253757
1.85632329355937
1.85561879334551
1.84055776821958
1.83587693742533
1.83100244885882
1.83208629492885
1.81896865446782
1.81950850731731
1.80301635486921
1.80942553053096
1.78271861548843
1.70450682753014
1.67497443784501
1.6661378096707
1.74807396188996
1.8073250621863
1.82548414749431
1.93127635982246
2.02767385503229
1.98318832645562
1.96428826633983
2.01397430697901
2.03959029388426
1.97875472028264
1.91276209847544
1.70927379291686
1.67336618975291
1.79449329933609
1.81110370264238
1.79417706430691
1.83686843553835
1.85658909347062
1.86186451025401
1.87557382464934
1.81590480898536
1.80284622444525
1.79806699972902
1.74649945002654
1.76456301626368
1.84357995231232
1.74918557844487
1.78257829781996
1.79014345588632
1.76602008536144
1.77871518113601
1.78444996955555
1.81178171310733
1.80526301607706
1.79739071021096
1.79346213105173
1.80628923667007
1.80030362693658
1.80576406766495
1.79372570750314
1.80935444135756
1.82018526575104
1.8301908292161
1.80988170618213
1.82714485199722
1.78156535650651
1.77660640085206
1.7439571544878
1.78174552770385
1.77720526864059
1.72566541926538
1.85571537643714
1.81806589649772
1.87219849100595
1.92871280521714
1.71047349587114
1.81236004937251
1.88594471548604
1.89725569859471
1.92847859733908
1.91740392227767
1.82409200750144
1.79672513439516
1.83309168523776
1.76965688194169
1.83648585602072
1.83087912676058
1.81881636336345
1.8307011175934
1.88526814535632
1.77368776377273
1.75187955911794
1.7017977344405
1.71989166495071
1.71877026551607
1.73317651870662
1.72715660754715
1.72443518223051
1.71189733639819
1.70271429207958
1.79660038861176
1.76460176141417
1.75788892079122
1.88429994129211
1.91122335635834
1.94414983430509
1.95987569443423
1.94714929425732
1.96232961728342
1.92159233647744
1.8956221719745
1.76425984203131
1.79972382150914
1.81415389987266
1.90886857443141
1.86793299337762
2.0413766074222
1.95162801214447
1.84760104522686
1.80683430520401
1.78063234794264
1.750022294532
1.73479742639593
1.77710713364632
1.66786966591388
1.65340624095123
1.77719097299473
1.70165186323743
1.75650169531291
1.73745288251099
1.77955388347103
1.71079972993929
1.73576559905578
1.65553903446715
1.66890143248604
1.73808266182725
1.71892246036232
1.76554229792198
1.74663268991233
1.75415077281553
1.7989911098875
1.8258796274512
1.82680159503146
1.75292041966821
1.74131927737029
1.7280591330858
1.67450507200392
1.6904643149568
1.72168539933955
1.7690546418359
1.76634203916972
1.74990179630518
1.73633215059007
1.74983731874794
1.74678679726304
1.75485293938051
1.76791861287046
1.79479104976751
1.77539519689299
1.75942744200211
1.75180933016314
1.72256916686561
1.7281036123021
1.73264253545489
1.80581268335801
1.79387916646418
1.7379338065185
1.91614177770588
1.81066465599261
1.91263980137763
1.91118166261542
1.84341124668938
1.91443956364777
1.81031595648289
1.77774608186332
1.83779581265618
1.84483098015839
1.80501558014741
1.88548302770114
1.75990197168183
1.80953979244591
1.76823021450202
1.7548896221171
1.76497125936969
1.72787575564661
1.67365152499103
1.71162858000066
1.73937728627316
1.73828904613853
1.76074612422745
1.74214934111309
1.7430718563658
1.75994397926601
1.7373716278132
1.70123966239908
1.66919722931602
1.68190390306086
1.66134358717442
1.72539008603366
1.7298720755572
1.71627142224623
1.70525376624646
1.71651234130017
1.79963601753878
1.75358966607575
1.88858696190466
1.81981050408991
1.80848537412193
1.7397181057817
1.6693789985645
1.80022670477066
1.75867197381875
1.76522909349648
1.76958082827869
1.81019877491903
1.80470022649703
1.81685789625054
1.81447929085154
1.81367799961669
1.80644718298473
1.81225568504902
1.83752681218451
1.8022151859505
1.82492188899979
1.82731240385208
1.82760306391611
1.82727232077179
1.7847160701703
1.80163680339354
1.7968202683444
1.78708652321855
1.78740475600933
1.70240231128437
1.75838828753867
1.80789032010804
1.76217487153326
1.74505054750614
1.75292064041345
1.73173274024299
1.67713218169211
1.76949155617621
1.81722380246686
1.80718506950849
1.78457936440753
1.75677921081323
1.81746853614759
1.80483841457406
1.80061988667061
1.7437743825639
1.76153013014796
1.71453754035786
1.70468447960371
1.75772156383333
1.73060263080471
1.72515194833198
1.6984185870223
1.71101562878004
1.77201503039469
1.75813705615968
1.69254809287979
1.65697624284541
1.83788699494928
1.82283350834047
1.77308814575079
1.89195572549542
1.87352418479691
1.77159790548405
1.83603403093657
1.64876859690002
1.84388591105677
1.69559034935891
1.77672668111673
1.76004859363365
1.77065400475408
1.84434732074139
1.72367732551127
1.71409689498954
1.71179229637314
1.80832469987784
1.68671197449972
1.79910442659027
1.80511762209753
1.74309635126819
1.75825257371347
1.68385590443009
1.78775573369177
1.67108217053924
1.8019288536819
1.99775898511683
1.83525734898418
1.87055247066817
1.77526016433539
1.94232441841303
1.81469012224797
1.74043123377115
1.78826256184384
1.88544416096334
1.85905966813918
1.83222277817137
1.75979756384636
1.7614967666167
1.70791313459412
1.71713708863773
1.76828526426597
1.78420025606512
1.79214671447463
1.70537882296496
1.87955861270674
1.68941645837814
1.73281499736101
1.73105850198028
1.78005154087246
1.79234521996678
1.78078561546424
1.83436510988052
1.74545950649999
1.88679615308603
1.83229204344761
1.80213494228994
1.86991339925768
1.89235021150039
1.77113683838455
1.73706980131567
1.8814947972033
1.83162727393566
1.80645016719232
1.8103635778391
1.80149991555481
1.79709118835708
1.73541056062373
1.68614421265823
1.77259000808718
1.75952726254556
1.7466203742937
1.73507129594695
1.73586407147857
1.74607757793116
1.75674755554488
1.75698654329614
1.75837866836514
1.76209195546305
1.75772386829411
1.74711667406927
1.80162366033889
1.82858602272108
1.81760159239267
1.79931927548199
1.79882048483962
1.81869512401741
1.73989018354281
1.84849082445672
1.73375844462062
1.75757396779833
1.80180222147834
1.77672912805091
1.76499079731114
1.78174542764553
1.69007018208588
1.80323147660316
1.9064089645779
1.7655493213733
1.72637748999621
1.78665207892792
1.8131910685547
1.74521924350086
1.81561625067699
1.81880732422714
1.81059986709391
1.81532500920358
1.67871671507592
1.7555547489965
1.82297061297107
1.87099822006485
1.74555593690546
1.72866200644033
1.7241150327792
1.84059452213641
1.81852333726096
1.88491613914363
1.83199292863707
1.84814624939424
1.88589988089672
1.71158137590079
1.70528260078726
1.69520792436328
1.75932864447605
1.77942319760544
1.76202948451785
1.71372437279504
1.84326825945658
1.80289181380708
1.70582304467091
1.75467772598087
1.80595369262265
1.82086395153972
1.81610267734784
1.84673706746027
1.79001100362902
1.85393650637575
1.71499163677492
1.69357741072734
1.77319658456254
1.85846680763684
1.74993478849945
1.76962383734455
1.81087273666776
1.81683411715136
1.77783587827408
1.7607612092605
1.76042672234967
1.85201267337271
1.77625299579472
1.7927391380425
1.74387140412233
1.8135186046384
1.76832527566762
1.85413319624318
1.84245619368982
1.93363421758302
1.84938992957861
1.83853881992703
1.88030712895536
1.83067564246203
1.84097529723596
1.77599773975253
1.80098308980491
1.73937600914652
1.75130355554272
1.72437197594245
1.73276336114612
1.83540624666415
1.84352720055541
1.7953527372329
1.74859639152704
1.74731216048884
1.85178860703145
1.84217305792806
1.76741068035236
1.74502985097969
1.76445009514895
1.78633398612742
1.79789618781114
1.84570878762792
1.73686772136568
1.76305939177103
1.78510670772887
1.7365316779696
1.73680107812852
1.67737551904244
1.62034414984741
1.62919910294341
1.64628598952771
1.75839595284024
1.76340911244278
1.80523926915696
1.69981056736553
1.71721075338542
1.72810553310824
1.80615199646444
1.71450685223219
1.82856322580889
1.64641850449907
1.73822135059581
1.72665023793072
1.72066184575197
1.69671447804915
1.70095277841475
1.77020460304278
1.76194876863479
1.75846170624388
1.72137158796299
1.65492408302214
1.69918037418824
1.6572491125195
1.66565523782496
1.66218204643841
1.7636789165137
1.76682566114014
1.65483890970725
1.68562448250697
1.76498054812609
1.72139076608727
1.78355680771462
1.70130943797957
1.82564849675593
1.80048816963678
1.81196947964013
1.87312048467284
1.72828246562816
1.7094285024125
1.73789281460017
1.70034642734868
1.73479452911101
1.75780070288126
1.70437829035582
1.77420021640831
1.85964369195656
1.79076473359242
1.74867273540541
1.73473508881118
1.69349637698628
1.80382052194791
1.87107188518489
1.82657312610718
1.82992774833889
1.8354060795556
1.86559411776815
1.87003229898313
1.89397864837435
1.83415628479669
1.83415629293918
1.82551113893413
1.87800340166064
1.84643956975338
1.83571949650666
1.83997563594247
1.81302764677567
1.79914977053597
1.76397122142327
1.77174851370049
1.77498026087262
1.78384995905652
1.78224487050515
1.77468527563975
1.77480261068443
1.75934313074665
1.75929694860514
1.79974294392628
1.81280598869704
1.83389897418975
1.7630377934705
1.70850037944758
1.8455262125921
1.76113246006281
1.78749596813763
1.76333816383434
1.73656029644522
1.75005719829573
1.74166922373821
1.73341717729307
1.7947225859449
1.82765857000091
1.71360748159058
1.74247212676773
1.75964346187701
1.86726435411467
1.86787020494205
1.896809458664
1.81911053474431
1.83954642678289
1.82463878230709
1.81894622458638
1.80816983400635
1.76409512776678
1.70018178718008
1.69757771692119
1.72437534738577
1.80115607470688
1.84346008132095
1.81338015181237
1.75428147733197
1.76451081046019
1.77470483220267
1.82462297822762
1.76560011094434
1.72474016750537
1.71925728173179
1.72303966178274
1.7288158094793
1.761907266645
1.73807361029961
1.6261302047784
1.6900053366649
1.67461477268006
1.66961365036054
1.68338373040084
1.65983164505432
1.67059133583672
1.67942855354454
1.68968213138291
1.69088498529372
1.70054552122672
1.76279976160292
1.7765835508853
1.7824174266695
1.76605989558791
1.71093576326139
1.75754221842044
1.78660560541939
1.70536922763237
1.771787577156
1.83967041859911
1.77910113046628
1.80766629470958
1.79665138598256
1.75264297285403
1.74836302006513
1.70856212712535
1.70455393285134
1.78311147598189
1.846154950737
1.84049683418631
1.837320506941
1.84815342033066
1.75930007768686
1.74583327070378
1.71991240605431
1.78752784173921
1.7793515120458
1.76484817212449
1.78452049151742
1.72513164736701
1.73217662586027
1.81632508482811
1.80719844705743
1.74806414574017
1.72672984511988
1.81771590001175
1.79064460913439
1.8236703460815
1.77892980063297
1.80073060836438
1.82033255320802
1.80949564647049
1.82915069068302
1.86913552270671
1.88043236475363
1.81414450120819
1.75532921937182
1.80164017358599
1.86900530985308
1.58951102254467
1.76881560244688
1.71697421434175
1.74638701309473
1.69298282841415
1.72312261331834
1.78428965218349
1.74144458021057
1.69079458558679
1.74989859998299
1.69792183952857
1.71247800473664
1.71874937512674
1.67231757064628
1.73215888119888
1.7280986802866
1.822339605169
1.7899041418644
1.66585472668462
1.75933798973323
1.70608636881281
1.69934082578505
1.72756426108154
1.76341225791263
1.69414311780373
1.72602394866559
1.72263835943253
1.73038924389792
1.73897441459898
1.75215894858328
1.74908498140331
1.74080346805613
1.73927551037173
1.74053938733713
1.74240267533228
1.75169104895738
1.73169003079581
1.74828363115552
1.74020499972622
1.77202867345929
1.74158561590831
1.73078757326212
1.77565488001348
1.76379269599093
1.77020096292768
1.81533267082822
1.77269190632836
1.74064133486063
1.7407875587492
1.7090168586205
1.71645792781966
1.80983784924564
1.7839948878319
1.80878461272762
1.7468586720804
1.71826782349051
1.74996209481972
1.76897819875117
1.77776660111572
1.82194081100451
1.74219907586549
1.81447882966082
1.79553675928716
1.74605180624435
1.6704881086685
1.65942431241384
1.65375185175578
1.65458464086149
1.73914958521585
1.75093898388879
1.75775060595817
1.73601967345958
1.7163903637814
1.75414288945827
1.72839864648081
1.71134435358004
1.79550486501458
1.71727600296001
1.75772880435661
1.68252440264446
1.71379709226433
1.7641554721708
1.71036063805755
1.77435378730636
1.76681802164828
1.69386750836167
1.74780285091359
1.75964982124886
1.70519359611613
1.72318965140153
1.78102000363767
1.66919481868913
1.7452556144015
1.85211141027686
1.79798383198955
1.81438724489031
1.83936372844391
1.83411932628741
1.85891828130086
1.85049676699088
1.85510062518294
1.84574291885854
1.83199737586463
1.77586329790781
1.79125975116496
1.77657432683206
1.77431837868627
1.78356069741605
1.77734860178405
1.75156809857487
1.71753498250177
1.88239352587617
1.94314766932589
1.94164271077933
1.9116552274958
1.88861264925043
1.83978369402149
1.88520046816897
1.8378193312376
1.92456986582934
1.84264770041704
1.95036603412863
1.83746784805328
1.69220339443508
1.81499860148709
1.74904461761305
1.75806017486026
1.76535137049668
1.74868269028938
1.75975989058945
1.75881336987472
1.76464136758357
1.76350642381391
1.695504235424
1.7505435888567
1.77965144825715
1.78587170712545
1.69914382914464
1.68573987154644
1.72387534106746
1.72671900867798
1.86377461144711
1.89955286861664
1.88382240245008
1.80504172307212
1.70079936088015
1.79402716920755
1.71824061134007
1.68744214639763
1.77700506425727
1.72757350224587
1.69153287437103
1.70442396675881
1.78626702333987
1.77771449616631
1.754809288714
1.71687100395612
1.83718452518225
1.74010802801717
1.75295769947994
1.6633059313061
1.68077233075972
1.6779991875318
1.63981233037867
1.68333809575794
1.71705040073032
1.7336682943753
1.77081905046919
1.69826585474159
1.72684797256715
1.82125745813153
1.78570511205736
1.73733216742798
1.7326981517336
1.77561232301686
1.76081838124627
1.79821120319006
1.82839283048424
1.79399613182185
1.89530059191757
1.94963472808901
1.87250227517816
1.84941204459869
1.80407928257407
1.79901110801915
1.77192549166153
1.79184135262459
1.78724416713494
1.78726551735496
1.76994834278634
1.76345143709744
1.79867227889601
1.82290947972513
1.7068018229784
1.91292333557012
1.90793566886309
1.88584065798332
1.78113062933919
1.68643291936383
1.69700668791309
1.83686686939044
1.76242346425646
1.79478263718192
1.84061452923228
1.7505403611177
1.66910950533718
1.90673722433635
1.79314434400237
1.91873533416378
1.91258450687596
1.97176006645877
1.901802837201
1.70373997432751
1.76753757132378
1.93571355050061
1.72323479456982
1.76692496509307
1.76643766212056
1.75213962337649
1.76416682002373
1.75664377539632
1.73118920768695
1.70716611977677
1.70919345316914
1.70974354136375
1.70183148927511
1.70329084515905
1.72335786910588
1.70191016448319
1.69986093763784
1.69933939036914
1.69759313561919
1.62805114489228
1.74501014143391
1.73588239761075
1.79418439038986
1.73570562297589
1.81943144700906
1.71548164656989
1.92054964096393
1.95838426418849
1.97591840638446
2.03747944109949
1.96740235066363
1.80497240989911
2.00466154651465
1.91331044426165
2.01516558194028
1.72923304870047
1.80290238119629
1.77826247758904
1.74924143985839
1.78823876132955
1.74498282350553
1.78411782869137
1.81948320721032
1.70952567017297
1.80168096709693
1.7606829418172
1.72769284887271
1.79474891201426
1.90474217869906
1.77880921635176
1.73031821605129
1.79254192252623
1.74502392626827
1.75708896751841
1.73096845035992
1.7370657781755
1.72001244106087
1.79324294707649
1.79282534861506
1.74846153681467
1.77898474817335
1.81271841991886
1.79476140876757
1.7811794394837
1.76189197151616
1.74745639890253
1.75298194737781
1.76055320877025
1.73306822837976
1.71989094512372
1.79911448348073
1.8416680169121
1.7998406330799
1.8273454186936
1.78084601530122
1.73061661590068
1.74201504263734
1.81272766953714
1.88860965995568
1.7760510146016
1.65009591234914
1.72162194909777
1.71160221353324
1.70762279448526
1.7091924153764
1.66788267892256
1.70217146210039
1.7088288946998
1.74404683386693
1.74368325767986
1.75435186159869
1.85652839310452
1.75895243766748
1.79353425845728
1.76933514999814
1.70146600290149
1.67263097115011
1.75428226123337
1.73345115969915
1.79391835453655
1.78554112168963
1.73141223057103
1.73570163652572
1.73208780055226
1.73656703071732
1.7348083180321
1.76043758703548
1.70598163388982
1.74132986639442
1.72422821623637
1.78351049143282
1.76807958278548
1.76799506011077
1.81448803671318
1.84213093221354
1.87306719149464
1.89370592938091
1.89942287783205
1.92868832187276
1.79351406781849
1.72777377773223
1.76923915425608
1.71100968122594
1.70231227038814
1.65731304480867
1.6595516986107
1.72977079065155
1.72199673184272
1.75050033723579
1.77002547765194
1.70769800718353
1.74608258737921
1.71557100428823
1.60782131222077
1.78760194859103
1.6945987337705
1.81188487364134
1.7531393894657
1.75101813006413
1.7555973235699
1.78072311576868
1.6560767692965
1.72336909248039
1.79827149385322
1.76655002024846
1.74764299381477
1.72369356364325
1.75905513815547
1.7357877223489
1.71063760797335
1.72906786392395
1.73153932935606
1.7282147498682
1.73998537174656
1.76068930316283
1.75747811724496
1.74570650620917
1.72493022306673
1.80120808395763
1.76695847896864
1.71901345928167
1.77411411954289
1.78584950337988
1.8703776845702
1.76507241976702
1.77210489455317
1.74990378824691
1.79490098999155
1.81164464672105
1.73507458292503
1.74535823871649
1.75566808030228
1.71313621612313
1.71503639947097
1.77212545452907
1.78558965952978
1.77175302916184
1.77641892351223
1.76563525293685
1.78113321995052
1.77579241353678
1.7833616610311
1.78714020859871
1.78676387458871
1.77385213951561
1.81490656200389
1.82179036769797
1.83190769693111
1.7523341673693
1.79203991502817
1.78326375486962
1.7906315812328
1.77773644079197
1.83722583311195
1.92244022187359
1.88731314883199
1.80390823500031
1.77941883256138
1.75654093534535
1.75112679030574
1.75867724642525
1.76513170425269
1.75264321517126
1.75002657188959
1.74712924485505
1.74981916211054
1.74853864568002
1.74688254296562
1.73880400939657
1.72997225554537
1.71370214340709
1.70894477385439
1.70620147335975
1.72411493776711
1.72295729636708
1.71028420669153
1.77285718366156
1.83272608886728
1.84282753267912
1.83001004916427
1.8410090830107
1.80802730297223
1.79519861983535
1.82267825438247
1.79351823346568
1.76370802142039
1.75372618559195
1.76368240461432
1.81319614337711
1.75779395590074
1.75241559280488
1.79276903932974
1.74200339627494
1.78597832095093
1.83007297916957
1.84177515249364
1.82723972071912
1.75353738484998
1.80924808181724
1.87919041162199
2.01720013691455
2.08646522638551
1.93390456364878
2.05497178774606
1.91333688605486
1.88128999798299
1.90119939144132
1.87825341725329
1.85166360877995
1.85823941587916
1.90951515028915
1.86872154221237
1.85887010832595
1.83234106105477
1.89761582883843
1.87593202919221
1.87860165115937
1.85920074461943
1.83977294182682
1.79994174345077
1.79781182233321
1.8026014765693
1.73174477479148
1.81369192851905
1.77600699830343
1.74609593728073
1.67458984710368
1.7073746721431
1.70948104413284
1.71725577621139
1.69884733521619
1.69573529340316
1.66568867990815
1.66726721397647
1.6475287689521
1.68246500743614
1.70127784666787
1.75335651924961
1.80471483786505
1.73582623929917
1.75513021938615
1.8176422832489
1.82094516866245
1.80040731298445
1.77921684403823
1.79614195816865
1.78159344407689
1.7861372069046
1.76558870273462
1.74199140536468
1.69712258825756
1.68013118981155
1.65853918960011
1.73091515172342
1.65683225318356
1.84242998168169
1.77664735962087
1.7566216010982
1.6850293399215
1.73322447060711
1.74201258631901
1.71209921254784
1.67389159744629
1.69106723649652
1.66984576605518
1.7575873931683
1.76810725824534
1.83207498760072
1.84250722262452
1.8466831873357
1.86289598171839
1.84053594829721
1.84188426600265
1.86451152775852
1.86959649644996
1.86883731946604
1.86103403970862
1.85833168990394
1.86020303997512
1.85563741512319
1.80711176272438
1.80929555174231
1.8051260451074
1.83041290065363
1.8235094526488
1.81897802522822
1.77507323104575
1.81876060227804
1.79733445617291
1.86495874284079
1.83092356785418
1.93401549622176
1.97787090516055
1.73450788549735
1.83747248615267
1.96066695278632
1.88725432371928
1.76687412106128
1.7785223036186
1.79243593775568
1.80830206446649
1.85855318528931
2.01313413949077
1.97917602588132
1.90438581189828
1.83792582642303
1.78280633646894
1.75549582251974
1.76445074140864
1.77793043557107
1.84344893411529
1.81665550828285
1.77168470650802
1.78842918575118
1.75544877289374
1.76830306265079
1.779375816984
1.78976669380873
1.76261525480354
1.75319481624296
1.78822165006365
1.78983863869583
1.71112267003469
1.72343992339975
1.72576807309215
1.74710708824455
1.74935951620332
1.77553421524767
1.71963847342214
1.74351897954651
1.77762535790058
1.79371446371196
1.79451864339688
1.78601562899783
1.78038765279624
1.75944190320716
1.76923702348064
1.77301023623961
1.76884014077145
1.77920788898219
1.77776344734787
1.76584813252048
1.75631952312805
1.73423914141069
1.74427543539897
1.77594490948298
1.79152107792993
1.81250119937775
1.80331626691227
1.76683536975523
1.75385328862121
1.8355592790367
1.76852879119803
1.72791429792892
1.73822827230133
1.76271131826602
1.75387689826071
1.74204797730141
1.72273214511312
1.82504423821992
1.7975241869323
1.77885045437038
1.71798181064746
1.71736814215056
1.74497936168677
1.67153277486534
1.68126331460041
1.71973091115857
1.79870717351272
1.82809396184692
1.82307585920318
1.8578634157526
1.82094587941212
1.81556677371507
1.80952963309129
1.8272461669478
1.83917679904014
1.77482018231569
1.7235204305899
1.71033699133502
1.79284176303692
1.77514350160225
1.76975690727775
1.75972995454586
1.75644830878161
1.7632938837379
1.71143111652366
1.82509730368921
1.79922698003765
1.72968124517312
1.73065560559351
1.73544876337533
1.73095322407426
1.76730446436775
1.77927312652641
1.76568913927913
1.76512504985802
1.74108393023287
1.79624638742895
1.78654977616011
1.83033246375557
1.77566371229263
1.70288592682427
1.69951990442183
1.81377727863982
1.9324616271235
1.85350243273827
1.93703452198914
1.98207938268228
1.99953094861017
1.90384651527765
1.94533504978012
1.89330377407414
1.89493121063608
1.77210084934566
1.67851276857011
1.8361276059641
1.87375343392524
1.90322540360689
1.78191960786781
1.85775722037172
1.84406082435732
1.78194010158048
1.86912403776141
1.96875379438197
2.03195805644985
1.84628049249826
1.90263355750468
1.80145563634646
1.75890136749039
1.76475267128508
1.81252959070679
1.8208663034907
1.69795040602312
1.70815601592412
1.77239215285231
1.65409303250567
1.79155297623654
1.75249495220517
1.7222199153588
1.68984620207096
1.78108011956564
1.70952856068957
1.71442634558304
1.68960702572174
1.79682488896434
1.96593768807915
1.93222021596846
1.88824074021892
1.90344259666425
1.87529550820371
1.84579383397478
1.81003707497345
1.83581319543051
1.75029596461751
1.79316267258703
1.72386394467641
1.8274796126484
1.79501064289952
1.77954590588855
1.66717761828114
1.84853956635706
1.78121103234048
1.80141261146896
1.77022603271479
1.70433166754927
1.82914075352364
1.69503018252861
1.68335356170404
1.72982985928585
1.68581223758471
1.68681961131726
1.79004878454567
1.80521386280331
1.76733255718188
1.82365246561626
1.77570695910021
1.72346937448446
1.7245855629411
1.7153318693158
1.65413142572011
1.72994330276055
1.76324012149799
1.77617366607302
1.90325975030958
1.83402812372552
1.77919352353739
1.88440109358981
1.81068673072837
1.78428705779265
1.80078016475749
1.85462119467973
1.75731510587501
1.81720802367488
1.83893419487587
1.80710687202517
1.78782989191276
1.78287575086251
1.70620355033606
1.73063131936003
1.76187946445711
1.77226712810451
1.74959086529481
1.72851827664327
1.78651913821678
1.7426125005565
1.71977482885885
1.69202565265235
1.75757740616082
1.80377637099792
1.83405428893153
1.88264627531298
1.83020652286757
1.85601881072092
1.77534278595225
1.7746747865867
1.87395861326548
1.81535941512784
1.84685109287662
1.79437106669822
1.8791449767257
1.84454886788115
1.8096081793243
1.75245703797556
1.73326104516637
1.73252598273483
1.70819951807474
1.74048455906895
1.75975671156382
1.85035343186393
1.83230883096226
1.81042316943519
1.79164870834352
1.76557098617961
1.73617064851543
1.74779923840137
1.76379735206971
1.7708174598083
1.74994453684187
1.75825919110294
1.77958638064211
1.74631408844031
1.70426307503406
1.71550249431119
1.77853195496701
1.77275170262048
1.74472214886979
1.75946741986206
1.76129195469632
1.79133801897751
1.7996655870086
1.81382181595367
1.74867754672725
1.75412495919596
1.69613206527605
1.78806485329851
1.78040160303916
1.73159487837198
1.81860490939914
1.800951072433
1.7915791609236
1.77664402917472
1.78929942663532
1.78025641364646
1.77093884806307
1.78407151975977
1.78740510476345
1.76195418916299
1.75010168487831
1.81473387202655
1.65837925465688
1.69218672180952
1.75723958482614
1.69298738061637
1.69092133547457
1.69462327272739
1.63673818667017
1.69108631228418
1.82989068673566
1.75902188332424
1.75168035446885
1.84178972158454
1.88269055013906
1.76616970202592
1.73487641677483
1.72303761228447
1.80474366443223
1.78444581832196
1.77243713237135
1.76466660599061
1.71027033881905
1.7096958657337
1.82185500859189
1.8510991431677
1.76870631616094
1.73733560601893
1.74105136926932
1.79103144789864
1.806295684148
1.82326572835023
1.84998153610162
1.87582862326737
1.86420058169029
1.84288421851935
1.86144696515291
1.80483147290054
1.79492224796711
1.87002579751841
1.69632608218654
1.7694976793825
1.77592520626745
1.70681060325529
1.78615699547536
1.78814747205808
1.72657577519181
1.70993621622544
1.73485501142948
1.83677884923174
1.86365328215977
1.78366206618575
1.69188623184139
1.71010244518337
1.7502040400942
1.76003363448728
1.75738239486221
1.74854516096429
1.76580051486523
1.75726653108874
1.76481019262858
1.77515987084418
1.79298249736684
1.7348343790524
1.70622072947525
1.72394404042003
1.68250843615833
1.69178540672098
1.75496633196668
1.81896141071852
1.75700991076217
1.78933344073684
1.79115484445208
1.79607107805791
1.78088209757194
1.81252246268876
1.8231953915604
1.83227134357805
1.88578952930676
1.85536644579074
1.69433655899028
1.66166825767828
1.72529800403521
1.83688302468985
1.90700343768838
1.93458279069459
2.07835729477499
2.06977970725667
1.85122100266045
1.73515578649681
1.73427991144817
1.78325715648515
1.70944422060795
1.67292300390235
1.69833575027333
1.68973406329699
1.67550039344366
1.66642569948119
1.69379567844589
1.74936100094045
1.73699926426919
1.76261111271697
1.75627822550203
1.76735257874053
1.80808755279337
1.77157919710231
1.80004017080292
1.7830309312976
1.74286124630999
1.73254953822975
1.64921200450112
1.69016344078769
1.75546979614849
1.70197208482338
1.7395574088422
1.76769329438486
1.83589862584925
1.75187760516024
1.72159172440237
1.74985151512939
1.74545774921543
1.70840412226686
1.7736254204697
1.75027496415559
1.77706842877864
1.8132557867462
1.79250112512196
1.75395243180237
1.77435554427495
1.74885437801239
1.70691400241448
1.69047846835523
1.70865567870277
1.74790713671869
1.69170309349816
1.80183061239216
1.7659447049886
1.76313405279286
1.75439549603894
1.78634717581855
1.67099928593633
1.67951815924821
1.71320060887607
1.74714716558105
1.7620641303167
1.74902576056634
1.76837528979504
1.81343367469646
1.80165582051741
1.82372720459108
1.82517700086561
1.78397046466401
1.82666676798743
1.83792700863497
1.83771835402286
1.82705449167444
1.83980126989036
1.8425870253704
1.84171134935077
1.83144413854827
1.8213485569729
1.78897846818145
1.83893166237214
1.85153388565305
1.83084428692151
1.80009274344194
1.7182346685049
1.72369674384571
1.75453604169228
1.73139907186544
1.69994762262836
1.78423286029215
1.85451083114559
1.90277812645073
1.88378275689501
1.84868625792795
1.85228012066675
1.75832981329388
1.81946894706574
1.68330695204115
1.77739944245471
1.81288396453743
1.82994011495411
1.75249927681285
1.83764496748629
1.75048393768932
1.76531265625417
1.71866298804791
1.76207318998394
1.69697468469158
1.71460810055472
1.64498075601061
1.70545321249541
1.75779670905421
1.74696998946897
1.73609789225985
1.76917115016909
1.76328268149282
1.70837269152933
1.67134896701231
1.72778538630695
1.7410728856078
1.7208599213481
1.80022234107597
1.62508543442128
1.64706165328128
1.78401425809987
1.84381989784639
1.72331751565809
1.78098709992411
1.86770104250518
1.77130006911049
1.73615686518368
1.70178112221086
1.69790089324481
1.68641994716459
1.68620949016566
1.64455820606105
1.65289096043596
1.66385243711915
1.66630609403189
1.66049184015164
1.66443789822128
1.679999467282
1.67643735408088
1.69410341662805
1.69014565387455
1.68461091781612
1.69307482273323
1.69640360556848
1.69642463965946
1.66634266188056
1.68513654141347
1.72679799119888
1.80269628463348
1.81004987569234
1.78555627257143
1.78083937751068
1.81366535388733
1.83858226457758
1.8551007814495
1.8396249895162
1.83491228269193
1.80878370235036
1.78941839147731
1.81053229507472
1.8246655775425
1.79150344344783
1.85171751079011
1.8471418156917
1.85659519069777
1.86506809289527
1.84504949942693
1.85509322183318
1.89459743722401
1.86290641574725
1.77722507720862
1.6359982596226
1.72058897367276
1.85502038638548
1.7306326916758
1.74275784717735
1.70278725508577
1.86309829514435
1.78409779719244
1.83483978360566
1.77173095698902
1.71739056868786
1.72215036226882
1.72788671239524
1.69281468487286
1.682432520755
1.68269092101639
1.702197079811
1.68587325494865
1.77752147675556
1.71493977216406
1.78701468576729
1.78942073237408
1.80423938114577
1.73283230022253
1.85857912508593
1.82774501322462
1.84692068317415
1.84988952127369
1.87978572714704
1.91445395122196
1.88695208107346
1.94253531943372
1.95924131621403
1.99027948832932
1.9759736465551
1.88629107669808
1.91077790984454
2.02377515361021
1.77694277875393
1.81536596231425
1.81017457735279
1.80362405050355
1.77840834582949
1.82450794762427
1.81677345376785
1.88853620896406
1.98434808194256
1.96320912042832
1.84686278562206
1.83845120916121
1.81482169353174
1.67588750396445
1.72915862514493
1.75391140378246
1.74919351802094
1.74084786258409
1.78279867710595
1.7636660920736
1.77084805668915
1.75437287051003
1.74930579925419
1.7776507346875
1.75366542680115
1.80638277695666
1.80250416553585
1.71436335634782
1.80203158719053
1.68629937090166
1.72438861376591
1.84129140876661
1.88999259601625
1.78195392955322
1.74112618265149
1.74884339408669
1.73298783710929
1.73706221695952
1.72640193430637
1.78901830233945
1.72784127166026
1.81795406345261
1.71316258935048
1.83863673518476
1.77389040647839
1.74625247510278
1.74137260629246
1.72003049945094
1.82116951726572
1.73764256530186
1.72510777736854
1.74151063413927
1.8144085318741
1.72673593389663
1.68933074361054
1.70126997061512
1.69600789551634
1.72424942654419
1.71287263661108
1.68545387486081
1.78855178785198
1.74838948525652
1.75057056137653
1.81080398590825
1.80644808797396
1.79637810632763
1.81981991529451
1.78513726446357
1.78829507574547
1.81403620182069
1.80955807075123
1.83546060428105
1.83466085933275
1.88950045339709
1.90535427592259
1.81442256687723
1.80740619763695
1.71151678811316
1.86541222323689
1.82758694710467
1.81878749799997
1.7649844713754
1.7763504075304
1.79844095367852
1.73867568267866
1.86626087180101
1.67659717254817
1.7606742650803
1.78067106745113
1.79518221740629
1.88741595327645
1.82237257269708
1.74183470274964
1.79121170386982
1.75024489925884
1.73918737824842
1.74614954391339
1.8797740699051
1.7905884088252
1.72378991685473
1.77325787250495
1.8473357178435
1.79457281473538
1.77047813931105
1.79377577047712
1.81080885855099
1.83603958272192
1.83799552501545
1.83452738742383
1.8406022304131
1.82064171630065
1.82123655378293
1.78579757444939
1.80250165245857
1.77900135980938
1.85815289839338
1.74466722207594
1.73973288591089
1.72171246660072
1.75625669733635
1.72854641970481
1.7219803126993
1.74462187986169
1.75852886846691
1.76197144005339
1.75368444843276
1.77241499706394
1.79665707280489
1.77819884172902
1.79795845576693
1.79042162708852
1.83031531388908
1.78507304552228
1.77357919283178
1.80411681998534
1.81189638959729
1.78277203741031
1.8176995348432
1.80643195309655
1.80515292375879
1.84650138872324
1.82524702587768
1.8281062188114
1.82122309612404
1.88571533335119
1.82835432968936
1.89575729586617
1.94532178511181
1.95893503242336
1.96016613457769
1.94829753596836
1.94299038959295
1.9347353205095
1.86970661903118
1.80553362957038
1.73418334266996
1.71190190865175
1.70163167152552
1.66904127717597
1.65559283641636
1.66041626665487
1.72724996902671
1.82546194048915
1.81752231289263
1.77229599774298
1.78699845215904
1.7850137974496
1.91340656466954
1.89504568695984
1.81514819151628
1.77564519727837
1.78596715494531
1.73489783298963
1.72869989613425
1.67571686875367
1.66872745678932
1.72220548147115
1.75294450120444
1.75510099581194
1.76138354961686
1.6888976691555
1.71608279503184
1.71473777570186
1.77172795006267
1.76622738309059
1.6621181679212
1.88150184397882
1.81815034322912
1.78152961689557
1.80962709777696
1.73530181469043
1.77829191555728
1.79962537923405
1.80380345693805
1.82307472440054
1.79443352883556
1.83457315117767
1.85123845721394
1.85920432327187
1.80006736271882
1.84895122952391
1.7608658106206
1.8676046328932
1.79310529678325
1.75482682292979
1.71327277088104
1.73831069471049
1.88557872846026
1.79501494332796
1.74807412987842
1.74386792983089
1.65749468544256
1.69495556676957
1.74845833318047
1.74268197679796
1.82170801580176
1.82239763823265
1.76206198656567
1.7377548989368
1.75174430404785
1.72733254373246
1.71539046157405
1.70491900532796
1.76631477041874
1.82560327942334
1.75470782322403
1.7280906787099
1.7447341619945
1.80084723458672
1.83258706106316
1.74116584398952
1.79838409600523
1.77937284567205
1.82576914936188
1.88338283235796
1.80695046370832
1.82218293504937
1.85042993076941
1.86720214453877
1.87862879847574
1.81874776413921
1.76375618218333
1.83049541049625
1.75634449532454
1.7015436535635
1.71309818968828
1.76138380271324
1.77378471065082
1.78618979171908
1.75717853780022
1.76301954302595
1.78564931336684
1.8177195460995
1.7370446220876
1.69656282171014
1.62194883411398
1.73745679439305
1.8056639330612
1.78388795402151
1.81696571162033
1.81312662960311
1.84432195608088
1.75547604147427
1.78649903479987
1.80390956691242
1.76291811757157
1.85606163064068
1.82472320857481
1.77836606208368
1.74971064987241
1.8072278100754
1.80455641474
1.79485032248387
1.82440317530078
1.90191536272205
1.71543495320392
1.70461210641356
1.68447677535548
1.81297873639704
1.77240599136571
1.71160312780481
1.72911133787582
1.75634880827436
1.79917049072579
1.82495821924752
1.80520695622804
1.88562448218165
1.89101554248166
1.93335695169607
1.92225405015106
1.89422396823392
1.99164790610341
1.99443539701484
1.88295984229665
1.77995782878387
1.78519975897074
1.7339807805137
1.80489506140014
1.74756915899559
1.66627670947468
1.72363558018758
1.82934184100205
1.8039156797073
1.78490418544569
1.78066945741346
1.80733700613399
1.84891425012381
1.80346693617362
1.76447722305793
1.80442237666137
1.73747550167219
1.90282278784876
1.80525460844532
1.83556913080554
1.86636323758858
1.92870502746153
1.90999754931382
1.91198882147103
1.90066330229718
1.85984388221224
1.90579030455568
1.90834253664613
1.90687779027194
1.95386933221717
1.90932325317482
1.84090980535908
1.78796437635098
1.83317664413448
1.82445998194031
1.88444053521961
1.85611201018739
1.8275653171925
1.7479625573018
1.78139605121053
1.76768903590354
1.76253327409795
1.7228634032793
1.81572249370707
1.64130108086749
1.72033227328386
1.75248268241228
1.75897679356318
1.74641846085655
1.7399645198459
1.79795641392028
1.75883892526874
1.82021028578347
1.80573319564414
1.78304411410918
1.79204152466835
1.77987516513069
1.72777405469145
1.78207553954322
1.77646927199696
1.79396416696949
1.77344567909289
1.70416451301796
1.75456135207834
1.78244181081476
1.72875439199139
1.70710744353256
1.76894658392675
1.75506000010933
1.76136334758
1.75484185918809
1.76634973037907
1.78087055737389
1.59535039577749
1.70242870220584
1.73888412105911
1.70880096127775
1.66387851943908
1.69264445432785
1.76024176238113
1.82351967581615
1.7967352919346
1.74495953026887
1.8191572099405
1.86636963674843
1.88167061054952
1.79272591526065
1.77788729193157
1.80749946019331
1.80429917550523
1.78695321798613
1.82360742411182
1.73336186432683
1.70481099406289
1.78062447180236
1.82450718434364
1.88279943700963
1.92316358051252
1.83841834971265
1.79463359327401
1.76463259430279
1.80783429305763
1.73444609972861
1.63036797348494
1.92975532170899
1.82439749544552
1.80253502824536
1.66013748648522
1.70827235493319
1.77243150061058
1.74498928235661
1.77633635459025
1.77396775326244
1.82785862158593
1.87797051704998
1.72305903421834
1.73007967674285
1.71965977495726
1.69057037702678
1.83151534783145
1.85468572749559
1.8357268657494
1.73704881113336
1.59692063869904
1.70277489174997
1.7067273925411
1.77106175291664
1.69652983244082
1.73123008675243
1.61970933213251
1.72022639997213
1.69623726989237
1.66740554883395
1.68632710119458
1.69234484308259
1.77248368099507
1.7685859440986
1.80682895805259
1.7715178996417
1.75711497947835
1.78841748957151
1.75860093693976
1.84188607813851
1.73522081175326
1.719777745867
1.74113605862285
1.69426321265097
1.86903963471491
1.84174598569992
1.94965556284084
1.844133494352
1.82136529434065
1.79132798482394
1.80143410643759
1.72685921385926
1.77410908700391
1.80040116634126
1.82162804803
1.80222964380719
1.72290848684038
1.76796996967444
1.75980274063806
1.75435214586302
1.79409370242272
1.78294881285838
1.78189911879482
1.66297083106575
1.76355719708009
1.69892154754288
1.78793970073327
1.73120563781238
1.76888582117823
1.79239381769623
1.64035046973076
