0.17
0.142442004498339
0.172515854742334
0.198530524478515
0.227080309712261
0.177982242748644
0.159388169248742
0.192104177649112
0.147045005729262
0.187300175940872
0.202536418493369
0.151980390368636
0.158186045411261
0.157828861321772
0.157197296931376
0.168528558612667
0.143023951005134
0.160042775852238
0.108202530818751
0.158327423211998
0.138344546912673
0.110650542506172
0.13323309772999
0.151507053220976
0.127113113324891
0.107001158870177
0.121247829699352
0.129854320983137
0.167920164891834
0.179046487686369
0.167283320390111
0.191921657713258
0.126232241040199
0.135336494335129
0.145038326764612
0.164671390988962
0.197476279217074
0.165208091750239
0.156580722056749
0.139294997227261
0.121326037689035
0.150570186169676
0.138273346510296
0.147833037412244
0.132660346107764
0.156674722099506
0.107644390070068
0.164051610960838
0.152603200127151
0.14429382483666
0.137930754292332
0.16086314070697
0.199767321646277
0.142862709217211
0.1298925944003
0.126325136509346
0.126494182449622
0.182081184974907
0.124381532809885
0.149395635802062
0.154788437335224
0.156863232932673
0.108219423264883
0.106730792253636
0.153217040366037
0.169404714884366
0.130339889952907
0.134189520201849
0.142586663672333
0.150052890152477
0.133619832787799
0.154501781548974
0.150726581593388
0.145984621415163
0.111681209882434
0.151175662403111
0.142869799871312
0.16682929605239
0.190220755791902
0.163455987959092
0.158749551033089
0.127739670632946
0.141184162833373
0.12892291316992
0.151120776408823
0.137682895223462
0.107357900384775
0.124354473702265
0.137327557742512
0.187994548027751
0.127667755649561
0.127201802820527
0.144411180087724
0.121249238455591
0.165036083823577
0.142100429326425
0.116036565531574
0.105958468069844
0.127417860346066
0.12157965610774
0.124918165655133
0.157884383399212
0.110858856227521
0.174611782149714
0.163476150536554
0.107901739498462
0.179179645111786
0.12982207276964
0.105430633007372
0.136560622363919
0.15865409754883
0.116708477122238
0.145388014976603
0.12564361334234
0.143956083801594
0.122792648683385
0.118713001835968
0.119830337563427
0.12876173549128
0.089988286507734
0.12434153033511
0.160144281723267
0.191871404375508
0.126227295750314
0.157937547338885
0.131851904059476
0.117035605954869
0.122718936583456
0.0967708664086093
0.135722563043376
0.134083549651242
0.190093278935547
0.169818937048876
0.135257783488712
0.135116623384112
0.148960135976614
0.131655245962249
0.108238079005907
0.119120941909233
0.140272761392271
0.143477669682902
0.166749835372649
0.151137988561768
0.109503752122015
0.140296506561284
0.145541601999593
0.125163145459889
0.11243174613026
0.16313098279067
0.104175955194757
0.0923940549688261
0.144729481601019
0.14043647570706
0.169702844978195
0.15856160699517
0.132920077295766
0.144827942388555
0.162939724084618
0.173982228422451
0.185700090267984
0.168621014559048
0.105805392167864
0.0933871642046012
0.116344237459881
0.137198220669983
0.132850717362621
0.120589402884965
0.20245878896585
0.118511077241067
0.113048458657954
0.115916504571729
0.0956137491346118
0.173955411078856
0.120236531317441
0.135367948336726
0.155448566605171
0.16135342346504
0.125121580471079
0.138109334243185
0.108905715521407
0.0976280865535227
0.131984312317492
0.182366050542095
0.191435609674991
0.11538853465261
0.13487110436408
0.132740018512678
0.155284209999003
0.190246748040898
0.204105266997801
0.139456022479548
0.0965776991736817
0.153756947297679
0.126438455153221
0.159135894060685
0.11732585902541
0.141933541971667
0.101980872351879
0.105203572140634
0.159817195588292
0.128639275119158
0.122846814185286
0.125453650475247
0.137867501478335
0.152078074868371
0.11923443659357
0.155275013947892
0.10210813912731
0.128081757656882
0.151371899320888
0.119967393502304
0.127629577231346
0.121019841048411
0.123585605220508
0.142972950184639
0.150720260724126
0.130038418644745
0.134231638551421
0.109566971497968
0.135578463371267
0.118572878539769
0.139792897853091
0.110614585932795
0.132740666548548
0.133482108698461
0.141267007529847
0.0917134559332583
0.144110984666906
0.131550236436699
0.123135793036612
0.16207470273684
0.16497600825833
0.220670078228335
0.18061821697926
0.14374996034563
0.14469969344517
0.179648192835153
0.155463637802811
0.138792709017547
0.168391133141237
0.16624258876269
0.138770198219035
0.117407241871799
0.127344641586227
0.176069071081215
0.18739953007935
0.145730801871317
0.156530486475185
0.176605284987394
0.154815613580552
0.10440417781584
0.12196487433663
0.111456421532826
0.145149638424518
0.155278548152436
0.154070975810374
0.127249707268735
0.161752910765345
0.119927284295971
0.142415682738407
0.123266611749101
0.11885527523751
0.142674312553216
0.120393112658545
0.131340203524935
0.148968115261558
0.151598155068268
0.153780506912512
0.133202682126084
0.148342129755866
0.168275620697728
0.146423153471912
0.179801810924716
0.169516626966585
0.172166335445687
0.160496376592201
0.167515144061993
0.213008078072322
0.225706233226537
0.141418398622219
0.132138535660534
0.144361490741089
0.163084143017828
0.140038708273332
0.149929529825488
0.147810601658399
0.153315589530371
0.0948238652484613
0.108227501601356
0.155373925808756
0.120861921748908
0.144034783344958
0.150724519329481
0.142822662367232
0.192181674864715
0.146884956168964
0.148600521812193
0.147592555651469
0.122938276071947
0.173978855070238
0.0906831575308584
0.143622202767775
0.118145284061717
0.104121972756681
0.177497982442409
0.0991654290762905
0.13932542908913
0.143084923174888
0.155770527128131
0.139928648180282
0.172576085406111
0.141366123105201
0.144164807494383
0.170429456470766
0.151383322656
0.141287905130342
0.142730455440527
0.138255693677764
0.164377364163204
0.143202811874685
0.103515686135255
0.163394118345676
0.116434352814607
0.170066028040959
0.161362274231629
0.12650881263913
0.132789562392061
0.141222102322663
0.147271987720635
0.138382640976845
0.161502061161788
0.135067927913402
0.138044373774528
0.128354927215572
0.132515257808507
0.148770084556743
0.122312035104914
0.148926444991756
0.14359836326399
0.132914370945983
0.150280858630956
0.200423081415108
0.219227666145478
0.18986926178379
0.147040136312261
0.120485870820821
0.122871462487846
0.135020616939985
0.101680990745578
0.159595958441731
0.143150924948942
0.147406179922516
0.157134845766248
0.150740687859173
0.137775235620878
0.134990950263853
0.171156076888323
0.165095730258017
0.159451647991231
0.154177316382128
0.131690394322199
0.134831867248987
0.130526523689116
0.0987798678626076
0.118439426497669
0.140298995833823
0.199952363496669
0.111695432483709
0.127645214067271
0.138893986458804
0.148039888783099
0.158107772202628
0.159617740596022
0.122171760355689
0.154561639264292
0.117911492578487
0.151918429926553
0.117404933464091
0.131237655994071
0.16503019122322
0.122985998094197
0.134877346612964
0.164059602042328
0.148356428502827
0.177370616440581
0.164429314466025
0.177119775899984
0.125674686369677
0.135366975627339
0.135223180118625
0.147935198634091
0.140900240942789
0.114287681129221
0.16741197608322
0.128245940303657
0.102004279663411
0.145751942199382
0.176205901451074
0.157790371661309
0.180610145847354
0.171867010629302
0.119870858658357
0.0981218913326658
0.14258013882688
0.15099436882237
0.14086079494429
0.152194058111748
0.127171011383022
0.145489267416014
0.116936900504608
0.163424980858125
0.139260431441388
0.141303752427208
0.144967263821847
0.176182858422445
0.134221184418932
0.149675208591661
0.161285283470021
0.148732189007708
0.182221782250793
0.156925806169443
0.164111987249869
0.166569756305789
0.141602343913251
0.125323210819037
0.165965028464726
0.15300002098242
0.0936387191497298
0.135375410956987
0.141961716892696
0.149600426568366
0.137537721389445
0.14845337818556
0.183981463889707
0.121724583001771
0.136648310713232
0.151055133046125
0.130206183172528
0.143074907879322
0.120857979571983
0.141438215008279
0.133369650831899
0.112438561092296
0.161649476073542
0.146575031585013
0.196110267269498
0.131747344024017
0.129975613844381
0.138187818587114
0.169597499079014
0.147544093507442
0.165988096260718
0.143195587209477
0.222374914322111
0.149884431942918
0.118464399705181
0.15742830385326
0.149279858697114
0.15281379917931
0.157988280664918
0.139449865787123
0.153867748719747
0.151260268210077
0.115313474081529
0.172408186416787
0.179258036044348
0.172564285725408
0.182412766256525
0.166205498582153
0.171012987467004
0.126137246792735
0.132619690196812
0.1350631918806
0.186716882594913
0.146734181158231
0.115219851536139
0.15768706064308
0.153484078832335
0.147408126090718
0.164602765657809
0.149485863648031
0.184204201734042
0.0993587729645339
0.115539463591024
0.164091620060623
0.168875020902966
0.154322167532267
0.0758963652270989
0.110086055695131
0.141842286758818
0.144188257454681
0.125990626029634
0.130671256481906
0.144802242712505
0.11531557145579
0.116637645462458
0.123006176667716
0.171852445315142
0.149048644523035
0.156725758430659
0.150032929256773
0.103708769987027
0.129660590539029
0.149892929040858
0.148413123640841
0.151179699393561
0.147246857781581
0.133773718834837
0.139278962723097
0.113680433389415
0.117356598824355
0.173968560005481
0.154599570476277
0.160667934405386
0.112810607266961
0.14026309721641
0.143751660032853
0.142138424176907
0.144910914086503
0.171945246974657
0.128568131319159
0.100633083978657
0.154567706608615
0.152219643486583
0.222784266836657
0.137995170922973
0.196033144477605
0.14281760978447
0.171491274008196
0.166806234357725
0.14121050919481
0.0843432574386929
0.116086813827707
0.118963165004052
0.11860466617236
0.0831445230965712
0.172637671095991
0.13723053203236
0.143264510806726
0.122652459990559
0.107650279843321
0.118089725333749
0.115977379817399
0.129966038000613
0.148245537724621
0.140115275659818
0.141316953728367
0.135104271762053
0.110625019999521
0.181018760235562
0.21148775578356
0.211290772662579
0.188986502029231
0.161898528853487
0.20457623260445
0.184205309992925
0.168154264006026
0.194932562175393
0.183999629471566
0.182504172219495
0.146403064932731
0.16055722464693
0.148311518015947
0.154650106976476
0.137395429816165
0.143043928128038
0.129673094551427
0.180047497347698
0.155691452840136
0.118864253037186
0.173888483922273
0.143328862256716
0.134173790866474
0.129070430908262
0.136935834348624
0.160961423810788
0.146002969257809
0.139828584261518
0.13149056618219
0.163488077958738
0.121842391860031
0.158636352276606
0.171029575472077
0.245685588331756
0.159410517317733
0.124509646391286
0.165963271637599
0.135532925371913
0.129129636006261
0.141832887780076
0.12898268451571
0.169619875777214
0.131251096102412
0.12417155496666
0.196810149090569
0.107690607058812
0.155873073446594
0.171583037022453
0.156923615989234
0.16483952213765
0.177508491648313
0.116679320004975
0.0938870937323776
0.100437380012771
0.122924867042594
0.161328291965719
0.181064814926167
0.184241741689351
0.173780285590412
0.207455132013435
0.118616624426147
0.149762684765954
0.154983967496193
0.162565212265141
0.136334877268605
0.170961624021537
0.131279588414137
0.12815820194048
0.135882348218493
0.154603148570963
0.142200916763071
0.139094792203119
0.165076779440367
0.165678624278662
0.150137350948101
0.113406570101196
0.135679298512943
0.111223785550616
0.179797029654832
0.161303956497916
0.114103109052449
0.105830446648837
0.134116149765596
0.150500259946468
0.197633850879663
0.199029563099318
0.123543257663129
0.0897676596128364
0.113124755766716
0.157280420433577
0.139987318283253
0.134082960538119
0.191823160823793
0.160066796182675
0.154382392302278
0.217035195733443
0.181636452318648
0.206471282808983
0.26216268383022
0.210304550181752
0.178149275356978
0.133638965232089
0.120504840197911
0.105354344977657
0.159414914434546
0.196322683683551
0.157296794828787
0.208012850924669
0.190638630425881
0.102950353032743
0.19225996932629
0.149612813306192
0.152874001658475
0.166056518538994
0.187570867093527
0.188344581911162
0.174700661145133
0.162239359675274
0.121498943238512
0.160831025718241
0.14493625439883
0.122540723889221
0.139948514049345
0.12341506628494
0.206545054571662
0.194094717370556
0.175670190681401
0.171321897929944
0.159638818993015
0.147441320771152
0.127372699260638
0.127602275688652
0.140545985789713
0.130624226620117
0.117196715200977
0.150286736198405
0.136201025505088
0.147824915270117
0.157556649568251
0.178784541502458
0.153709688632644
0.148327429669463
0.119682104781804
0.174423001120704
0.145289685136018
0.12111553384308
0.144520376465332
0.130245482424123
0.162728206601838
0.151649280614544
0.175405687148887
0.148187907982533
0.130583596959335
0.140059728225927
0.12720793139682
0.105639543877112
0.158849847769741
0.117056424510171
0.221663618915977
0.166995260084545
0.201871748718722
0.156732223482408
0.1739681963544
0.149215694332419
0.11184914501649
0.14849591535136
0.138921353231612
0.186951547429703
0.106522083205918
0.111127257211861
0.125081763423279
0.149291538673557
0.17129159989733
0.143417322802756
0.130566680642263
0.121350293089221
0.171548885059934
0.136268932874983
0.113567300590183
0.129452074668856
0.136712708209848
0.169618532527938
0.160410643528308
0.153154806729973
0.150218846599331
0.141295828910858
0.12734150681611
0.125580606662927
0.115060426074807
0.121294336693914
0.138724817120689
0.132288986539421
0.155740717358026
0.127463703852998
0.138800653627143
0.162921531009026
0.149269757063618
0.147518594996032
0.162647511360251
0.127901363556776
0.129857372446376
0.142541406843971
0.145083781811121
0.13831735104879
0.139684747294825
0.143891056767293
0.159737423334015
0.145084960551637
0.15231751149816
0.120603351451957
0.182113878506204
0.127825076415383
0.137348437379679
0.112289501052867
0.119504865024724
0.178252273704036
0.127398354444571
0.158404380670324
0.117561568348096
0.153385536505824
0.141995648113702
0.175037033740637
0.130204514187876
0.12904973699049
0.103792980968061
0.148172288166527
0.136828158268079
0.108660005476329
0.129044290886937
0.120474517907449
0.18817531358618
0.163920531585125
0.127750646647156
0.143725811064559
0.168150994122772
0.174121133711536
0.13236867544593
0.152821121029426
0.141284169074523
0.133864059693809
0.133396954488024
0.144392843465169
0.188213434939364
0.14772878770716
0.111818467490022
0.137910859066432
0.161024739178602
0.158100954121183
0.16031089029606
0.154169835916649
0.136582049898889
0.114140730975919
0.146858500544779
0.142326853938205
0.123828018462812
0.134838403535753
0.148505652403813
0.116648914166711
0.154822845695985
0.118815611003267
0.129043293176621
0.122287518380778
0.129656962996573
0.125767202357461
0.141702360510038
0.140090638604456
0.157676947906916
0.156758573604442
0.128289699456448
0.13871454567341
0.113680358161199
0.171382183035501
0.121513941565651
0.161028296355292
0.156260701839406
0.161581265982534
0.203474362208069
0.183358076761402
0.214213424872845
0.154153313812072
0.214844894395542
0.169604697172835
0.188150645460167
0.153660704746199
0.138407606921838
0.160467754113074
0.163435913131583
0.115770889798476
0.146781230226159
0.101970317840149
0.156006138079471
0.120350070075913
0.131921537639269
0.146466374388383
0.108883728325373
0.163669113337542
0.13418509017104
0.135599340676376
0.144111333456958
0.224566248020736
0.236835599879667
0.160785132765002
0.164749869864169
0.127248944411037
0.126744376054416
0.154819150800449
0.101818179563408
0.0991900592729593
0.152907727865832
0.128228047282251
0.201559345641574
0.149625214702372
0.139879246354419
0.127278165639008
0.142541401653901
0.106793693038522
0.147277094405055
0.125913334847817
0.149963029688308
0.113477760513161
0.147750889774659
0.158337922841157
0.196260125933447
0.161947280929465
0.128823684009671
0.171150049772221
0.103547851187327
0.124791800537455
0.136454618499543
0.133950176026155
0.143390463058376
0.149681099850392
0.139198569109331
0.122035710611844
0.123268242204065
0.178485768349387
0.140758711913056
0.105145824242168
0.0999182578435082
0.155745142104485
0.146798925565663
0.152171144177822
0.124623354514216
0.13325864899707
0.130047255446852
0.138801791458701
0.158322374734755
0.145307870350662
0.0955265278843036
0.111537469779329
0.138487077761132
0.161835169239542
0.170144503945526
0.154086508786303
0.18698207220483
0.187950221848909
0.198234628431418
0.156179476119771
0.183199213403554
0.156160561162139
0.156983801310528
0.186645332412977
0.189882541531872
0.149572782489655
0.209067271062237
0.17786087439606
0.160544387510669
0.129732929587831
0.147973539343182
0.135243000542297
0.168750432720439
0.1775336153469
0.152524037675511
0.175044423143605
0.181844662492909
0.154595186029366
0.122696880172386
0.162333946294331
0.119212857460498
0.133971574084023
0.127287102760539
0.144250707240872
0.145731605282753
0.124391200434134
0.18732812713418
0.139781866923438
0.180286976994613
0.137340052398921
0.130986718400656
0.142498511615423
0.139321349358523
0.127683996671511
0.15262346538946
0.164462250083772
0.136529075239753
0.147195597780106
0.129069159123376
0.0937263469010723
0.110207091096439
0.144387569002502
0.169414851792727
0.174773708733807
0.143620543696313
0.122670021058384
0.14219620817843
0.123593931059067
0.128241302572832
0.135206243834376
0.149480911264746
0.175416534621368
0.18641714055674
0.196388978985323
0.162468721371949
0.149965122425842
0.183729371860919
0.165406438716141
0.0875464205338646
0.104017094885716
0.151846121694508
0.133987048733551
0.137897349249916
0.142474977230965
0.118076728686983
0.160615970681172
0.154973242580113
0.123908346040211
0.0982319130050992
0.151549664397004
0.141536156093922
0.158525243751228
0.148759476095817
0.136243905880683
0.158069776414956
0.162079540598821
0.194481269188706
0.140133448800447
0.213492504665292
0.161736478541343
0.187527065106047
0.114809211017181
0.147366313313547
0.151570730105455
0.164289444003867
0.134292929892468
0.0936112621448963
0.127860105436004
0.163597411186969
0.130897114553829
0.145785026650992
0.118912272949223
0.117713331478824
0.133076885442084
0.180399555616267
0.128191511859472
0.15725412371877
0.142175946419863
0.129951234888672
0.157013566224219
0.130494051938599
0.154153507087274
0.133075473857841
0.168121937421904
0.111524038844399
0.147455486646803
0.14980762172049
0.176986511103508
0.156190073843685
0.110994604638654
0.15557094050361
0.119132742805238
0.0935428472950951
0.127906832808487
0.117223388132962
0.133859942436772
0.125548019570132
0.120701470861393
0.152689987600346
0.151989948732605
0.159092480033833
0.139690994285179
0.130801762993769
0.118696047327809
0.133062104742238
0.133742914534021
0.159335199427083
0.110149821915948
0.127629101841878
0.136247412621181
0.178364715731956
0.169450936234459
0.164941097347646
0.1147099179834
0.156128779454612
0.166082032839506
0.171804892341463
0.153757236495645
0.114321744819198
0.117968614447986
0.152258800192386
0.135380906244822
0.127632661188334
0.119014753855745
0.185849845299385
0.15422673781348
0.135507013587151
0.145374336109562
0.154952767398916
0.170632496563172
0.146756801105211
0.159076186017799
0.216818110954349
0.174916733347387
0.164995933911953
0.180169461333565
0.178461134835275
0.115698200591263
0.193533549368696
0.156113924094
0.149023559412503
0.157304576942535
0.138199864939627
0.146431052029054
0.107055384941677
0.144303970721935
0.139711535545108
0.185101337925995
0.135809805546489
0.138840144313458
0.11466660476306
0.13648258863563
0.14815338322491
0.123880714652426
0.16474654981018
0.177442010397797
0.16293008989357
0.118429973881607
0.14401161379059
0.105786433808873
0.122208646645616
0.117034430878296
0.16769486271424
0.130924967413191
0.174968970154596
0.128804883277094
0.115800481792486
0.184306673284277
0.139374281346816
0.123432101013459
0.15140481751342
0.127732607997173
0.136630765952852
0.14312297404845
0.13822776592104
0.143281676746104
0.12446149265119
0.113740172904876
0.150356408039655
0.15757009072856
0.167837107600044
0.155575902829663
0.144239089197611
0.109585483337886
0.119575871777637
0.183387315109731
0.143564794959776
0.113317036689064
0.16635055926986
0.119658892398232
0.0928003974569587
0.153176320738024
0.0945107263802947
0.138558027630095
0.116827775306188
0.152060824748029
0.161587905732004
0.11568023400599
0.141939106257442
0.151360029657165
0.129828940372381
0.155132861299729
0.14377806307768
0.15387978300543
0.115588534996438
0.148519394293696
0.136623636758289
0.135346762049225
0.121227171925486
0.136924480305937
0.132277262309379
0.126302442415673
0.147271469276307
0.15106604010613
0.148941125404406
0.182902839161051
0.173680428594652
0.118007960444629
0.130071138566788
0.134266316385881
0.168249923622777
0.171800046112651
0.124343166503827
0.113000641995313
0.191083966492392
0.182989237224523
0.135561932166346
0.181283885956524
0.107636006039561
0.131526618785139
0.120781301587648
0.140477567494257
0.163794949768939
0.119612954234798
0.123432842837809
0.151439869207097
0.196663339747181
0.101926677518117
0.159902410125372
0.139623006465598
0.118241207936198
0.126168033935061
0.163046105663638
0.1968884830505
0.124320896569484
0.178724085606901
0.146769664446939
0.109448487727349
0.118923740158939
0.104529156464854
0.14019515542646
0.137950972061693
0.16028756099539
0.146039917725372
0.166862845901714
0.184878590736329
0.130939945162001
0.158570464019389
0.156227175896117
0.124835280251052
0.138745918476794
0.143239110443092
0.115987003826351
0.155706784489384
0.12986187449738
0.125949289087101
0.130917203095005
0.139586528831512
0.131199282401736
0.132142919200309
0.11715993621188
0.187505136860332
0.172196416006737
0.15371722666227
0.147303437787272
0.166637532466169
0.157676425070198
0.119744241361287
0.144134114133205
0.117149937684548
0.135297899931018
0.122671401272975
0.137236546101638
0.129791722689564
0.168186673049586
0.163926363505912
0.137771761125421
0.135927192567377
0.128932714375389
0.119116522053331
0.147634842393447
0.133251902955662
0.127874734405958
0.121856261914565
0.123258952264386
0.14497020018061
0.112202096141183
0.147851660982823
0.134470419231898
0.141611270248263
0.136124715315756
0.126431674090347
0.159350991567296
0.123813704797706
0.14731877662203
0.104573670081108
0.139849399483857
0.0982476067127066
0.148794455708474
0.15207981564876
0.11473902477897
0.149433013948517
0.198526849541999
0.135732507349131
0.165703044567644
0.183566603544083
0.132996334504872
0.184323181532305
0.178719081125437
0.127510481094351
0.149910654800721
0.118552803670167
0.136426539462369
0.17349298480516
0.183979277751497
0.174645507314769
0.155801892060347
0.150292701847481
0.163886325339914
0.152190006085141
0.146682205042712
0.136844186072479
0.126167530854462
0.144339537034341
0.12708605054119
0.148770802909927
0.157203635066224
0.133216824139163
0.165730894790582
0.0887143825448903
0.16244137750267
0.144169118232336
0.153099308079767
0.0914564286778915
0.0890964784315237
0.141205724615128
0.112607146803383
0.105330364322187
0.153233433142937
0.110026669982358
0.117700897993914
0.143185979171113
0.117300174832949
0.172819176386128
0.15323593592214
0.156279865571186
0.172173618592327
0.12008684579277
0.106365254139306
0.142425595816351
0.157000811616177
0.153899424841637
0.115686821034776
0.142709446376767
0.120016991320511
0.155540531429764
0.156825238579428
0.112766838985694
0.131168627436688
0.163079810760531
0.126696651598851
0.159592556738918
0.138575301106079
0.11189243741554
0.191218310978121
0.146534330549194
0.121310290223146
0.126619914988525
0.125927229156046
0.135029362748239
0.136756514587493
0.136014574675984
0.158905147241433
0.147985121767265
0.138793895227586
0.132761568639762
0.12202977252216
0.133250000501757
0.0993135030145545
0.093625402122856
0.121820608294606
0.183850287873956
0.127230510164046
0.171003425148458
0.154894688825969
0.136066193892892
0.144828933740156
0.152598935977963
0.126693009562214
0.180848933613126
0.205674321886459
0.141066093101659
0.186575412483697
0.183993622412528
0.148149332526513
0.171162318650493
0.141850812431649
0.121241160360495
0.165505383346121
0.197846208873024
0.117933005956778
0.127795211345912
0.140635353727461
0.145084392572019
0.114813088930118
0.140375579292936
0.123129982458935
0.119454629407044
0.132944532256938
0.152844657648829
0.0879562068363861
0.120166917757938
0.113798956654179
0.135457234796042
0.166484310583581
0.123198554384473
0.153201595017437
0.108814184122278
0.139476548433119
0.151407338876539
0.147151825222719
0.114315014010232
0.121511857911336
0.144519428527888
0.140366658344584
0.116664264794803
0.133499102325934
0.155121104256101
0.203646578064692
0.158169634531339
0.144760128460571
0.132521408053247
0.140557022299649
0.151104174090262
0.136381838099839
0.12270102221107
0.124741754136646
0.159371648172505
0.130108616209199
0.12605372915316
0.141298832673031
0.145715069787409
0.120029181133926
0.162430713280837
0.156147740936704
0.164137182284771
0.145326833802036
0.14925057064489
0.136729458078391
0.161076442214627
0.124902962010868
0.122711601625773
0.139881400329442
0.196639054731262
0.156521741943705
0.157994971768732
0.140354189759542
0.150669949931323
0.139858006478077
0.112789810762
0.132694387098185
0.15411801481514
0.10399891590587
0.127732279430964
0.142951412736939
0.175987530007545
0.138668624501469
0.123657087284095
0.135989719889493
0.162003188629851
0.145799897210047
0.22200453308153
0.158070089566274
0.156282616135927
0.139405441255649
0.13162303905809
0.158718787990182
0.155925269798574
0.149860501974005
0.231145416871201
0.161689143635508
0.170928916015408
0.146356241352726
0.118341922992526
0.16018077081602
0.164047077884219
0.171631949180024
0.140149146316404
0.182063444330722
0.182661805181405
0.155088120420891
0.126413778311463
0.129643801026163
0.15217795083126
0.111040893724926
0.150704868502206
0.146705778717877
0.148038832253613
0.0865289690225221
0.136839515903625
0.185624109067878
0.185995040836697
0.172208185307016
0.198718332553918
0.159683438170656
0.230269518774371
0.181366017646952
0.221001494247539
0.163611043037543
0.175115679223482
0.171614885109583
0.126740870511833
0.15824510279039
0.175242239584133
0.190167383704665
0.188724655400488
0.197144130373813
0.235792742317781
0.217038137364632
0.187411628158729
0.180794595366112
0.197354501057627
0.144242781515092
0.130545575668714
0.156839891228002
0.184310588377102
0.173627664928789
0.22624123750051
0.145921137700242
0.126857285111362
0.102298476415128
0.143384760721647
0.155495787873115
0.223748469384831
0.172649871552297
0.208693509200412
0.158513721278011
0.163082349578992
0.155401728256989
0.124182714092773
0.16414349705339
0.167720870715476
0.194776539843502
0.170273507016923
0.115112445649111
0.123677275454462
0.147072081616619
0.118833621961741
0.157043578307545
0.183153199973183
0.145267353671231
0.135706206367209
0.117005398310316
0.119926413323932
0.125010016968997
0.156859172791139
0.12000538752506
0.135437532634218
0.154069462759056
0.130334729694614
0.178648383542287
0.173913023423865
0.171482217658278
0.162567153028413
0.129558842337112
0.147356196331707
0.13696429738175
0.142843976756013
0.164926617247432
0.118958319972131
0.134099086923264
0.122317165922062
0.1209876947737
0.11477217567738
0.124674841083782
0.143870464151195
0.128511941786524
0.134543694845834
0.139275783622065
0.111927241134673
0.135198079637066
0.124119285545207
0.109389601227457
0.108915807022393
0.159119148404219
0.162120839141048
0.151330018623297
0.162875776800528
0.174584886964072
0.241750078767716
0.196147728644745
0.211133128894369
0.182224757108902
0.161856827693141
0.178917628473403
0.139599650171492
0.141518638623089
0.174055292451634
0.128984494964351
0.143722336302068
0.131576801484002
0.143748960473766
0.206299801794752
0.202993933972157
0.19554648744693
0.200264250029022
0.176670705519805
0.194587135266847
0.173635317606566
0.107770247252828
0.142627407930487
0.133446447765696
0.150939523373739
0.116443287006338
0.140796831117763
0.155457109573956
0.168377832204085
0.176225649369885
0.184079311069802
0.15170769043333
0.165457314494142
0.20635955848766
0.128906850833128
0.144945217860809
0.134629618092957
0.176322920776737
0.116406811739311
0.140077919484208
0.143793094965613
0.142479041763495
0.162321519888302
0.132813860313378
0.132567808485833
0.121756792611
0.127526234127565
0.135144208356751
0.113634348973559
0.14542803829187
0.153829485566321
0.134674348776979
0.137805520969251
0.186931151694517
0.0950568277932986
0.144242181873963
0.142144942977189
0.125786779541417
0.15253631500038
0.136793229128997
0.148589144305213
0.114612005256082
0.165592641826792
0.13361751655155
0.133746625625904
0.130209208167455
0.107322743829649
0.153385078632612
0.140136585448718
0.160186040244183
0.156605062615343
0.157849452611638
0.16748113176473
0.187798456349504
0.151636540684565
0.136454470950263
0.122553123886417
0.117101749477487
0.133444616548313
0.161712274381471
0.132605445355772
0.121949879175875
0.153310952141068
0.155998687503903
0.127911336429335
0.163028246330084
0.168626445249289
0.155626696332
0.152639228864627
0.134644864487482
0.144905493617129
0.152181021681577
0.111616768771582
0.143308135723174
0.157173114697925
0.129218580984461
0.118351075900061
0.120885971845205
0.121268448948621
0.0888041893276417
0.118713910611684
0.138779077856688
0.115486730779455
0.142640395290826
0.149045994366573
0.16006547906042
0.190108775365851
0.177978348513401
0.107183567521863
0.168168876723949
0.141455283891925
0.102786750779112
0.0908403790419277
0.114501537034347
0.116189303772156
0.156280093838278
0.12611822432327
0.133071107258709
0.12140679905379
0.120540068976654
0.111454897472285
0.11106324345597
0.10546905307583
0.148979746649703
0.142244266428331
0.141272610651891
0.127399888160005
0.138638027647546
0.121838579127418
0.154340758421922
0.108761859698253
0.148275622224912
0.14112778914045
0.135899206732447
0.126529033826532
0.145444740931563
0.133656330810615
0.1117494050224
0.128336847973491
0.0960059374302409
0.149011419356693
0.14375662343027
0.15122279778362
0.189274485502168
0.155486517840761
0.121300119599737
0.132158215376925
0.13185151265999
0.114206605821404
0.197545932851365
0.16926431060807
0.15920200698396
0.11167847029219
0.142225589286372
0.135295616225453
0.122315990255909
0.125914331080433
0.104887501476642
0.149286040346575
0.111783909741762
0.119161981781134
0.0976982198109325
0.123237704862373
0.177370863525044
0.175064147598164
0.162669153057381
0.161707592785811
0.227270434340147
0.187023155125684
0.175455370827344
0.170769818832471
0.146385924440355
0.126920670807265
0.118731270697793
0.118736456086568
0.139921714693747
0.124952088667188
0.102431203242765
0.114279595542983
0.123316368830607
0.138203000420881
0.0867108216257211
0.114339081181476
0.124404849758323
0.140940673519697
0.117666722728522
0.198514475948829
0.165631236466837
0.132954839198454
0.136651992681481
0.163586011319497
0.123104363851494
0.143638839450588
0.132690944827458
0.129167854286444
0.138216576540579
0.146729975639277
0.109910528475863
0.134244417940071
0.178001812697119
0.182898202094054
0.185000313090774
0.172686190664485
0.152047620173243
0.13702882024963
0.161205910267556
0.185888154875147
0.136639773835595
0.177558497349693
0.147244337588482
0.187509717302334
0.167474867085441
0.177286246900055
0.231214697298344
0.205233624362318
0.107717093449043
0.160670693403951
0.162151481848853
0.150498757885857
0.168460302950148
0.176871815798389
0.166408196573587
0.171006585270471
0.19226346032872
0.148186773142006
0.13433991170011
0.153028769340176
0.209128222898894
0.137919664613687
0.143165830249891
0.147100549572977
0.149088400552417
0.17238308743892
0.127757448460762
0.130852316292505
0.121137232036638
0.116088015459263
0.183941848282461
0.124379464320695
0.205265215445008
0.128009356853245
0.188094331017979
0.17212804779503
0.127654288509458
0.183161650651172
0.184143507481429
0.144962206137094
0.109272954737237
0.180364217405438
0.123106114735846
0.160227113085706
0.138798663894948
0.130753006053122
0.141726337271263
0.178702099880303
0.168132645532525
0.12725704340519
0.132364260749956
0.113740726459232
0.150887886460276
0.133239458771544
0.121347147575359
0.114053348500148
0.160783210384554
0.151996216834539
0.152478553896597
0.146319595199791
0.101566577532915
0.156828995594608
0.12754860722862
0.117835976664108
0.0878231320445228
0.190851835506215
0.126645089782856
0.121440477530227
0.150263764285615
0.132193953768593
0.142099573138799
0.164011584797142
0.14801418054904
0.152011041575201
0.148741364493936
0.109478391770748
0.160102968762254
0.133542325136101
0.0827327163361495
0.110816210921477
0.130171961410324
0.182864403114189
0.170973500535592
0.176866630020599
0.148174050987164
0.137548455996218
0.179222787109004
0.139539210246948
0.128744173597647
0.114129002606568
0.173987329061179
0.149396659928991
0.192610754477997
0.182699870027085
0.146767976177508
0.120914242955054
0.139144089398683
0.129413491353487
0.11275227872108
0.124918408577213
0.128163389544092
0.180155122616203
0.152663878600912
0.16731899401129
0.138360418229069
0.123779842453632
0.139955834773329
0.124908483285947
0.123782441090442
0.129118575148817
0.117286242499286
0.149389614157769
0.121804424138144
0.123956580121
0.120582931873291
0.128812784508777
0.129398355090935
0.133120497070909
0.139596759377179
0.180320515302118
0.154044521778449
0.123043403889018
0.165538663129346
0.125105280794921
0.164722896390588
0.130125576409653
0.115775421536822
0.144411995881174
0.167908927987108
0.157119268671301
0.155367259659105
0.15099654863971
0.128486575860852
0.138190822130536
0.154483852974796
0.119251387710737
0.115277939111943
0.137274443331096
0.14180099370227
0.119852822710133
0.112690087362159
0.127919970861531
0.14327462119854
0.161423005443034
0.172328981632769
0.127421075299038
0.148895012698282
0.137899933813884
0.164849058167332
0.138801591887004
0.168822588825791
0.169091764360542
0.128977585325379
0.132122706989531
0.144516371507283
0.146581056563745
0.123259933878804
0.115479322142733
0.151972804438326
0.123645607805124
0.15460624375779
0.11902431010589
0.117965588468242
0.0911015207726718
0.139190563940791
0.12893489220851
0.136016155382843
0.143958505824198
0.161648166102644
0.103666564917846
0.1417722067186
0.145909810600034
0.15276225845525
0.119625367119713
0.123913020079882
0.127316414071849
0.127437310689661
0.180477187674228
0.12236936748071
0.130536401731354
0.122143399210648
0.130524249762697
0.139791597234344
0.161288765186058
0.155559634417537
0.146127806769282
0.144447309478329
0.140336555059632
0.128141437554063
0.112969300334415
0.145265525352722
0.129403708189108
0.141831891473724
0.121434252719411
0.13235792918641
0.144171630774913
0.135369366357328
0.139030977491303
0.141486229426713
0.143245593618806
0.127667909585831
0.132271594433534
0.135008613196887
0.135675708017238
0.152752130900224
0.146719024355292
0.118240296865897
0.155874509826938
0.186564481301919
0.136840892813637
0.136030142506037
0.145530282992198
0.131503512943845
0.137827856684966
0.122464268186735
0.120271163980841
0.136322393532268
0.170750970178147
0.139022935354194
0.167277830927701
0.134580541001978
0.13833275260807
0.141577748924122
0.115724759642431
0.108167834320627
0.130507908147225
0.133033243492993
0.142519555308728
0.165491413083223
0.128484168119595
0.136332591526728
0.114452534124313
0.140989087473493
0.115426368921528
0.150758905332764
0.187133340350184
0.152786042406712
0.132594093149656
0.107034181722132
0.0940103023794673
0.0862187710289862
0.154166376275715
0.106433230532681
0.178037054778761
0.15880011142845
0.156017572993318
0.123967003526029
0.145341083089904
0.159360767453377
0.172460594191268
0.151335823293765
0.135500663568227
0.138763697553402
0.166671603249075
0.102744643828957
0.130478193745071
0.146314491842475
0.144232762275232
0.131881861446877
0.127316086125543
0.110949861990405
0.1479991506575
0.149074710257285
0.126713615067439
0.156344823847302
0.195820967628759
0.188853330740973
0.18665319716907
0.150789463205859
0.148689482144597
0.139194760117302
0.123823300153738
0.151308624589765
0.110081140862633
0.157111436838452
0.141774546097901
0.143333747253047
0.102197685184295
0.126867877774478
0.139206785477282
0.146948008491732
0.124734337099347
0.149736617125259
0.115770707665111
0.18991971779137
0.115379765299213
0.123618760710907
0.101856529767639
0.133629213270949
0.135500495420017
0.159267483251376
0.136516520726555
0.117407334471424
0.141840519262042
0.105722217867752
0.177708938699921
0.160569888989191
0.166723085226043
0.134309799842269
0.159535116170552
0.132878906393586
0.130440182402213
0.129123088602449
0.126417963923119
0.146107077032862
0.140117130665827
0.0925264354808461
0.116670838119054
0.135162828719033
0.142489606792775
0.144687075594746
0.169130484211039
0.15646748763662
0.153553431986455
0.173138619383447
0.119602843382779
0.207886964182976
0.207590497610656
0.19505626705107
0.132428026108729
0.174210523605286
0.19284960232922
0.153417511056382
0.149910579744369
0.166523969901225
0.124755297455216
0.118555869702932
0.160834974658675
0.171798294535266
0.144172731497496
0.193305520456799
0.182863122108078
0.206528317393141
0.154881708586697
0.17812909374426
0.153292736767479
0.173362719085619
0.161789393134034
0.160950350988953
0.130051300948941
0.182666360706317
0.142933571213394
0.143388919144159
0.121971060400099
0.113718573969797
0.115118899724314
0.123213418915963
0.119364047036958
0.159851949913751
0.0991765333103122
0.154075515620088
0.136453885701619
0.134598706923043
0.149824488266731
0.11912227783447
0.123707876316041
0.16062616460872
0.175949802969008
0.16403460625125
0.206400189374609
0.167759216792734
0.220337221847795
0.174779673754526
0.189462915436436
0.141174707169172
0.107545966849267
0.0959432724507177
0.0978995593676772
0.122612519484019
0.14035178948666
0.132133837810635
0.154513433895742
0.141220729119695
0.13065200934543
0.169496688546531
0.134965229050728
0.148371222098849
0.127608691604145
0.125828254442506
0.197241786610079
0.157333183509002
0.138399910598577
0.148084757458969
0.13789181675713
0.171649274861646
0.152178893736988
0.107186469692303
0.215603368421218
0.15071589166611
0.171698575308067
0.129308710019934
0.121734449434457
0.13511528143969
0.126828010840843
0.140746246442169
0.0976329094515206
0.159039125246048
0.135900384471041
0.187918618675361
0.19173421463162
0.178433361129572
0.170425035001162
0.152100496927478
0.133798495534979
0.126734356758973
0.16593142974819
0.163480371354734
0.175523937025824
0.190235044526037
0.133822953665812
0.141485849426195
0.104855252974237
0.160354618938368
0.167705474856232
0.175062550479166
0.155811514895468
0.155943746367122
0.10009517818844
0.154942037350535
0.130575763138464
0.17185701814201
0.135235992656286
0.142812747167891
0.115179423378455
0.146784376122357
0.147343284892878
0.175884331223009
0.140453503103066
0.146975187786686
0.144920002424513
0.117284088740811
0.166965262132444
0.121291541721691
0.146885774263142
0.171730056066265
0.11242706333977
0.145079689331514
0.115983572775892
0.159455808012094
0.169824370397361
0.210025960287396
0.180903727720483
0.167841658837181
0.169426658187579
0.17631138232424
0.136259904979052
0.096763603632128
0.135915164942692
0.127090801478176
0.164019337052239
0.161390240434683
0.0979745750005062
0.150158545185824
0.149250356546734
0.193279193856754
0.149150038198225
0.152859465605189
0.143206943882073
0.107679694960037
0.1570231373541
0.145412323194896
0.132666350013095
0.120349649294591
0.163194901528386
0.101942566443325
0.125637301282507
0.128300615490492
0.158512571554264
0.133874155479022
0.183767071636701
0.151260600158275
0.126199316853974
0.147310370318326
0.191263357281822
0.143079448875598
0.133098375076112
0.112737424694185
0.131273135606357
0.12738527927204
0.145466674984694
0.117733882521796
0.144593633042775
0.115188130070248
0.16856637800814
0.141017296509065
0.139007497608455
0.121140498227923
0.147917776759458
0.163436960587655
0.183894781912355
0.182256458116963
0.172618817492899
0.1489361942655
0.131461778393645
0.127185210165363
0.139150277830809
0.141329827652625
0.158775261339414
0.109810817704634
0.15309438817535
0.203941381107218
0.248850920862326
0.17937947213578
0.219009008338916
0.206172081651863
0.161072308362724
0.151705066650021
0.164763105421448
0.139626865402074
0.165804875449779
0.150455712801133
0.136268001824313
0.156824120354344
0.137945340058161
0.135453046101694
0.155082364788221
0.142435247903504
0.153150319756489
0.151607852521393
0.135186160931433
0.179715558502624
0.184396584331904
0.193361793218576
0.15863784736158
0.145878348151034
0.170344632287999
0.131373197577947
0.190120861918621
0.154084014085639
0.12333127630177
0.158015396020059
0.15496873268434
0.133116367424545
0.145142903192366
0.140437706077738
0.11187501249086
0.135723482169752
0.166188420697959
0.155694161101861
0.113255272017509
0.133675953655952
0.17464372607897
0.140506643020982
0.142049305742343
0.127357891919404
0.0985247274790415
0.118866694355299
0.141850849509457
0.136313622688553
0.154624359022779
0.121293400222503
0.108944604095863
0.126665026229974
0.135260156358747
0.125982751963939
0.16060285826695
0.135687565407628
0.112334471382029
0.199925727024288
0.207635800726912
0.223753147414815
0.244758190058279
0.228326930832413
0.196065511530795
0.139212370010324
0.127699604405273
0.171439373699041
0.130413071055224
0.145246764106332
0.143718550041353
0.155416502716515
0.131458715775748
0.140830833141145
0.171371138020532
0.142230595718568
0.130766711388815
0.135759762391708
0.153768379461319
0.140286107380456
0.145194999052558
0.22429859771414
0.134263949043714
0.142440688173305
0.180837834907177
0.146902240737187
0.140021084981693
0.137180415994349
0.0991122795604225
0.13410093505435
0.144524865288379
0.111860323441194
0.183454296647901
0.192804832757113
0.159289977630792
0.155307398823302
0.123906674163617
0.123221010699621
0.115299521949941
0.164279897476337
0.161761407168313
0.107619359367119
0.154839523136063
0.172684484039379
0.164785288100945
0.148049431692419
0.137635348840789
0.168894969694994
0.154556872526077
0.117944056356542
0.132865888853543
0.161544855417907
0.151437429053519
0.149403814004736
0.134130153628888
0.128920565385133
0.149370237854605
0.170913511121408
0.174151378607466
0.129997639373263
0.18081264896426
0.169350628672402
0.171034122337022
0.148309638506377
0.150552962758236
0.142198042958444
0.124200570163606
0.140657414276514
0.174163986677275
0.15193194116696
0.135708968843091
0.16534511159566
0.128008749007502
0.138320034279912
0.133054744225811
0.131358495757465
0.130726630399184
0.1443145009003
0.112767905486045
0.152698164752463
0.130426309071602
0.16054249901752
0.178304329475737
0.200543491813778
0.196124706739603
0.15294210068696
0.136609587568251
0.146794817366327
0.147649185375022
0.111909880672089
0.142162918067413
0.123601514270658
0.113005535307823
0.143698087525097
0.112012973729889
0.124143200742128
0.171077730772589
0.168825062749515
0.191361217842593
0.132865120353633
0.129120036399862
0.150720309867636
0.119376255825564
0.161092161258565
0.159630490518267
0.13005617215233
0.156203072848388
0.210223613764402
0.16768348384655
0.227795736725052
0.165969242893738
0.152315570658688
0.140108859394012
0.157807439490908
0.154168451696636
0.133329250973432
0.118601411330702
0.195521330991003
0.235185774760439
0.166430934925329
0.202743620524501
0.140381342024996
0.185984165718361
0.200209227476261
0.156242593328836
0.115114369625693
0.121305806221206
0.149442484997189
0.115675998485369
0.176005648272023
0.161543471864852
0.128947599357863
0.178094614549174
0.140150139694204
0.154120752055652
0.157979068864138
0.12911506055843
0.164782675080391
0.138633535238446
0.129111185013244
0.164470140831201
0.162125429563967
0.132586711377954
0.144722639783479
0.118529171229422
0.147600928986773
0.167639922043169
0.127543717758792
0.107303110973799
0.168963638486186
0.170632834579566
0.162572806492151
0.142979004828282
0.165885539193028
0.144846379622746
0.167144607297943
0.165423154732214
0.148410526451962
0.224062545730562
0.165922256608141
0.160931306975727
0.153191683180056
0.165529097254077
0.129359405463469
0.118450659079146
0.143835146801296
0.185092943595604
0.118027503030007
0.125872931832787
0.136436266859076
0.176436492358186
0.170853732720265
0.146535892117126
0.164873653489845
0.144555949791214
0.164039553445679
0.150966065202275
0.15363261444354
0.125822206402867
0.141257992499023
0.112242602872703
0.146574307396347
0.115474592329538
0.137304491264299
0.106287474579817
0.176954186231817
0.121244971697814
0.144969932628147
0.131564638759603
0.174151421291546
0.127736984566191
0.154693409383698
0.117206979741419
0.141561657577187
0.197113627129696
0.177798905281213
0.116356683671844
0.147853925162885
0.160690739652034
0.122655586598842
0.112139966254504
0.109450427795444
0.149094058980408
0.168333800781087
0.146376737676556
0.174408262219345
0.133829839766236
0.10990921095105
0.129100290479207
0.140911845445302
0.102490784170263
0.149643727509471
0.152279264610763
0.124520559120095
0.167705720416306
0.120702519226539
0.164067126345693
0.153463116915741
0.16252620383262
0.12332749293643
0.116338158455531
0.150846724922827
0.15244772787326
0.183070592558539
0.199591048772842
0.186997615763925
0.174012831093655
0.165902792602465
0.21890916014184
0.200914399517753
0.182895469814377
0.16952150747628
0.145504079939806
0.124860481186145
0.153220587315305
0.138969274690296
0.148955958900112
0.143426479217336
0.196832534375907
0.16109335094885
0.120483092859419
0.141545648893652
0.135574633156157
0.161402794155241
0.16935472258919
0.172219978356759
0.136740485413223
0.0966735129561033
0.192680027386562
0.118391039151162
0.158968261360683
0.128823691943235
0.140471437650719
0.126333090621951
0.157577050950766
0.155410756816016
0.156026786893369
0.133518641882452
0.150601386890829
0.149024696611257
0.151458887200571
0.143861400444113
0.182869018980395
0.168735569303107
0.192778402932985
0.123923547123793
0.154790255704587
0.118735402445978
0.171651552296024
0.141560657426372
0.151406107421543
0.171517396941549
0.106848319778211
0.143398118730908
0.100344211066127
0.172784718882652
0.175299251695025
0.143421584449297
0.122402352508026
0.131182278553714
0.141880144711404
0.164655515780993
0.141020008837894
0.16663907460749
0.187662678546279
0.189419742572978
0.168839960331632
0.188782793516137
0.192118657559964
0.226890081094428
0.130444239531732
0.19323813771678
0.140973471613722
0.174427868117769
0.143209281500581
0.215790108749342
0.149163725662338
0.166632360912109
0.205307845436846
0.172843459674549
0.196970393210618
0.13949055520788
0.171863016168017
0.131947750480977
0.123917261271675
0.193880732801855
0.154578368634758
0.166819688220275
0.115378805666115
0.140324846760319
0.215325075651942
0.147653906819052
0.19449408997354
0.220937317463076
0.137582834772919
0.147775727495746
0.204824532740319
0.209830012570343
0.147434526390326
0.179284103909417
0.242961035003187
0.174333277408646
0.181164451818745
0.184438084007567
0.176002232951748
0.192191641014298
0.146239141264126
0.166717137200196
0.167050454903219
0.172565902026177
0.157232207469158
0.13320559883606
0.168753886889363
0.130507588784419
0.127167445210734
0.138918951173709
0.162108123528195
0.140067794533539
0.121657721480056
0.142307036631757
0.109673082190479
0.119422188139922
0.14918137569015
0.168907609819433
0.131223369522623
0.132586925905262
0.193284048883104
0.194757501977144
0.177226989588096
0.181113692678926
0.193651410973531
0.136734095973342
0.1225168578358
0.141174837926191
0.131319979970572
0.131452831785027
0.154297285465106
0.135500640760308
0.139909513632027
0.12408371169865
0.124653995127442
0.153637614585239
0.192994645107257
0.145483247973276
0.14812059439671
0.187363451352916
0.123171651757739
0.128211885586029
0.172576630171402
0.190170894881027
0.162708628853398
0.119533876756371
0.185657193923573
0.156499380957116
0.165955137014489
0.143063045143714
0.155949225401386
0.164101255231261
0.163570073480664
0.156596217848556
0.202310987126266
0.200892515178474
0.197233715379105
0.160112528681176
0.154104456209513
0.163207026840397
0.149828516052314
0.183011212029335
0.11176818605118
0.139822801190139
0.122735932445734
0.13954545125241
0.145299270021868
0.157857144257996
0.119233474797963
0.118601083363103
0.14515690283056
0.106958972960149
0.110181363275168
0.141265255986408
0.131491340505337
0.133303548844243
0.165536668180838
0.177252703686296
0.194187744449236
0.132048067218889
0.14496450097637
0.153733549170109
0.107221932146016
0.155827694841431
0.107842253561291
0.133372187307751
0.147387695530765
0.157498430134833
0.139164858919814
0.167705166242164
0.124163480203086
0.146231418221094
0.125674534590196
0.132332622437398
0.161144302873633
0.15584928191109
0.160757453141493
0.137826522392437
0.174098558746475
0.189319294307572
0.219306823671624
0.117295288254513
0.143993564012549
0.180998218339626
0.218074171699968
0.142432330351886
0.157518327587814
0.140938436606603
0.153572827766572
0.222334583635279
0.198063038026921
0.184516939792737
0.158945509455599
0.143873296504624
0.131753679262792
0.135457539998386
0.178411650321774
0.15259992128258
0.135991850577647
0.165625376382622
0.118452551877448
0.127122910815443
0.13371565879727
0.12433360101796
0.132307210023462
0.111123650538329
0.143160915953176
0.11824870554292
0.124265053649405
0.116174160522618
0.118664744292409
0.13219954441899
0.127322315278979
0.127305659848491
0.121351777216878
0.0964783638125575
0.140416621315633
0.156166403953018
0.160666231369941
0.183986595896202
0.152499074492378
0.179737619298146
0.161120301118599
0.142221620118064
0.164325124407419
0.130697076487842
0.132426770671087
0.111061666945687
0.11709835129119
0.168240573712588
0.182639043511227
0.124398061814087
0.124605257885893
0.177211156490066
0.0917302008245784
0.110057708955982
0.134603635287997
0.111409479541585
0.129810017778496
0.174367005514546
0.122234142117752
0.143207533095694
0.141789560502827
0.12971808782826
0.128423617865293
0.171514095292666
0.126675123025119
0.149783828117015
0.17221239202093
0.163499630954185
0.118036595843601
0.165698682605187
0.125873362362243
0.168276299217986
0.155449011665748
0.177392597908961
0.141231183483172
0.110566408909782
0.177114588007669
0.150834007062104
0.17390129047322
0.112041562764307
0.173944266523618
0.134492090117339
0.138237660074945
0.141920683564138
0.163853381762466
0.108542818105811
0.114330719598503
0.140296224387504
0.138898781332847
0.176587310741165
0.144599975287815
0.154329407779298
0.132027851717575
0.0988422041476722
0.147470305743874
0.15306271680991
0.172986145636546
0.137708683175398
0.119078458862221
0.118451730497848
0.150749381463127
0.175337680144914
0.151410100402602
0.132061686808266
0.166460917329172
0.137629149537647
0.150629468533468
0.124401261759678
0.157217778646672
0.148596678930659
0.146595003524538
0.135849022523047
0.157550697190818
0.144694521597079
0.116692865118743
0.145669091809786
0.113270514267424
0.114007146035413
0.145770810817925
0.141756514627069
0.208649438644702
0.148301445985453
0.196741143589544
0.156946657565369
0.155856960017421
0.125807471191307
0.148925500914388
0.185432893731861
0.151407142183948
0.129506961312247
0.130876723484651
0.170972022043096
0.147224636434162
0.107270229871558
0.164590302010635
0.173442016634004
0.152453739146603
0.108868294471531
0.137054567429878
0.13781565175358
0.116039355106108
0.184431214998391
0.136140379909408
0.13855206804827
0.110179962960234
0.184039365878086
0.160784946856767
0.134730655257423
0.146618416951118
0.171783196353896
0.123660777293372
0.142077138567928
0.133693422535318
0.156166807811582
0.124205029673951
0.105850002500238
0.137057601062391
0.158108579905117
0.158681139769336
0.120347401577211
0.153453075679445
0.118465710713592
0.152408501710665
0.164478300392372
0.138935592508363
0.111078268599731
0.0856276859760274
0.106546616632016
0.125708723123487
0.160089031913114
0.173729729370342
0.129245822571624
0.151050212787253
0.151637087725253
0.16617449096201
0.181641821684838
0.158099805764458
0.131286585479218
0.11102308035766
0.120989805107741
0.12677747881251
0.1491971662219
0.125635661104767
0.125462912066887
0.162490170742686
0.16331771175187
0.191064603348384
0.200811730580839
0.170383627353839
0.1244009087358
0.124253621916252
0.160010140592522
0.0991647867637404
0.119647198744859
0.129435261603224
0.153438519104842
0.114670282898636
0.154680226338998
0.147094937331607
0.137101422526042
0.123066480668291
0.120810600674792
0.112829148985449
0.122663015289387
0.162407856646867
0.144697933751596
0.130670090558008
0.0937182766519046
0.129953156618829
0.159945110449559
0.123606536187574
0.151990294737642
0.156034724048154
0.157010241561347
0.189025341863343
0.135702081189543
0.139611060655939
0.15385310960809
0.128155581213593
0.141101335490156
0.0901819176903158
0.189698623907776
0.158842962923701
0.147817524323918
0.165995613848714
0.136040263506475
0.126082928875223
0.189295941876561
0.16885878981325
0.149394078734781
0.120830500362179
0.198286381537704
0.186767218393794
0.130794312057737
0.185458575900588
0.133305812004577
0.132689912967016
0.177989660801683
0.116191506380708
0.175535963064558
0.154682596609837
0.118588365702163
0.1470405270212
0.146899999632252
0.177320585479067
0.137393917291725
0.166884148000591
0.109920756540389
0.093381924026628
0.149860707730628
0.131726487219693
0.142010419854661
0.126832284280925
0.162292415929381
0.136412700243686
0.148560989183459
0.152149606480075
0.148042355753677
0.127388690297849
0.14504317079294
0.109835343655915
0.137016886912136
0.118448092666793
0.14985459212444
0.117330468903924
0.13846025694652
0.117370475094227
0.118538097591112
0.144816891455237
0.148506172426252
0.127047242284285
0.111538636406226
0.135512839272366
0.13838613133685
0.11509666834344
0.141324560716182
0.111448962039784
0.193816717437327
0.173709404993313
0.123211644722378
0.116696602749695
0.130534509003256
0.149248422942863
0.197983593909876
0.241190763251239
0.168968696767899
0.125281507430609
0.138498813702811
0.127420568208595
0.170058854688424
0.13004984474978
0.100465806222825
0.141405832644082
0.141731004170599
0.160268431739866
0.138601950425062
0.186300903982288
0.158652521649669
0.15503921889475
0.15344213504139
0.140659234671557
0.146161316434759
0.102878146438933
0.157204660625991
0.186634437438788
0.141564940307351
0.192150688736731
0.161664114339575
0.127775014538146
0.136695865586493
0.151380931565718
0.179094685117241
0.132037779543659
0.140654050485178
0.137759951077444
0.132372394403384
0.133575033386219
0.155790478520283
0.16500161855529
0.157017112497785
0.148902623476061
0.143210379406618
0.134910725076641
0.142248351682639
0.152188135105933
0.148517668260453
0.104956370769302
0.112327788995935
0.125326292534668
0.147420090148462
0.152893548141108
0.131658989868369
0.13955035365416
0.1495740061569
0.209966804088814
0.210993772091304
0.150365445110717
0.187509495067653
0.187097344229412
0.124092997204224
0.135105611593194
0.137464323854204
0.150676071782128
0.1091446658426
0.142245081164109
0.129931559632213
0.113505940574619
0.116539527676639
0.141734632089636
0.140846388187214
0.139414086228337
0.160339876371883
0.167602510974611
0.114607494307538
0.184835621367447
0.155301590719997
0.100929888180256
0.182537616308055
0.108952287326342
0.108454572432124
0.115665832308728
0.144530351901123
0.111545101836
0.165776678454642
0.138298128456028
0.102769499728167
0.113204437659598
0.147814344338966
0.158119469079727
0.172577896990136
0.229003695044255
0.133880427823849
0.153397267282958
0.166174823308556
0.126041550693146
0.188292147794822
0.125588483566197
0.175635390712165
0.198451038982916
0.175909680314996
0.207696724652227
0.144372826727152
0.152787306584462
0.14976161836986
0.154526670606595
0.168089821262282
0.122249326146081
0.115549303019969
0.109699934760531
0.162744306853232
0.153940536525341
0.12515452992964
0.146306772014063
0.138784847518794
0.147169789335797
0.116648870567563
0.132979582165467
0.131127776604213
0.123199050907834
0.142966686603287
0.167007763449239
0.157475484616785
0.132257380032255
0.174450342440948
0.11968336395453
0.150469183715617
0.140212469081838
0.142933264501377
0.162122623133704
0.145704770020285
0.124732634714756
0.0930239983541933
0.12557180634758
0.124670595211153
0.106193911564245
0.129049125412895
0.136779824904613
0.136087122107743
0.127908845373876
0.130194418255101
0.184352312035744
0.182826977882624
0.150313187345332
0.143281839394589
0.175215937999463
0.124171817550625
0.09345533968913
0.164482279831133
0.121058131546332
0.133613618629398
0.127641332051472
0.11704062636822
0.140128762898588
0.121351611244867
0.136191206517887
0.128437976831686
0.124273056020751
0.130121930135082
0.153842636505867
0.140934263451783
0.141694748080759
0.134885628450308
0.12921476743384
0.133837264624532
0.100499966468803
0.114983537229562
0.126150975001394
0.13595355609153
0.124411128409732
0.12860767820518
0.110962042282883
0.101379325084016
0.0919415611977627
0.144658531109324
0.155332324939384
0.178746667612798
0.109927294650559
0.172003483578106
0.130986773431305
0.140309466314843
0.139053337262807
0.120049722317535
0.155644799769587
0.146288576751534
0.133372959712566
0.105617679574261
0.140131108296409
0.150464164688443
0.144349459870687
0.1235594197027
0.128656874243349
0.12487697605531
0.145445874975624
0.146353768899883
0.144068797457418
0.120180668782017
0.121404250819713
0.155029775302838
0.130023812104506
0.150123745116713
0.118418998632664
0.121909625710295
0.163577341768495
0.134109022535238
0.13694498658572
0.141358053007979
0.119269788198411
0.143843922645196
0.152683876533872
0.160640483425216
0.145566695790776
0.208739912613651
0.156042318621133
0.148284826543296
0.152483894420608
0.131699557359384
0.146682726401405
0.128052548219608
0.12023953829903
0.133801774960394
0.161079641350893
0.129506878342242
0.123130787337517
0.107036927629334
0.112047941313477
0.0991756319393778
0.10942788012691
0.148316684033868
0.119773424358886
0.13724886863271
0.138957936208867
0.146214439622232
0.14335804970016
0.105112583218464
0.132310324431821
0.0873426753674854
0.150956149096625
0.128250551406728
0.110373593144681
0.133814592406555
0.117358592204534
0.112781167924658
0.15335028881982
0.146660014154005
0.171581430662356
0.145937410466815
0.123966297424641
0.133271246706456
0.138049961353875
0.125720404875145
0.1695738633151
0.187060445300066
0.105318203536811
0.158166048533424
0.129052507025783
0.141686940619804
0.144511063164307
0.116265084530862
0.124459257207453
0.140390650899061
0.163642964785995
0.149142646015991
0.150175147530553
0.114114702137851
0.151108575845924
0.11833214409498
0.108504118176202
0.13094857584499
0.155578587833513
0.110863074755295
0.130458990444255
0.157803872263079
0.151514572588029
0.155502387416051
0.163280958192954
0.143928339736951
0.126628512404972
0.171947554148626
0.159759678372726
0.176811348430713
0.180617113198694
0.174219223876732
0.152015236046868
0.127957827410257
0.106680367706756
0.153049570164501
0.149873239804907
0.0969482581463479
0.155343156750456
0.160309954471221
0.129846561823841
0.140067459829683
0.136783564297068
0.16486620055713
0.127066753306337
0.152244585296681
0.147981925127519
0.137395509744861
0.141096423206384
0.166208589801269
0.131500015303695
0.169929984643932
0.168378508781984
0.159187967485147
0.133874772558889
0.11009181509993
0.115639580963578
0.143474579045358
0.14344519137857
0.134722980496046
0.156046197975675
0.176317427364935
0.18488432204558
0.164173199243238
0.168982350513493
0.175482458066196
0.147777704635106
0.193130976989407
0.140031656318184
0.208220281402682
0.190723753439385
0.129038450542706
0.171083732810117
0.120368307478894
0.125162186492573
0.150146411098619
0.163565579580481
0.117707643393891
0.142828788091023
0.144310017824272
0.143187987795056
0.140293048006209
0.159785463794602
0.146786196252838
0.15281203941916
0.138555033950661
0.178794102262268
0.132027372882664
0.153831071551644
0.142182893954787
0.183021004368793
0.140636742357041
0.16981201500879
0.142018621989191
0.143323268167438
0.1916098376454
0.13941960903341
0.158923429662081
0.15572117688134
0.131576705861336
0.142480898046638
0.144533664798221
0.155991010334036
0.15429863947406
0.123482869168316
0.129457721376679
0.115472847492299
0.130348521969878
0.0889141102223273
0.117371699298555
0.176215042681111
0.178004861875788
0.138373575669619
0.139012182735857
0.168587097955147
0.205958537394098
0.201829800592955
0.170632581923438
0.188196261343357
0.117804958402817
0.147412323753548
0.121702643072883
0.130578184738663
0.125286215333761
0.140749429497484
0.169221541788658
0.139813126662984
0.153988935780617
0.183652024945621
0.130495157342488
0.130613335943619
0.156101274443208
0.135537878817635
0.123167421662802
0.140922438919336
0.131756467309184
0.0945259885360197
0.136287769488464
0.109390561423548
0.136518221399207
0.138147834106034
0.173062437625782
0.144501783813233
0.115364208132522
0.173665599503122
0.190712278366843
0.117295550617444
0.127572580021823
0.159663467331708
0.107634685537282
0.116318924424519
0.174643807209963
0.134700813530012
0.130165087888421
0.162295738330313
0.131861393842215
0.134615612724898
0.140468616404317
0.146965898876293
0.123424651247013
0.137858570018959
0.146213900882195
0.150446114674431
0.130905296179285
0.142865283865959
0.13941615918132
0.138131947402179
0.121527383871346
0.142884377030339
0.113569155337692
0.125779263561167
0.153705826217464
0.154906578882654
0.161250844035144
0.148096357654352
0.171475432480274
0.149655388313145
0.201761367896808
0.146766878246153
0.186109803065102
0.161561873075875
0.147600470511378
0.123459512074551
0.104276877772548
0.119209410045334
0.12683670605528
0.125604138879198
0.0971748945425463
0.155651797156546
0.152817195144595
0.185141266174508
0.184557182165597
0.209701704785523
0.192286715168081
0.197658422154749
0.190736308816817
0.164750479421277
0.126247271751862
0.165133129665247
0.127582528657231
0.126578828392331
0.147061889339393
0.148984839407678
0.172879139863615
0.17733790762724
0.15153465641
0.140766919714584
0.118144664960463
0.190805742285242
0.110337137196863
0.156520114344782
0.114843048577902
0.121390527846754
0.189983418941112
0.150624334058123
0.148129263413123
0.140551934710736
0.130167724883702
0.157747769494501
0.152970365019511
0.0882900697341665
0.167148919989724
0.162534514231917
0.11739262030013
0.137723714914763
0.148024357026573
0.141743641254093
0.109120739494169
0.129928804554464
0.136282628995786
0.13419628717488
0.142613713529173
0.150250476400063
0.142029987290038
0.101579579207492
0.116060914733379
0.105508095121507
0.119400525793003
0.0965271688106538
0.139907609703462
0.146022422258963
0.162028166566016
0.115100458232612
0.132901987962484
0.122200438773998
0.175511475655095
0.180695300073069
0.139679745768468
0.15772331660009
0.171824808926687
0.188667107043689
0.113009923976417
0.139161971824655
0.141929115354658
0.155795841825975
0.125274836153397
0.143297746353803
0.179546213633489
0.17582741933584
0.139640194479496
0.124875684535643
0.128168096340697
0.115521502142623
0.112399324681328
0.120527371955751
0.101901692198275
0.115960966920992
0.124056251082504
0.139396046905846
0.108481442726466
0.144197872235465
0.128083511531177
0.128593404430153
0.159296661591159
0.127302596193606
0.105520540065649
0.114813921741476
0.141136871696619
0.139006353011053
0.149695519509825
0.140786195710957
0.143806820901295
0.0875029327205479
0.109348300250582
0.144823672578686
0.153761108874996
0.109652583959934
0.166026188088302
0.150321366872606
0.130913988107386
0.132155821039037
0.121848104880184
0.130340650673648
0.170766699617862
0.118365882720128
0.109390909339984
0.130322940082727
0.145353201994969
0.138520922930614
0.136082620037824
0.167510237126019
0.0987829019880487
0.127309305302976
0.126558766287887
0.154421446447322
0.143788925174946
0.163689035263981
0.150401439257161
0.155648635976772
0.109855682360611
0.135873269151112
0.174488820390714
0.148782729547006
0.164475065176303
0.160890188678513
0.138060628459502
0.131838486920899
0.171689080529377
0.138136350673789
0.145144750807352
0.183195914682417
0.190741694764421
0.211706974415419
0.139765906302428
0.194235180568143
0.17051585586666
0.113628214456163
0.0972867386412228
0.16013316489151
0.12810381452825
0.137950629637775
0.170538845518694
0.163209745055672
0.149648303116641
0.169686287765988
0.158476564968448
0.161557022711092
0.185316420557219
0.124947931687072
0.162752978241016
0.113684987929122
0.128154869699316
0.111273403412504
0.128547193133746
0.150816321352797
0.167025317035625
0.125306604439175
0.129542764429188
0.134316065409231
0.113826981803712
0.135314996682154
0.138013228484564
0.147350707630355
0.119878146462953
0.146722331962321
0.092515334668253
0.104271839581176
0.152958854298852
0.142767583579693
0.152658460556765
0.132955943028544
0.239812315439708
0.176228160439887
0.194904013058065
0.145872556088256
0.16931325067182
0.160411447216064
0.127238551320871
0.119718468386152
0.118061928045529
0.127097798306469
0.13161908687965
0.138213058247678
0.155224178030638
0.115403670582821
0.156728315832315
0.164382762419897
0.177181441955723
0.181249187369724
0.0954327422721685
0.135762675032869
0.119311827936965
0.10525383542341
0.111098421195584
0.120094480051278
0.136711384845406
0.119190092273204
0.115355206358173
0.134015688283448
0.119607755966568
0.182763488929986
0.1267237631713
0.164608165153509
0.143955663455772
0.125785899425026
0.128017735860349
0.160800851026866
0.143104363845147
0.156290901198127
0.123943991125215
0.161664810742876
0.16652839828341
0.173645717596723
0.162423179797338
0.163519670134309
0.159903013948442
0.132783558648055
0.135928439426063
0.115033172935345
0.127893203814681
0.10790016451711
0.106195986524948
0.151054070813806
0.127610778035561
0.116562466931465
0.118869642775866
0.145461285318316
0.0964891507399143
0.158336549590418
0.103416794171191
0.145355118225753
0.128136459588439
0.127747734482853
0.103467740125473
0.134485602177242
0.149188640335907
0.188211138271904
0.123720655901663
0.145674889655287
0.162949329185705
0.126381196952385
0.122754253607655
0.155271798729523
0.0872034920127592
0.144786626656274
0.171411138976654
0.151662640109091
0.11874971623725
0.187446407883184
0.200404654412984
0.146046012796643
0.151088828954784
0.155045721779833
0.152629651248466
0.147071941805625
0.1192392545564
0.135474903160856
0.140662185147114
0.152095750765726
0.148152953993269
0.167903951224519
0.150626405356749
0.147575402834193
0.118611420492872
0.156972496675686
0.118143441214707
0.123589187632755
0.141087238801601
0.149595949790209
0.131819497975546
0.15474851188268
0.182981188309046
0.131911335045309
0.147879532590251
0.114463578079671
0.142094532282426
0.151514891512413
0.109314151261005
0.130271843671524
0.12532212730556
0.132657059984165
0.115858714123299
0.156049948782252
0.141885675570197
0.150651735450673
0.121898936439225
0.129472234779857
0.0998155628015086
0.151863237779486
0.153702083403302
0.14708960544393
0.15017057605209
0.131154163941545
0.151643009535396
0.140619500103404
0.119214740661907
0.138814586925894
0.161887880638639
0.144905742230365
0.12352060777344
0.160931636045286
0.13073391976916
0.140777988288971
0.143402922059315
0.129830177923935
0.138248475736503
0.132614747433902
0.112745966693182
0.101377030986887
0.11633168353837
0.10631421914401
0.167618278088874
0.131601621868805
0.1586710608493
0.156792255444351
0.137343848650804
0.143858986475178
0.127818411415261
0.133439913235199
0.158855476629645
0.12976945906868
0.15349142778811
0.139141648849785
0.114433248474127
0.13670134125699
0.142657948113827
0.133406809509545
0.126580858421204
0.133063856862579
0.14322618043111
0.131246024209292
0.125118343034738
0.134825754048788
0.133094205719958
0.145954453392847
0.18134119071936
0.145764249801794
0.154183196976408
0.154376188760878
0.12386422008811
0.156907096354965
0.0901527133030646
0.170431423494446
0.153944381184468
0.15305895294338
0.146776451898271
0.194983022741458
0.116775738063266
0.107666127727838
0.15729852548397
0.15667040199893
0.13961638600184
0.11020800534894
0.151094649812339
0.132081396378647
0.129567415057725
0.113836376003907
0.154947770051526
0.179468610716523
0.160919654104762
0.156704944233143
0.127687299739491
0.154550797756986
0.163757971483661
0.148841611209774
0.171824945097644
0.10893461452117
0.118575437555309
0.143780596467972
0.130828698362379
0.151684326275423
0.15507140555302
0.140633954290979
0.178855374664813
0.166654679479484
0.173486365521478
0.128385337912312
0.125787934174589
0.117406005724602
0.152036971615977
0.134695507309774
0.126377937084257
0.16425536069932
0.146477602145049
0.132113994230994
0.114480553266331
0.139933653009395
0.138448493798938
0.113709729422866
0.137162928088976
0.128255941291157
0.107145747089779
0.110170941842464
0.16695534626511
0.14325949941855
0.13636647190807
0.179237647300317
0.156452393318378
0.158602762242462
0.143603838027282
0.139228970808054
0.124176058050694
0.139289225547593
0.17499660502422
0.135029477520465
0.203282360448032
0.157463732354689
0.150429226010831
0.171109503415306
0.135781151662477
0.170024745838452
0.114636294886845
0.12291621805743
0.154928962292052
0.103517690450371
0.135181547573656
0.161718239372004
0.128512895453241
0.121788856811261
0.1651236310717
0.139236620360964
0.149013390403936
0.157704601031429
0.176367578525181
0.161653977791494
0.135091473963821
0.160839487932545
0.176478259688505
0.168650568468506
0.155007501293504
0.129645103152401
0.137239867744166
0.166472060036432
0.155735415441744
0.148469132635808
0.165396857303756
0.112367932761808
0.152851504434469
0.11163440513169
0.15248009404797
0.12944909901227
0.127009299563525
0.125693295003016
0.122499170043619
0.123960065532798
0.126290996400389
0.141928733494771
0.132875810528093
0.179506746255165
0.147393082830256
0.129489838940467
0.186982133217585
0.238127022588614
0.169732744381729
0.178945020147692
0.179322352476109
0.13764366360747
0.152494016352468
0.172273893366492
0.122999898245804
0.123045890654489
0.158621227436633
0.134370166655744
0.130214770155764
0.147319654655197
0.166837256374048
0.135655845712424
0.147424531067915
0.164497117080751
0.1256226262858
0.149478399377923
0.149705918056676
0.136523456207611
0.130190048263296
0.113253230367212
0.140544023540862
0.159999907073141
0.141024923392744
0.109385044235559
0.12385000047112
0.127030311700646
0.15342780792027
0.171385171844115
0.103720436470096
0.140488338534567
0.128848102493365
0.094834532612686
0.148198810738383
0.179841148168337
0.12510381897637
0.144919052941741
0.111801978507355
0.179049903079531
0.132688346111952
0.129269414338069
0.16658923307618
0.198030355912241
0.189343493435428
0.122391433758914
0.143084779108553
0.177683682764689
0.141383721501436
0.133489437929004
0.154588802166593
0.127554248109046
0.12324650765734
0.127706823301536
0.164849653759703
0.176246633245458
0.146757659594009
0.151895223931372
0.143220089873801
0.111731704042227
0.0953510484111069
0.128139947077638
0.133982536664371
0.143121994469906
0.102316499120088
0.136380309856075
0.113863581549384
0.138030616293177
0.175765819441452
0.13041031400165
0.162626974292227
0.212172336403065
0.147277675257137
0.130848228588588
0.181733215599939
0.14527059448373
0.171794134411556
0.111154311637212
0.116373126332598
0.122512307789618
0.117347022806774
0.163185826143845
0.158538214473626
0.0822342672218652
0.106077531032828
0.157594628100158
0.139711511878057
0.151313162786504
0.153495894673463
0.139799523759077
0.1146756343299
0.218006655897419
0.149015783065987
0.118878376274369
0.165955666133936
0.154316257135359
0.113356112888577
0.141478451852888
0.151390102614042
0.136069919106317
0.181851131295003
0.145158996465029
0.156973311805677
0.159791075264791
0.162923759574118
0.186409940795179
0.213181616343463
0.189232803879248
