0.17
0.121288550395328
0.137728344169329
0.101915100701554
0.0992514570649974
0.0896886149497052
0.181502449107559
0.161764778371984
0.162616380398683
0.156421699398401
0.189565209716906
0.175126739848002
0.183876388046155
0.157981939341405
0.11485589823336
0.141695583585208
0.189157235451186
0.235711193145366
0.209277577670883
0.157752210879301
0.229467298443802
0.137066339759275
0.124886456001844
0.173039759694538
0.173703720610163
0.16682126903089
0.156543253716849
0.170521420602691
0.197194512723833
0.175967333888451
0.173741638581538
0.150617279705491
0.181618637495818
0.128046547511244
0.106157508296976
0.128627553140085
0.168653697374117
0.140383199303676
0.235260453861193
0.180687635276474
0.2701172468644
0.257196667876257
0.131831086326768
0.134952422284284
0.167521239205539
0.210134555698858
0.129590617039969
0.105197553526154
0.144668786434869
0.139682037076408
0.207873152113672
0.229535931392532
0.24720526024355
0.171130668449096
0.165753363899715
0.180117913183615
0.225281548038902
0.246514825892001
0.198769434771197
0.170729772987722
0.175052862410815
0.23013886469101
0.152930105335417
0.237384950614494
0.351978860447958
0.206441529008447
0.200598588338711
0.143230850441576
0.204707260325929
0.222585214954709
0.171785321140723
0.140541091641813
0.124299562110648
0.0777990105369843
0.109524841130359
0.144550588385467
0.230782274439863
0.147687547639031
0.220168266136199
0.150716949660629
0.211037168361976
0.181862355355956
0.17544948507881
0.250221209044915
0.277611636512483
0.257897705499292
0.146182832053092
0.171245548641933
0.24028140079238
0.220452226061695
0.297363571051308
0.360466456550715
0.284604665515976
0.246228781685518
0.256383464090439
0.212318760272654
0.258158365556213
0.177387544446347
0.214619040229772
0.19816362015003
0.138278895179539
0.23575206013316
0.295332547999265
0.228801404443591
0.197531915267525
0.204489810773614
0.164430456796279
0.149577648191157
0.173494925613384
0.192257340013826
0.198177048286855
0.165547049595037
0.183151209825567
0.190272527170105
0.223997147318492
0.221054352762686
0.13054362931556
0.141346514201037
0.210967404260216
0.137784021276289
0.154788509927432
0.125953971826086
0.0700087790879205
0.0825405947985387
0.108450503606383
0.273424106073278
0.222012646302312
0.135924991497313
0.264793621349762
0.182362149139172
0.206702501112488
0.106674756611439
0.214328786548267
0.181322471301957
0.125974364805968
0.144836118046226
0.153330410935906
0.180546532003915
0.369897113626436
0.206269712234654
0.235785383248828
0.195543529058606
0.267371547713484
0.175913728847586
0.254098172272562
0.286998916076014
0.131743741962908
0.176497371967016
0.239011232005877
0.213425152268864
0.282132359263763
0.221451973158303
0.187658027431233
0.222595492885984
0.0821707344319113
0.20678680860168
0.251668403864468
0.167704365037584
0.21709527621839
0.131435800552705
0.192476267772277
0.170030180661655
0.266466232387019
0.197780541013571
0.214871084407838
0.230578991173579
0.219070903410205
0.202709293420361
0.180634496153308
0.213403210246695
0.154590941240166
0.201422944198978
0.23826343210727
0.247555627211613
0.162043832376674
0.177886982403434
0.177761955843964
0.200242855226558
0.200485413686207
0.152562679557429
0.163598221621054
0.170819714504335
0.0907014440133189
0.157928232513356
0.206220732332599
0.298185371595095
0.285448412746176
0.282543954711111
0.239130227358495
0.192794783874124
0.215720864577702
0.143083153686452
0.16024594109091
0.153490129992208
0.17287195233768
0.0907394736522691
0.105501470703815
0.16287800900245
0.201520119297592
0.183954222041123
0.27366123052034
0.16934619989435
0.161096716956859
0.192847932267136
0.200280297305261
0.162175311760084
0.102780582831754
0.156982419913849
0.16090406589378
0.136241127331803
0.249460018945627
0.241634795929645
0.266244563307713
0.210550642655174
0.142480750434057
0.237269273583753
0.180902656357585
0.248853438477436
0.289652374440897
0.298388761144744
0.235817321642065
0.231753642085494
0.337395955836802
0.234420257958121
0.169446528522665
0.210249165835811
0.210435531454338
0.150089148443473
0.135374468921749
0.208072719566627
0.138841347649977
0.173605176260902
0.227460422919185
0.1874618655671
0.266585744004558
0.218367543027316
0.221818912096773
0.152619285783011
0.254853311850654
0.165553987316663
0.14559092105528
0.151786265905923
0.130380658443853
0.159039985019671
0.150352237667835
0.191093499178032
0.198219895876832
0.164341134606998
0.32199273564337
0.261182328941338
0.236070651346226
0.171488729020441
0.151715100030594
0.144512650685588
0.223325527379059
0.202810916235037
0.248572391470502
0.181084599110125
0.200639420374511
0.217793056296645
0.213394524849352
0.285343995168684
0.310130088747151
0.233742521478639
0.243026338933576
0.164136751215429
0.108490123070729
0.172809736087111
0.298439887692939
0.162693691524194
0.185615990587857
0.166505791576442
0.134136784016643
0.194068246526325
0.269494410484345
0.127951716338526
0.131525398505068
0.0784125107812419
0.0909263385766929
0.0741558521856662
0.103125520564394
0.0742969712886043
0.1165588992738
0.190088030258647
0.114218879795874
0.104788463167425
0.106320459737014
0.147625551713656
0.196324843007793
0.169587640371408
0.22457805848943
0.155234225301023
0.199061333511189
0.166846655405391
0.229067682257542
0.245985299799228
0.207673406804822
0.236793614910583
0.236152496645224
0.113370515185434
0.140686625353246
0.134042566969796
0.0960621899930756
0.122036808294598
0.110989014815552
0.167538842751771
0.131756410688722
0.231765958485942
0.275983443281214
0.188355973850618
0.295815374951852
0.223909183797878
0.227287060350344
0.108391329480122
0.226094992643386
0.258814478241639
0.278213854926748
0.18207625564683
0.209595528568889
0.247259979339213
0.206405880581556
0.207858839856836
0.196209953078256
0.183972120268292
0.188124820641488
0.0956873836645695
0.0900018766702238
0.126830055155991
0.218292817147186
0.20907516518715
0.134211735282012
0.166391825868019
0.198252234298551
0.287446983911516
0.279774196218393
0.234597075690871
0.236266523578078
0.259014824264589
0.260534445236164
0.207187503001159
0.157709479177601
0.233137151215293
0.253431934731373
0.135259812924233
0.218592810578416
0.241573739872158
0.264974919966262
0.244430964448475
0.203273372255198
0.188335323455872
0.189826616215575
0.145704742278322
0.143159950732893
0.148097770673038
0.123262760917876
0.113060871084085
0.130723395639137
0.187101720637479
0.159770081346008
0.167689136141769
0.291276152353262
0.226531306862637
0.247566047551077
0.192953046051308
0.298417632872346
0.261489330640908
0.288111763736478
0.265507544654665
0.15028495984993
0.217186524489301
0.303912415121178
0.212755284314068
0.200953060280127
0.199438608176528
0.290010008941396
0.163271274456162
0.188733174303298
0.199205087141906
0.210127543674461
0.134017439339166
0.151614635810994
0.0761959794269053
0.17289263993957
0.167064696154013
0.191002433081723
0.130765048744596
0.108500480786788
0.189639185640048
0.211679081408699
0.172731238337914
0.207174926582618
0.265782259013572
0.166557712353065
0.338083009528351
0.336379977912521
0.326754620208011
0.24778477410655
0.224697946131946
0.213431216481704
0.139141412164447
0.262743598637651
0.186830640652711
0.199891212367504
0.27475217620788
0.187483867295489
0.157962592399415
0.174625396740754
0.301135573677141
0.284514585781081
0.143100913572196
0.168795543732474
0.115602900198439
0.156097915819163
0.194882105246578
0.35978641872658
0.24079811482291
0.125106949237885
0.210535414024223
0.198210613363151
0.121250088981602
0.165252397819294
0.16843160058641
0.225269608035816
0.217123010462188
0.11275203299759
0.140360013024079
0.146934959264624
0.096073682632839
0.144847267780476
0.148460183362645
0.18364439068968
0.0838373145418814
0.161844390556952
0.18180794910299
0.279961916997379
0.252065179436184
0.14722437339017
0.144442316300202
0.197510036152465
0.144197397212672
0.137660817441534
0.142064742623126
0.151408609208258
0.150819229947226
0.256797135195928
0.254340304595987
0.111377875400035
0.106919802206184
0.158280209332481
0.121735699515473
0.188421778113685
0.190344400736269
0.340817257479616
0.176385206977245
0.176506883123964
0.171774926212102
0.175821752013025
0.101479650438794
0.100833025034104
0.220699055731808
0.0881066539582984
0.124512771203048
0.0782250811536346
0.173583455319233
0.250841514492219
0.177971980116139
0.220369836212082
0.210039777320748
0.0920276526433343
0.156813085831161
0.193810348503386
0.21013520197268
0.188678198568938
0.223931587291263
0.196272409295138
0.245558482842112
0.143864625003356
0.242158666362266
0.136661124573999
0.125749858001473
0.194791039104843
0.217503824023961
0.270530390418
0.298509895572512
0.177855837971913
0.221278049503071
0.156381216415667
0.208307849740747
0.168248560721104
0.228629694724545
0.19725551831804
0.260141923677564
0.276193250799382
0.185126385781564
0.128557264012534
0.154312796387168
0.255204793556058
0.247649563762727
0.259208301654273
0.116200389332911
0.14714861033622
0.155765690781558
0.265318648900912
0.167685404228123
0.273614864898957
0.265439821467615
0.227202570260595
0.15444030227562
0.147550363518909
0.169268450193309
0.137204167385536
0.159345180399794
0.249897837159155
0.313535427007302
0.362615463540041
0.188828411894888
0.388898278830724
0.154389716826141
0.168861022849796
0.11028988074527
0.20953576436362
0.113911593299433
0.18096692130944
0.295828531865336
0.147295704604158
0.0749473671496334
0.085028625417282
0.166784751657013
0.165690290716494
0.19835962949109
0.212438249603486
0.206404967076197
0.165163606579247
0.156031466409046
0.19714745830558
0.201246242516873
0.185283908306466
0.206848358690972
0.148999781135942
0.163190034798203
0.14447804870174
0.0965055890680041
0.153807597562832
0.11861142744597
0.195207132127125
0.216490977784048
0.182996028786383
0.220665860202162
0.278591170654381
0.197072738457752
0.152435556088034
0.111868146104775
0.203945768935299
0.159829280930378
0.146104999001711
0.207589498761888
0.186053351159866
0.168660334240599
0.120303120121203
0.211637129594668
0.231780847169547
0.115578103457045
0.128615574673205
0.133708879577546
0.177773836530915
0.194358090195828
0.168618046512583
0.213372621726235
0.24199383146943
0.200399593100287
0.180093340329062
0.13643644427726
0.190124614053611
0.22694802231427
0.269167733384697
0.22033544205747
0.267239242973953
0.27683280231931
0.16006501483526
0.246482535297083
0.186496934912506
0.186959328608373
0.162508717168401
0.186708567733464
0.144133495504065
0.119819021584084
0.171213844537234
0.197479462689101
0.198034910449339
0.117316269869847
0.17827002127401
0.154158454100457
0.189608173322585
0.247678797880256
0.152591489457883
0.138232710712459
0.152604585954429
0.18001078130873
0.24875980830517
0.203097985295214
0.187930582873371
0.143906236488038
0.193232016116678
0.247909337505779
0.240184107249769
0.0874554726162272
0.0796397612962016
0.182813372890135
0.162431448426921
0.276308809247901
0.242495613815576
0.229306785554591
0.157736197821842
0.194079156171646
0.320160840844444
0.214075037904622
0.181430308359436
0.158642684732172
0.143271474161645
0.139198837803245
0.0993677437622137
0.0986231731570927
0.104946443878207
0.190548445499588
0.109070199965279
0.0828942137956635
0.102402141818132
0.115853895953514
0.209546246288657
0.152994578334489
0.140164116391373
0.238298761200218
0.167531832263644
0.139446331143025
0.169914414162741
0.126269673571066
0.210396103976696
0.140830766968747
0.201043114471208
0.163202362478757
0.166947431642006
0.109989864107779
0.138834298526892
0.154879874798397
0.248887828358769
0.217422705645792
0.230585019528227
0.263289520412802
0.243430816265481
0.12981264567927
0.14329246661468
0.109023955011818
0.128551267785185
0.147477370234233
0.15333379126239
0.18573198965852
0.17713323076881
0.131799103401647
0.124737904940448
0.187975082199574
0.166187109764396
0.16777870824461
0.180932037213628
0.183182291647461
0.142409193575389
0.175802502638349
0.136851076620045
0.178949527325923
0.150069310701338
0.185793906856034
0.117837775911513
0.135187780316508
0.101067582060867
0.118301126236234
0.136642323641846
0.178405756781678
0.193237543541694
0.215383741615116
0.179011289690728
0.227484636839902
0.195263315687767
0.149518095302324
0.133098963132711
0.161414392925565
0.151564594955027
0.159266825058427
0.182669334468464
0.153984620913903
0.199346837681416
0.160389522054699
0.115694866632903
0.0998143714893298
0.230288828052509
0.189299814430264
0.19301523748205
0.194035061223215
0.171659119198574
0.224774108831341
0.140289608261404
0.180920627685711
0.137783745729744
0.131058004581699
0.15186152081781
0.129391348343129
0.0959525869761076
0.106118142754498
0.102232359142836
0.112769074486998
0.175160858961177
0.169837875754791
0.249626179529642
0.206644531239669
0.205152152484376
0.188736211960887
0.22224169311109
0.235220695381616
0.181790018073228
0.184715502240819
0.112800559859637
0.0866349685859091
0.141462401809346
0.239279875241261
0.27353356051903
0.140896019989728
0.158281679268762
0.106191134581234
0.238103324134482
0.289786318405923
0.224849064131594
0.146809084394279
0.166676970651408
0.112351486844856
0.21478469244277
0.215269240969509
0.325932515544718
0.158228232751195
0.132650551098625
0.286738315684289
0.27189591653648
0.265771335160308
0.272124659894912
0.178065748835253
0.110856363213728
0.182145209420301
0.1475371178451
0.221931374635084
0.209209972558218
0.176164229985084
0.233431376300555
0.181343470276947
0.203412387331887
0.25014728697877
0.146857932958806
0.244882529217381
0.137592712906632
0.135756039105137
0.124328893948444
0.149139986694832
0.0998021581300831
0.187195728352474
0.236536108066466
0.217568878345336
0.206026224173442
0.250882999816455
0.311897448622001
0.276515251059536
0.246911251779927
0.185199264580642
0.125077309177658
0.152059664590397
0.115862524866569
0.10902074810955
0.153865299322478
0.22503800256201
0.291121856466558
0.174397397933477
0.180657637487598
0.179823710873151
0.118709126924255
0.0991202985721539
0.163073827520715
0.183095707977349
0.13943021597332
0.128521677759433
0.195335216061629
0.128889007518933
0.176255201158081
0.128118360312376
0.159768760809842
0.103713819034796
0.117713445378017
0.114343312557001
0.147499265225259
0.178222285208227
0.121818868810301
0.151649387613246
0.107868871269691
0.139239642742264
0.183239011197295
0.138912007884211
0.153871287375146
0.107500320325164
0.188932083311774
0.212800116034474
0.140826813811393
0.214988346469341
0.245671795564395
0.278443666250326
0.242208787418399
0.224284331387795
0.234892074092639
0.22872506086507
0.102361255089725
0.187527313708629
0.190050351202299
0.139677328259741
0.27325149229237
0.322292310672038
0.194472878964076
0.216660472733043
0.270038088967986
0.384193518177395
0.26818171516173
0.192988228067844
0.233484026592439
0.17271885544548
0.218768723500143
0.117392940471533
0.150747743744129
0.149390548610907
0.195956790736321
0.186461153203774
0.205648192016251
0.179479077645416
0.185630797155956
0.130425054302322
0.232239914997605
0.224229398101951
0.260212396963881
0.221342524440713
0.140566546656968
0.165099395333109
0.169227367981265
0.163179487837653
0.218267759603729
0.223630945429777
0.161227831409312
0.15167776521964
0.143675701248858
0.183978144413432
0.241307408272332
0.119095807349866
0.173739265542867
0.212341452626156
0.272671161603903
0.194825071443995
0.215879081339962
0.149359913703418
0.135715921250851
0.280325527016026
0.281238668442392
0.295846383178511
0.186319094884493
0.195803544468946
0.16248991294953
0.262675994310361
0.216952581593695
0.20571456693289
0.227485676188568
0.178266537975629
0.111153660865401
0.270370533255087
0.312604736986798
0.261304848958249
0.237825370512277
0.17050750514761
0.282984763965012
0.232261276085284
0.234475894820025
0.361149575668534
0.281544111210554
0.185605318168334
0.254914308694616
0.169670928264754
0.215494392646324
0.226592441312424
0.194534134599454
0.215401387548412
0.211824683143535
0.227027075557742
0.240596777909565
0.30005672121406
0.18404217939066
0.118833475271327
0.222827447862567
0.204372122604736
0.156510595994945
0.229366649856232
0.252145186082089
0.162348895433386
0.138691225743021
0.229057786003149
0.182187566951965
0.177174445404623
0.2529104276069
0.161639972983197
0.159145731966911
0.13866793268261
0.194541652495118
0.201689373970216
0.247865007473368
0.262644422966768
0.283376327243943
0.285199847389696
0.226817096245637
0.175035218351177
0.171693128928649
0.138747842700734
0.188527690076356
0.237632729837366
0.150966118698824
0.252309472152472
0.328805055152925
0.275640677771653
0.210050802508137
0.155416660042626
0.168101481216423
0.195875814572324
0.174300224929029
0.242329718508224
0.225017756207928
0.13741119349289
0.132937402713054
0.178400615781947
0.266890718193617
0.237354558229764
0.235323029127898
0.182613545756518
0.109264034877993
0.111768466135592
0.0936315601659849
0.198094711181884
0.21233036505912
0.16478826721114
0.151234215295251
0.182943786282318
0.140232307540404
0.217307760344938
0.246471904683368
0.262776972954132
0.236604997797551
0.186361396971413
0.256795363842116
0.157230848596396
0.160322648501324
0.163706272349826
0.180043171294782
0.153020808771139
0.250238295241698
0.177021120946201
0.15470178110511
0.178710807079462
0.170718353837359
0.203280362603257
0.119465858354162
0.158841710994654
0.146290775759938
0.137182248959372
0.147771443932294
0.193987091070703
0.28007563533297
0.345561463675827
0.161483465017589
0.168911130608154
0.176600217809672
0.212626108883227
0.168930840533321
0.248389963121551
0.213181693207318
0.172948365339368
0.167607309631466
0.121454280327075
0.200289533162632
0.136414339689965
0.111544283752583
0.179797124025127
0.148301318659584
0.146101679998011
0.116725804955872
0.158626587038848
0.133642397083673
0.138668570081568
0.229035569303211
0.19057446032625
0.202162021514873
0.154327565771124
0.204687309022813
0.23549405775972
0.176579573780008
0.282212580836564
0.202376729080224
0.105428402413507
0.119766394845736
0.149161845787781
0.203579472392133
0.202667411148842
0.145187220287395
0.144364980752677
0.106757143210184
0.109006578427553
0.115430095326128
0.0814092381957017
0.137894742111386
0.183026816318132
0.176179726577646
0.160236149049886
0.195116219228063
0.151784086273159
0.131392209431749
0.149932474965117
0.133060903924997
0.0679819383827758
0.0798901078576976
0.0826680904159881
0.1561306000761
0.153131322285886
0.16306558154613
0.195199983496726
0.256266080931091
0.195818859168358
0.225281454185339
0.2887925054973
0.15206219935057
0.236037885556492
0.227076655859569
0.208035803154495
0.230493249107068
0.157416479317557
0.180823301193908
0.172889162030459
0.214954722576694
0.335902277739981
0.197501090095791
0.133998047334087
0.202124920397405
0.24560221814067
0.236331189796636
0.28339273212569
0.322170457329291
0.207624011941028
0.18424279845198
0.177772024399952
0.248969137465951
0.104643125142023
0.103648739541059
0.209820658328195
0.169655833157348
0.194455044169141
0.14630362859862
0.183238594662217
0.163221419437174
0.163175837039498
0.17707908199689
0.228623497488545
0.138274737312365
0.146426516864135
0.126837189227375
0.128392803187318
0.156750496756425
0.135361733701061
0.148832854521129
0.121457052216429
0.209096616918188
0.0986871531224344
0.127410500346802
0.148524844895748
0.121829347398862
0.159424382005135
0.167104105277787
0.207692665540554
0.152576578105114
0.239347823043246
0.170722356443182
0.263333605035242
0.309558057988942
0.211871215633093
0.230595264056739
0.173039365417707
0.138564305608627
0.158129038926311
0.137612121891081
0.147167543097754
0.137589192504782
0.103342573684421
0.155163769231937
0.132325678771544
0.16895760999653
0.237776811082951
0.187545686972962
0.148043130326415
0.18185839153166
0.175536332217546
0.167849527513287
0.15811651530113
0.145587822737749
0.203885220223548
0.176305408597384
0.138260983570462
0.241355190631694
0.241719582340821
0.23617812278236
0.171310729000768
0.230873445874829
0.226948966526907
0.214485132033901
0.212739261957408
0.179153586656669
0.168299672597392
0.227255163816498
0.17636562966098
0.199545064234013
0.229815437598623
0.191612009572205
0.261216976415668
0.165726718785301
0.206134367677995
0.275075099600771
0.192679235701604
0.111731566381488
0.169001790820678
0.204427856214605
0.223638062312567
0.211287441894534
0.198177212114172
0.142096212854151
0.182077978230347
0.192664907274925
0.218387599545317
0.232998159142091
0.220873799565702
0.225661307417272
0.246304566485492
0.279495485627043
0.171722495975418
0.30380814230379
0.289207485809951
0.240516427928698
0.272610789988743
0.184278949742785
0.108999616197332
0.207007225993297
0.132599347016605
0.171100480175832
0.16660879753327
0.171029922847199
0.221804098597376
0.198384211034076
0.202630523543162
0.138528512297949
0.119600765258289
0.187911703884305
0.176084914784876
0.13887766726363
0.115371582505797
0.110663283201358
0.143410199255907
0.112919159882748
0.136286954569055
0.178126659713977
0.212956588352365
0.190525983326026
0.140887907775123
0.242329497519216
0.250350011818211
0.168520625069227
0.12849709745303
0.116417875977889
0.195392828421041
0.136702167320497
0.196794832920033
0.107955318290586
0.140000494331748
0.141944261094732
0.154883167842137
0.220876326382218
0.158837246073826
0.215896884224413
0.170806031258984
0.197525006971651
0.116811512474591
0.138539902385801
0.128501708671698
0.114080700649621
0.255972911634997
0.131016099911492
0.201143541988384
0.199170836000413
0.210576209658005
0.165428156796546
0.164327116512492
0.167982505622073
0.184150518864807
0.149860593946022
0.195176789837297
0.0975552350043306
0.0923176645361349
0.18811495011575
0.122658812069886
0.278672815378443
0.158526510425321
0.147930935447888
0.286997345525386
0.191046839721456
0.286799400597422
0.179975733847984
0.13242498308111
0.107044695922153
0.190309665219354
0.212142617675928
0.157712025255899
0.2376950986947
0.216977076216384
0.178801443083494
0.234266589786104
0.128467480434727
0.144626437234822
0.321448918523567
0.28582569818448
0.206565347455578
0.306692093032603
0.160109992956354
0.221461705701345
0.170791294179636
0.20940131560111
0.269186611798064
0.173736577433823
0.193304545639297
0.138078763810508
0.16194823239813
0.162144349927967
0.0928277528903446
0.103454886849507
0.160848328472163
0.141496133048903
0.167524539371385
0.214133127609009
0.132737137894709
0.23073637198674
0.155666925981381
0.140081025920092
0.144336746329037
0.212256624806124
0.217841980390661
0.224700605809731
0.161627821518035
0.257842336980375
0.112087346146991
0.114891574679713
0.262990318850011
0.242525855216262
0.192857691924312
0.169062001733256
0.102657311843745
0.139140720405646
0.15086554947486
0.163106484750121
0.0875696876957314
0.084587942834985
0.170731891088221
0.200838542389885
0.195158884987838
0.177048843671376
0.150691859114136
0.192817100636229
0.282382785084982
0.146441468150265
0.143317793154903
0.126109028778621
0.197043245921834
0.185619707506554
0.237952706384038
0.15611111434198
0.166288963212673
0.222037592469286
0.278354605791491
0.285048077471963
0.142693760540962
0.163308917389274
0.211396820135266
0.259988839763504
0.293634005180917
0.193069394096757
0.163252844642101
0.218833318848472
0.160379021851266
0.241877893451672
0.214770036032779
0.197958953115579
0.142122635381738
0.113919982334369
0.240223445994429
0.131255679696283
0.181450730503552
0.184708533492272
0.213663311342442
0.131218666072665
0.215397061286399
0.169383048090967
0.1725572355824
0.174179165706753
0.183747100441531
0.135498674723174
0.106529779014658
0.222465279356312
0.208655652047268
0.150066695732207
0.166449766091635
0.164150621986914
0.195072426861923
0.204485281455051
0.267759441636607
0.209337649998452
0.179222730357421
0.185403598370562
0.148478433076922
0.232945687141114
0.206737437307403
0.155305134074106
0.21448265509774
0.209892583497466
0.289167923746667
0.203984610347544
0.154379889948332
0.253646042844355
0.366472944033687
0.255638170240577
0.209716119500984
0.256358137097102
0.196821933711847
0.0735034832601335
0.137083920710468
0.185623424140704
0.204700216971442
0.142020536241765
0.16171290048153
0.226238332240489
0.17356262687048
0.1380303823299
0.112688332921764
0.139908738898292
0.20917016664043
0.210997841166888
0.220600001214084
0.206580975311604
0.136049459134017
0.183019383567151
0.244002634386187
0.221052072856958
0.228508608280555
0.236686176362308
0.262033589778919
0.217806294203847
0.108201990192298
0.224670335186743
0.280391711978793
0.235152098430925
0.204547766782781
0.198733527900028
0.297974638828966
0.185987400617168
0.131270280621191
0.128668192492962
0.233967008389313
0.196840001711911
0.138468990683855
0.150693986937933
0.138893572453085
0.14032029547105
0.102045384727672
0.145240924027176
0.144287609362634
0.215893019766203
0.234100948887315
0.234387937222905
0.206977618850536
0.215713468056914
0.191097358676093
0.131721243062018
0.12943609524526
0.120868521826016
0.184019371806252
0.119595094407832
0.164521795220348
0.137621885299241
0.157603844155395
0.188290147370933
0.114251567786237
0.138059073705598
0.144851090818015
0.137428390764584
0.282354597104109
0.241349181999341
0.174013216420991
0.20977822332244
0.260050751416995
0.256445354945717
0.308439947409146
0.25904682035602
0.207312896331656
0.312898876493052
0.223632586857736
0.171534699867504
0.204440228926119
0.232985334574084
0.122421871964449
0.163336392079524
0.225970576210668
0.201960378425712
0.192675991571463
0.165497704745839
0.19808086017605
0.11184960674622
0.154309528044411
0.143436364911443
0.160971533353533
0.132137292748485
0.108144314131286
0.089266320737268
0.133176090488607
0.113982000581477
0.135027144280159
0.141354732988508
0.144392875186214
0.209089519072557
0.147105791415955
0.217383305098459
0.244767335830485
0.301341079434957
0.12586786054082
0.251934849696721
0.14120417740914
0.20427817423442
0.22182405308228
0.371832326266315
0.28315642653765
0.192404376925491
0.19334255168546
0.184391844616809
0.174929422492081
0.23793231440017
0.137463934836629
0.248112634593773
0.191832807544597
0.274902283424884
0.134329525560308
0.235636386156933
0.269055932496079
0.237694905228455
0.332588633224458
0.152553660890234
0.356359768180662
0.227300939041739
0.175325644776515
0.199112559009706
0.177665954414373
0.219007660140328
0.219499793611406
0.165554539185455
0.217360983893933
0.149836933042559
0.173568688387924
0.237154250761892
0.192159694591956
0.189801935159143
0.258846223284912
0.16183008407146
0.258810927983824
0.159139046562312
0.233622058317961
0.241317542982802
0.201438348858702
0.195728347298629
0.153376411455698
0.165519505768464
0.153042492661574
0.21778938214601
0.22844266624905
0.297232693876125
0.262511767251637
0.201396519333777
0.14642045471188
0.178934139793167
0.137125507700993
0.127469692603762
0.143434924728788
0.14474535484044
0.284108013192716
0.258618444185367
0.161934478267139
0.23609766294442
0.193778516394225
0.137248866608992
0.119558007869968
0.0975571424836312
0.0843954658742188
0.115401419208908
0.172425800088728
0.111287730149575
0.141701830178732
0.0954739758455488
0.163834483989087
0.242491249956719
0.219789512931909
0.33010858770234
0.198658850889188
0.244784846301618
0.251046325333754
0.195953274293331
0.192741000171355
0.222567933575598
0.203769983426706
0.14676645098919
0.144299845046544
0.135721901034263
0.200233266580514
0.182563922798589
0.180517730324526
0.259345381769484
0.224765720565773
0.157613449181086
0.165377554862714
0.16379231876908
0.131351661466149
0.124312677815988
0.174803372238101
0.295637786881904
0.204294217239482
0.180346744096845
0.34215545505433
0.171131574803089
0.211936197664416
0.325479230042776
0.130381686226723
0.156555858416772
0.0824686461958605
0.166094537019946
0.244294217579659
0.230701468599464
0.172303357270768
0.191857880014145
0.165104236845529
0.201694530070724
0.135012137761406
0.133366571508263
0.0966703531506328
0.15442606695212
0.150619352790151
0.130903265147291
0.146150605118891
0.254126442648237
0.274333012489029
0.295691469589507
0.253266552467063
0.230149834985816
0.268809668441562
0.257767503245053
0.0832975096670528
0.112527718105611
0.132307294019415
0.155691343927923
0.269831692615495
0.233717355229481
0.228404950467655
0.219140390247122
0.271337823235436
0.187792452959792
0.255727964377178
0.169187221851376
0.214798674051547
0.216238474341247
0.173551014774543
0.316776640456291
0.172746856153794
0.192999215952865
0.309084477039599
0.203104173858936
0.159752134175659
0.135180301222845
0.14991788032204
0.244034213965773
0.186565370098092
0.162283058207426
0.190994726892735
0.174051237578401
0.239400607441382
0.123765026687346
0.177597952594754
0.138679437126742
0.204537986245657
0.156082246094103
0.150375141575957
0.177373541357843
0.158640666467378
0.205162614627309
0.152168294186426
0.201983917779318
0.242950692970397
0.281769954110722
0.160723086070599
0.152489398042175
0.14031926113023
0.166184455274119
0.204379491408741
0.132731705496826
0.182987360049953
0.235806281421593
0.194625446907286
0.245037488955245
0.260011602089804
0.177606234838808
0.130942782831884
0.139093862646218
0.173088323425048
0.173355174958494
0.151524592948194
0.165115681896475
0.141059268646946
0.142827819998652
0.120932251837482
0.146928989654942
0.18578588659128
0.154371181529614
0.126994087511628
0.20222784364106
0.0935594837124154
0.0746934629515785
0.107811365340373
0.141769940731842
0.136871039557773
0.115759174908804
0.183526931280251
0.224951255401411
0.160494315401048
0.242942765605507
0.18242608323118
0.217028401144371
0.188690809369038
0.206015520938781
0.106134046616974
0.131198340922245
0.190131566013347
0.172708791535961
0.16663683131589
0.262767143193273
0.205784941258131
0.228865579164165
0.202202770876856
0.227038901003454
0.203288073787138
0.172998888953799
0.217710741025236
0.187825612185784
0.152990247989577
0.107583623648024
0.132618736940917
0.1243545118909
0.184750348204572
0.159478338706141
0.180784398971161
0.20640607095928
0.27418940852991
0.196730756402545
0.201164014546824
0.0893833507826028
0.157462423903011
0.151880048094595
0.164924158688585
0.118025150594548
0.101811601315387
0.121806582364535
0.148440227899783
0.21694144830399
0.142334458380396
0.125259792659811
0.167353650114391
0.309954975996872
0.199918272265253
0.119485427039891
0.100908533238371
0.146602274675252
0.18329041793872
0.176944360826658
0.271504650716796
0.235685514785339
0.126243354438347
0.232784462637157
0.198733589499488
0.186458494233173
0.233203967046502
0.188136111584248
0.168362823547673
0.179865930871201
0.311291125282895
0.177599006236869
0.159323345049407
0.28055198774777
0.280136273334689
0.161966202979536
0.192521722078846
0.178888221826508
0.256333780950118
0.181144883700976
0.215671535227274
0.148150721774329
0.16804078716976
0.200877548405679
0.236056772780855
0.174483578955162
0.173850029914731
0.155137435690301
0.176576968675942
0.153516426698345
0.122152438266207
0.160576175527972
0.123909060171492
0.153463350222303
0.157713031588136
0.135582144184013
0.122066525224365
0.15791265879971
0.215838838462546
0.10093812596068
0.192176357224377
0.0879795659634422
0.135257633411637
0.148956214514963
0.220680934900046
0.119217126131789
0.119800876169578
0.176959499365971
0.180069554285183
0.182921081163843
0.180187391653541
0.16907012156887
0.211762503292081
0.178111966002517
0.217280175643216
0.232696355894041
0.212328758680291
0.120320815582082
0.154991328500731
0.147986827468855
0.161339347740511
0.179235062093415
0.195816286148999
0.179716560814568
0.286214565403939
0.133849208937127
0.201988499528932
0.170076204488624
0.22406192408699
0.152281646887463
0.13059637609741
0.104264535360075
0.118127692054903
0.105597454814868
0.12939767792747
0.107788934062062
0.175530632264777
0.200551555669325
0.149513192188092
0.15274331850759
0.110529261511744
0.25184268067546
0.175306876296019
0.16708475598692
0.219382004200732
0.229104837329228
0.222836976392658
0.296041587301674
0.134502150538057
0.16961037786375
0.238433415944937
0.274026669329761
0.199353711745262
0.251790346410075
0.307966932044901
0.247973122854999
0.268229370137133
0.255930100131141
0.199525815995878
0.291942053115013
0.121758867721298
0.210901856435104
0.140033778789862
0.194138199075465
0.0943720837891983
0.154127941529836
0.256464950572962
0.290764964075754
0.191705630152743
0.166428044319412
0.11109480608971
0.154925283052042
0.171097548680203
0.13919815207196
0.24080802189629
0.223744718831627
0.216615242820136
0.139654029294864
0.193071349224922
0.254270879478421
0.251954562494459
0.195012024854589
0.25763166622159
0.1637450811205
0.216776994072204
0.295680352229466
0.317804592307974
0.323689685192468
0.290435789925605
0.219163818049711
0.182172665407763
0.177417103826591
0.25791595163037
0.198345683820538
0.252944828357713
0.289207501540679
0.17441066717152
0.189144516628363
0.249122352026858
0.219286625208213
0.211112436282683
0.163784397554802
0.127295958078396
0.135222220315716
0.136643127111742
0.127000854328608
0.140633083133131
0.191696180374535
0.115435122754947
0.160283102458822
0.264183111425973
0.244877230470808
0.287706194562523
0.215999472458577
0.180257185515284
0.186641507830371
0.12664177684403
0.107507943486491
0.13678550421741
0.178427173717549
0.246580277911569
0.236470865555218
0.144902334050415
0.166714413698702
0.233682780877466
0.148342783925557
0.183654029279735
0.137426595885379
0.134827665004671
0.170295123508565
0.126448510062296
0.0775706998756816
0.163127822462315
0.140836458592466
0.21889128600672
0.13693029188308
0.180448902604978
0.143644472257769
0.147361203326954
0.156498648972968
0.104352588059336
0.172104034719077
0.168812734327393
0.155785424353165
0.185071467126244
0.137375585360775
0.178431152997072
0.141087533879944
0.147584160795415
0.188689854363361
0.182368074650566
0.20419254338195
0.186407909424547
0.253249633097443
0.241273482226345
0.132342947988364
0.208241167419633
0.126884840627128
0.130044654705445
0.134920060737793
0.116660222731318
0.186655314754728
0.0962953236121684
0.167500385113162
0.110067467099645
0.142017516704913
0.208426281472127
0.200470376833414
0.247176968078388
0.149129908600206
0.146005512636389
0.123578197546162
0.18442297366669
0.167431288208931
0.238112099656813
0.211174418917241
0.212658313567232
0.264882459761203
0.228629748803547
0.261188531546362
0.215204873742993
0.130428277645308
0.160923006699176
0.199903579763506
0.193963949553171
0.209899368103787
0.25002967164744
0.167288645896874
0.249418573962647
0.26703216706409
0.269639532408752
0.268879668410221
0.187277353737002
0.194727796782902
0.136840296252471
0.143791352724569
0.267136124272642
0.246242020478767
0.208903561317803
0.227013788841159
0.169814585002756
0.160887391907798
0.336935206171599
0.328632778247183
0.249441837570888
0.256601425482673
0.245019344984112
0.197886202262371
0.186034578075067
0.134296301159378
0.14922203360501
0.154695397545167
0.154009182432356
0.163252179440579
0.12987718391634
0.172274146950189
0.174882320222776
0.196916272680964
0.139991013444778
0.149545758917283
0.241728286676767
0.209242558022041
0.270091257449237
0.270045457526315
0.140035894905572
0.129199932631885
0.11805775735776
0.197907089922522
0.0956991914859482
0.192121727178789
0.264971529887268
0.273847720665076
0.192385600375544
0.210039872240677
0.148321719200946
0.115856501291584
0.162187136841751
0.126694800720449
0.0786679435245608
0.105036432488177
0.090458302303391
0.160977835186422
0.148915782270868
0.206974054498069
0.250003681861667
0.292624246282775
0.275031912009648
0.242311914000691
0.322683720117303
0.285510164611492
0.293240713086283
0.245175948324042
0.254675978757539
0.298063743258295
0.337856128208771
0.256217392025842
0.193332025411418
0.2472280393213
0.289344965711213
0.258652827658381
0.163673823239845
0.202127542754457
0.357819342761723
0.224164552111962
0.168684956094673
0.144392621798801
0.159088583906502
0.139923004543839
0.132116457956324
0.151317737559319
0.195494356322488
0.16284704165919
0.107579348926806
0.156044309939962
0.23004494499108
0.147570316675669
0.17056669733899
0.17949366768226
0.214561145021307
0.149175800853106
0.192776699886769
0.150981265916541
0.147549643823794
0.186379578098209
0.170887845412514
0.192453787576918
0.212697776713559
0.144771423175219
0.135928772434237
0.151160588266
0.169587318301328
0.227845167734155
0.207165452328373
0.315595702310695
0.184442746551274
0.122267298948663
0.187260298430193
0.270043579041407
0.185302833569453
0.212089644029056
0.230856803440415
0.250575927911458
0.192011919528627
0.175904036674961
0.244717286449083
0.210462687023801
0.180061591262715
0.136198617906764
0.242437055261047
0.180659832534537
0.123692787399758
0.220774356844561
0.208687886140083
0.202183624423144
0.263307975427171
0.158192439294157
0.168907925163309
0.204060048476931
0.22027958938788
0.196903136141668
0.251810889565333
0.155354342637847
0.295358389042595
0.155375274389152
0.17878824955562
0.269646930056461
0.213876513884364
0.153620092571814
0.264426514982118
0.261038255748068
0.360565476764244
0.253985766556258
0.221053991308555
0.1834423964268
0.159925183861878
0.199644344107376
0.192863673038821
0.264971686133253
0.29187828414103
0.288162644160778
0.133038398093188
0.0965146125666372
0.133103158875555
0.0982511674125258
0.143579752324512
0.188520000309894
0.26671067465442
0.183443698889922
0.142366348659542
0.0915745631144718
0.111991109540859
0.125147887263141
0.132672249084823
0.162448877876156
0.0964279161462358
0.155903080698926
0.113116704692517
0.172446053506321
0.140682212930269
0.13177399694581
0.199415006420779
0.0613850895400402
0.0968189994333121
0.204516358753872
0.227471231222867
0.243359766877888
0.18802612322786
0.299466810620873
0.266014389084852
0.178095011160312
0.185934402569754
0.170311982817966
0.188025897139164
0.155949145298752
0.239665741249883
0.144725482708498
0.136500950762669
0.133165134350085
0.18724484595679
0.248616208029945
0.188832794408052
0.197857220559661
0.240313078410938
0.107064371154487
0.153969206625982
0.184961571855024
0.177083340812566
0.153351984760059
0.143084695961104
0.183224671782806
0.165669671518756
0.157303812781785
0.190916555372633
0.179406975772835
0.16624256542137
0.198843726473268
0.204490825346812
0.242783677392532
0.228469122767873
0.235005002277683
0.136974379603335
0.231174718373592
0.164427624014995
0.109265863719994
0.138587069495097
0.0841693875805853
0.217995329409468
0.219916306594211
0.17640590112969
0.171239060239246
0.18908701755563
0.259525499171076
0.211514987037615
0.294410066044112
0.174020183502609
0.244960987630802
0.320819399215572
0.182431019709596
0.15280650695828
0.151655807814508
0.137498852298139
0.173644031965547
0.136424729556312
0.151935172084527
0.309991331023479
0.259306056626812
0.186587340381628
0.241299709258333
0.204394511264399
0.276680781446138
0.276328939595799
0.204394161540847
0.278984706864728
0.237019568829873
0.163522757248078
0.148085620958432
0.207090725912283
0.265438528689281
0.278390398040328
0.226677757981331
0.188520405955539
0.26918348854203
0.356436334117826
0.173791058276522
0.240176455854021
0.214943363464909
0.166959594808414
0.206759242633356
0.223628883842586
0.220442816153032
0.158292391449231
0.184472292330494
0.147793258955205
0.204060347324232
0.203891997748332
0.173459969151915
0.194166892617683
0.0953181607689532
0.141690378897313
0.12749908138861
0.146502714746759
0.138232701231075
0.14022592320989
0.127989884694721
0.196598083995356
0.245781237297561
0.126109430801411
0.183759093607676
0.0923704767276893
0.127121979158806
0.0871088277368457
0.125264129934755
0.118404407188575
0.181407839295864
0.262185497257382
0.134854746222216
0.166230529633547
0.229063606038873
0.216857208057897
0.194935289077363
0.218807482127106
0.165326131526138
0.162968856266721
0.191981388482955
0.134225928727915
0.151214409650089
0.211868542826518
0.263461693948738
0.232557095736108
0.248177537727934
0.293372299755904
0.237095473604731
0.201915505098389
0.210233299708244
0.251621750226435
0.211138181123602
0.156343386161169
0.185070749829073
0.222276955685479
0.244178324290495
0.261051348474989
0.218247479925889
0.228444649897727
0.161175469351489
0.22536701939124
0.178447141272149
0.221062406400486
0.186464082977397
0.228425564005278
0.264948106087413
0.217832632000908
0.205738417258376
0.26681678998758
0.213654405874947
0.220117171134996
0.227409352457086
0.191970790106758
0.146814430433832
0.186828861704797
0.134228249059139
0.129751492428418
0.198012594860997
0.217579890969874
0.254238647411539
0.174720967832735
0.217842941459941
0.306361502073005
0.179988278510932
0.190218936457441
0.17633601328244
0.296790078519541
0.142443445805309
0.104905534985394
0.0983239264192889
0.171917619577723
0.203596213346032
0.154546314927414
0.152948547414089
0.166186809233318
0.134051410048903
0.134833242715169
0.203598394172053
0.181619731366209
0.0927166064186336
0.178945284570156
0.174713025167154
0.141151678663231
0.221209310363105
0.190750207444204
0.171657247721458
0.154736183660742
0.133199247836721
0.1448986361901
0.184251357052496
0.321027811146242
0.253170405321907
0.242564433807503
0.205198551660187
0.22333000192281
0.205905884787571
0.276181635341686
0.184646753568002
0.146567046797405
0.143006360376153
0.146778616546043
0.101679626992793
0.0976708976523395
0.210269155552711
0.207162426481846
0.222727856280243
0.204646793930576
0.220218386932196
0.221249697333549
0.216732994823467
0.137684413304271
0.175956058462599
0.247710346886379
0.185029505541549
0.222698122628491
0.160671369156614
0.24738466294474
0.182054539302967
0.198467109491705
0.155018356817167
0.118749376104927
0.16253847845775
0.128021204306673
0.12525256022633
0.130638504906101
0.134082429168486
0.207366410043651
0.17966065018838
0.164739259026703
0.191972811017432
0.185389834323906
0.12605778889324
0.343440703521836
0.27528269070203
0.181870181078157
0.210619025502337
0.188952122516495
0.174980234748374
0.207240087193381
0.143540854788119
0.115979538017322
0.195772477817654
0.23736522739421
0.192673195728515
0.304101593502767
0.20232424158301
0.201349242647389
0.168131888945384
0.152497850459736
0.212259214832604
0.183717900746877
0.148450141005719
0.160181253280893
0.102646009259515
0.126857924496169
0.165075688376523
0.0818674554533071
0.175123048398111
0.0898764950746026
0.136552150270413
0.210764311046222
0.154954358866586
0.231468621065333
0.155833724751737
0.210856192555945
0.194372338266202
0.209407052257749
0.230074406775071
0.251615820127464
0.117993475044173
0.208846369882917
0.226296887877022
0.122807231548478
0.0979453319977241
0.134192438424498
0.197193858198666
0.244016816065648
0.180236280025898
0.289772544247825
0.274406611071482
0.2129002195539
0.272335913303564
0.221953350387762
0.135430106365368
0.134057693042901
0.144691021783638
0.22711333498783
0.249041393211912
0.211369568986405
0.149687460230029
0.185146785971028
0.150242584409096
0.142409884353602
0.140417746044011
0.162196207830888
0.154080239688435
0.160652127326414
0.216563474244495
0.319330904571563
0.222660980608921
0.190144034419263
0.223508279916448
0.300917289338871
0.23857859620623
0.261463580307983
0.178598405444194
0.188094922112121
0.166455965047329
0.132609620296586
0.163009817370262
0.265677076960792
0.23686798684302
0.250195229397407
0.182677407415245
0.201158470880354
0.209718597741947
0.21962538981466
0.153647594493429
0.188179525829938
0.125895963850218
0.17420782629684
0.165176835694605
0.191874412188751
0.198501551218364
0.272029766441603
0.199462835058084
0.164708920609584
0.142789813760968
0.14459336254485
0.163092094842839
0.219792779289735
0.189972616600624
0.200128677334461
0.342797422191814
0.113747010063099
0.132292859322243
0.126449199120777
0.195057611104962
0.160286437251604
0.228015926258886
0.12051236258225
0.191539283143997
0.245950942403423
0.271917100213816
0.266426524392456
0.259497074412921
0.303113594891252
0.222250793891811
0.139022901919695
0.158481405024459
0.188605654378603
0.149614262839896
0.241997969162417
0.284425401320473
0.192507610307584
0.253924698311767
0.173158517299391
0.200956328356509
0.201491249161209
0.163796449451238
0.281631941624568
0.351534828663489
0.10865813856597
0.137686850255212
0.171996208745717
0.232691743642387
0.225779447454532
0.216910176342888
0.306104519372901
0.124924869424573
0.162383902799063
0.103971689504855
0.1357485740509
0.167809350395882
0.122235163085326
0.155901294600306
0.158932604792601
0.174179786642093
0.20278278535504
0.241228703690991
0.244685390564626
0.324506145694436
0.232941823126897
0.187427213388631
0.250779643842428
0.160482861292125
0.172784117818713
0.170012425096414
0.268408193943582
0.149079000186999
0.173714852534478
0.182775806111831
0.136693115144658
0.20115620150549
0.211468953966414
0.243866534860235
0.208110968473739
0.157828480918157
0.166439426100025
0.152689039508976
0.179929956754679
0.131004269649631
0.185848115872859
0.124180456411449
0.175434316410561
0.158706135409992
0.129489903315432
0.14980768708721
0.148767219701677
0.172750027495178
0.167250432614853
0.155095654464949
0.207682011820717
0.149866123343617
0.206156991857085
0.24818479604446
0.199077406752497
0.252827339001703
0.117810974048834
0.176879585473151
0.174456395966036
0.22723325161279
0.221234790456692
0.166788836306494
0.246504327649767
0.155447508678256
0.130024988956969
0.200399081063945
0.158900018384389
0.121119491376564
0.271803738064997
0.23876588080211
0.245275597010381
0.310384063968648
0.276308324753099
0.159110740328581
0.19613542405591
0.111023429018187
0.0707749556682659
0.120285799077315
0.107998453470391
0.186725934420249
0.309760644160944
0.199213735631473
0.184604975906383
0.135604206217044
0.143425331785839
0.163159526906672
0.203693105382036
0.202300277101389
0.287356629862721
0.292937187778032
0.280644042700038
0.194706074079628
0.168953904707804
0.123497109628685
0.245299894130867
0.252259784929525
0.166659148499364
0.143908267718537
0.253072206920967
0.393864240789322
0.200123377653384
0.218303115314171
0.299648226340721
0.154917900407122
0.130361585721565
0.127146134477268
0.0946323670158681
0.181659783284471
0.296541615596066
0.285132367643226
0.257698410245852
0.259313739433725
0.225253725251375
0.170215931470377
0.204521925574099
0.224858102208879
0.222929152240669
0.334827743297216
0.285829957220663
0.270731153245771
0.25984428957856
0.107321119715052
0.159483357863559
0.181231244613342
0.162577163237492
0.142116126169861
0.216209451271217
0.281890020293371
0.243974583236762
0.219013816395095
0.194716741681588
0.115009518084498
0.0906818173430962
0.185438385455639
0.14325872545643
0.181654422221247
0.204730596605305
0.21390920006856
0.220783241889406
0.281361630360325
0.297671657956287
0.231355548385094
0.292237025640469
0.359972210377579
0.192390693692145
0.293206822763687
0.270414777166942
0.173855207556862
0.207270321272544
0.117413916999148
0.125145770543476
0.178195354501815
0.190212953544627
0.124292413033037
0.173917005687812
0.139188688430942
0.146588527876012
0.219001683989309
0.192852869172246
0.17400442712474
0.156827572807555
0.120902830028027
0.138479706195126
0.138183476470074
0.19461563243766
0.105728459594197
0.248401912566433
0.107589020026423
0.169213978759233
0.316141766641048
0.2853185351255
0.281340971102158
0.215396414364135
0.229687706108116
0.339571704827424
0.215182942097707
0.146274930445453
0.21976258221831
0.244488143011951
0.311029158210643
0.203590960309985
0.234683605281177
0.150115346202294
0.285519745056404
0.334370406569124
0.314174049945461
0.304884063192635
0.317797092850321
0.157566873240261
0.129294110674856
0.151644910258842
0.172126638516968
0.199196238094023
0.223036565385617
0.144102673598178
0.244124305637474
0.271887784742735
0.251087347701862
0.337976816754524
0.180803259530522
0.158405820813975
0.250610490082788
0.280345777458857
0.138859359411104
0.220005331075413
0.149075536776478
0.143111174798047
0.20184231005931
0.273824089001759
0.128607863131447
0.269453491892666
0.179153764113685
0.126260474665661
0.225507221685877
0.276040608163032
0.184343500690534
0.188467044889667
0.159591988010751
0.248666915443391
0.162402290612172
0.181793498399986
0.169448311510205
0.181410949758564
0.222879216819345
0.212971686225178
0.272062110140653
0.233883499302616
0.164907089213008
0.189922110135904
0.219804570954782
0.14766132906541
0.257296224195165
0.281734688629528
0.28561740499966
0.198438237459371
0.113068905832326
0.242853002983556
0.229878792122079
0.221521593386465
0.157288008145167
0.177858771585015
0.195602686729999
0.232551289027641
0.166227784065502
0.158655298358646
0.131093364524913
0.199909437999986
0.214709900928421
0.202973636883853
0.0986714651410619
0.126470974433781
0.122496449145862
0.172311681450078
0.19313754636126
0.225407024146701
0.138834600051032
0.187937956863897
0.159728620426941
0.177236639092848
0.183012313605119
0.193497446608806
0.147549865147044
0.269628453036377
0.243632249050777
0.255806821703544
0.23556642038687
0.281714801296218
0.173756659481879
0.178620347539412
0.190564350389455
0.26628264181296
0.198469781320864
0.18043300854346
0.170613764590714
0.119275834098565
0.179023682733868
0.120326840145134
0.152614089460165
0.140344672370978
0.14728428132031
0.168615161719424
0.157057241764198
0.210280515376554
0.19625857192742
0.204117993900591
0.144424076067135
0.124493365394644
0.238715347538308
0.202174750932123
0.305504029052334
0.220864301113682
0.134754091327309
0.172421173676374
0.234737435410589
0.147600778574813
0.163465470856107
0.122449913073266
0.081342962796586
0.116381916519815
0.205748498592502
0.191754187003657
0.225229720358179
0.250560512267854
0.182976413886459
0.223380244509068
0.268426295398781
0.127298166911446
0.0973057158561459
0.235248819307932
0.231240293434524
0.244375280404006
0.181935766254805
0.176725289384764
0.122832707562931
0.222693322240796
0.205670907110905
0.206037421124069
0.158633491285235
0.198923803893061
0.221761184856156
0.169152893931275
0.32641290351335
0.338041244923583
0.27983859632801
0.25846136264049
0.219704296748903
0.179573724940725
0.356591727767446
0.370795217235662
0.269765616885072
0.242218116963005
0.248160710344634
0.253788472117993
0.240160554708109
0.19212913580153
0.189398694326726
0.148743557826717
0.163646968999548
0.189152138233139
0.152773605664873
0.139757665531512
0.219884475850806
0.265528639735154
0.239965159336521
0.223693166637205
0.191270511707011
0.213909892548814
0.258217443411933
0.172598348235783
0.223738764685169
0.241849852413839
0.23587059146055
0.162894643948543
0.114226431536547
0.174854119131236
0.228301753617986
0.161814503509266
0.21901736763835
0.183556432973222
0.216263350424414
0.15793512127383
0.131579670381739
0.0901484009190338
0.0882584856552394
0.156007296755197
0.192888463432947
0.201452620639842
0.231822792246576
0.217606731474286
0.185687118583386
0.173747838559174
0.094590264058906
0.184094276611323
0.151843597521788
0.138943904160061
0.183849532785841
0.170654728953574
0.170269876272316
0.216694809422154
0.20493621780552
0.197526086433752
0.178626644540222
0.183320133189396
0.15764498140113
0.138963360982383
0.214727014775641
0.267893137629922
0.204926245001158
0.211404951288485
0.19605632127815
0.312841620406965
0.200733627450052
0.22440638178827
0.205575115830219
0.258958485403582
0.199210821349293
0.230007160111131
0.243906160505654
0.11287170703722
0.133172782950146
0.127154901367909
0.194680822867504
0.172247818790955
0.11892708577311
0.196271705453178
0.15497612472326
0.140055904554207
0.130698476840425
0.136792006341199
0.188956838670496
0.0795267598022493
0.105556864137207
0.179025301070921
0.159793878314767
0.101780827069279
0.0692173417521815
0.139351420575464
0.121831152232205
0.249622572825322
0.187033393253851
0.192450484851897
0.195347727777676
0.194120645896229
0.337858005671967
0.209420765524025
0.0984652670386102
0.124657497852931
0.188730140557878
0.115785279312646
0.167374845619784
0.173218148724116
0.222840693130525
0.296516380435787
0.221052088636372
0.115369096743725
0.194102659517696
0.328140968834341
0.286091087665972
0.338932715269641
0.261645877954518
0.232676874801437
0.180764856571183
0.121919337092353
0.126549873585734
0.136307210569035
0.175164206876524
0.16742257737245
0.115212205570816
0.158688685225868
0.0666929032078094
0.116449430267401
0.0938820001067793
0.209169519107055
0.239672855382144
0.251535301848548
0.292755082916584
0.29289241648283
0.206899945253553
0.147932682720307
0.121321967289388
0.0962075549647465
0.126404959539177
0.222721820083968
0.133110429840193
0.111712115473602
0.136451632057365
0.118331345978742
0.121880802708059
0.159852635604077
0.14312949776074
0.195524929609163
0.139909069769518
0.226652357765338
0.144520398695181
0.225868123877851
0.208203667988621
0.195670194204938
0.198314252422975
0.133489881917015
0.166531998625124
0.151833290253042
0.104415170873849
0.0921503220421697
0.0774618818546071
0.100777717642776
0.129456667496921
0.146060020628361
0.163480973683144
0.198746879687232
0.178769980233528
0.175252360161444
0.131261976374806
0.127748421641633
0.100943437080174
0.186745897262223
0.237894915396383
0.250438469031817
0.145817166102476
0.181280216478996
0.160304740749018
0.122679615265876
0.102762505999142
0.0757942749406115
0.108486970617348
0.0923584061682051
0.115359698979381
0.0926735876814746
0.133656056458747
0.155353966085935
0.190477025267685
0.170068952194413
0.120517945853777
0.144743084467443
0.0922662091126789
0.127875449366083
0.122096373265736
0.12847174461531
0.143756042182792
0.162193008655363
0.159089696791266
0.181497421725202
0.141448423046654
0.131267095772999
0.0940995800428429
0.116352491839633
0.104005673590736
0.100153111836387
0.0920328013451061
0.13107100672584
0.149231730482114
0.105245623418019
0.11313106313836
0.133580900880639
0.185620169518927
0.222415876121897
0.291342381532109
0.217160221121766
0.13750337591016
0.114446109645693
0.140395815496459
0.0729697980591641
0.168964177857482
0.0939448080236979
0.0985807609513796
0.108246919072358
0.141469814472946
0.198676181266467
0.14401337728584
0.0885011814820801
0.113031532916542
0.113409916360418
0.105025110577548
0.189643745711137
0.140552390222372
0.16990472622637
0.115766254469352
0.144804120077435
0.191558745142716
0.225299629837917
0.150593747708444
0.137240977192108
0.240972086925257
0.199695284408674
0.137616693573907
0.223681143979847
0.113691928810465
0.115600626505826
0.202171716143904
0.16643977488629
0.117715921800484
0.165486850030654
0.249792541919944
0.276196438301358
0.248473453425874
0.208924120142986
0.147647645705935
0.196083637630428
0.220435259070478
0.189131032513613
0.161542694268644
0.167163353885809
0.132618520700563
0.132421353876725
0.190948789585682
0.115641781073257
0.142166642705265
0.19920177477753
0.147964347675401
0.13858621764897
0.22251100377075
0.254695898744741
0.183607011108635
0.276720085558161
0.158143072043287
0.190616224552156
0.147169075040944
0.176108573773683
0.186037640982674
0.141160032340062
0.130857554339748
0.184744921682317
0.16014377091654
0.170923899903893
0.145623680051919
0.182943376884318
0.17398029755099
0.156553517066446
0.122595804480988
0.12833591287402
0.248435568928662
0.277923722809107
0.188202271226581
0.185170368572897
0.220404683689234
0.114364262972844
0.198979091853104
0.240522691540349
0.17589116187293
0.230166116779994
0.307934800522823
0.269060127628821
0.268397469198442
0.116571217916106
0.141110597348993
0.119652905815305
0.181134877044588
0.150180934035177
0.0959278152072304
0.135310976177874
0.162889302046873
0.199694468536198
0.203459720844578
0.174690215666037
0.226345789507405
0.190878872307429
0.18719177370452
0.321236037140199
0.231244955251888
0.296689206157358
0.12003726682677
0.166789612737207
0.182186516863825
0.223797285140094
0.274020637282319
0.227470540268541
0.18589288500535
0.147144770955571
0.192390036458829
0.293483291469956
0.269591967477634
0.221647744370854
0.170791746677271
0.198938487657961
0.167384363866376
0.13609529967048
0.121646311505609
0.0886532395946588
0.173406860129452
0.153023871810547
0.252857350185359
0.240200876516225
0.244922147895294
0.222029608621657
0.122806805244235
0.125149383346256
0.192468308905911
0.107468099322186
0.206837897885607
0.192874045980359
0.162431485899404
0.19319785348529
0.1839699545923
0.190268233162605
0.141321926989157
0.188967837162391
0.212552539180666
0.192161985326491
0.158786443273578
0.257351694888028
0.286486415015029
0.227932546923858
0.175137438619318
0.109051017576012
0.243922594282723
0.195446380083115
0.221362822286548
0.282716158945299
0.202862660002817
0.235046301144616
0.114225409908376
0.209063529164882
0.192403176303238
0.0874317000463661
0.172598699203111
0.176477506660984
0.185874646787312
0.131079746012837
0.215538610772562
0.147301246097227
0.205572130999749
0.215512342301083
0.239076845206909
0.173593081923696
0.190083948565423
0.15651476848155
0.226106776577068
0.242654906317125
0.295402351542304
0.235001673570562
0.199871044160097
0.214701978741432
0.307779257531255
0.284440343909289
0.240672149082672
0.169354802947896
0.102228500121147
0.234101976532006
0.237901150305422
0.214782770950301
0.267605051070239
0.21831125641758
0.161819963149671
0.170305778261569
0.174659866797235
0.0958679661094296
0.0772640784483791
0.131584258377532
0.130524573858414
0.116397290630717
0.117109581098969
0.0980003039962506
0.248527937739775
0.319170280828403
0.297950418645936
0.280409463428114
0.202651904308767
0.148466217651891
0.190619261164734
0.140846655971672
0.28330939334565
0.174912644239748
0.169041293418693
0.183364806894492
0.259273208665012
0.208409727363584
0.211466159606211
0.182242935548592
0.193812949668872
0.273133165678758
0.200667061083689
0.195272139530978
0.306763058512366
0.259990634485144
0.258506930698634
0.231468619873505
0.316542867917382
0.139568847026468
0.147963877778225
0.140004549155721
0.163058645231422
0.132152431282697
0.145926347175054
0.155918918409457
0.258163517734115
0.187614415050678
0.19698315606085
0.1632376742047
0.167524434838039
0.133724349262318
0.155453263294917
0.259911964355033
0.271494936623083
0.162916068284159
0.20552409572666
0.175707309830314
0.165806916191754
0.204883933079576
0.207039828425446
0.181744924522679
0.165844111352524
0.140170228419037
0.155865203287726
0.122067855707771
0.123454686248739
0.205325481756391
0.202772324425573
0.239203706209982
0.199983410309502
0.244270171962997
0.231073756118994
0.193455160413691
0.22141831072366
0.247302032328969
0.147918057787777
0.199473267168487
0.142678642985908
0.207330658931814
0.202521536672108
0.161708524146388
0.179911387549163
0.236514538697245
0.293451402330789
0.156777525476602
0.164323081269907
0.170791595363712
0.190562986332067
0.201937821561364
0.11663564951817
0.161614539800511
0.248124488821816
0.270878380308823
0.218351133701356
0.17224982886995
0.144819687902291
0.17292935218379
0.15098452585639
0.136516641929114
0.127187182956876
0.0800838908817305
0.092464614532907
0.140934183045556
0.0859699934212201
0.0623763621369731
0.0786808032890887
0.0826490930311977
0.090224764153883
0.0968485925513697
0.182846146954968
0.181469286868296
0.134947426044147
0.158017563328804
0.158278541119751
0.170699132683658
0.160168534605984
0.117452807417941
0.166022529493358
0.21497586963959
0.276737134618705
0.2694977729003
0.265204190129866
0.294339615854452
0.173599405266408
0.17148817595929
0.162891702031063
0.167291242515849
0.123937775877748
0.124945987090923
0.19742639920565
0.110190873193961
0.0956909780724723
0.164993087891704
0.223220996583953
0.178840253475453
0.196160789531682
0.180595827925897
0.166649491757865
0.147413797694786
0.256587872961334
0.117765524093367
0.131032985400638
0.192292408615296
0.155992715321997
0.157366628274523
0.118144547801312
0.111483361769697
0.163239691341079
0.2176698651109
0.354815742421573
0.259670200245567
0.123637753340185
0.299598373025187
0.176216914159084
0.194722583247152
0.216290241230772
0.163338374724484
0.13886482535344
0.143703059463584
0.123902833678385
0.120820908249776
0.183746338977007
0.181896032704359
0.230178055678134
0.20539275588431
0.13723817407477
0.145301361034212
0.114142691838757
0.128839094962534
0.123840802264061
0.239911351341676
0.189647517117328
0.163595761314197
0.19160359048936
0.202572811136472
0.138933031057253
0.211206771793297
0.20321017586021
0.2107829323919
0.149775221559683
0.190488449449379
0.136337398536673
0.278012872379942
0.323015720515123
0.161183661556537
0.12786668484697
0.180530009021931
0.195442210488329
0.174958984623935
0.199313521367513
0.174731109706856
0.16355478241756
0.261644394471891
0.121330249756092
0.133955960627317
0.116381147367623
0.0891861054399426
0.11743501785898
0.141585634504675
0.22235010659331
0.221469023798448
0.249380380550361
0.243444082913541
0.237768955670487
0.226426892159807
0.295305120755212
0.17683522038
0.17420192509837
0.243107196339651
0.268529545329449
0.243794043044513
0.268690284562643
0.176756072279011
0.187223383866977
0.202198392811885
0.18757407502974
0.12961500377355
0.192081388576653
0.210932469850907
0.200672734066716
0.232078669440193
0.202103296020983
0.231609781193714
0.195418478128453
0.307637959636135
0.187605445343392
0.241021090940174
0.263344589111302
0.248571981526429
0.256296865223439
0.211181959653043
0.19088471588849
0.146764437918932
0.205317206831312
0.19721120747132
0.283205584063986
0.285799720723451
0.25597272800757
0.282591915999495
0.25117195185045
0.238380544111744
0.209107291161536
0.188192533047301
0.291416659091272
0.225335429151432
0.185332478872049
0.13299715803896
0.196729549200771
0.12982991590077
0.173394664923452
0.150489301757293
0.173151929404121
0.14806588215458
0.264352619188009
0.242544134393347
0.256356088633509
0.27550088989128
0.235567541886473
0.33794342712349
0.309798115493976
0.293440088457852
0.184224072596884
0.163396162800032
0.151439994843795
0.170112812805323
0.168726372340185
0.239116001723565
0.149852555707033
0.116545074173886
0.0946705017847761
0.122684024975067
0.169438614724269
0.171985933132257
0.129509124051167
0.128605410094753
0.125568813796205
0.148757089427793
0.157629735679992
0.233042504044998
0.185514889385893
0.225423903769151
0.178009398486094
0.185780313114406
0.214427584926108
0.221524499936249
0.173429497197341
0.292902125789087
0.134428271471206
0.119415450030256
0.154265121307799
0.183208485069035
0.11116158758547
0.199761096661187
0.155083499574598
0.224008727743361
0.233300494386619
0.198807084054154
0.181764551248124
0.181517298740803
0.159546804234494
0.246146050276012
0.29885633983699
0.196668834787694
0.241725018580776
0.243135329419385
0.184581023176002
0.144311105036884
0.20466331995915
0.262963232796925
0.241721046296525
0.260817455492917
0.274048114322295
0.257832589129622
0.284167326439465
0.234182999726882
0.172494327347942
0.111545087916847
0.173887564156262
0.22028506930436
0.184324832164073
0.237941662308888
0.263796438144248
0.17675816371794
0.195785191014819
0.160326313554249
0.175012178998496
0.287406994914909
0.170446733641343
0.221104754147275
0.166010056522271
0.197507616928596
0.175035117668634
0.187257718278341
0.295017734732084
0.336853345273123
0.240284118233505
0.32827845060065
0.34775864530316
0.248666388668152
0.226717697121465
0.180717038475384
0.251109932872008
0.259791304010827
0.140226677481544
0.105635654275655
0.167978869291124
0.0982711673161327
0.148612789063113
0.0865609663240424
0.136681046024169
0.175653679021488
0.217064467806269
0.108589313173039
0.187669943510146
0.153737422467105
0.105853166932806
0.136400046405146
0.186822508824586
0.140441122788602
0.190028132643837
0.162176271319638
0.252134984500473
0.260441790764261
0.16276376153373
0.252410363625714
0.152983041674462
0.207649742002764
0.260106318862159
0.217176032090551
0.221314167179615
0.242559123025221
0.290974452097313
0.266342063728384
0.214722233130063
0.174326643568642
0.231805927945917
0.162516667433333
0.207880456123264
0.140080348047498
0.0992956107865657
0.173816939393237
0.151828505440484
0.253774025110308
0.176139662808833
0.15392756625382
0.181246126600832
0.180317508111599
0.148877964183334
0.133202151357787
0.145333883745772
0.120650137212523
0.219214164004106
0.227881594801962
0.149777349387703
0.128527363908259
0.197807973498369
0.139902943995078
0.155203863736682
0.176007889213311
0.165431340308128
0.201383420527584
0.113858209871976
0.128039068233639
0.129500726106201
0.216245387876499
0.18384547951778
0.194320226289683
0.13775754413236
0.134959482971293
0.204581284046108
0.309677505478904
0.295108656453077
0.263495947021067
0.283185063519638
0.232809166155341
0.207457016165697
0.136672748687015
0.201206982090197
0.173652587066997
0.178396963713199
0.178544996225707
0.260248062401332
0.229865804160945
0.203115347003084
0.196811092209747
0.285678743878115
0.215169032380027
0.201977834020972
0.138165975034819
0.188231109657615
0.139064299972649
0.160507635882846
0.299383639290976
0.212567321939032
0.137959739023696
0.167334863686811
0.150176447222098
0.287203333246035
0.303550360310765
0.22921675061636
0.198039363750181
0.205065714238943
0.113178594150956
0.0964509134133658
0.19468790662659
0.130143750445047
0.120563933211477
0.210134976747259
0.177034581623963
0.171228749822554
0.121921595485117
0.111150570031869
0.202477690079711
0.137964907748518
0.199205849337538
0.200463735740865
0.306837362628031
0.253471100558057
0.210863480415348
0.183967654427383
0.230217178642758
0.129532479110228
0.232623866242221
0.215315223055003
0.213995287592079
0.235570664699466
0.220425475326351
0.217717952155955
0.258059750445559
0.206479624734089
0.168744420826566
0.14647447731817
0.139337948019855
0.134304277011096
0.112614278156447
0.124885572393058
0.170266908236018
0.242905301463311
0.222312991462059
0.210452061841425
0.105447696157131
0.0918243551478698
0.0925769834167536
0.21240289898383
0.175185374393596
0.210702840382247
0.15205488666223
0.217130698948551
0.190838731287485
0.266427748043269
0.144435684338339
0.266556799191064
0.3784371298445
0.270215022329012
0.296860509489156
0.366229509217027
0.244785242719012
0.158311958227832
0.120078237377609
0.126997965757586
0.234949674258437
0.169698079060421
0.237147605149887
0.195926641798613
0.165741262283938
0.111542420199856
0.22863201175338
0.101942909423202
0.114375481442895
0.119864892857322
0.181510067081846
0.182491990180961
0.147087387135076
0.223775514894675
0.225957171517749
0.209144690005382
0.181945163537282
0.234778715465202
0.210386995405308
0.240054354789425
0.219730362254597
0.316552946405071
0.280300787836941
0.179792185832656
0.205575948775263
0.146171647347552
0.190700629503794
0.166689842361496
0.269539033374562
0.253440278944882
0.204184869645614
0.179562998312521
0.185984379411258
0.155005668499412
0.164831901399829
0.215579387312346
0.187406449113575
0.141651788094667
0.103262607623409
0.0859993382832227
0.13089007133878
0.0991952677805173
0.120171334043962
0.207181705889741
0.141199113312246
0.175758752251606
0.150776970604696
0.144068868921376
0.189671925929729
0.186981956550622
0.224836433401123
0.218401381830768
0.210595713088843
0.236916320585744
0.170015288306738
0.227697316978862
0.178403430907037
0.270188647391902
0.235940177454927
0.206126825089777
0.154238657562929
0.154255780284437
0.207209978905476
0.26644354285947
0.181918654642379
0.225033922892757
0.14552953281104
0.167883444887106
0.126711944704951
0.16418782883181
0.114422117426515
0.165068503633819
0.124938107066936
0.190672342311508
0.180297961814311
0.189950822682592
0.182834579788449
0.243235498214743
0.190328290280528
0.219473361782594
0.187137386494962
0.224700494570564
0.146958880026335
0.180759518242453
0.122188593375697
0.135502108334591
0.123820893001341
0.106505329947152
0.172168103843483
0.132721137096511
0.199104555885212
0.135338617301902
0.186513612581672
0.239512573146475
0.180318303183436
0.214544390705254
0.146503624707837
0.161475975436304
0.131026759138301
0.18672827026529
0.122622918734912
0.135473691391966
0.160243314801481
0.165018257855615
0.18074687573811
0.154227331156652
0.0978064954541003
0.213235019321973
0.217076888957362
0.188543286437537
0.117658468654011
0.153804128951041
0.111789959055288
0.180889118630472
0.206825471001129
0.210358501650858
0.191796487330736
0.233845380440858
0.301093091428826
0.159969542553388
0.201236819330522
0.257383005796256
0.171627310235883
0.253365432217972
0.267088047184302
0.33687105998089
0.223704309666501
0.288377742322561
0.25854033037358
0.165514923572577
0.19559737869835
0.142762205380431
0.167690831168316
0.121400666676296
0.227121033535064
0.266441831368565
0.229330720515895
0.328121274456525
0.231099935115656
0.144518817076994
0.158613614720684
0.248101592648996
0.132967646920449
0.113721861423402
0.180583574718591
0.262893966729104
0.211650789501805
0.267972265534933
0.218812439420608
0.214604648616789
0.157508722141131
0.154844963433004
0.193332788996156
0.185957223404201
0.18430003399269
0.12480373230844
0.147148841293902
0.164745102484252
0.199036300689202
0.256935196072103
0.186295330199946
0.193122375206776
0.314219232665459
0.270033967582424
0.146592598185835
0.248959652684735
0.202357676168996
0.114454891955591
0.121112487916966
0.178017421853608
0.166115246886483
0.117579444086015
0.137976129640052
0.133545988910751
0.103804767287501
0.190970161277728
0.219846693492187
0.258130694507356
0.254045275371659
0.179238657649044
0.192303119270754
0.255717343830457
0.170683559084132
0.211266688269785
0.27855061440133
0.262484114393614
0.234473509661787
0.263218151885675
0.287901540396885
0.28511773001967
0.191637466954125
0.187569166673808
0.275141985138731
0.214943741094728
0.163449438098496
0.197396835742978
0.147844777081198
0.206744477700825
0.201258282387679
0.123896918098061
0.160681006265677
0.1739499137818
0.18464176988744
0.252551184397355
0.243991546779685
0.199076664931562
0.244224479043761
0.379413990546724
0.250465399559827
0.22121908007149
0.19137643284749
0.145921144519199
0.0854487637692072
0.212568795705554
0.156645625473517
0.141857625034378
0.139717758556537
0.164987263273982
0.220615007259903
0.139265293566759
0.153727525991284
0.281686396149349
0.213560387879192
0.13550108613892
0.116675214197698
0.194534812648964
0.186264723684562
0.250353248619238
0.269078702216397
0.227695645201764
0.195772234379723
0.122694501588761
0.161048292546454
0.112999427474166
0.15540604997446
0.135104203926415
0.118309735686489
0.150622505277422
0.167011759554084
0.131028685358332
0.175020618390799
0.162305429477408
0.166070904636833
0.187807352884532
0.10201779960699
0.171382457067752
0.148120422519216
0.192553357924238
0.163003167019543
0.155333431273461
0.217365716507935
0.1212456673262
0.135908535942882
0.164425983524304
0.157853084532591
0.184537917741728
0.235865822959036
0.164749620409891
0.200858457112823
0.145540117323277
0.173266502844294
0.125261210119703
0.191614440471039
0.362213440088127
0.229854131533159
0.231367133015363
0.137493934463057
0.16140632792544
0.115677096865895
0.199844861155793
0.218723251683499
0.293811953629522
0.169846553384578
0.107504379660106
0.174232368696135
0.100067401584076
0.226572453864791
0.214326793851958
0.254233632977734
0.164880266821726
0.225434952818132
0.191058547120568
0.184883571454541
0.278889221601814
0.25410607528278
0.17624480474497
0.197161079281534
0.236571938493182
0.205092781914769
0.139208975397808
0.158175639781371
0.144129862967487
0.152566417791267
0.0947626936610071
0.131342216034393
0.184318509723689
0.189769988808671
0.149367932850378
0.132650444887531
0.131518361159181
0.122941476249181
0.145601622884846
0.152263128361521
0.223294695436561
0.225789841247425
0.16765048432425
0.148517509288195
0.17891591721751
0.194941338483509
0.123570282467512
0.211394803643421
0.164554701452527
0.174603711986139
0.224607095633854
0.185398284418688
0.234078751201274
0.127692406298093
0.112140874924899
0.11982763417845
0.140902300336528
0.294662037687307
0.271577383919586
0.168036814148482
0.228461011983592
0.196203922486779
