0.17
0.155466424575629
0.138419929968289
0.0997402417554303
0.108432944284026
0.0872547357780136
0.106752502635968
0.116181597142133
0.0815787718823449
0.117150170204474
0.17474813936201
0.189467580490841
0.135209850433911
0.150899581992154
0.14767143874203
0.107126144202784
0.117237016030606
0.122506331572962
0.0884752195379227
0.146825921470805
0.154602199411089
0.211533412081574
0.183645365240293
0.12258181159179
0.142944444050152
0.134096732365932
0.145721103583477
0.126871529454653
0.10675157812091
0.158329392126692
0.123559572669508
0.10277492281415
0.0944439487942708
0.13421504403425
0.110460964675521
0.112249589650301
0.154818192921914
0.142474324207048
0.140742518682345
0.170920340154077
0.168201479505109
0.089601324452998
0.0812901722451211
0.0960976823838547
0.115959022166494
0.121989849515488
0.117393548640579
0.130830025785441
0.134677992500082
0.126114485430965
0.165915380540212
0.133674322067499
0.123744940869216
0.110209039472275
0.138574638810826
0.141863493514346
0.159088870511367
0.175801064966485
0.169287571243261
0.138928977727973
0.135717376186955
0.127130789607247
0.14857809500572
0.139485645431686
0.114036199476317
0.119857230077707
0.145047375093556
0.162757019537512
0.164181167964789
0.127422440113695
0.137083948585045
0.125837563897146
0.0947073712800244
0.111154337859235
0.146835568607162
0.165554498821852
0.157300225666998
0.146798230149747
0.187583301364903
0.165628413555045
0.125591495394829
0.0956186928416862
0.124234337758935
0.128138151740133
0.110035766407534
0.142794068811528
0.130546193247729
0.131768188475854
0.1432624161964
0.111807223638455
0.126497187900463
0.185605981992814
0.158806795253181
0.163709147698017
0.112987952749389
0.166330762066211
0.136714309181865
0.132634120453817
0.0923021288876954
0.1162051018207
0.129238956096984
0.157442085109647
0.159276175144796
0.119117303883895
0.125157367256447
0.149204471764657
0.112153545371192
0.171347023566781
0.111008297747061
0.111505552739248
0.0937298069207312
0.099508604130052
0.0924663919504228
0.146671082988346
0.103300210037841
0.103738001682847
0.142001233378608
0.0935180265312213
0.112309626099274
0.0716136725690911
0.154363325903053
0.0964959485026398
0.07942042271494
0.100325854957878
0.106124818276374
0.111772167605294
0.111936210766332
0.138316537032666
0.131106248138536
0.182636128778787
0.161527665715491
0.143984643362153
0.112716733870857
0.0965766409714543
0.162631964676729
0.154527621552972
0.121875201477349
0.159314084217182
0.139884446016511
0.079899855307888
0.127546889160189
0.140643373708865
0.116567103754792
0.0964987487719199
0.0974547675953169
0.143314947504886
0.14338936639159
0.125977030149431
0.160719187334981
0.147665769470864
0.0803948912507476
0.0924204487814317
0.0739527161660695
0.102782457273943
0.088281158335232
0.135849003130409
0.160026305203153
0.0908054921584114
0.133165329112917
0.124447662496256
0.113796429447054
0.110366259783296
0.102111965076899
0.0951487906383192
0.0951681549003964
0.129450585275784
0.115897252523173
0.12540391505621
0.0883241652751753
0.133132425073914
0.091055918309255
0.129508267618951
0.107854112873733
0.0865131700771976
0.162734164800271
0.123034361052089
0.112491417832217
0.121419483061189
0.157092806147467
0.181360647859078
0.172312106253252
0.13824859272242
0.132634800985953
0.127466439321291
0.121167247103801
0.136048496667758
0.175857845373941
0.125431010460928
0.141869493099652
0.154661108744146
0.15829983547093
0.148935707458856
0.110324000807832
0.149097350199403
0.163320274768052
0.144769796908982
0.101354431919271
0.124379333367561
0.15847709992054
0.183570349226369
0.0978593610316772
0.0825208229173689
0.118299532072875
0.15099034176808
0.109844126546791
0.0984712290219223
0.141991117035862
0.120997787661564
0.154177670212634
0.137245564501795
0.0899021588322822
0.140651466333697
0.103061385033702
0.121825453600909
0.160518716696834
0.169934506681327
0.155471377327333
0.103798945624055
0.130301821509706
0.115361242447472
0.0840292759399989
0.12491258000756
0.146024128445454
0.110655889586257
0.140388515979631
0.13567110172108
0.176930390530077
0.161997916304351
0.111990894254773
0.142745505790015
0.146942117232864
0.125821453209245
0.139003696118896
0.130339057354365
0.117206064108308
0.133116145268647
0.158661314666969
0.178530403195832
0.121631478594549
0.135397079988534
0.130671110284562
0.106546415939667
0.167864401288802
0.105961932128968
0.140942867659074
0.119871697072479
0.119800799406941
0.124927339145336
0.14567850256833
0.175644539577627
0.124327799662028
0.184290896793018
0.14671285402425
0.128607195493618
0.123801624817942
0.102123527646476
0.154302657604619
0.0998330417330974
0.103139537044091
0.160322644187458
0.121166152192077
0.118951127255145
0.103615808296621
0.126241432771461
0.118307433722241
0.144273450942679
0.122793872603186
0.131717709876113
0.0968228298731046
0.0978647211626554
0.096096252913112
0.112417000492879
0.129922966463236
0.0720836664472435
0.141332941320226
0.111888468218185
0.110537491572449
0.104437346095518
0.106463191221253
0.160638697796363
0.131298493854406
0.103558421729433
0.133325296340988
0.151155683891445
0.191955635817856
0.131547258071252
0.167383680648025
0.172336336453773
0.0903548693754394
0.132961299723406
0.1140645990823
0.112929610853357
0.14944332106347
0.159422596432482
0.0837406257757313
0.131771301194662
0.134285954803928
0.0791964139062558
0.0929820303593308
0.134146710302619
0.132222635097561
0.195989490256496
0.115830140356139
0.144843794985922
0.188003569010695
0.14971252923647
0.0758547245042532
0.133186688736908
0.103136218587909
0.0998475330098887
0.132831681077562
0.0818787395018986
0.160478391675836
0.143648204674178
0.124738888503861
0.165010272342214
0.100972614276038
0.118897905672604
0.180529227513778
0.135475667160442
0.0976399223729413
0.158401627150084
0.118353000545642
0.0789013452720682
0.151073388993544
0.118184603663452
0.119584190519167
0.103918360753281
0.106683006300903
0.114075170873673
0.118551496594431
0.0834362778769225
0.0894405690928888
0.103070355833085
0.0959763033124922
0.136463452531981
0.122105408021466
0.15412679645756
0.135562771179884
0.129318892997017
0.15376391055223
0.101356134382944
0.121546954939343
0.112938841598838
0.110460173954663
0.145252290978089
0.143208849532636
0.144279633836154
0.18149104410216
0.0944986039845461
0.134047128914029
0.142698987583668
0.14206055465045
0.155864490675146
0.135280226688526
0.166868214704037
0.193802018853179
0.195491544272178
0.113573577452679
0.147866720015955
0.103091005913797
0.138067811892546
0.171458734378704
0.15151863900429
0.13203315531849
0.0860447666974659
0.096596798455794
0.115972177484443
0.0977278876312853
0.0814686298702794
0.105217661650422
0.115909736919793
0.121257876177808
0.174759417927046
0.155290687370569
0.163843373233592
0.155168770361983
0.123269107064588
0.12106755824879
0.0976346177321951
0.143710680608389
0.140535740528794
0.132616312643892
0.113182722193839
0.149682838442322
0.153623796593583
0.112213878036813
0.141351392187453
0.140108043862582
0.128552985478417
0.120690732082735
0.102669136594473
0.147633912202125
0.111762786367923
0.127578577595182
0.14242026860783
0.111427832067968
0.172479014182893
0.141306244642592
0.0867314708856677
0.157103624014952
0.125194374590812
0.0986996545558968
0.123639227473274
0.147216060204527
0.125081688367973
0.122630767671417
0.112331464077379
0.160985931490759
0.144410827328199
0.0988576191045293
0.137250620083671
0.115403313264464
0.15707556256768
0.127209716820208
0.124280029762997
0.105499912256873
0.156351715195307
0.172732423382479
0.168347582855384
0.109279741994669
0.124923265830329
0.16859627415614
0.128860684141036
0.124357231400882
0.115523463580325
0.119474660300066
0.0902442588215521
0.099597354600253
0.147603152684833
0.129497308912738
0.144665473702269
0.140073780011631
0.159863680677818
0.140983442742672
0.15470328775891
0.156591599515718
0.139113403461602
0.100657799158325
0.0852203984560477
0.0942403879895068
0.104269072541762
0.189069717170126
0.125214318763198
0.142509098758005
0.0844781298675876
0.144825199897338
0.113942058011575
0.137421587468748
0.0962416292454584
0.115889140738176
0.0848741433305306
0.0882955029450419
0.125653863275874
0.155192480743569
0.0983449021155463
0.12997756854861
0.119013597984223
0.0834348942007415
0.115919758063106
0.113836192790056
0.162737452036955
0.147824726382459
0.171932424934276
0.130335361171965
0.0977595499492058
0.0778691507314686
0.141665153922756
0.120215300816388
0.128184861992748
0.101636970158068
0.125796898138622
0.14934806035326
0.117395697668104
0.100928213555968
0.0967048632486124
0.134979247701122
0.0860255773427346
0.131601671913039
0.124216682711315
0.100295442852595
0.108460140785515
0.135275984016927
0.109509360902463
0.106650221895196
0.0976184732912388
0.0723372625429347
0.0930292055943329
0.0873108912899204
0.119156145240749
0.135851259353712
0.160866634853437
0.126119970474278
0.117153232272787
0.100917026773856
0.130977728154968
0.157170911733109
0.130384917428281
0.105600797322594
0.129878818152634
0.106072549887551
0.106685874780446
0.133583810388788
0.0861383760665353
0.0966312583850784
0.105848115161529
0.119696675758116
0.162357983817342
0.160798066347437
0.167406733634677
0.135789908787215
0.130146575094112
0.0920939643274725
0.148519566990214
0.127340779841861
0.192605207398119
0.0822210712452332
0.0791134133242387
0.116177097142158
0.185834784050067
0.120859751767734
0.138829015562515
0.158662865839749
0.143289706477739
0.183939910251414
0.134676685396047
0.132472896585482
0.158153534621893
0.137121684161415
0.0837843770945414
0.102703238185773
0.144412732896646
0.134787893095417
0.0973013793485524
0.0971325155588798
0.136405665351623
0.168575993351107
0.160326844061584
0.11349508642858
0.138137600512345
0.139608748156725
0.138366216876541
0.156419332761447
0.135688462942547
0.142768516765146
0.126869781632493
0.151103796401298
0.131320358779929
0.101831120562653
0.173753303362317
0.113710505177957
0.100232910590515
0.123160738251657
0.170253516434386
0.153452920120091
0.0756915166105452
0.17116091101337
0.124323915881972
0.156505568883351
0.171882592762517
0.107457614802809
0.119857949041326
0.173015761947895
0.123022620462614
0.122977650631225
0.173023279493449
0.158803004643296
0.17009651306945
0.10794086911349
0.124967352706845
0.158609496974791
0.121744020087147
0.140906657450106
0.134612376769362
0.144050805807304
0.130238169112223
0.137961179509537
0.115519163585527
0.138303426195549
0.137380436770306
0.109588803818543
0.122507802252398
0.190728301159293
0.172978540946129
0.127446980273369
0.19238431564725
0.174167424077267
0.205106572251033
0.1285944836908
0.10286596950184
0.143727136543203
0.185845771858782
0.192155824843799
0.131493605526914
0.113975999508488
0.161126548729404
0.181468091963492
0.138867349641022
0.177029001095429
0.114578247476752
0.217960840745237
0.164546352356182
0.0940153012210682
0.111500923370217
0.151449015322514
0.193639660655872
0.129872047168759
0.116659602523121
0.115847403125726
0.121558448918609
0.134937649970782
0.130814831679168
0.121320218292637
0.140493295951046
0.106955558480437
0.203973838881716
0.121968705088472
0.0729575771575698
0.0719888113290731
0.0700670307160616
0.106445109731245
0.124107177698587
0.152234995523128
0.14160293496845
0.185537255639857
0.180534951131738
0.137872374118271
0.0890997187391661
0.111255970741113
0.145464876427783
0.142640697730161
0.120617841713624
0.099008233797363
0.163132296787711
0.1747829124335
0.126392784002318
0.12954674603723
0.11654455863114
0.150084779758923
0.166700920074525
0.163028887814204
0.120573061064931
0.161840619875781
0.133473429944234
0.113151158929402
0.115377749448963
0.172728084079487
0.128253617606733
0.123944277230258
0.166882117419054
0.213040691884143
0.10924858815501
0.161532319386963
0.156619099699176
0.107950616908799
0.124305453438421
0.144617148057539
0.189347816304581
0.137839481373832
0.161339740863351
0.177904040683449
0.139397601171096
0.13522997730669
0.130926443772592
0.102276595773597
0.101659029095717
0.133682426175828
0.155574372134568
0.144952100330622
0.0964288066033002
0.0841143865810954
0.0900642687229846
0.15347917478185
0.121750873170086
0.123945317678059
0.12809548999985
0.102195063494575
0.0791812071704517
0.0803166532303304
0.122381767223654
0.108485802577842
0.138028778038008
0.165485542029745
0.0827442313530289
0.0796229063722079
0.0923770169875053
0.128158690311225
0.122199398795398
0.1008457162982
0.0758894907965104
0.0771402781530186
0.125710713849551
0.0788114415682886
0.11406434534545
0.0813115731721517
0.0995687367494429
0.148903085245855
0.135659025298037
0.11647493301036
0.136992830450052
0.120900526387099
0.13964530893821
0.118662625407561
0.143668874820207
0.154586186002987
0.107179997073906
0.0907131520961219
0.105531422041551
0.162422759256552
0.100876657514905
0.108065359147704
0.129907382773226
0.130289756410659
0.165230437708131
0.129493480331173
0.134948707278419
0.147019663486872
0.139324789323131
0.127310355098932
0.107849839560113
0.140186020167137
0.120426680249377
0.123845950492005
0.110648450742515
0.101669894872037
0.115889294040694
0.146213863327315
0.150100017489735
0.175610373772984
0.127864927097788
0.145604187329575
0.160433003889831
0.151275842885786
0.190496847088183
0.112125710695235
0.14939434098058
0.110610625048326
0.144527414624251
0.152421723981405
0.173694915979943
0.0848327609141858
0.11113308014647
0.185223279447805
0.170420974091554
0.12319332620315
0.127567044293001
0.122674240889932
0.0970107550708727
0.128182414632893
0.149130432661829
0.150621547537334
0.160418488050594
0.107589887373295
0.0999839495611584
0.114098503269525
0.159969715086016
0.143121070281071
0.149979504600089
0.161396117121286
0.136283238801081
0.109109535708205
0.148543110780511
0.0965141608238213
0.0735639553060257
0.120634972212106
0.150875448575123
0.189401464473088
0.187540126802416
0.133730482886736
0.124549364732783
0.101979821459586
0.149532350755044
0.141765494943674
0.100546688122778
0.102234611486069
0.12943628328988
0.114718402612277
0.128739260569295
0.142499420878474
0.146263398520109
0.0996745683910685
0.0959347243905445
0.0906092760556477
0.129538452468334
0.119114884549331
0.142580423356323
0.1199374160144
0.132554731653104
0.153886112755888
0.140055360107688
0.137763647882664
0.144974558432898
0.135438479751486
0.127581149624643
0.106816041198807
0.124021280770085
0.111932241228762
0.178663259633828
0.121296768005629
0.0949746309149969
0.143840752878369
0.128453088545361
0.117743871951578
0.158311871686193
0.139435969141459
0.133208259306653
0.115878759309025
0.0982957487131035
0.0950426998296133
0.103262620008864
0.106092174257055
0.120909133455953
0.0977937730807548
0.13583666062095
0.0842553676634068
0.138522592226031
0.126579639951064
0.147679128846713
0.124905593400854
0.146327652556657
0.102584017712573
0.127706281559367
0.130276716055796
0.104577196098284
0.153107541709223
0.121776785333952
0.162569919589389
0.134519385599686
0.162754485717876
0.159567351371284
0.174557527745421
0.115197479261767
0.16289635149367
0.110506933422538
0.105040790848041
0.152904294571475
0.167878642756973
0.155746114984719
0.180475894392884
0.163290243287684
0.180841938646992
0.150088200621777
0.121365634578126
0.150891398224941
0.139335124258762
0.138094403437423
0.119549829749821
0.072714559913462
0.0673885883553214
0.100938035528904
0.128919388617041
0.135511163875339
0.112403982426303
0.156445651785026
0.118970825993774
0.0932965028664639
0.197827623853013
0.0966954074462035
0.136325252121543
0.146007219148617
0.145872136907829
0.17250719926849
0.128773050213017
0.118335094028559
0.100301658843139
0.141160539583609
0.134108127175126
0.128692434639626
0.118201983512177
0.178832878696597
0.156092867211036
0.105494786966638
0.149449216280742
0.135649969554392
0.174894287953583
0.165525966367892
0.135790689733492
0.109183106081504
0.115885092822912
0.139774088156164
0.117711378206412
0.131263957539667
0.16353700004123
0.134969887658867
0.14265556076334
0.123748370674147
0.132522488426772
0.146830782709486
0.146224252197198
0.237642238811522
0.123029443223332
0.157789549220444
0.165891914384263
0.132736691737116
0.11822182942088
0.171361806589987
0.111506755341194
0.145661494538728
0.175814244652863
0.201931045901201
0.194470961912354
0.191062643882096
0.0992421300825639
0.143087148123299
0.168894004968522
0.184210313213253
0.182312029278745
0.183991075779873
0.196402735908043
0.134465628490054
0.212758541052498
0.165141824989637
0.176567931921015
0.141783431148638
0.134884774404318
0.144862538220202
0.140255898003851
0.0980059598006729
0.116227374464899
0.167291339390094
0.165349180838312
0.162381090809762
0.146119063572377
0.13271387303162
0.0988574406952876
0.116494330580306
0.145477572174876
0.112761395854404
0.139200115624296
0.156312563305623
0.163846527147392
0.163760789580426
0.171324409495492
0.101624452729893
0.0756021139326817
0.0646795852512579
0.0802918123040103
0.106230714036486
0.12088548542763
0.108753961485194
0.127373606466546
0.106283717529923
0.0746219949669599
0.0976940989698756
0.10200255950745
0.0950381448814393
0.144446874256126
0.158217697711793
0.13828385482473
0.125807094034517
0.163891045879915
0.100451191300795
0.109794820275491
0.152256412696342
0.104330742931123
0.16072765397783
0.121330097853363
0.17580703771716
0.177617647398951
0.119831858134207
0.151348755113426
0.144649412600061
0.160430948612788
0.112350554357592
0.155436281287253
0.142242333407164
0.0772895418573653
0.113295784923946
0.116946373754333
0.141478355721253
0.160475777182264
0.16270536788919
0.144416766534829
0.130794907660008
0.17040527215067
0.129589631944155
0.145530597175674
0.140612313516444
0.104164861884725
0.136211225145276
0.0887198541290259
0.114874569343924
0.128435977821887
0.0951044077266944
0.127341481730829
0.119598746333365
0.103263426629959
0.115573132754057
0.105653792858478
0.124415692995248
0.133772947516714
0.128939861528545
0.146314967167628
0.0978813632146738
0.134462789716472
0.115218549449365
0.126578642100719
0.142265287739186
0.150597672513343
0.131734562844106
0.121699363297852
0.141119565568159
0.129804863171877
0.230377583630535
0.168365832009664
0.120740347974603
0.126134628101675
0.0956095345433163
0.121635953170798
0.103216573299545
0.127459306003138
0.152061069944848
0.123112789104789
0.159228704438789
0.143469039206642
0.119370694370616
0.117735769583099
0.129251461666528
0.120274567333548
0.119188693332372
0.137119458787911
0.102502930998093
0.0876064663163291
0.140107332467969
0.130648087829029
0.0914327655106672
0.117580663576679
0.157729886289899
0.181588309204034
0.170773042338219
0.131868093459849
0.178863998469591
0.173098560021794
0.161658102395984
0.146607450077293
0.124379081779435
0.155288052299256
0.11087181150205
0.158072644311739
0.1434841306169
0.145461608075884
0.123966308890081
0.114508851508145
0.0806444318364617
0.132393690737945
0.149935894449219
0.106260782829446
0.156870959528238
0.148612563549148
0.130688403824519
0.158438719194034
0.164454362873855
0.127139240510328
0.127553153471638
0.184243328570776
0.147549847387838
0.130249725083219
0.169551045211884
0.123437539602477
0.132774334071396
0.145779637415099
0.116467206267149
0.190777064611696
0.155851824524373
0.128980150563
0.117573089435909
0.149373204688147
0.175096287554395
0.138329267302219
0.120106443096331
0.108439698464305
0.105558127918314
0.135215016099562
0.113153471426119
0.131306012536191
0.105320410565317
0.134509084416534
0.135321738490494
0.16088008827912
0.180200326910957
0.139689848329285
0.121734453166917
0.135290464144403
0.136173061803943
0.119667751755006
0.142763945887174
0.120918300785449
0.0780908941744688
0.110189259312599
0.128362349454484
0.143798361890945
0.181961896931239
0.13728566902301
0.112034714372449
0.149129020616071
0.0733388787240687
0.102288030997305
0.0904171359143169
0.104395900437133
0.070203072430509
0.143124686754907
0.167974817790119
0.134275016871541
0.144862875033494
0.129183431053518
0.0856255323715139
0.118673023840862
0.0811296668122534
0.113866343019153
0.105087126419703
0.101056857535372
0.101427100732599
0.0984600592671324
0.101798096596879
0.12747158047496
0.118316348788931
0.149712842441136
0.146819963289605
0.125148166928695
0.113572661537911
0.0927980539090123
0.163317159075834
0.155593165787359
0.0714349608638902
0.103325235629702
0.0979478177349528
0.163350585007842
0.186918390772353
0.171627166335896
0.16193936799805
0.139826184635769
0.126425518994647
0.158616434125601
0.152231215631483
0.0829638302782731
0.10333239694454
0.122474796366807
0.104756182970939
0.16216519003108
0.189175249405042
0.177212259291771
0.18283229908767
0.110165325011917
0.135711816813534
0.143602292286542
0.177625788580496
0.150626301174167
0.123036853676157
0.125038594004168
0.109946129358676
0.120365438843963
0.1107801667054
0.116091193658756
0.153810318414365
0.140479057304418
0.131619821644174
0.118829238900495
0.137910590817963
0.0966671203832728
0.0925101288728583
0.0850141654364767
0.0979241245717321
0.173441450884797
0.10378881916153
0.0911236627971006
0.0842258288644917
0.105490919328225
0.122931303955597
0.120134207893992
0.1325051129956
0.123413561351121
0.102668851793477
0.110216546405569
0.175517154684927
0.156318433935952
0.141201908078282
0.15890370009844
0.163673745285459
0.137508155315058
0.17085092787984
0.135242979197261
0.134794491137236
0.12782978780797
0.140537933038762
0.121322962974518
0.166579725009853
0.169687692901199
0.113317190700019
0.109288803687802
0.117450166839469
0.128380435447048
0.14531441497154
0.121071100354898
0.114837464098365
0.121479358255298
0.174140959305902
0.176638820144182
0.153625416505347
0.103331795493656
0.127613691516633
0.196721128275006
0.160566724893804
0.134793890594831
0.161955504547653
0.184281940496602
0.107189426606567
0.133165853910418
0.135394640939755
0.172970099663863
0.121289667854059
0.205939504616983
0.173479345287883
0.107953350771545
0.143996802182734
0.112176305588611
0.113124029436284
0.116743263505355
0.134690594288463
0.110491326757687
0.122321180077423
0.117714755894044
0.120381206840886
0.0887121566059895
0.10083761710153
0.162521088347328
0.139065810736908
0.111717203547024
0.161439015875494
0.164557223588414
0.129153906614385
0.174318390720599
0.189043124645441
0.107885975591716
0.167950638477582
0.103470283974006
0.119591292471792
0.162462303731303
0.156972078912541
0.162792613106113
0.104295252832963
0.114727038112859
0.153078352304761
0.144032183042904
0.120782990831882
0.141533797378437
0.1151498631057
0.114278252179596
0.116452545302146
0.143601564215599
0.12556461144686
0.127398674669884
0.127114161211861
0.119385021974209
0.107061641457419
0.117964423125123
0.166729675601656
0.170074504673638
0.131229205761581
0.154130466659068
0.103153054858466
0.0976755989824058
0.106512818752384
0.14139166889593
0.149446012583515
0.119459349210657
0.0966454697614957
0.128021994140809
0.150744110284968
0.15607836276604
0.131101533799062
0.0802489867805325
0.113322591541623
0.0900997510446646
0.0820532287133323
0.102845399758362
0.141065926347252
0.17504334935491
0.0984938249945555
0.146672618609999
0.175379900048042
0.143066886579037
0.160781505543369
0.169506049795839
0.149725317683138
0.117554745386859
0.121146796831628
0.111901599551621
0.143826534709454
0.143516400445779
0.102016625090168
0.0850987524672583
0.0988989010137057
0.164937485165187
0.123568162973843
0.162686640502154
0.150716867668319
0.0778215618116353
0.115892189519891
0.0855716372005949
0.0702069467901043
0.0831234670276464
0.108257246856096
0.114093996793506
0.111067329700936
0.108533674377349
0.0892096931438584
0.0677747146736513
0.116719577910381
0.140432227107483
0.137941113339465
0.0938397584853395
0.0943239554054395
0.11623794762585
0.140593267508493
0.103623196409707
0.120047223997877
0.107263656323908
0.145849167948212
0.125112946824757
0.125725961000878
0.134496068353764
0.16419085317985
0.193836845064584
0.133895121107725
0.118687914843571
0.135195407547909
0.15360329434183
0.178440439074487
0.134681947634512
0.151549141342211
0.127376990256538
0.0943076288302855
0.111815869585952
0.136107808353558
0.101092215936284
0.118655726415484
0.139061269534339
0.0982778341524041
0.168331248191281
0.116576870140525
0.0986140584363844
0.117889040229671
0.10640294504756
0.0817223471140293
0.0930562747780767
0.146565475392938
0.108715550483066
0.129895930140682
0.134614125340124
0.115548543798542
0.146208158828783
0.0798549864726469
0.0607746981514985
0.062655954674684
0.0672775672382319
0.133994893624221
0.127836801979186
0.151838495914728
0.128844744072184
0.163251207785978
0.115999410403441
0.0746979054417715
0.117580361539695
0.0894095551353629
0.0705504135598289
0.0659112067105282
0.105981275182184
0.15552428824756
0.138178535137383
0.122048974219043
0.126511376525896
0.0996666630275417
0.139535933194518
0.093157491836615
0.13644445613783
0.15354860677091
0.176802842759387
0.147848841296552
0.1502548083941
0.114529184395777
0.168526874215946
0.153725521457723
0.138704263368542
0.251265997144367
0.124707114321296
0.113056713314266
0.100714928206629
0.107506079793018
0.125825428698321
0.118390187435382
0.213294480843369
0.160814477053903
0.145774149209784
0.136594492941423
0.123893175830431
0.165160559916333
0.12683019004752
0.113689609004863
0.154396848320106
0.113907829145331
0.0843872218882378
0.0981461704964688
0.117312537220968
0.122976437229921
0.108063883010073
0.117448109509242
0.100566086966146
0.139255135697701
0.190270610166317
0.155513995077553
0.149131517744042
0.178705899673517
0.115572989800061
0.146310547084577
0.156296535100313
0.151012297448016
0.132334555839646
0.137309813569041
0.160853322264921
0.141433126781754
0.141201498836848
0.119908208841319
0.124901130401207
0.0983410812621704
0.123332260605037
0.115769363371509
0.110089018611113
0.100516970252564
0.0756389944300906
0.0837687247591239
0.114966993670932
0.132051728692401
0.110820057485509
0.140504731449171
0.141269475216182
0.137255678670081
0.198606815712127
0.155349864584317
0.154517089551644
0.116321824847833
0.16323829375503
0.148928681630785
0.162994744045969
0.171836902125909
0.136512199012085
0.182920200529434
0.235848731530056
0.157839917407321
0.111572398085266
0.12611858012448
0.129320171143649
0.182038526897464
0.168455717853432
0.141319718074618
0.101891786637444
0.168905536676186
0.143127461183624
0.169314292693316
0.166575270741571
0.14695971551867
0.135288395534478
0.140496259504901
0.109871885454208
0.0954340844350742
0.11093735818543
0.139868853615619
0.155129751754772
0.120939164303279
0.163544578819014
0.167360118018662
0.108582076788189
0.104783507694509
0.109976176419628
0.09010208890105
0.123450979837185
0.071809463975584
0.113526357241696
0.145988289999107
0.143306706465135
0.106412742179111
0.149995572904234
0.126326236425393
0.102557173283388
0.128968256343544
0.13481308760328
0.11584151430895
0.179244395754437
0.116851389989466
0.13659797650831
0.126002952799238
0.170870703816021
0.181226819628707
0.0971642154857972
0.113723849071959
0.148434602943308
0.0994024348408423
0.121491779440489
0.102563715830946
0.123164037495463
0.165285534815837
0.123566675573837
0.159879628060884
0.0930007266158499
0.185667950163948
0.123947972871645
0.107759812129772
0.121333450563351
0.169194978088394
0.134890125092978
0.099337118615234
0.12856214238521
0.151690311440529
0.146033600466873
0.121136166348509
0.133438271837141
0.166977749811267
0.120898538116942
0.133318125866185
0.174678825168137
0.118231866503853
0.149948800519882
0.190252074027209
0.15458980742585
0.14389769775174
0.148206778660022
0.138723011504657
0.133420151986965
0.166826440080362
0.096538149355762
0.165265528197693
0.123614376160924
0.145009408155768
0.103235477747709
0.137017436079632
0.146839331626715
0.187951839406099
0.152375573923628
0.145553618673272
0.119387159440694
0.1356885254244
0.12094619034354
0.105794722117512
0.126321313643298
0.17817135588953
0.127911441729919
0.119389101058963
0.136234579223835
0.183983928548151
0.123226893096074
0.128489446231637
0.131506441493555
0.107094157586859
0.136966425775225
0.0990977617105204
0.102576270498167
0.136703755072073
0.142713518502997
0.183234710351094
0.171074476267732
0.130704458454893
0.13151463158658
0.135430037191011
0.107553387448108
0.118296361523875
0.140910305913751
0.11996712624387
0.138813803904629
0.115014905775751
0.137274521715399
0.170298754224245
0.148348147291964
0.134892904056735
0.13836071677976
0.126313106715975
0.119578800718635
0.106243750928552
0.105576826467932
0.146983610270548
0.140583616271089
0.158579698569179
0.121842474876477
0.115085349034981
0.11802739439495
0.108800340100462
0.151454663770308
0.0947401387650575
0.0889692854443297
0.147378416173006
0.170210845368234
0.18161393773289
0.175403544732785
0.136671822520836
0.168073532827705
0.158572146698171
0.0987156744450314
0.154203129273408
0.111839951911002
0.131618587738343
0.15878074739204
0.118307887632846
0.110098716147402
0.104395079566458
0.134328215077941
0.102389898276415
0.0868687471653191
0.109116896930692
0.0944861703782109
0.128900717382345
0.093116513613016
0.0820815185154946
0.0939622765572009
0.110349064896103
0.167445774105353
0.169699177356709
0.12611703428217
0.106513905906146
0.10724533186812
0.153935289892963
0.0882686233330883
0.156162711823075
0.140238534780843
0.113688748738534
0.153438896270765
0.154771607497128
0.153832903231574
0.0882715968694594
0.0819035088374427
0.0773134173272507
0.0981801161286945
0.132061631072271
0.121413538275103
0.136677967278667
0.151261110180799
0.121693672624884
0.101427750558776
0.088938311661256
0.132474598815306
0.135943285125564
0.0977283374943032
0.150626169173088
0.10454374216183
0.140780998281821
0.128027085939161
0.176826177440468
0.136054359273971
0.110528519798014
0.164714306411117
0.110150446850898
0.105275209379557
0.147347767285897
0.147687516352115
0.114934537536671
0.121862409323581
0.112627724430152
0.0930048631370264
0.147000602462606
0.155566305321708
0.170283170036208
0.0925110856654162
0.114295282420399
0.125261744947226
0.0925897482649737
0.104959873137974
0.104033096254404
0.139573234534534
0.121905062713894
0.129153962991906
0.0766458140808399
0.119885529251025
0.10911888476083
0.119686598751606
0.133972491544572
0.134060086328947
0.0994345467888545
0.0838083997088452
0.0905964714930777
0.127388136701077
0.165759942184845
0.10899753522104
0.129130937929643
0.148230240735609
0.125523558679351
0.155543465086142
0.186989891567011
0.165124423864917
0.189822544240863
0.160804136696152
0.120941280977631
0.100724507923259
0.150938476461502
0.122546403136877
0.0965550917012502
0.101986243278103
0.149690623422702
0.090206375303972
0.107490638114662
0.0941120779431201
0.128213917972083
0.104140555141234
0.102447782344786
0.111256853994187
0.128352113996746
0.175398280872301
0.149997634369747
0.142405798890133
0.138433263989855
0.132084485815677
0.105050729076274
0.103015263170823
0.129312266639616
0.146590658114095
0.107068052580764
0.119735537218496
0.16603212081609
0.133655194281529
0.147787502413493
0.129646144463358
0.107000894280784
0.131166069166938
0.132192072598438
0.121144831156398
0.176874006172191
0.145770344551803
0.166534534421992
0.139682501278465
0.160253390227937
0.153661639199393
0.138424005113608
0.137727444412159
0.134435917675547
0.173477402826704
0.10803836684908
0.160680037654907
0.145394073490451
0.130459590347417
0.115110214965406
0.137944400874523
0.099830125234845
0.123805577405071
0.150001871268988
0.139737471855321
0.177386321548352
0.113439415380595
0.111619281186852
0.146552384706635
0.16523348091082
0.148816422671488
0.13304025815323
0.143170030029559
0.116335846355525
0.13366428761068
0.135049041248694
0.142649993734477
0.154543522438922
0.171602608922197
0.113795498136337
0.113004894688204
0.157086532761805
0.149673512859324
0.176251905327874
0.144851615491233
0.134472859458289
0.114675453132026
0.118517029153992
0.0896391924900332
0.0865301785031585
0.0655230997187616
0.0949868675248399
0.0930238119826627
0.136270385857325
0.15409438717969
0.117022603054449
0.0906853155323376
0.135511130130181
0.111985070035406
0.164647684879701
0.160075011669679
0.138322014392464
0.150749486150246
0.170552134261451
0.126441663614036
0.126820642307625
0.143151448392634
0.149277573763437
0.124106991299425
0.124927811795727
0.113333735070105
0.111614119227214
0.163202392346074
0.0990562452854779
0.108662631897425
0.157244390019192
0.103082713396709
0.13841010450501
0.154938273514335
0.149098211300274
0.118381733653732
0.148005144600382
0.151834313740121
0.208915302011501
0.121763000402893
0.102168063343262
0.140965148016262
0.104236336773114
0.126564551043186
0.157850265314618
0.133704098193867
0.148972945053343
0.133539969162657
0.120716901384807
0.128763636537362
0.123864260440747
0.0957856080685488
0.144357978722109
0.12700962028453
0.149874379334102
0.0978782720551381
0.124047488982289
0.113728368824046
0.11125942591511
0.168292980575356
0.0774573346024164
0.0870675349334107
0.114697868263443
0.107130728424534
0.11103324251657
0.143860124371095
0.143130041053171
0.0918198122136288
0.0709896743241154
0.107372465575022
0.140619619192864
0.112482332051498
0.11917647503185
0.122364086166814
0.094513234077023
0.12563102015914
0.134614904797222
0.137841600400337
0.143287272441618
0.158322684653523
0.131276174528105
0.130552769922342
0.0675533471597725
0.11138586530695
0.148079693688975
0.0959232754491875
0.0995303885924099
0.117134611655456
0.105398623845317
0.160323495898777
0.167845182170066
0.112801910297085
0.109407945793695
0.142188580720489
0.103048405511008
0.0993887156247783
0.111148785061835
0.129432770309358
0.0932413375418882
0.11796469726448
0.0898144794002037
0.109284750551654
0.132105172999929
0.126571639233035
0.132910695309234
0.121552442576201
0.147401966186772
0.129834981511875
0.164444320931584
0.16388419369572
0.137577598552818
0.0891861179012548
0.144666866743693
0.144557629930135
0.109158495098728
0.146499956531724
0.0979381431318988
0.0985716349047098
0.194817010452409
0.159554160035722
0.128266432123217
0.116757505152886
0.108457338841759
0.143274263514642
0.164830424461359
0.121523361537015
0.132504227648711
0.158229649597085
0.11194792617567
0.139826812334779
0.0701199640444799
0.0805868204017416
0.0763997160626599
0.107024342901143
0.131599149476406
0.140884743307398
0.116802691654269
0.111726859125176
0.121100159479712
0.118422492127462
0.128726088299487
0.149690468097311
0.122756946395638
0.126954647955154
0.127294754190033
0.13613694776051
0.151162826722648
0.113760247718222
0.153223257848657
0.162892004117175
0.172822920683607
0.150593279421947
0.131795201096582
0.11641102795954
0.143758423899944
0.163875357552442
0.131363974610509
0.149011220169577
0.133568557114367
0.162313758734236
0.172982886035233
0.153548083881389
0.12726453157116
0.176512368244593
0.117324687923322
0.134898421191362
0.154772015583582
0.158568106882245
0.151050320523925
0.126579966362745
0.101272381631606
0.101548255251888
0.0957953462931159
0.0874520403698824
0.106745650045433
0.138032763495032
0.178261336798092
0.174196322137361
0.15382740771929
0.129144899845451
0.158311741432476
0.147190420482226
0.133203284146511
0.147720064062663
0.141557769222524
0.151789590924554
0.153270950771025
0.174221160293654
0.137054841712642
0.119373100873786
0.10039936712114
0.1194498500967
0.129676281275687
0.0950546672397523
0.0877397669756847
0.122315890522276
0.0991897311891114
0.0972051013369074
0.115391709026114
0.088134552065397
0.0844942096669922
0.132870480443713
0.12326829656182
0.0944283856234302
0.0781937314428402
0.0910086748439268
0.136297125982757
0.11788297410964
0.102059725975033
0.123583970673365
0.115050769603569
0.143486938990205
0.102712138391247
0.142121414032834
0.127415163013315
0.0931008448706078
0.110527690812053
0.130083929105271
0.102675862011432
0.1391785080765
0.10633035589013
0.139266417856512
0.175617998488406
0.173036354974087
0.123749315204765
0.11618702584234
0.159103096699204
0.185914409419233
0.154567306942518
0.126387016079069
0.143509909827354
0.16850515843896
0.162781885520262
0.217559995419213
0.167652745641108
0.103658011952607
0.108578143028649
0.170955407383733
0.112914264768565
0.123688764351479
0.147680212955607
0.118927765316515
0.135193254829403
0.14381136275224
0.145776469807353
0.0990418944687524
0.120989313281696
0.1317412420998
0.124245117910555
0.104363632279546
0.166551369988017
0.104026382220935
0.159407727409735
0.128292550499593
0.158243781661102
0.0965085996075527
0.115940301474413
0.175151073630259
0.132164481449502
0.0908452322873779
0.145737149770653
0.163116956110775
0.153226111636067
0.199123308171274
0.183867960264752
0.168745306486061
0.157540021438399
0.125520216675316
0.143716132547841
0.158170380713979
0.0891182777994988
0.0966615767636298
0.147568758534784
0.135765577389557
0.130927353431525
0.0984451584768989
0.0937430312735576
0.131454941351398
0.121107670065493
0.124432150472059
0.133918641356946
0.108783698356234
0.159992539632986
0.158927740994968
0.135313737870485
0.153899390300103
0.159533549090056
0.131370201100671
0.143280058928112
0.185620042672065
0.137006290558112
0.101198724394035
0.159773127274211
0.129254644742768
0.117126603408962
0.129763858271296
0.126778680272855
0.122598575567172
0.107184335906623
0.129317024825468
0.172043889839764
0.0913380781919885
0.175518480696601
0.19369124188284
0.17040217531276
0.179997071882015
0.132120792000893
0.15141497235467
0.200154696894109
0.135756760318995
0.133613167836437
0.126115031697502
0.196104463216824
0.138024781645862
0.122094787295158
0.142337346876235
0.140453213231237
0.131752623641097
0.111863167555634
0.164831420411998
0.189861401997606
0.188191471056591
0.153409088366794
0.125148981267401
0.108026882444953
0.122881219087574
0.140643196819553
0.127951557963536
0.111863759597067
0.162130960001023
0.163536652112909
0.185966582328633
0.152282557855369
0.0989467669054219
0.127139737240629
0.112160328169171
0.130818120574676
0.170463297050424
0.147168659257595
0.117933875579708
0.15767904311883
0.151977847657491
0.148562053593315
0.119697373294899
0.199862164045293
0.139239386576579
0.137921809321072
0.117062995824437
0.162930322435995
0.180449361969785
0.125719195926384
0.126555023589111
0.109617413926782
0.136023765979047
0.159422414928374
0.12343246879204
0.131769495924265
0.134533569492521
0.175876370747268
0.110310287723355
0.119779649115982
0.114409792344538
0.105812232659937
0.135610061901275
0.136603415221846
0.116571896174932
0.135752333353584
0.153800258471848
0.197861302165261
0.121168831152335
0.183972787516433
0.126791315411607
0.125417660466248
0.131621745892386
0.20538611646702
0.20671424131735
0.159474624327718
0.0968838647991501
0.100933158380766
0.176894859926594
0.136356943277988
0.111830341041554
0.181173890126807
0.134363776591979
0.152858251443461
0.151232693329256
0.150840180643967
0.147712474462949
0.156553968018179
0.124372142708076
0.150461510971537
0.17182177519914
0.129741973849258
0.190835116099406
0.191691974342243
0.0989463742171772
0.0798781825385353
0.125847865172835
0.140436810679469
0.163736248106145
0.108961397935988
0.131560237663175
0.125875228267154
0.148151873641818
0.220441361446693
0.147694029192689
0.15020453406307
0.174671986850306
0.144847574918892
0.144217239580623
0.186271688902932
0.147918556976084
0.189882859916471
0.190364352605017
0.139895147276907
0.132013220351077
0.149248059373827
0.121008672223277
0.107011951183172
0.120622325380431
0.147080726148087
0.135128334549654
0.167293280851768
0.139843852092372
0.117095262986982
0.142236712387134
0.123224436871684
0.151417842498577
0.109356506327471
0.123746917966697
0.147448671798076
0.18296063974678
0.188473754137599
0.135163139890797
0.163532522518474
0.0981870112314549
0.152623838951108
0.146211219608632
0.13261350012933
0.108069196465366
0.155455849416993
0.227552269224235
0.212218800068318
0.119739483891971
0.119893147989129
0.172309249762793
0.149958366720713
0.120968328811471
0.172825680447496
0.138798641690623
0.1748299375799
0.172843521742799
0.113072384845269
0.118816579947909
0.128019685496474
0.170720068607031
0.102173508650216
0.171416422775324
0.139252369628485
0.155082259958666
0.115258373688829
0.152587417607079
0.149789321521162
0.170590168628942
0.158453902194534
0.19495035534271
0.167382502541431
0.115358058523841
0.120846148190409
0.106013764948441
0.0648064290195975
0.091526926237113
0.12608826157158
0.109896170494774
0.109235559313071
0.119366695865074
0.148068349499345
0.12656010892463
0.120272683935924
0.113546500724991
0.13916460024866
0.135937403949366
0.129082842967167
0.161654255961851
0.178646136078823
0.129903848908534
0.117319244182522
0.112165115467483
0.101528316168933
0.104793471957355
0.106753913760541
0.106752613888478
0.0975253188102027
0.0947507426695496
0.135347338463219
0.128250484403272
0.126510943902105
0.130331782675579
0.117875933737491
0.135871588064553
0.172254146122518
0.118980921812559
0.153064961423212
0.18136400127689
0.111093952218245
0.119629868177349
0.104456009917025
0.142863821184938
0.137175956649618
0.10489961832456
0.105365711484754
0.089358769296326
0.135163298741577
0.121430944183914
0.125910638185219
0.113225419015687
0.143317818944988
0.167110965950648
0.186494123918352
0.15077002381171
0.141092527785529
0.104842991423128
0.113991120879143
0.119164149972322
0.107320456738198
0.0926795512255191
0.0716823166849506
0.117838227809527
0.104592391628561
0.118014487421657
0.105489658379084
0.117799800591192
0.126216338068462
0.198240714544061
0.170751906372789
0.121087452418724
0.142111568516414
0.0792416005538353
0.154774656320905
0.117082435235846
0.195135860519293
0.150332329229757
0.117967492629482
0.146266414540168
0.13242981097614
0.142533325682873
0.117805045085259
0.130942710657479
0.181064284715334
0.157803206512561
0.178316824492666
0.137040322754049
0.163750807256238
0.160488136757615
0.128522277637865
0.111138255175419
0.14294181492271
0.169986951322328
0.167063961985078
0.117973956699271
0.131029782898881
0.118183919618558
0.13059347874912
0.155635129887471
0.148717868243156
0.0837163508161177
0.134892943057533
0.119143285416841
0.107443967139632
0.125717084119268
0.131962751146479
0.131005329474819
0.0853058887267744
0.138042168485448
0.144258472645601
0.172835508664981
0.148275480423691
0.0934597742585412
0.137201396915046
0.106815603302835
0.152783214956631
0.154626915746496
0.0791145724809122
0.0828575332502257
0.0952728837189219
0.148534867558334
0.113119297743724
0.108164504848302
0.112594256586997
0.126925188599267
0.0886242629769556
0.124892871398868
0.179811426263182
0.141310585993058
0.134964308091716
0.188484255318017
0.128196563736106
0.126266160793067
0.165897677272104
0.0925720459687076
0.0837773694062829
0.146066903359517
0.136058584569053
0.130660986474352
0.105931077548438
0.105845534691511
0.145979942806318
0.107256113161895
0.168628865360006
0.1529428280224
0.106012375236077
0.13323606849236
0.0861170473871274
0.111201669814239
0.160506111264039
0.154579085718051
0.121886817556848
0.122769837070225
0.156533672743575
0.140782215893253
0.144089774128727
0.1246613734841
0.161675985622261
0.153571357136447
0.142598797154154
0.114235046777665
0.12845699186069
0.165442404077894
0.197261394182045
0.157573675692779
0.120097933991119
0.148394602433859
0.139916599611393
0.120989435479554
0.112817513281355
0.152282343463173
0.105638990811634
0.158225441911405
0.13693142578639
0.140538204445345
0.137844178588918
0.146331504138341
0.0852794805108667
0.178202507567971
0.139252637525431
0.0847646621140738
0.0966692182846902
0.132733562147401
0.162324497159343
0.0820859720879873
0.146888271373602
0.114541308810176
0.115854040528821
0.121190052355691
0.135401371705491
0.167316426164433
0.111855338536069
0.162800988240634
0.153360930971725
0.11947208169467
0.127739420554205
0.133721094667558
0.167511174233557
0.0938237155900187
0.11150721651764
0.139783630132992
0.159499950331635
0.122595173494323
0.136277695278179
0.121693745894001
0.149253318558234
0.11140794747214
0.13500861169202
0.133959499261045
0.135835286591417
0.170135660420087
0.13641992298733
0.127925714450116
0.140017017045203
0.147619463549315
0.183694162202197
0.125731838748084
0.129542519137976
0.145820878109123
0.107242845498123
0.118416799794228
0.131028518332362
0.134571042501579
0.144080738068135
0.140827752180424
0.157782763869096
0.0787699160012907
0.11103091992278
0.170475440977693
0.148779072831102
0.161042474118633
0.124190403864061
0.101837237132338
0.116769354381177
0.144684075130221
0.0833027039090327
0.119763978169843
0.155778801785522
0.107613067671686
0.0796860057240624
0.143304138107956
0.0989250923115991
0.128030476751013
0.149768929808134
0.119689036997582
0.123565394268588
0.133303345535338
0.129940768190853
0.184668145963596
0.124106984340374
0.18842301928723
0.13987957011987
0.196301362815844
0.199249591471403
0.165157444745411
0.0990922201781131
0.163515382975856
0.109804645465124
0.0850488968099862
0.109735400950942
0.106876176952422
0.163029320471809
0.137079995953439
0.137856894721174
0.107934610500171
0.178629986382371
0.142943900272449
0.181443272643059
0.0981012494926674
0.0894081890522185
0.130054090854913
0.108378683075201
0.0843302189106855
0.110764071588219
0.0921201908761751
0.176200992559475
0.0898995287647356
0.114786434037394
0.13539911911066
0.110944009352055
0.173906465178529
0.112048281929618
0.136050674738702
0.0812001622479325
0.127728731971727
0.1530089296221
0.150047211599376
0.113876358375512
0.154360762284185
0.141874051853203
0.130212919970054
0.0887013450022024
0.0855096396002177
0.143714951075488
0.094344168451415
0.0999265941241257
0.126579020882529
0.169856262321902
0.166886293931573
0.150875684094628
0.175924636309976
0.154619346484728
0.133479698566213
0.109267690971078
0.139202998497821
0.148333560344247
0.182544899882783
0.127586564991864
0.149284190076678
0.139877902709383
0.173910213635295
0.118751126080936
0.102857522355768
0.116220184095669
0.129991122382044
0.158595307538753
0.182469679202048
0.147626423760164
0.145707176602131
0.18579523784146
0.161455728691155
0.104929954986777
0.100281007854242
0.0959498410003607
0.100769534660476
0.203953856627786
0.0983952590232503
0.127426184322576
0.157923451507563
0.125852103386504
0.0747143297490577
0.0852660222926754
0.0762831825058651
0.110181498859727
0.144946892377076
0.127396983352045
0.103117091187308
0.130017204873532
0.127700539682011
0.104479435945158
0.0800925195448261
0.0869160869009659
0.111347981931458
0.112993283878014
0.131112485375436
0.113798083176937
0.0860181453220297
0.097625049658533
0.116952184595315
0.126000011758449
0.16356693412009
0.180120297821428
0.158229928358753
0.0923264870493372
0.12588000785097
0.132938624550991
0.120915284235642
0.153487053662193
0.116646069261371
0.14425659540031
0.15313840071561
0.143269773792524
0.130627188687379
0.140208981017907
0.124309164790439
0.171056298695733
0.132373768350272
0.137580048278428
0.12728203378991
0.126662990790243
0.150997230391032
0.13811570483092
0.109171771809516
0.107973186419744
0.143187387672577
0.132207046000081
0.193668807815261
0.135531949470143
0.105015835850502
0.179074522434113
0.208356291951101
0.162766563642816
0.126667659604978
0.129576077706231
0.149389467494008
0.157231088297471
0.115600495495958
0.100768447782827
0.0987047810603225
0.133953204771612
0.102536952801035
0.149649071317379
0.119140733178696
0.129376916972968
0.152580738303373
0.138030713312918
0.141070329787083
0.132043248255373
0.118247227626753
0.114071521163556
0.163942367612
0.152157670561654
0.230196090790007
0.145266791724172
0.176894427207129
0.169702077097323
0.149731449632495
0.158956637304573
0.1744805761348
0.10590145985833
0.19455606511268
0.103381435919344
0.0920127282125742
0.136694247034378
0.113312689695559
0.179017081841796
0.131529823587793
0.167206629261069
0.143495934844104
0.148155353803332
0.108864930336618
0.102623762349441
0.107591871309603
0.126068944843269
0.123273151648519
0.131759740730001
0.163394496719309
0.144935228609398
0.172691154605236
0.126971400813063
0.144100480732834
0.167588795464379
0.132301523809795
0.1521315497603
0.192791473150026
0.181961909057505
0.124099035876349
0.167184927260871
0.176239019968658
0.15650180331753
0.155574905065931
0.173379240735681
0.137206142404145
0.175643359358419
0.105651071456046
0.189090421539406
0.134823725641948
0.162689509076457
0.174391589351148
0.146185522387555
0.139657554231037
0.148088702002777
0.206676854113355
0.160237550504701
0.176568003258817
0.0917461989571887
0.136557788044547
0.156342454538201
0.137029746818879
0.165306119422275
0.134359094259136
0.128461320861662
0.150464237946736
0.14728345592244
0.160726431551138
0.143905255299551
0.141436401646382
0.122853284552511
0.152964267787763
0.174153891515652
0.146678029754162
0.135761869299199
0.17406231355482
0.126796547278472
0.108605236318617
0.102558706314191
0.16250766445035
0.125258033478951
0.141729913285998
0.170593652025382
0.125281190925636
0.185933596844241
0.157649216926272
0.208181530231127
0.160437893615396
0.133143348870734
0.185133249424223
0.149309838188115
0.202054726604827
0.1927918543271
0.173593789739112
0.152203007411843
0.08743641688903
0.130719617040223
0.152720925889654
0.118448518027456
0.15726365065161
0.139081799818828
0.132043271683535
0.163240895782168
0.159946460498115
0.139881722367444
0.135272691637805
0.157463886179418
0.0972479096737945
0.0848856415283989
0.0713627456739095
0.161093384930407
0.127496757794332
0.0915650878003788
0.177075659223225
0.190293553210846
0.102076425811473
0.161743139293037
0.130700978685654
0.117119751630296
0.165926732934061
0.150187029115722
0.179216910784611
0.184017206618839
0.118851510580905
0.139817839356241
0.13412508185178
0.159523814157067
0.136825027149238
0.116319964264773
0.118615319286549
0.139920385523447
0.12333574545712
0.127493716604973
0.153240566000304
0.147913535846742
0.141355705659585
0.132306853931783
0.114524306390624
0.183643923012243
0.117120068460972
0.104986985976751
0.140404801746986
0.123234614824856
0.103308403904878
0.128947687873835
0.12658870991612
0.10096630021868
0.1318084441516
0.158153954223933
0.111998396871232
0.0930291436958669
0.140943925711785
0.118207885204095
0.116807286340812
0.168524006891709
0.165454990480598
0.10762928410081
0.119449605400229
0.158995197641836
0.11582909542206
0.128900604913834
0.108743551142195
0.103099409718592
0.139850986511911
0.152782371616807
0.167410697211713
0.130895348670389
0.108591817546326
0.0891525733076107
0.0914087861042086
0.118142481323692
0.135643290419069
0.129203605479184
0.13188199766792
0.121838497172694
0.080333181934575
0.112272045028483
0.0900987368131497
0.0968416982670847
0.150317447711474
0.138291314099474
0.137824199623045
0.143718910977864
0.12226823662828
0.0988738056874136
0.140001049650596
0.101590451994149
0.141688470644549
0.139925033703748
0.128041816268927
0.109867537226465
0.181116448927742
0.114476857632651
0.154400782682629
0.109839986202739
0.136612507508718
0.128167239482727
0.146723692710643
0.128168294996332
0.111324983672896
0.105442602303884
0.111104726818177
0.113264360719034
0.141952673985357
0.122802276215346
0.109767913661338
0.126434573800232
0.149386883136003
0.108675923711853
0.11872742144899
0.223674460378195
0.138168478975019
0.120752237774091
0.136113984719368
0.13061399756862
0.0704870074071951
0.124047848859379
0.151882423516074
0.115705719330044
0.111559092030547
0.0909723802676057
0.102606758157258
0.124367461052481
0.144737845071662
0.125885382196036
0.122609439752757
0.0884180607153298
0.116052649365071
0.0834411856535995
0.121348571473929
0.142459891748916
0.11114361617598
0.0748813362481015
0.104958090510487
0.116039717410861
0.182083870150824
0.149926631816733
0.146699768405831
0.224099826245162
0.094115426601032
0.0986200512285036
0.133926952476466
0.120961716757436
0.135400587297702
0.113584509969224
0.127779427327843
0.0987587585657502
0.132954673884938
0.110447782408231
0.169399684706426
0.13527100073293
0.125944392846708
0.1115548248291
0.0847504633111146
0.104904772793508
0.108892975868129
0.127837208293782
0.111304942366977
0.0946366715137624
0.116041538363327
0.143377388047549
0.151173537258463
0.126252405277772
0.0867604305538574
0.105728276559124
0.0777600652484007
0.143800789982291
0.159510978303355
0.122009212133799
0.14103930426219
0.0891167579164006
0.145138717288909
0.11540500481849
0.165021676114374
0.103947329626972
0.106082341645943
0.205442621671511
0.136177431675831
0.137376559632171
0.117630678310593
0.1265427044221
0.125877796129201
0.168938610808261
0.17242235957379
0.174874057007452
0.0991809819109553
0.109825205439538
0.14066284852746
0.127950717916794
0.119570952590014
0.112982377953535
0.171293540780592
0.131257385018137
0.0950118871458971
0.100799824357353
0.116701784176929
0.108051601685899
0.103398437057597
0.164613605391093
0.162227302861067
0.156160189798839
0.10197400397135
0.129056013624338
0.134057673329166
0.0895761066769938
0.146887461344503
0.137461301639623
0.117075280293106
0.108263659895288
0.128899496679308
0.170317790268741
0.12252965095252
0.0971618531775717
0.144689422816602
0.0947770749690787
0.12839533996315
0.149479833747652
0.159633177286678
0.146467974095294
0.095938494944308
0.104206433254528
0.129252055476896
0.147618749056708
0.141021574015405
0.160938837644075
0.149232542806593
0.136159133833876
0.1621504417933
0.155666345693277
0.132424297421711
0.114073118715577
0.137402790736102
0.0811985248221721
0.0926583200789479
0.113424764370683
0.161411442168826
0.144312980941386
0.144763662039541
0.139402076127541
0.177943939634356
0.123175443621772
0.142964392854144
0.164327097529472
0.1241508899302
0.177605505894136
0.145733776429042
0.175029453833919
0.142367106027393
0.206325120961603
0.184155279662834
0.0998444900350507
0.0899322224661787
0.103236640326643
0.0853759558296099
0.152429170018163
0.0969958722534921
0.091018269224013
0.0930717388269064
0.104165414731689
0.123693121274327
0.0855325940986365
0.125193560000677
0.10320474382799
0.128822503495464
0.175786557676536
0.14336059190641
0.136940775354554
0.15454175532796
0.154814417630535
0.168491941275271
0.125389096173724
0.11734613765859
0.162833840413066
0.142914224346756
0.11787100234124
0.139774935015117
0.156485826488373
0.190804540428755
0.171452923856307
0.14446568311565
0.107640330382979
0.115540694473579
0.111657926067379
0.162277246835467
0.119559684638478
0.0905526810037631
0.123095737363
0.111086371206464
0.175289705907267
0.200001249564508
0.111299245000084
0.0992925491731302
0.0956246401915294
0.0989530491253255
0.154585401644324
0.13224143533626
0.152175549275935
0.12759636618632
0.139444705160458
0.0977837140022356
0.111833740910963
0.169560469119564
0.0939128954219952
0.11741224638499
0.160063421479319
0.181278229276466
0.165978199950043
0.152368325109512
0.150537867622869
0.170079327336354
0.149992453037653
0.138455499270997
0.0931522217553314
0.127709689079542
0.146172141709144
0.108293719991907
0.15068380390385
0.170661195034877
0.152697011646192
0.142702393804388
0.208089148528363
0.166868324928613
0.126881077123852
0.14280781050678
0.160025410715887
0.107619593775011
0.171215494837384
0.12762383989949
0.224117733933013
0.176542421886854
0.131607086975512
0.130579345061368
0.0925844585717543
0.118884635611493
0.134783613977721
0.146662391095649
0.164635251036864
0.189381155968974
0.130213828103807
0.116377787846357
0.125857061981337
0.116852675727041
0.16848337397025
0.122940586168673
0.109410285544885
0.141889230485145
0.152227232482724
0.141845983618446
0.114228804912744
0.155422729638703
0.148344090767183
0.0971209228308041
0.133557827761764
0.162987723690408
0.110938088935057
0.12158152191184
0.140272674817643
0.137482165987952
0.112678941095984
0.126462670011966
0.0851256545754881
0.150136926903897
0.152475402791319
0.169706234238391
0.098680005541293
0.157260946671165
0.123801602043001
0.130510178282011
0.154985360596643
0.12484050951839
0.0978429817275787
0.164150577775365
0.115731439040903
0.158309183103488
0.168647098143748
0.181207088851996
0.126125824675353
0.149843891480536
0.138390979171239
0.175310712732049
0.162499762978918
0.194824586419005
0.136254682157859
0.133735129968855
0.141060327736871
0.0894149608613996
0.103758434424142
0.137370972748058
0.0994319270673304
0.127829408669493
0.139817668939695
0.168639928990297
0.161750992045286
0.137430386113484
0.120038982935827
0.114485948545739
0.100175588962399
0.116815365867025
0.0991568968337771
0.136603512969067
0.121007932154032
0.0912943907233259
0.103856960431104
0.13332963468654
0.0981454643497369
0.0950672538537471
0.144688741890898
0.114569002971066
0.114958614464956
0.123625146447584
0.12550428817227
0.133050924018923
0.144786302884169
0.124767096122489
0.1097430579615
0.140047823623745
0.166557109965968
0.14437902298717
0.142764684673479
0.151047438416555
0.158913200634162
0.169815786896853
0.145000662590646
0.119939890824182
0.121076849718811
0.135795514997246
0.0939492045889822
0.107957726832504
0.140874823383886
0.165466186811631
0.181174704390682
0.175902295251185
0.139695728073817
0.1238052645277
0.143926006476571
0.162214354644081
0.0859147066299714
0.0729166666894269
0.146941880719053
0.120124670352402
0.0840428327773703
0.0969412772793045
0.103467970053114
0.0837836145890637
0.1586051306922
0.136305310851823
0.118803747304788
0.153979154145035
0.183239177015168
0.100967486797648
0.125093220148982
0.163956174520854
0.170874163403417
0.161246317857978
0.115601457493534
0.125420534136533
0.145696358617478
0.167845925209423
0.167906394634309
0.178537451130852
0.113291146978585
0.10915605937614
0.154593106720772
0.121067670276432
0.148597359332507
0.113668108986693
0.0969243982399533
0.0988353646619891
0.126037705664895
0.084601226532305
0.143080165098404
0.10155170520843
0.116490258018736
0.14931929463617
0.150349991809196
0.120368171491428
0.0947591165945912
0.133662140869232
0.129819070531982
0.158011702921386
0.136869910412168
0.144318691400064
0.151880512582553
0.157410068573042
0.146639068778652
0.16271261086496
0.108054572235889
0.121948364924322
0.12866468657147
0.110148027984826
0.12453665235019
0.138550688953315
0.150724169761036
0.122191291783383
0.112602597072116
0.104815447118369
0.11269934074216
0.086687558439398
0.128840243527683
0.106833629549603
0.136512586743626
0.13287867638233
0.164331263995678
0.121275309579413
0.148372319651135
0.123106845201856
0.126818225462206
0.130820945493286
0.137644331513144
0.15538734086899
0.134203782689971
0.147049975256592
0.150380764317882
0.0764338533609356
0.115670180221917
0.0933009819904505
0.0917706691078036
0.118358111719659
0.152940521117083
0.132593065406279
0.146422719262675
0.134554616597495
0.0931267403685769
0.112738105394523
0.0989716332609758
0.115909876356069
0.123748472225396
0.163731770818211
0.157120775252447
0.108887857431446
0.100594522609926
0.112257291061891
0.118253644446641
0.146901935023456
0.137230510432481
0.146260734165693
0.130875943840737
0.156643776851699
0.114428511349568
0.133523883941615
0.113457180337384
0.0956661503114793
0.0964748975472159
0.12795278694478
0.164853018488538
0.129177994415805
0.132094636953812
0.121148839755875
0.153011725031764
0.111750934824869
0.117604279604323
0.137768347404954
0.0929163971458646
0.0803847493160197
0.148388019717606
0.112980503050525
0.114328367792151
0.153952904506977
0.129849057004328
0.103094289073883
0.110778217293357
0.117002615037698
0.151289920124333
0.129501112891946
0.111402339380968
0.106861960290008
0.0744458381165311
0.116491437337637
0.117947199881597
0.123982339037485
0.115858323066986
0.0932198447144827
0.0737419179954545
0.10637140373765
0.132549065007764
0.106059657480923
0.0855444436257946
0.115546614114147
0.144907958354886
0.139319509325547
0.143437175835241
0.121439151416494
0.0867675403754071
0.137409548834131
0.0973783088303633
0.14111882712367
0.174429641427846
0.127174840572231
0.128692570593164
0.144058379145373
0.182815038632766
0.176188178184113
0.141022051181549
0.0899172024125856
0.12497698263785
0.167888749801573
0.122226641711631
0.164510771825769
0.118161275682519
0.126303212134894
0.173289880209984
0.107116958190179
0.102027758216218
0.16256680088524
0.112298949069911
0.170530816448583
0.125981918697897
0.116146991648184
0.144847051754046
0.118654571257027
0.153210409600593
0.131747225160141
0.102458040506583
0.128893886670665
0.115719154267253
0.0811132573075847
0.102298238875274
0.171830016234801
0.119591922216226
0.105044638508808
0.075621112146387
0.123333138314396
0.128538505461993
0.118430506122533
0.11512139313254
0.161361107284036
0.122634641387888
0.105325852230541
0.115697927935116
0.135433682801549
0.103773768397252
0.0986919473436398
0.12010812474832
0.115341912792039
0.0889413840174725
0.14119755484679
0.0909979219986525
0.107108511718207
0.180399549522683
0.129254423852506
0.120492963299768
0.129686571925219
0.141938187632321
0.137670918751926
0.134346661868361
0.112297592222047
0.0991936346800614
0.0730676595855859
0.110803464392034
0.141953782856907
0.0987305333196505
0.121582271853956
0.155725724889339
0.204856123621267
0.0871075706763625
0.145505146197632
0.143785522750436
0.126096298403679
0.158106806323604
0.153486872858213
0.158437254023
0.154378430206852
0.0908505332107912
0.156698403041794
0.0704513784758573
0.0970502644191594
0.125768811893925
0.108414023351643
0.123371217730586
0.145011119673833
0.105121187528479
0.0665440048189293
0.108803970669815
0.128752530301403
0.137675116614762
0.122254562053973
0.149189306221222
0.148280954965399
0.106872959175957
0.131459372113679
0.101361051527105
0.182187947325181
0.140093493180686
0.175628339778515
0.104107906117895
0.113515777685552
0.121547283801957
0.0879700142556749
0.108990722875766
0.136755650478246
0.111231050126981
0.15343791849225
0.168945996715656
0.172420832953472
0.149059693963516
0.109821623848315
0.124145919023472
0.108465843412732
0.150135344891281
0.137989647762782
0.133575735063179
0.11218523233518
0.187809209818158
0.142388215338458
0.150726095717498
0.132585770256756
0.153536734326128
0.121086278536443
0.118230536296764
0.146463971550059
0.110761779007656
0.0714173041354525
0.0835669898551509
0.111869018098867
0.099693420389625
0.101218718712699
0.11117419297353
0.11847403671552
0.0918900943301959
0.154913728210832
0.0973970031325218
0.122429878034407
0.0867882805863166
0.0953241973923113
0.0848227524470011
0.0932229825712898
0.157667906020619
0.149810680566748
0.175232926514516
0.216198456517721
0.137890732377198
0.181408210620611
0.109719978825718
0.121293410671161
0.0918146479445047
0.142562063125087
0.129149428465675
0.128046612113854
0.141016647687186
0.1636519766365
0.133940968816325
0.132489491545514
0.11006651704774
0.124765186316134
0.127241607780667
0.107121138669155
0.156961734304412
0.112682177778218
0.129899895206027
0.177511669973855
0.129366018347978
0.138932399366248
0.113656900527845
0.0979051326108959
0.13212266719707
0.111317937648266
0.115123269395344
0.107001776797655
0.108182897058548
0.10541707657353
0.110518682827476
0.10510788693768
0.140296089510722
0.167510614054402
0.137000674537886
0.141571207489582
0.107805906031267
0.110303471543348
0.102209599350252
0.104720097502308
0.15271544804442
0.103639307580604
0.155763663083791
0.135381915298861
0.131679838345474
0.117449877376414
0.144913200426783
0.0957068985677794
0.0898930059861297
0.135362423575966
0.130466743402243
0.107135783330923
0.102381152161787
0.101822381851639
0.176161470493123
0.109185741424264
0.0977503556226911
0.11212366002637
0.144450554889535
0.111553574818191
0.150418428847632
0.109126999826062
0.108185204765921
0.120603995724905
0.19427886882384
0.192188492492735
0.187768523284807
0.142339223606839
0.124023993968096
0.118588623444352
0.119792223390074
0.136405960480103
0.127727055972258
0.123171608419749
0.128835549849952
0.126873216629908
0.143816090909149
0.112022059280796
0.128705300242262
0.140692534857981
0.112819972714231
0.137311653634752
0.141439695205566
0.156277786718802
0.129473678843426
0.0953467300986437
0.175494645718096
0.219206457234248
0.16087466362282
0.150853177076336
0.0811654495357564
0.126345048339384
0.137993246126815
0.121215413238949
0.116398109468514
0.114036117474172
0.0848263407354739
0.116759213851572
0.159598405238353
0.148784280355667
0.120843116879223
0.120803779760744
0.144835281305752
0.144477718620131
0.182346970435406
0.189919832323016
0.162706462444185
0.197971254764846
0.171121613465022
0.140138699830353
0.0997976803492211
0.131590608542675
0.0959564979191799
0.146303838173778
0.0795261927918316
0.0996720915723987
0.0970911162505632
0.159000693773167
0.144086179878336
0.11500232236959
0.118400616133093
0.105122343034735
0.0833229265464838
0.102102979401872
0.155855603721416
0.1206690065328
0.12057964018721
0.142623025602728
0.140146262933553
0.114561121351642
0.0862448502466856
0.119950420102794
0.120358840065901
0.193294889701486
0.188376214263851
0.106949646402865
0.166623631597978
0.096456326856026
0.107318422322878
0.138296041628048
0.173010092018209
0.177702759598897
0.133288070420831
0.10219480290413
0.108138285566597
0.104214958847547
0.137260473441747
0.158210602461717
0.100192331046827
0.145335021460164
0.0830437725706919
0.100219860113681
0.156407341792491
0.158615564888289
0.116193839345286
0.078242329167031
0.091356583655304
0.103778849719925
0.0782219652028297
0.139425190613374
0.128056301421591
0.11481953687623
0.117426012611563
0.155725749512747
0.119767483424885
0.117100491339405
0.165882913397704
0.157304111627623
0.127535268270761
0.113953456117708
0.205910856164018
0.208691620890855
0.156141538295839
0.173454678699645
0.149908423661941
0.118378162706336
0.110819917975418
0.100730425019695
0.105939400001754
0.107131240134831
0.172891358902696
0.161771009169569
0.206955265161322
0.150809153731414
0.135798175693277
0.0711724901482355
0.128654494670483
0.13048757712176
0.148536604308867
0.14896626196716
0.141651347576616
0.128956490977007
0.0937286911171542
0.104201932211686
0.143639269442592
0.136460534298013
0.115137535599664
0.155411198779425
0.117479283784587
0.13417322001561
0.153106799851098
0.149533909854373
0.115385067256513
0.143981228617655
0.13606087791589
0.16048475139458
0.136154828527865
0.139374380332679
0.118835051157018
0.132784031505652
0.113951793504135
0.148545257358394
0.115610047892024
0.162992395674622
0.119757618791328
0.145526393861152
0.158804487652705
0.126626717491808
0.160421178595256
0.10253956310579
0.149923633296675
0.0880203673160904
0.139350814131744
0.186335271936651
0.166657383722331
0.14377693357408
0.199658371017982
0.15598832565797
0.111721638839958
0.149367979673167
0.0957923500483277
0.10094563503958
0.130008764745655
0.119236223389778
0.177785362336622
0.108453804559487
0.159046563234235
0.103159403208039
0.206405655699528
0.174501036639207
0.126957609865889
0.157737287020586
0.0900271032342678
0.177042991454886
0.158844742468087
0.166222333666183
0.149713782968587
0.133933151417486
0.122278849144134
0.15687241652025
0.108874039299944
0.0889879308532687
0.109067957682745
0.129718431565855
0.127285386468364
0.122410062182881
0.109403867638435
0.11485561458092
0.112628660509674
0.147537688611316
0.115907883774664
0.120039775673015
0.113903646634794
0.184963194945178
0.176661663183651
0.123315116758446
0.11723442259095
0.104654357194833
0.102079646128454
0.0952623059391544
0.11268072895459
0.108419747978071
0.0796386986128806
0.111908472612435
0.0947448997205406
0.122452857294986
0.117338325173432
0.140757843886166
0.120201157368958
0.117511222794557
0.121138691736858
0.0926774364550753
0.0958314816606454
0.0816796776283192
0.114458414822165
0.131290680119885
0.132750433422596
0.13997310880509
0.144651135800507
0.153964240722575
0.115902871044716
0.139821866485556
0.110622507686023
0.15251926126568
0.165216614890445
0.150865666786001
0.116356568023895
0.128812491021008
0.135402089519927
0.0736390645481766
0.121857092874635
0.119282638712676
0.124748200046014
0.105099399842126
0.159440172848869
0.150463489686352
0.170236410635338
0.135296988404861
0.102576722366187
0.147915862675436
0.123837150126971
0.073093931226045
0.0796839131284422
0.0624921695446002
0.0655603258608348
0.0950045252698045
0.11995921605801
0.137511395765025
0.192250384965093
0.129081301392314
0.124532756054073
0.123525700709542
0.111145362278243
0.0969594333904806
0.0850280866026618
0.110616739003115
0.0767688056737049
0.083329295331422
0.101639038933183
0.0936642322930624
0.0995043765485716
0.160138247251612
0.095312985187176
0.119785372935757
0.0981106673852205
0.137675731204645
0.142312658469299
0.194724043577183
0.133768378265945
0.11974269839524
0.125344275043577
0.13007196543593
0.115646531516759
0.168133434624973
0.103282911873964
0.0978989703939498
0.128846790085598
0.143765139921642
0.164894981844739
0.104455918064331
0.120399992020896
0.137883142118104
0.141178840350466
0.150706968531867
0.189908435923612
0.158521674086167
0.13878325610284
0.124298240558349
0.1418124153493
0.140157624321748
0.13078916639185
0.169515477391851
0.108974573443886
0.127228576242524
0.182692458341318
0.178680131618461
0.187492547756956
0.185397741499905
0.145795201561249
0.124491527268975
0.13719423697436
0.141738647794177
0.113582374366867
0.141252971892485
0.152072950687068
0.119025545383251
0.190955767476648
0.169023036060515
0.17619643505333
0.189561176693711
0.159176141509726
0.136069851830908
0.110050942411392
0.149380598405213
0.114405722759767
0.161390448219989
0.12193114490513
0.137257993542766
0.13774185467844
0.202714269487456
0.175243366843881
0.112079901275679
0.132007111416582
0.188419411498346
0.141116276781623
0.125669445493615
0.0981524327471619
0.0776504604581441
0.143674951166733
0.1209098978754
0.105145766215428
0.165188409686313
0.17782748709209
0.104722076246968
0.146403958338687
0.144472448533592
0.108930776170543
0.098377570786461
0.133040558963003
0.140856037173318
0.145019256806314
0.116507512301556
0.0957354696449686
0.151879506264423
0.141255166757183
0.121908471876047
0.108856655677863
0.143646330679336
0.171117974498908
0.13871208625534
0.168458304096355
0.141227052691274
0.113191744259702
0.122027543646994
0.114228558772909
0.108295980628625
0.156233123013845
0.149097863329936
0.130713101786762
0.123959376176273
0.112726623454168
0.138493307883256
0.104892906889592
0.103326945445627
0.135757730358316
0.10991847964758
0.119200206969429
0.162721152832821
0.118029491872713
0.151987055623403
0.117796153661446
0.126106005163043
0.164174201475288
0.168717334970784
0.126009660765916
0.150954754483742
0.146282976381678
0.131963419934094
0.145134251514682
0.164739984613953
0.119817686363397
0.111410947359141
0.131104373923509
0.143923891018213
0.153611059035467
0.117950980191825
0.101981476203067
0.161092839860651
0.178281967840986
0.096999414990424
0.141282672726075
0.114539584660306
0.150597022675641
0.158492516879702
0.158957485297685
0.0959622906538882
0.102030776046311
0.154803342720261
0.107442178816266
0.134004551949602
0.172498694162191
0.151067582233294
0.132670239032326
0.106889951028465
0.132710760672882
0.119340405532863
0.128464656785338
0.100700198635091
0.118783812507469
0.154497308803743
0.131434220357826
0.117223352995802
0.091462917433942
0.119535169127826
0.124346799633627
0.118752515556482
0.119161545468018
0.126835383003397
0.112977870630253
0.0694650367744419
0.0864215539374633
0.107817147764231
0.113763805760775
0.129133506231501
0.160145191205286
0.152526246757456
0.131991752126469
0.117212719875349
0.121272450326029
0.0910007400119236
0.12698834171465
0.10031855729991
0.123271704549388
0.107861340281359
0.136533810396997
0.121986515000758
0.122245302759075
0.0996646641126158
0.112741671369138
0.109713302365141
0.118554245967254
0.13654118414594
0.126780311869001
0.158794831896762
0.143786291384089
0.191077290150229
0.134418431393286
0.140030157805896
0.146731754678651
0.103028200936229
0.191098262057324
0.115119334567651
0.120710760183102
0.112020931165319
0.0953299549942431
0.14797816445989
0.109659379412878
0.116614613639622
0.10481581096118
0.112788149680848
0.125892499218775
0.101318584500901
0.124692897321245
0.171366914767901
0.145908265204188
0.121637337497635
0.136378303625627
0.137587097012413
0.129138018065468
0.106920922752217
0.151023208762318
0.154423480025342
0.191215322688361
0.100059908291188
0.0889369001546212
0.0980605208750549
0.122101320902395
0.197768993433052
