0.17
0.146728913837413
0.176145123526388
0.113897185277331
0.0872051132093717
0.145306663487364
0.204674990765302
0.157818186224194
0.154669722904636
0.22860355385622
0.13182331228462
0.181220600715971
0.1417368496537
0.115854635531567
0.21636249220414
0.165707372251539
0.204208175178521
0.13618034231689
0.134773346889055
0.164550828358488
0.125645136950604
0.116987722534799
0.0850108195414088
0.130996474927785
0.255160296048283
0.13268715334084
0.0854852319716253
0.150096376837257
0.145282436369846
0.121553464677107
0.241205128913912
0.171612099638642
0.107558820588945
0.0873716586278517
0.100318783303254
0.184914660479631
0.135591138586867
0.158498731221427
0.0595554703363758
0.0836437998551352
0.0812964093135757
0.0998681623947658
0.151711224883188
0.0992073624055399
0.169728512815495
0.180598276689215
0.112945571510431
0.114907010113836
0.125689403841886
0.106347165085512
0.103591576428214
0.0849339112753618
0.109229836998548
0.209026875444004
0.1193446033354
0.150656326160925
0.0985842191818325
0.15225381431896
0.132758901890592
0.140621554702004
0.203886704968538
0.151073302994146
0.140355884296502
0.122929864735732
0.0709970216177855
0.126273258209944
0.216976231774882
0.0785676500360506
0.158802755703549
0.163370507517853
0.290699083477348
0.333615462787926
0.282063086476326
0.174335569565186
0.114621604263076
0.082538333306387
0.0705992429915316
0.120659934195497
0.106629991725192
0.158733953873279
0.114509590865479
0.0939152918439822
0.0913057277502824
0.0804921999157855
0.153472547955078
0.16104517747671
0.11734682823753
0.109694295133435
0.139165076548877
0.105444737148578
0.0881932809637747
0.299221833860979
0.141201024286247
0.114889053278764
0.0973662078051449
0.113035393425606
0.204299392946996
0.172405024406176
0.0979495224858622
0.097728210355466
0.118367731825635
0.102715456436054
0.240380936060494
0.147835387550211
0.122917402057445
0.141870422990189
0.199304240768278
0.199416153404662
0.225211717963059
0.220207761540833
0.18232061383259
0.187232711724605
0.10556258175487
0.150767330908906
0.094814020897189
0.152143775072702
0.134937053798846
0.105145623101846
0.0914749669955394
0.0779237043586465
0.0837100586809917
0.100674562513072
0.103651058121481
0.125854298560264
0.190216510211741
0.267315936719645
0.169556826589023
0.145649106985493
0.108642801017646
0.159359531580693
0.109760413547434
0.0987850028811578
0.101316345987913
0.119264939824723
0.213123840350132
0.101284414676342
0.123699157573038
0.164505565906579
0.0763708966135786
0.0955182702387942
0.0670751764527525
0.124541239529245
0.115651243855097
0.127786661730504
0.0980178662678659
0.138269878471758
0.0852422824504422
0.13163958526217
0.0836275286145229
0.152126087762074
0.127069419056439
0.162038345639317
0.107040773703065
0.174840037636665
0.194915807244967
0.0921492707581046
0.103665942889787
0.0976627629950835
0.10411293176231
0.108504214056198
0.142114322179594
0.225590454124333
0.188107809146253
0.285053574503528
0.123174285898676
0.10217926770977
0.150018976176792
0.0953086730851865
0.0935480685310996
0.119368886632717
0.114971886457757
0.263240101872544
0.299548948259347
0.116337054646664
0.0831083602494748
0.110863001288196
0.0745554681855868
0.126509482906507
0.0655307978023775
0.103279132153948
0.193467366543119
0.105467044823737
0.11723983095963
0.106663850013431
0.16436106574874
0.211861868045195
0.0948150244947419
0.102836057872879
0.111168443588057
0.140121799300453
0.183156608355992
0.247773479925108
0.297302396736499
0.176132914883882
0.238764940352248
0.192824169034687
0.0839867666311523
0.0973992061859936
0.109739981708748
0.187952898759541
0.137011092829821
0.117402277307047
0.141118826087521
0.2291677450767
0.245881817093658
0.238499293760082
0.14298600479084
0.122419646838805
0.264541654816116
0.166489255254509
0.120969107779284
0.160835779046976
0.111700332939491
0.173962797388728
0.101362988386748
0.291719838832764
0.303645543136391
0.228282159966104
0.213776702362662
0.22958499136973
0.152549779939667
0.203348473273215
0.120113868494776
0.0780635212261946
0.0770776116625023
0.17924283730294
0.201691550984907
0.122011084875768
0.225900026859287
0.313254822056929
0.3151268971467
0.192003001220565
0.208798432344638
0.21773720631039
0.203305937795672
0.208934280305257
0.236334869350175
0.219174692712607
0.282766113234722
0.262575913092026
0.257883123288312
0.175972251586888
0.0889879057815508
0.133108047535812
0.123657458179866
0.195354690423066
0.161055031666816
0.148016597018304
0.258138476810495
0.278423556092061
0.19304395506307
0.162698859677463
0.23322851194067
0.267243102735344
0.068189038784099
0.0751063342733476
0.0832931652784528
0.102034174506863
0.250646913833972
0.0963422401235872
0.0911520646682415
0.145627984112598
0.134691371379364
0.110640946615449
0.0954408558792096
0.0998060623902645
0.10475437427807
0.0841362749880127
0.0601408621667743
0.0649431013187971
0.0649815619732192
0.0584728995166175
0.0763607481306803
0.0688896316337751
0.179423371568862
0.109299291071357
0.0758634982846106
0.0611918450289357
0.13433850449531
0.135482082844362
0.167370455475368
0.196717599751882
0.136118263839371
0.11999428761368
0.092727149908537
0.224651904621635
0.276198207388065
0.189850780249826
0.10679506924599
0.109249351539024
0.163558648359725
0.0972230673696406
0.0961172879459007
0.192756373124127
0.224655225487489
0.226666084674627
0.251593914960214
0.265212149284144
0.187243262779923
0.137942933506409
0.216414847542601
0.252311206643115
0.0813372974327233
0.102296330016489
0.137870923439039
0.177225535400598
0.0720298092569262
0.247598112428197
0.241476509679389
0.157533629143953
0.132324437795417
0.137137694294049
0.111656288111612
0.134664638959866
0.11035404387296
0.1946032066265
0.160545422294597
0.187585662744477
0.199538037736914
0.221756014168229
0.129317309211298
0.175821188561271
0.136991193903229
0.200434751078173
0.215656528434567
0.217708319173057
0.138623174939817
0.0787071526200482
0.0765624776960384
0.088767317910805
0.133101419275115
0.154932402343914
0.0765973229168007
0.206920995324293
0.222853531062765
0.230253055109854
0.191830036919
0.166951812189917
0.233080546004354
0.127985381137733
0.178166653548996
0.204210444763567
0.118540578315516
0.098573625420252
0.0795114576131382
0.108300645588524
0.109544084504105
0.123106206945569
0.280130386070524
0.137605273846867
0.131673622533863
0.124395535356806
0.195679476282117
0.155937417881965
0.142170692261182
0.220272957787305
0.197094083190278
0.157774752174029
0.177010849868917
0.164178156907207
0.162495642712819
0.219194988061863
0.152166200444758
0.0845477136704815
0.154760900035107
0.214036567849619
0.12654448343388
0.12539256634246
0.130249719300546
0.207724578390406
0.265158749483931
0.241602695065669
0.0969416319378342
0.1253635314659
0.10668057623173
0.132638750734395
0.173186168097343
0.212834363176119
0.252340152461938
0.102143445527987
0.200763255805485
0.163608384470616
0.104986478501852
0.113432869414173
0.148884305887767
0.186709691931861
0.165666358130416
0.226523551102081
0.114303867119027
0.137824655426352
0.131895549095731
0.177501809045051
0.226529209201942
0.105220025824801
0.0735468895845913
0.186967292166664
0.250224999920139
0.220593413316242
0.0962786903433198
0.137047302016706
0.174114947160599
0.0705252081608867
0.111211779072398
0.205660460705005
0.124527084863064
0.14587563234008
0.261401546553149
0.102460804680796
0.121888854350481
0.363259617461024
0.233828612685293
0.152476868400983
0.38735121015645
0.149377064109043
0.16612092006126
0.163081526153133
0.228573570684187
0.306610505949483
0.16429697024282
0.143232591652125
0.206208979372304
0.273553120195964
0.111881895157179
0.0893938614353072
0.101949011470634
0.124290432254088
0.141926823858616
0.169216798068324
0.244911245003848
0.288778447653419
0.173592115321506
0.273197185035188
0.246820155499667
0.0986317280126191
0.153512002715713
0.136029575266548
0.265688490116196
0.285608597247095
0.190503075299636
0.146592747263755
0.201546758427616
0.118015694397082
0.0864647480322476
0.0826158435504123
0.076381169227513
0.211138902227925
0.16711783844179
0.285045007097892
0.168978650759343
0.130469605095098
0.15240993139682
0.257781978329895
0.233590702424524
0.0960616508486251
0.206340749770714
0.164318927980349
0.118545848005291
0.134565823091299
0.17734105272435
0.153492989057214
0.341236631168841
0.181465763288918
0.321228955990692
0.297697782450187
0.131885488865503
0.219382192129388
0.24729459838248
0.208513250286832
0.114063586826103
0.246732450518642
0.115567499240424
0.13142681813598
0.132917709358258
0.142365269871575
0.242962755684216
0.260391663891779
0.210836287403567
0.339692775248027
0.228773434125303
0.24457844967328
0.119462605926561
0.20416748616788
0.247290680421987
0.329722357075279
0.116056598870558
0.145893139247345
0.116116529104488
0.248799092290068
0.278036368554056
0.0894420852509926
0.148644658512765
0.156537861830288
0.0994083369449997
0.180779717322044
0.18257069834981
0.191275319417219
0.218535660905617
0.0831811616486962
0.0731285024908364
0.157008995181629
0.0819891377377755
0.0710130919765474
0.215432924573443
0.299376780274431
0.113527826724571
0.197416763443459
0.208921627473792
0.135903738417485
0.097291175331304
0.110228091603458
0.0734518013899145
0.0809422933341239
0.0816644079820316
0.141344345241245
0.116268711677619
0.182634539727016
0.185964018594477
0.112726994387057
0.151521317427781
0.137070943680791
0.115119552589547
0.150862460512019
0.109934658440675
0.106665705221335
0.0820004329171455
0.128227367441933
0.148549278482226
0.33494526262051
0.161014100128989
0.243268222757592
0.26150227764992
0.101694400634434
0.261804123753664
0.0890758393527245
0.0612907241251334
0.12917325489554
0.219030044584411
0.156719511372042
0.322216465071776
0.342250875234387
0.267804765889486
0.0983235844045921
0.121253396845672
0.0952372215029713
0.146600308539417
0.150546974213676
0.200333173938109
0.132059057236539
0.220048506100631
0.320155155793007
0.279244132995758
0.122724431025816
0.0804409292080694
0.200669021480784
0.130635933342203
0.149941023905347
0.227424825268985
0.113610365873141
0.321778223377049
0.151007683020184
0.165739993553522
0.109745447456028
0.084264150029392
0.0680235812790613
0.0863379804742368
0.112295414397302
0.1105644863164
0.137988558458038
0.116231447412214
0.150408389579229
0.273606024583632
0.143669951555159
0.137333564771455
0.0808774737726086
0.139079725834661
0.159821588395823
0.128257587659161
0.139731000604199
0.208243538760396
0.135868077138161
0.182364936803382
0.210118567926782
0.178228385849991
0.225650710482659
0.141533072496955
0.131442291243033
0.185553743195443
0.218925198069101
0.206437081992921
0.110976096437019
0.154252809266948
0.146082552226918
0.155180841268712
0.221412587542318
0.113690686475399
0.160366671755572
0.169903507412005
0.141744824948223
0.176889427938399
0.118103436404864
0.10694878678662
0.18764440660617
0.181252525703865
0.115829087430871
0.140263037864819
0.301065045554296
0.188737116433028
0.239575800924758
0.230798614997315
0.204320750042868
0.235362270133159
0.222056399047664
0.199267134330278
0.104052046171181
0.115563444829951
0.0914603158419567
0.203152727044062
0.212755074719557
0.111652354886518
0.100260002241543
0.0906424877901205
0.0763873144739235
0.135605970799499
0.116877131389274
0.100629621066396
0.0810289422596121
0.13978702373868
0.130422746506097
0.237151900565237
0.151149388915966
0.231860980473909
0.146083992426263
0.0717059959898035
0.07341304194012
0.0817548779453483
0.105343149933924
0.210101256972452
0.155255935402771
0.127038688396312
0.213649704250782
0.22018256161019
0.158737603086332
0.182204295542141
0.102516280576069
0.14495356038265
0.12918181809826
0.122943020605907
0.150349373087964
0.167750149826194
0.190561761803777
0.139775772449716
0.139491114030064
0.201340267732323
0.178184924352254
0.191292423820583
0.124117040208948
0.185063721349565
0.155223060649022
0.159032036131131
0.104021335676362
0.0903601192365455
0.155747759591429
0.297380938378139
0.318655811775821
0.271623618162149
0.143793525067716
0.186746003736154
0.0736487740878623
0.20791562789475
0.164025248971606
0.267760941666383
0.209812845624192
0.181881026199363
0.109931000121702
0.0878290882116069
0.164620863834754
0.098375623286945
0.201234516170689
0.147767856279997
0.125931866828003
0.0896964964824005
0.103575932382747
0.138948571932126
0.217500063969053
0.150269631518158
0.0842345068179944
0.0626442963745692
0.0743073749671173
0.089873886184416
0.13992260167331
0.247349644737751
0.123947484213515
0.189101881799693
0.174168430002092
0.115329500985471
0.241511882548749
0.129224441851814
0.268736871065276
0.210057663640552
0.0917548267225392
0.148991102635105
0.229144774688312
0.273743021785439
0.16140965767606
0.148009266720177
0.1434426168387
0.13835211954037
0.0836267691470154
0.116610961585409
0.175735930010196
0.148358894985559
0.198422122029172
0.308748638775159
0.33680714255299
0.145542066614274
0.134488170907825
0.174725849637979
0.138348888983365
0.276574610645169
0.116720487445383
0.1609590086063
0.119758857925272
0.187442432388714
0.199486712695607
0.203561526605601
0.207283850995258
0.208897352846927
0.176957381894016
0.138132314901538
0.089202516102358
0.0846370647632002
0.0705450390664776
0.112828299042527
0.203714922731623
0.22786348406137
0.173560954986175
0.295194857349951
0.299501987504487
0.226062983395432
0.140007290609478
0.151288370280784
0.11732914920505
0.194554336904334
0.137861020828655
0.117156834254106
0.166381739494617
0.150927833151239
0.160888263359693
0.110098914616213
0.0725368850067331
0.147638832886958
0.173121734711173
0.158876627781547
0.188866889036165
0.118153746146966
0.142750753055852
0.233373817269471
0.0990098198783044
0.161462664325573
0.0998134978266491
0.0948222585531934
0.152191349088086
0.115179254844962
0.185533412250891
0.297235182261606
0.166712625504922
0.182932251335807
0.182604636998279
0.171618665885221
0.117418350618175
0.254216859860415
0.0787293673180362
0.0616756990888941
0.0790629525637884
0.095253859430374
0.109681358467125
0.0774311252289864
0.11688627471942
0.151423894710857
0.25616527786055
0.22228758056434
0.181107404815449
0.14887762477337
0.266813068120826
0.228494850588831
0.308439200987597
0.111737037846589
0.142925361166717
0.116164841768151
0.152548069271585
0.0931747023465317
0.162237890691899
0.11699523279472
0.244648647803331
0.151800247844898
0.102845234615544
0.0699785571186335
0.127699421997884
0.0722912976199489
0.126160993297087
0.129587683817562
0.105487903323806
0.0886877336598472
0.100338184934293
0.0900334741808571
0.196383652927995
0.304487429065496
0.203615423153258
0.21541687016333
0.100928292721765
0.0757039208197612
0.071256281717534
0.110417726684956
0.156902641088673
0.0902246124032188
0.0818420211214832
0.100126807116704
0.11986875106542
0.0723397877480076
0.178527323711029
0.160709104297075
0.140923446129211
0.165288564716907
0.262559041059296
0.250339208780475
0.181048127510626
0.309119136746447
0.344087451408927
0.30544407437305
0.22341616658149
0.123324164173696
0.0695546545768882
0.0759053351366981
0.140205876671209
0.128841450129406
0.170610600158284
0.0760860593387096
0.19764256526738
0.209496304451008
0.169717794834999
0.145131198047368
0.177336452873902
0.25146499612862
0.146083811824325
0.0991467178632678
0.191763555913833
0.143853533907002
0.113140676055068
0.210305623098818
0.0970450087492527
0.159599621316187
0.123862178544161
0.112398930361734
0.0943933709779115
0.176956915483002
0.0927308240212535
0.0693128263859017
0.162883148374423
0.221834035710155
0.162725258703123
0.16279846809291
0.264979533233769
0.201953550178117
0.0796936289432703
0.2113617082974
0.300694280248198
0.107389068645875
0.209111069308702
0.173022863561152
0.160157838460773
0.139674230020498
0.172895860559691
0.18223462339658
0.270419477006594
0.197833440765957
0.358441729461465
0.293235143917412
0.119700725817208
0.286685597049993
0.165812246366749
0.213472239901788
0.156350977804065
0.186614658388632
0.278082770949112
0.17542094230991
0.245998525791551
0.207145641057829
0.0979117699028055
0.0793961813981823
0.120040860884962
0.0756204171661444
0.0911801156823481
0.124087999081149
0.255906014110977
0.130214659134697
0.124655390651734
0.197758731001202
0.138541528082189
0.157318271538906
0.131797280880869
0.145277828227256
0.201215749207632
0.11464070836765
0.150692318255425
0.0983356733105213
0.203024135926669
0.125459515327718
0.152606133770523
0.121744356880705
0.170547051015838
0.116683213529353
0.202169719419276
0.101048890284262
0.14893603766594
0.108882694179757
0.0888964583128029
0.240124065789753
0.295151369936879
0.19361530365244
0.132024506641031
0.125170252610633
0.104600018584088
0.0977383824888312
0.10634560417411
0.0680668584060425
0.0618497506610255
0.113334324215088
0.146335028187931
0.109987766660225
0.115993697089307
0.0904548255277973
0.104691147272757
0.298660215678255
0.151175198145353
0.0794518417820701
0.124298445536921
0.141288520335773
0.155210122391381
0.104344870751503
0.0787225718742223
0.127045897095613
0.0699906939074657
0.0928780518888984
0.0876363317502841
0.0931723970668435
0.131453137797987
0.185266030700849
0.193620343197825
0.133268418681391
0.113691677682588
0.143323466281356
0.128981489195104
0.252512808478114
0.209562408155546
0.254769141158925
0.198653158327642
0.117114840990175
0.171495858531051
0.169901287595688
0.180278285637777
0.20032413388912
0.113140089510016
0.250497632551045
0.188533631178419
0.146839049597595
0.146430696860805
0.118034272641387
0.101033020841793
0.114745363552191
0.105179792326389
0.0914369928099744
0.131735970932085
0.0821098313812431
0.0982218477643447
0.0703315919855721
0.123433016826117
0.218784668455374
0.209453840723619
0.24394411514179
0.229559839635912
0.156408606647118
0.133160165185348
0.169348400898531
0.134848309400567
0.112721263436834
0.14407270807474
0.207334029504807
0.203392785998153
0.12084701448151
0.207811068962194
0.101575284346231
0.132031879226719
0.145150689073022
0.287772360192322
0.205300660467851
0.180998806056076
0.099975066986337
0.0844490312437242
0.0752508006974443
0.0810593362712555
0.0962499739450139
0.106162117600496
0.0992662920990416
0.100325133219147
0.0871038496573247
0.114561341036031
0.0913542871718334
0.0913888326253663
0.0725448721837234
0.0700919836709125
0.200777520700154
0.192304648608711
0.235780832567355
0.141493363831399
0.0909183481760768
0.0755609266011125
0.0994631954446806
0.104928730508956
0.152860864481778
0.0793063560657887
0.109388848945101
0.129123090754061
0.0684752292608204
0.0791443626441366
0.267883568321341
0.203094328911667
0.222237853374196
0.26028371919507
0.355253228468431
0.318465234465732
0.264787432648856
0.380768941114161
0.167857942212144
0.145391116283351
0.133710710618537
0.148420390742444
0.108326837314667
0.16344151716647
0.190115885952798
0.139093693999701
0.170456120493095
0.307990800861666
0.173887984061261
0.1538091740305
0.115881928663409
0.106309284618278
0.100619516868581
0.280824998426194
0.307634105667436
0.315113991661396
0.225751763027742
0.117386841606552
0.244611479392479
0.19148699186062
0.290135318544976
0.142660572338667
0.158290492502694
0.202727390116152
0.146434920774666
0.242303605296135
0.148250660682229
0.198391477452552
0.143350150742997
0.106477872495995
0.136140875215753
0.200026028619549
0.212336620966577
0.173885334783654
0.161501474432465
0.109234010874072
0.269826595806333
0.164726104092101
0.224200599669519
0.18162945587147
0.16408474213477
0.259024327879038
0.111405974531084
0.140562501751626
0.109360858267277
0.0848777591413819
0.101047282231729
0.118928903714349
0.122975754145342
0.244814610552254
0.230287171234257
0.198160302700632
0.136811292123286
0.186883297498978
0.191455942362778
0.224934301426783
0.0768198283503848
0.0864213139485361
0.108993161843697
0.125987345557125
0.147563950041471
0.152543150989921
0.159979328957704
0.197088731648721
0.128640186178543
0.112538639249325
0.308708490721299
0.147473515065908
0.107284009134346
0.217967700832104
0.203802575367317
0.149054841061718
0.202820496865829
0.132980104002137
0.0793607219367915
0.0856940956939415
0.102372271735345
0.11972702546638
0.115926762278654
0.123163180737678
0.0963106186095861
0.0655618952931708
0.105711722728974
0.226722620873324
0.241337834353847
0.286018520805587
0.371989314607755
0.304064122428995
0.400759726035673
0.31634174920434
0.172691735957432
0.103564738058957
0.0647312557606411
0.0878464796414509
0.0962551469218699
0.13510752178679
0.160166300067573
0.204188563478304
0.102274157721849
0.171817380094605
0.151420563948011
0.158956606109895
0.165680200077826
0.138600338867898
0.141820664944929
0.263554588393685
0.165129909667
0.179475318100929
0.132410141891985
0.106751175019436
0.229739950954536
0.115756508173437
0.170857321269161
0.22493612063834
0.287232902098379
0.134146536715496
0.0653790636401213
0.0800132018575702
0.265123531529896
0.11765296958688
0.25753770266269
0.317772013192656
0.197872782453349
0.0869465606324932
0.0973242708580146
0.123024731557586
0.114223140351611
0.185443376773439
0.136752711055779
0.0937255217778698
0.0826063463494964
0.129774661446842
0.21772616697578
0.202083137691032
0.176089654996796
0.13695564253207
0.201916397090531
0.225940529258763
0.0998866675321146
0.12150539701555
0.174445705300829
0.200074299921671
0.0871047205858763
0.142321030663735
0.10025526956902
0.307488383539822
0.309508136485632
0.343349199593882
0.194012482856979
0.111123381452994
0.235572026918705
0.13376766461883
0.0931723833893303
0.0858192517524145
0.146556856885483
0.191633228587017
0.15284685253382
0.136491492833265
0.174642543965904
0.174370837176234
0.177654774397985
0.15148609099012
0.0988974742714473
0.157108977750066
0.0879938250185581
0.114896371555912
0.0908372014265007
0.0775794052744206
0.13703928693009
0.129348238497074
0.0862926173681679
0.15852079319134
0.112814113885703
0.0774000115308868
0.164738929669206
0.126776015194527
0.219129518919886
0.168770739974518
0.144616758588548
0.102157936960985
0.219377248277663
0.18860688955739
0.260666277806779
0.143772465241991
0.0908896643269054
0.125833670670904
0.113325764015872
0.0914670898742997
0.155354178946466
0.0800622195953249
0.158200396576405
0.118846080821598
0.308034241467607
0.263254030467403
0.138930600407416
0.179638120061274
0.201728392611768
0.183585479395162
0.162100931835507
0.174626187232964
0.288935120195383
0.19135480878144
0.189110811805233
0.20505230094842
0.208129941761391
0.302559771584816
0.317352043155984
0.128026086322848
0.0961652807841491
0.0624196486730304
0.087288675543607
0.0957296779095242
0.148278511754486
0.248108218668914
0.25923151708805
0.168713039655941
0.117943098545089
0.118030984847821
0.286550961613331
0.200407089048019
0.117393638576849
0.15707314300422
0.247679940001845
0.237434400802716
0.215527850685121
0.168587409267077
0.147481124999685
0.114292456209086
0.250297220005768
0.221436925577227
0.109602903018902
0.119511817340808
0.0943215333268108
0.115538857816293
0.144670853740582
0.135780783580237
0.0611471855178008
0.0740786505402268
0.123921338085881
0.187162564453299
0.156083829672143
0.150756469510653
0.239969151826451
0.159223327169813
0.162718593236742
0.12886717872474
0.195969711352989
0.349574014474702
0.224555341281193
0.218856727326103
0.251324564608537
0.166203903656877
0.123462013392618
0.130414989351355
0.105560691745021
0.0817072908044868
0.0975907988030594
0.0680376569065306
0.0720718352448504
0.0684232168121021
0.0594546254331698
0.0655155027394306
0.259045115741978
0.188354871973541
0.164037487030989
0.18725032262631
0.0937114537020854
0.149486748785622
0.130623088008478
0.141202586935517
0.219521575680936
0.182251208543193
0.164192401678805
0.0781155349064447
0.219794641537041
0.139533659030201
0.135566424104375
0.108398861021583
0.177973240509671
0.155496769626968
0.101906479222884
0.109972342670059
0.0752088603764006
0.104667504428888
0.121301685585859
0.1524456659328
0.125737444938605
0.126811888980893
0.239908295852554
0.261621474204468
0.161026058361383
0.240027897092737
0.194981369607725
0.12605428823644
0.184681271740373
0.37035636675964
0.24396493615893
0.101232937922381
0.199133050931867
0.294279688334971
0.168566580920487
0.141853237992123
0.142528921495396
0.164216085111447
0.192890151293842
0.131921503441948
0.104472208628439
0.142889268425934
0.200137210591324
0.123670795417646
0.17689688463903
0.226269301889102
0.156185659285324
0.1316404281012
0.0713517238143162
0.0639737396453285
0.124758744378464
0.081202304816289
0.123704481858262
0.105707667790399
0.204958220453948
0.169272565424772
0.191952868971054
0.222084050251991
0.210840686736556
0.182083290126325
0.151177703997084
0.0805140818362734
0.105758853802412
0.17971303062908
0.155726525462824
0.152172705824451
0.110996307343924
0.19092171456184
0.137720204163206
0.21351298318512
0.206034981065119
0.118977893069938
0.28795800305753
0.223202931358666
0.164112103653517
0.0794856021625019
0.0850514793857318
0.115918308762373
0.21615636430479
0.155935529442993
0.125550607304688
0.127284275747066
0.153571325767077
0.126983999309068
0.235870101925117
0.230551311960333
0.150016531144107
0.19372343571034
0.205268026278824
0.170713733068377
0.133796489146936
0.0877024339825516
0.0960553886991746
0.141363021473241
0.121277447654525
0.164027087475216
0.118093481182536
0.159028947649899
0.0878702517865851
0.117587519318338
0.0865383130513695
0.110763295132035
0.143044232397092
0.122736320396575
0.108517839351665
0.104117386828798
0.152145840182105
0.184818343942278
0.0994063260797439
0.211430277469814
0.117087917374268
0.150780896544673
0.25303284552957
0.188044115770707
0.1858499749
0.129583841009063
0.0719097645756883
0.191214915592588
0.175515637725454
0.109820486223403
0.103789194126056
0.13678903967239
0.137618953064201
0.197523741300866
0.0996490186716981
0.0964050904166025
0.0740357763092827
0.144293365167797
0.132670691875001
0.0700727665040737
0.0766932550326616
0.0644352288369031
0.148638357858702
0.14080212877665
0.100214269348692
0.19092346507437
0.176352729999874
0.317598411033206
0.210243791306298
0.152605493108049
0.102305801669082
0.0820411879257217
0.136790456225682
0.0928635383836818
0.190220158680143
0.110000542222053
0.0788140969916056
0.0986738790483999
0.103445649360436
0.0706893704652181
0.0793399947214178
0.159060588039915
0.152546378447271
0.147167075752251
0.112266074671282
0.0893181510597577
0.183236310652834
0.133487875954326
0.288575345150979
0.311014788308275
0.224945075440957
0.185332581264248
0.162979639590548
0.0722402857333533
0.113181720959937
0.274975720367838
0.329667717576011
0.206265354699031
0.0855836029609958
0.0617354381243115
0.0697518736253338
0.140466209523678
0.220033316739124
0.182930423034066
0.143456856800217
0.125495718996871
0.15706306719239
0.123196009951601
0.220621453878511
0.0984668630544133
0.155899456987636
0.115065395963117
0.115570428362046
0.104027927773851
0.218977764399923
0.200138730432486
0.128921958338484
0.127844348447145
0.137653275792288
0.109237633034232
0.102722600877649
0.121128211061969
0.242998312397151
0.138839879472902
0.125134557022637
0.11361454306719
0.195078865497186
0.0826627231918077
0.0696583551277225
0.173214226169023
0.144956727550609
0.130549085948191
0.165371695383822
0.13799162426237
0.174198279457767
0.0941208886281462
0.107003504944493
0.107087456501102
0.126742315381111
0.189571188367359
0.0974131570926088
0.106604049001336
0.113574288397416
0.116042151639398
0.117879414719302
0.106304259806953
0.102528430761322
0.130568072417162
0.154002138841727
0.135207238978942
0.146722286432096
0.089987127651135
0.157088535887142
0.167115256178544
0.273869344290069
0.157182499179618
0.161846793278947
0.223961808508026
0.127885943865272
0.143044126032333
0.108502787857212
0.168347831176243
0.16531192214705
0.159733450192186
0.129624903459879
0.286975187579388
0.10660827952423
0.0738662304389754
0.078820439884793
0.0689354181951357
0.0624133483168304
0.0708725789733213
0.114865314271113
0.085139462763116
0.119563291584297
0.132127100120748
0.113500762178366
0.0713628325280793
0.107298234705737
0.173292821038663
0.218707279330718
0.196805513568951
0.115534085936793
0.209459300091016
0.193772243621449
0.192074499929038
0.193211334543443
0.148539308400033
0.131656269826724
0.118997371554962
0.104509666807142
0.0827485936271737
0.127017867965736
0.0824575677238513
0.183844864788666
0.180023934109088
0.207589798441867
0.192387023746136
0.159140792285978
0.17942532389507
0.290282675413669
0.116786088876259
0.144291960431332
0.195144578720547
0.275041061112277
0.190929972152406
0.155124896146028
0.119029478428228
0.147759310919595
0.159332271704962
0.159513912461723
0.203719184193723
0.106432482435512
0.0854605134849822
0.0921389638229257
0.155530719637029
0.286261206171724
0.142786728355659
0.107443561036875
0.12196419320792
0.178109517535712
0.229430323901146
0.0779331559186009
0.183175585110893
0.195106328867145
0.150961564801541
0.282940984335356
0.220648306868627
0.146873288538805
0.23416766976162
0.257334577293052
0.164204236127759
0.1929058847557
0.0880963386217938
0.0655221741775017
0.0758645676007172
0.126680809133089
0.195900471718027
0.110407995558795
0.307092213700591
0.166240813293739
0.253057879645739
0.299017118308857
0.17766244517549
0.22688610059599
0.277147025800102
0.119049063007337
0.190287497115361
0.163776126250486
0.172010169902535
0.226745939929241
0.123051600217617
0.130451770317847
0.155206486701161
0.0918519491596869
0.132225065029401
0.138985854397431
0.0975786533843353
0.214477397009426
0.148196229641476
0.136745320266167
0.0922743539995174
0.128968981585514
0.173583550630072
0.202316631933546
0.265910179357635
0.163684998617605
0.1612996899672
0.231804577628406
0.124885727479937
0.160264039475441
0.079115548255336
0.121025996168967
0.156806123975755
0.176457216063117
0.201451716970259
0.146771084476208
0.210641167282441
0.161975262912539
0.162740354056603
0.132356847003358
0.115852923758369
0.218501185070427
0.113499485255856
0.0928473764216176
0.118426273061563
0.159157083467048
0.118603041724574
0.0811802724414423
0.101795849598707
0.156565093427763
0.14573241227
0.124456080426218
0.122035611531517
0.183008911259403
0.0962995564462287
0.0852700333870807
0.102412869711328
0.116363612976311
0.0818153785315368
0.0937592170894554
0.128273934687923
0.13158559830786
0.13415453913879
0.144972177597901
0.131972239063765
0.15208965895471
0.196284679947168
0.180158510569765
0.294096438133369
0.198529617432805
0.182082687670978
0.188270407644851
0.141980127015943
0.184770336606661
0.183958305586021
0.226368959860526
0.139081598836771
0.132933870950628
0.138562558162484
0.167773924756491
0.0910665537061369
0.169855521704667
0.167602258766294
0.206416188091079
0.0863009821952966
0.108040615966306
0.213164378971066
0.13958759646229
0.143207885432237
0.116510586500926
0.132792073263215
0.266943931828974
0.219258976467409
0.214017288809467
0.240923201962135
0.116013314508442
0.122943862767453
0.0844516237868874
0.0857648946229804
0.0721938226570334
0.0714038598977193
0.0815577010807457
0.113457640132438
0.184679200579505
0.128576120347085
0.0932819315941737
0.0927821091336225
0.106005620896064
0.163299246693037
0.109775710797034
0.126203932866889
0.256028492619471
0.0737636322100509
0.0673122692452084
0.0825209744807369
0.0944363687257598
0.152487538565707
0.118052884165454
0.240249778983436
0.156804465355257
0.16774471428307
0.148520097301982
0.0887667255330591
0.110762637617493
0.0936437861856718
0.254178493562525
0.149799962876312
0.143922286081509
0.146647656071467
0.119625101022293
0.120930586600346
0.0695491472952507
0.0958863836919533
0.214317707080689
0.163050473475887
0.14211540076312
0.0916226453097812
0.130273561618475
0.277514377518017
0.20381139601259
0.210904932856335
0.154419657495596
0.125519162417658
0.0861245778635636
0.0916758014828633
0.0977771657331369
0.178319349489553
0.251597487776433
0.22215146751874
0.19920046731708
0.15963481284398
0.119408381879481
0.142516042762076
0.0940425359860893
0.134112342724595
0.144909200111907
0.115894020749107
0.172832078499726
0.249813979099586
0.19430822574528
0.130226917666934
0.225510242489597
0.102263904268279
0.0837875421235906
0.106064743405129
0.153913564175183
0.153950012434547
0.168362800052695
0.219591338483811
0.274049522176371
0.301808311519822
0.102424876363741
0.161171186179347
0.160852769657087
0.119796355235484
0.124464884885224
0.14373971882796
0.185611390584771
0.281433591430334
0.189217055954713
0.138235880142484
0.151415134782025
0.0855044773513334
0.197617967154257
0.18138039443247
0.200552856236178
0.124536834404649
0.0799994539039897
0.0624609068974266
0.0786063939575341
0.197589293255675
0.13014456681221
0.112141916402016
0.190276403970938
0.199312265483391
0.172772220725214
0.165975256467819
0.20625967754468
0.139241842197837
0.0774823738814321
0.0774020439999071
0.137968735948658
0.0791591398968564
0.146970247938659
0.136597681636294
0.145267187477194
0.101887134673671
0.084797930654707
0.2119977830848
0.194933016200478
0.0893298855584342
0.146024161741632
0.103204556307389
0.103628074841638
0.208409953985931
0.303670635462241
0.247398815415377
0.208628952724869
0.231739115057061
0.271393396429999
0.100988974282089
0.125742343417481
0.124200048459697
0.127795114148292
0.110312031187619
0.238838415085792
0.158620013530963
0.165314349749693
0.11008237291732
0.211582320786675
0.244186192873264
0.218308218531608
0.163151137429025
0.239953281389088
0.176992399196713
0.11467836193965
0.138818184026993
0.232388658652681
0.149123881997004
0.119093186599381
0.14442268289666
0.158640494422095
0.183490680428913
0.103115406948519
0.12269822414148
0.0959507516318165
0.0865864381905635
0.118134827805921
0.108487650464169
0.0686995169028657
0.0892664496745194
0.0768719977861493
0.0707382445219655
0.137759290192217
0.104130702052777
0.158786069045643
0.231637375271648
0.082368064853687
0.155188311756213
0.242551593582142
0.187644312493413
0.0970034010920716
0.0641936422258319
0.0906686691709458
0.0575392031640487
0.104693079058679
0.212232526948171
0.189338198747658
0.133990466401522
0.113783645788202
0.129196790589599
0.104138744852227
0.146657091832376
0.139554922851712
0.132761246828277
0.181239701614699
0.151233714978574
0.12461519866925
0.186302249819635
0.151997742127849
0.111065332544325
0.0865973270273845
0.203081855472304
0.124131879550238
0.071588585185748
0.0675819098313629
0.0860075564353942
0.0931988834476715
0.0902632462960474
0.114538970305396
0.105478302900501
0.160264381071399
0.204713874198038
0.120148992565488
0.169017076356414
0.134587533581439
0.147144128089259
0.183155195635058
0.146214736119352
0.146991170553623
0.366682764449008
0.219460142487115
0.215616358846426
0.124704145816349
0.250030812490862
0.137317706992349
0.169551185461903
0.124502553980137
0.0891183626180479
0.105705921685929
0.188281959246398
0.239209265078689
0.177324596367222
0.138062881802584
0.158073589962249
0.124069852014607
0.10353914344308
0.158431838766055
0.116082189192006
0.147610740397996
0.0967369902007013
0.221754437049571
0.20116359531648
0.186747971828341
0.111069769937077
0.193438348157157
0.136283324039497
0.198617202157188
0.116219502242325
0.217451545044769
0.154602680305872
0.125835966261414
0.119233453614438
0.205875192605437
0.209150560201983
0.252755795845992
0.263467532500507
0.164776342253817
0.191584631093558
0.149870670606062
0.230497355525541
0.146791125688334
0.0987446843305251
0.129027281080675
0.116041962847295
0.120848851131194
0.180666659315886
0.137642929611031
0.0752343095834405
0.16677412632292
0.124442483038495
0.124312514975308
0.155698158273774
0.27058573912158
0.242829788039829
0.0763036729737017
0.0993515949787557
0.158034728245269
0.11944139789993
0.119917952636736
0.106902329484873
0.213522762554989
0.152988733987729
0.114609282902143
0.205695491462777
0.260660670998283
0.201145092172145
0.150535817104892
0.0812579004453303
0.12807744183761
0.204334550057563
0.227141404627395
0.11467653259384
0.168746879165067
0.19626257123512
0.125320529382353
0.173965265783505
0.239549795410315
0.247574367750917
0.128093843875053
0.119091857832537
0.104991893238121
0.133023374270163
0.122912204863961
0.177030665039643
0.114939391859658
0.159051079352542
0.0928141102328154
0.172436539648954
0.150115729868187
0.203203319922993
0.147390442319795
0.194415276334063
0.079347296347125
0.0861632061855813
0.153907867283144
0.210071150655953
0.186639435878425
0.13260033440786
0.0998923146194118
0.109675425030376
0.266487368461474
0.330756620521539
0.246256161133053
0.213137804590217
0.137845640623433
0.0945516696066286
0.170296828146465
0.0822377532266068
0.0736074815537403
0.155260194504513
0.112571660780694
0.212542779940872
0.166486227359675
0.180518049852566
0.163635997647909
0.0827893340477838
0.0618406438347764
0.06969808247706
0.0723666421002838
0.124470050197649
0.100676258127166
0.156591549333266
0.136447358368832
0.122798242300527
0.175503835313727
0.19997533975503
0.130549616920052
0.11859678350598
0.106182147904158
0.102392458157346
0.0720023591429855
0.190505311233886
0.1182477363075
0.115752670485329
0.154835845594376
0.168461372924187
0.194819576254147
0.231853996932202
0.233452744689621
0.158423783476337
0.0993567693126616
0.236847720716578
0.196047040132375
0.138834997930703
0.102868687833035
0.118825044916382
0.162592633528879
0.180054912587953
0.174253971869175
0.134713075301296
0.130589788091899
0.145343151820733
0.124851882288683
0.157823787399466
0.154953956149983
0.286209594861183
0.213383933626469
0.1815004613891
0.139813152184974
0.148303065943447
0.1718598914571
0.247545284329369
0.215255757651571
0.28651521305036
0.182403832687847
0.134833802269341
0.172230738758562
0.100234667023739
0.0796019379483406
0.20333724124868
0.131963474281593
0.167225862746717
0.230520669550048
0.175064300291429
0.149551964354326
0.181848041863357
0.188399646978729
0.135666743886637
0.101731377964512
0.133152328821205
0.230809102736403
0.131734622695681
0.220732595765022
0.314984888662976
0.158619553258658
0.151218792980226
0.160090791918181
0.148304166799141
0.228318421961982
0.184289476076736
0.101751755412995
0.0961237043533661
0.256582408049546
0.229147580536069
0.177738041167714
0.117339471841502
0.149758320129182
0.141731181829112
0.164384752381839
0.208754858123408
0.163392347036493
0.146566538135087
0.187135009695393
0.22012534314574
0.159978885072123
0.128042607908074
0.170017252854742
0.122212448355803
0.121752176769487
0.20371839731255
0.121441537563709
0.188234276008103
0.171798798431566
0.159833695243932
0.167579669949721
0.149400959991312
0.1439418281182
0.120270282047005
0.216461028018263
0.24373480464639
0.118608082459036
0.112077397183809
0.102592127960043
0.153514459733314
0.131355100950715
0.108609950224292
0.108745145040587
0.239399650661755
0.0723053797036834
0.0791718745184367
0.0832399615927336
0.202015843644437
0.123547645242753
0.167433629591322
0.179415402861942
0.180608060998815
0.191263032095123
0.236954871433111
0.0969742585116479
0.0708316494633158
0.0674492781020021
0.14588271614997
0.118120928094756
0.0947713069136987
0.178437743612674
0.167409742885884
0.104621550420997
0.198683418254228
0.0875290692275297
0.123135935047574
0.159186362756774
0.0912331294736482
0.181664653688908
0.112730066065016
0.165204231445935
0.151907004219755
0.188129414116024
0.128712357315809
0.185947941814725
0.138548848633333
0.180771944177096
0.105867178274165
0.165800840309813
0.211969498796098
0.114869153695777
0.0934199959868583
0.132699322727008
0.109742730148154
0.282752176497449
0.195505752119195
0.0917612263610523
0.111934311211908
0.162095506148296
0.105778618495268
0.0966735000299572
0.116531608802816
0.192859046664013
0.0819214930526188
0.11216633161282
0.150196363084093
0.200019273445786
0.153120570795776
0.180773494115169
0.125835827935556
0.111986488702634
0.163986169242136
0.130046129769908
0.267608010587254
0.218738417182503
0.146200173960796
0.15112586656604
0.151453595190894
0.123427988878198
0.178640484574147
0.226988617555381
0.230716803937517
0.123078424117952
0.08882264375623
0.100431260069996
0.157035043249207
0.173021914663423
0.0849501809196586
0.0659815303376521
0.0611761723065699
0.10785383948332
0.0793330830572831
0.190738474650969
0.0808363057157608
0.128845855029511
0.109923877538744
0.134408738750782
0.12979047445478
0.0947076945414683
0.0724197630823735
0.0936263204123067
0.236575872088895
0.264765055634325
0.106793379164418
0.127883240067154
0.208989609684436
0.122410534021754
0.180488101697805
0.150869884006914
0.0985027952239316
0.176844983416808
0.151457538856876
0.222363092797244
0.235578227565096
0.327388491321861
0.110063251529559
0.104999475599077
0.0844572698778836
0.160260013101359
0.110797191418459
0.11453352987867
0.110526901827063
0.0722729794331334
0.0809499716887348
0.136303136646416
0.170112625311067
0.153980484073259
0.178026459485723
0.166397180831422
0.19623132278661
0.226673755788764
0.278446376299297
0.294007752900002
0.246315437271943
0.165296678443543
0.18442263538096
0.122263130362161
0.144182188494689
0.12147136850195
0.174953264448396
0.135468023014018
0.134720283670928
0.0787270767599282
0.0667555974994677
0.0955038962367079
0.125140813073811
0.0904995181189546
0.101845986001725
0.116243239404365
0.127493378565584
0.134304873576007
0.178379625255639
0.116957848038293
0.147455742869307
0.143284154617581
0.10507922419375
0.12570913827231
0.251821902294212
0.206715334480628
0.181788825556533
0.205866145564034
0.217621705710555
0.147177473982272
0.0699157314665647
0.0948151861393194
0.109139575110023
0.189831082068264
0.116239529285924
0.066934150749129
0.156234135478534
0.155247390137358
0.210401247647753
0.163113100237432
0.215164284725696
0.188642900191771
0.19500467843964
0.0818888056357806
0.100966405785229
0.170662074578425
0.0946863284082562
0.0954270714303553
0.172328147515627
0.107432258540365
0.093067876624042
0.100506695228222
0.15687359465539
0.183303195486202
0.119661263963767
0.18991807397584
0.201846638363004
0.22862285297808
0.203842014440195
0.0910278130614743
0.0831232472488292
0.0869103625531551
0.198129166106797
0.128278245401988
0.135224861345943
0.114136092411969
0.10152095537015
0.136844381961515
0.140258280655917
0.0772607784026333
0.0775068552915764
0.124924538274578
0.0976727239817682
0.0794347012000983
0.125358103318838
0.210004846108927
0.283605633465754
0.205643762230432
0.156434982664165
0.261299905999131
0.311107856668375
0.185826022510843
0.113264204732286
0.163339258958621
0.201978157123463
0.183677630474393
0.176534053678154
0.156888145011293
0.136851487666963
0.107959809538669
0.0992311545671598
0.134171565204018
0.126554118306742
0.107951322148641
0.10020215951504
0.158954411235414
0.107148815276255
0.0562114863690945
0.0950692287063247
0.0866638067015608
0.155150282137491
0.117648524422022
0.185935255461711
0.0750980626580707
0.12622210225596
0.126465879428513
0.133146348817847
0.197592689333332
0.136756323048221
0.180869408704255
0.249696848794774
0.177748786317654
0.194938176195115
0.0883543588981135
0.105209783106803
0.104366990583632
0.0942223889709973
0.078945690242938
0.188307402394507
0.108601731058629
0.0755955869271139
0.129498319681484
0.160745690306125
0.16688859527215
0.160117237285602
0.184289154672447
0.0944798610417553
0.137441227921048
0.124429449506356
0.0745919756099802
0.0823851748182177
0.133682536927204
0.132241112504111
0.174402348963113
0.110147308224163
0.171872413388123
0.130598564063718
0.304207990666416
0.20291465248889
0.336614145198742
0.265303727053294
0.155558530227537
0.178605547086423
0.210088872693769
0.160508057230895
0.0883268105355807
0.129917715360492
0.133486809315136
0.113829680800668
0.120776358510154
0.088921235016875
0.0713260608012037
0.0699541924944088
0.0996945544439492
0.212381861179887
0.184502136813273
0.137690233375339
0.12710825958757
0.0896481794208752
0.0859035460094929
0.136507541761567
0.118151492827514
0.118576979882813
0.0863383839177328
0.0949638170777079
0.0739059371015468
0.107864357456787
0.208402686128108
0.220127519543516
0.16114809713775
0.200897644510754
0.22058282020938
0.124631215870877
0.245348912634504
0.204299313223089
0.251071551590068
0.132653290387926
0.362806290301707
0.169839687817709
0.188684363189945
0.109250099656353
0.119949196274056
0.22097051129198
0.259133219633527
0.121579317344779
0.129123959741023
0.0695262440142533
0.0634350797761274
0.0936798731519012
0.076759019015021
0.120427860428398
0.0980018717834992
0.161234849114299
0.176546237773483
0.157818397442571
0.100304257567268
0.109724337067225
0.088325224470119
0.132280066655428
0.134390857281803
0.19080493387641
0.134275909475555
0.172015196548425
0.111569170041417
0.254736375635915
0.249763165932042
0.165521628531097
0.212880970540277
0.265922825457162
0.17248203963745
0.220646095771415
0.147594040375569
0.108802464639657
0.0759695519362938
0.163169027048312
0.232406351251143
0.125425613017763
0.22040526081141
0.209860470107409
0.195886700913212
0.119409359041256
0.193132028700144
0.223129575020369
0.124359267535866
0.0617578352792051
0.0589112604647039
0.0590433535946906
0.07769310946774
0.142910658311601
0.108700460782449
0.161112037396135
0.200931712274894
0.144851085151476
0.166364715062857
0.256013224357561
0.144275400535798
0.131690930206808
0.110464765292756
0.182589384815655
0.27695757076746
0.0824742746990804
0.080854094629361
0.084166188116547
0.0715284895908279
0.0868151537197434
0.0904201670279953
0.0870654747568284
0.218960575237325
0.143323842810206
0.18286258814474
0.348696038489405
0.24657555775651
0.115024191062621
0.183625506352365
0.217356797187953
0.176742873210726
0.110956520032872
0.151649162440052
0.112509139954673
0.0939364876241866
0.261622301435554
0.227909779267004
0.150476904211969
0.129880266408726
0.178966473724216
0.252211328835609
0.119312637979722
0.105335709356152
0.161035868152699
0.14923671605299
0.149510449174067
0.157937803623391
0.129619000973305
0.137044030865261
0.106380067804625
0.154605897020785
0.318237915522744
0.257418995547136
0.298915424608109
0.319149430307401
0.181662056729737
0.267853958532569
0.150715017706125
0.0985916377830666
0.151277681658757
0.274448813440426
0.266198289356109
0.326221604176191
0.0889955713904666
0.158459384431899
0.115218574674832
0.157547736040994
0.138509927767943
0.309091420612229
0.262085294635169
0.284306141067525
0.273407550528669
0.25829368560724
0.181375503240793
0.214555272671885
0.230007007962573
0.137705914299454
0.224883230267127
0.167135123310984
0.164258251380341
0.191671117930818
0.154985776097504
0.0765788226412227
0.0878649206717687
0.18169610491443
0.0832247684235734
0.0712300351444868
0.0797471684343397
0.170935351078141
0.197337725441554
0.1354654691896
0.164971253884709
0.150818144038895
0.130512532643119
0.149620167777083
0.296344147647104
0.202161552994579
0.0865769866469699
0.142083642183257
0.112357266081925
0.192580663645668
0.162933250460632
0.21110136827433
0.144239172724383
0.13424222520223
0.140171138726479
0.113277720804856
0.134959859544966
0.112175192317136
0.207217691631007
0.123815167491192
0.143907845312712
0.183938303030137
0.140097662909697
0.252972662041057
0.204144753921089
0.15035183909396
0.150251352963327
0.0817994841355996
0.221097633445976
0.222382861524593
0.0884427060613666
0.116834513958706
0.106348088066572
0.149285098325191
0.158407816926952
0.0901452721931094
0.126014884890428
0.157426188318019
0.149425548908486
0.212372222268925
0.235450438927344
0.157490062157135
0.195764545113004
0.131607393223004
0.0849380439413552
0.0999499683751784
0.0752726695794883
0.0913564543570676
0.0960527273246814
0.238042024618854
0.25754522075505
0.124141597919757
0.103878032461502
0.263378117785225
0.175968203088826
0.214331189244601
0.0986508523746718
0.110217138063037
0.154813106441811
0.166885402814452
0.0950355773588602
0.142888573090676
0.201416924535237
0.187864881529841
0.129647902403795
0.285502375552861
0.184785127116113
0.326396283607315
0.166869011611907
0.0710316687166866
0.0658965764867349
0.0636580990082047
0.150365752398298
0.168862317981305
0.103537088819073
0.175707619602154
0.179555413797541
0.132128802813924
0.162234816923493
0.146522965394729
0.193278670747887
0.154125341936091
0.176671948244447
0.121880845402335
0.174044170738396
0.192307188812699
0.231255149972377
0.121318455734229
0.135382147059734
0.187504975711059
0.145000908631701
0.199538740107005
0.158474582794133
0.0771073983791636
0.198242270703461
0.146197662247029
0.108297931886488
0.130506905140184
0.132696863880327
0.125541358733303
0.0963195952051752
0.112483054962404
0.0933325380690492
0.0901048466975119
0.222665122964284
0.183791479489356
0.090708242657935
0.114017787333321
0.118021593957635
0.164475277821106
0.157244558916356
0.266611974544601
0.252651174512795
0.156048659277601
0.0878259185399274
0.0748612608185757
0.109170231471889
0.158452621414795
0.154589119827399
0.113931543234217
0.28636226388759
0.20595699136645
0.120287959499889
0.125679080304571
0.215082805191869
0.139127232813188
0.241140229172813
0.102083160605782
0.110226311420919
0.0717738155480574
0.121233526752873
0.0696872745479484
0.126918368599347
0.17970730392942
0.165666298514413
0.140495688788747
0.149293068610114
0.147876728087842
0.240957628365912
0.180396859432233
0.157429373373155
0.238843984674352
0.275001138319983
0.192955356512492
0.240065863914701
0.15663825820163
0.109217540672064
0.270948070268181
0.176706663838874
0.267977404063297
0.153102256801469
0.201152421270854
0.195878428532834
0.317335273732907
0.207182250337945
0.114230903873233
0.147540935177185
0.20846158894354
0.142345436798971
0.13334554783204
0.110567535971254
0.154297809540004
0.192726209331837
0.104183620512962
0.101596020605413
0.225350597227328
0.251107543712967
0.118583616957934
0.223092333918967
0.226474361568368
0.147276173007083
0.144283202661954
0.0987433456147998
0.127697952859846
0.122873891955479
0.1230127494972
0.176311716037591
0.244292068986922
0.109446580389668
0.102176682898277
0.162682097766748
0.19827899156251
0.219126305879363
0.292620014906041
0.245907214450346
0.202640461278601
0.206601104049863
0.19687368694065
0.228022921192376
0.24556077265276
0.16222452152851
0.136290964602947
0.149238851255593
0.245797565751757
0.149296431016383
0.181130751694695
0.215105963584034
0.17013781526549
0.131045901526702
0.100046214359679
0.155515308510605
0.174179523665048
0.175775018314487
0.130235967928157
0.0919898928436245
0.0849712570527025
0.0632353385044129
0.0682217908158837
0.0965254113426293
0.14129827059723
0.0924657109334567
0.146061695507186
0.192323600263457
0.220976284228058
0.0790336244581022
0.0780826374483429
0.129048872740315
0.0745819452648714
0.089902085633383
0.152488042828484
0.107011803069508
0.239252718951419
0.19731318624442
0.107587788170863
0.118908228975386
0.109278256813028
0.0931765027220216
0.150164601065579
0.0753944249927464
0.107485942847222
0.136662158448509
0.14224127282007
0.183144080252622
0.304444547003992
0.270923083501368
0.130673925678851
0.0861166102820108
0.101874925409407
0.149060984653253
0.12708499192807
0.172294895166019
0.102397595749363
0.118518386403425
0.0934046264170523
0.080500984528631
0.089724193499347
0.216961342505526
0.117136917936674
0.107875457232671
0.0748814682157334
0.137668354532166
0.124269234260518
0.112789531831459
0.112185768298434
0.212680714302463
0.108860941725683
0.0870523372020128
0.145529281892638
0.112561566433893
0.176426910015447
0.133176256253684
0.116295088255033
0.26689252327892
0.145937105191004
0.1776785820266
0.138579859729006
0.103863690956946
0.18153353672924
0.154350985847258
0.142260698027605
0.204415427944539
0.198735825255091
0.326020462694147
0.203835563645503
0.159210751889442
0.200559392793696
0.140929718280037
0.148067076816039
0.124117039041199
0.206991539066906
0.282209931341786
0.123528102487489
0.17054812593464
0.166429418759158
0.101347441086798
0.101471869910332
0.114135549366072
0.194021492550572
0.168945361516225
0.100132890793146
0.15720041495568
0.170055217676591
0.13692035217654
0.206153358044102
0.125634043715471
0.17231319152716
0.107436782642912
0.125936226606474
0.156569279928091
0.202927889815195
0.0808647981619674
0.0730066949633294
0.126937320075946
0.141928634074943
0.136268790541563
0.191302032777292
0.108854024489082
0.171051426454877
0.136044069503776
0.144692903377538
0.202147143271987
0.111907509247209
0.193102966378288
0.251736556175302
0.138000082039253
0.116315299313166
0.168458975756945
0.17546369239334
0.123383088326665
0.107870092803877
0.214482842615589
0.0985246738694683
0.109294680252253
0.193402411207593
0.219708694714968
0.189818025129146
0.118377639420267
0.146490415919172
0.154850493337111
0.156754262693273
0.185253536178014
0.122516073815872
0.146957926243817
0.148985108889423
0.0752081803506153
0.251039781817808
0.19930158722895
0.237475497130391
0.138371083690803
0.292105729579013
0.137696135308146
0.162721228345643
0.108888130902783
0.165564955307988
0.0819167121609705
0.0988405694302524
0.113693570823878
0.199844804114872
0.112704507825836
0.115331184234278
0.114901452898422
0.140830695515411
0.216052992814108
0.26086477236749
0.243991494810015
0.123557880734909
0.0807185723695374
0.120985356129384
0.215743263935933
0.283659623874363
0.2111244365976
0.203943143106613
0.128174901349695
0.173287964477948
0.0865414209922283
0.177096810620365
0.175502756129594
0.138546598180174
0.145380806872469
0.170552784300811
0.217912080244356
0.252996575562622
0.2475850767499
0.248516271499225
0.0959702284893634
0.144202070795308
0.116639290306261
0.0807286628480958
0.161116762252044
0.125951490203567
0.0911561679720952
0.0837900913875181
0.176903053506329
0.248583829460924
0.183217088287511
0.264671201291052
0.162353248206555
0.142178794231192
0.0853031121940918
0.214906810871494
0.1807441992048
0.13283360825951
0.182907449382974
0.106651444065541
0.10986967221574
0.154945354473627
0.270756399924127
0.177869849657014
0.127342450839983
0.0985486942575452
0.144652470888879
0.134174025171481
0.195317541259743
0.252104810800818
0.311247682443995
0.21839718346576
0.243181897447898
0.0958094788114157
0.11020341070643
0.115562097161174
0.161757888013498
0.165237094699769
0.122251745358
0.18479777062104
0.170789333165154
0.176726718488703
0.241749471322211
0.314259177565252
0.299706733142023
0.214086150119805
0.164344471639808
0.117174739443646
0.149338893751524
0.262481957020486
0.124534710753324
0.129695576880077
0.138105764443363
0.269511246385341
0.144906702411308
0.174711963375694
0.115331293427125
0.0999971841704851
0.144950767225919
0.243478233147672
0.267449391368554
0.166474621961538
0.192778494437072
0.138341519436486
0.126505427666009
0.140713438039428
0.2391153488808
0.216757281584463
0.166193051770547
0.160999984181834
0.246166033425433
0.146568427640668
0.0996368953851316
0.126081842221972
0.11569969853277
0.153334264361931
0.176199171561623
0.0706216728419794
0.0916047063468232
0.126389150147631
0.162035115701468
0.269310089521855
0.203633063331051
0.24527894591608
0.129318399076933
0.213388549843833
0.177188401762149
0.132691746068953
0.198513845748379
0.171337892434335
0.104516380088093
0.244438705982544
0.0734157393130897
0.0982441933022859
0.18765809162711
0.170892030626552
0.0996416892821096
0.0723299945980865
0.1125519714714
0.148625013961807
0.228914053938532
0.100178387724153
0.174341402043799
0.288411718257357
0.281860103070082
0.252012259181024
0.285899089183569
0.217058958041412
0.32602503770305
0.203284720086185
0.184602043202646
0.151216935739808
0.127334249921676
0.112595397997768
0.121082069549799
0.111284583481622
0.147953127897795
0.128605724058022
0.141453698602613
0.148472375540456
0.108353937546875
0.142136562989172
0.0995038690041913
0.171553177711236
0.217121690132747
0.130677123110506
0.152951150598861
0.158224459238409
0.171999672601446
0.169481756245796
0.377327212869193
0.263730225157664
0.232740140999072
0.102429101739144
0.105657988415802
0.114627820128415
0.251128143222195
0.217565886160864
0.121495031092559
0.0908472680956228
0.168288802212465
0.13253353351175
0.264177078045086
0.141207255412607
0.106969170886366
0.0983235287630696
0.136971415189147
0.223316216322138
0.173991522240393
0.100769604226349
0.144318663220761
0.161957314958045
0.108942281218677
0.20148579042196
0.272441095196699
0.14544925768051
0.0837088826507538
0.108393957030801
0.185565005202932
0.137267717027121
0.135523706485757
0.282077742142534
0.159951207174507
0.295488501480393
0.108588024835012
0.121279292274045
0.179501398244792
0.269349618963316
0.166486035679378
0.228559711980212
0.257789662917309
0.224949611534004
0.0951187049220281
0.152543569139219
0.101542514956218
0.116373284291374
0.106539369361398
0.125118899265874
0.119861299436375
0.102659189845164
0.167500181477098
0.211700781513145
0.189349869553626
0.0989619004231809
0.0844679380935535
0.124070391475816
0.123416877823061
0.111551519546329
0.0958511760920322
0.12837041884682
0.125146781139772
0.197210052827352
0.137719415927742
0.2035174631336
0.188393516767315
0.135478834024134
0.124214054140272
0.244405188285325
0.121478687659347
0.110625748974966
0.09817132561898
0.116807223660589
0.17206258063019
0.280132994882907
0.181640559013694
0.208686852230647
0.218418660104192
0.0967421549047539
0.0652244755388605
0.076112762505641
0.0883848084000873
0.0645747739729059
0.0978404984060161
0.111723413630583
0.153748871253024
0.0956293088816541
0.0828091469236227
0.132647175377743
0.181599541258837
0.291145093382805
0.239554641218809
0.142346646054587
0.0898077752705705
0.0773380919575276
0.095849657098854
0.233341065246516
0.260529963429267
0.166554918139345
0.258046316011571
0.244873610687367
0.296139708482911
0.317189944837368
0.278934021263231
0.0808290725230918
0.104013828685597
0.104670624404369
0.137338977312247
0.237338550110294
0.11448338055997
0.298517131623287
0.214971011126279
0.132683831669437
0.175500582137145
0.2214116988052
0.149992335579613
0.165066104658987
0.19145692445022
0.198158070290464
0.23610696162553
0.0947493709579698
0.101328667006867
0.138967868552682
0.175340569122354
0.121440994775512
0.210125249946943
0.161104196608533
0.0869786404744449
0.265230330420257
0.144329013617361
0.0922942287393909
0.0918379209938063
0.201924253832414
0.150865822665251
0.249776806476801
0.122303169732015
0.144564745921823
0.0698721425730314
0.0875148475125256
0.0795312397487417
0.106804266343109
0.177756702304961
0.136764217597677
0.15280670093129
0.188445209030198
0.187864914653731
0.1200873140131
0.149680871937389
0.176354060173727
0.0836367425979554
0.191297439130497
0.215597788231084
0.0821742378321427
0.153215505705411
0.169745076950234
0.0917823561676188
0.110714977691056
0.187470217307882
0.200510461365073
0.166399835174799
0.178368050817443
0.195084516939389
0.178727448779848
0.343462528486405
0.23697721730696
0.223671671764031
0.0996466571186808
0.0967742124748027
0.187410256729364
0.160995156915611
0.108581072404407
0.0732002652164298
0.194001328171838
0.0938610078137748
0.0823439938402
0.0654176367964101
0.0699939923399893
0.0970396796077681
0.0994208268015559
0.122605442735762
0.16615252492366
0.227196247364568
0.131406900204218
0.187052241283221
0.0963070321670198
0.104144069491257
0.202874628685402
0.118894672245427
0.237178968724134
0.263991435158536
0.122815938078649
0.111213452825283
0.202878671791068
0.163228454214022
0.116644265513097
0.109262094804118
0.0945833502097686
0.145289571034851
0.1204697493307
0.0815394485118153
0.128266415343311
0.132853273119502
0.119180501966828
0.116669886664219
0.228495234404934
0.129346575305027
0.243290188757133
0.167922387617844
0.198324499395482
0.168369151566404
0.128668518093146
0.168966618408321
0.113930836011471
0.110820084234176
0.127963836943522
0.0918766749674517
0.155023371894797
0.147064479831682
0.168946826245079
0.168940246485773
0.145334686918499
0.175560325656482
0.15763798562758
0.16300448010862
0.0969353818491721
0.155020768461858
0.196637274972899
0.273855430746918
0.0847746801542222
0.177424097970232
0.100117060177589
0.213851628305388
0.304308651296095
0.272987677821828
0.172168806030501
0.0633038967687374
0.139954597192168
0.213961722323297
0.201169556036785
0.134377943097489
0.134785219398572
0.206865429354142
0.156815550501426
0.215495621456042
0.113894181918651
0.141155806270843
0.171059279065312
0.115466263966756
0.126011559629847
0.119385238324081
0.253904423736488
0.24815024482212
0.285247532469374
0.0851244792162893
0.0679002055950234
0.141884255752766
0.125958026481693
0.20158761363289
0.200843397405076
0.143918477000934
0.106087410337514
0.209357646544638
0.306950339136659
0.206439947564258
0.346334197898785
0.244204902100315
0.155866665064861
0.188590329884782
0.106159185363012
0.206739315397486
0.190771279410145
0.232034417646586
0.135278651032478
0.171767452535506
0.219300259152482
0.155949528333352
0.163993849805476
0.166441206611844
0.156797437229578
0.154291408618438
0.229339909239785
0.273948286254511
0.277843056725711
0.223388257752302
0.171547105705253
0.128268800411798
0.149158714075993
0.133226824415147
0.0622270301295809
0.124844088087814
0.268167872328594
0.100476088813366
0.122657179636131
0.0762777378299405
0.109119066172247
0.28173361709867
0.147607493099047
0.119305299139738
0.163559819556452
0.124814688455106
0.19883411830268
0.184427151706419
0.236669109274709
0.201519989316368
0.157020683951757
0.139107081554005
0.127225585969185
0.106802836146147
0.0875262922228112
0.150494713209195
0.146456908118385
0.206930139196348
0.121426427884245
0.173698566549885
0.149756863765633
0.108906333119456
0.129010338408716
0.162625386329913
0.109634863204219
0.132167842607095
0.121965007380897
0.0978681756590795
0.0856062416917259
0.148054297919471
0.153116612136173
0.145909377640887
0.0901696394066622
0.185374770956991
0.181492162222092
0.147568595827417
0.190607723631376
0.274074924177287
0.188770249310402
0.260185431224374
0.0939127763464421
0.0743977125231022
0.0696547862215077
0.0790870423541872
0.106122381201737
0.211146970973908
0.0722913838816716
0.193227165039217
0.205877335325065
0.183527788150144
0.176097723339378
0.138717312491377
0.145650840473694
0.100801289873072
0.249879446724545
0.094233761986522
0.104025396102662
0.102477315915873
0.0944604681996888
0.231391018506272
0.2693943188395
0.168809792200122
0.162521284788296
0.235764916013579
0.0988313570364474
0.103237056426419
0.106611284105373
0.159506450671682
0.187848972989698
0.0922257112415876
0.120332429803889
0.110278291191513
0.283736954293414
0.134115402203378
0.141366230945721
0.176601496700957
0.284519975188083
0.246373071161159
0.263507394501788
0.279133628461522
0.232501959593376
0.196275634014981
0.225390980961854
0.10493347525488
0.0824542707231442
0.119155344889246
0.350111562372662
0.148078214532431
0.221105112449585
0.1059943093236
0.164207173973112
0.146280213782995
0.107876692620163
0.171119003154322
0.160065280785694
0.22818322031398
0.261441843191401
0.171805611981019
0.156509398260927
0.135141186442081
0.201737464426692
0.0889677607353889
0.141775856984455
0.149510804725522
0.0998760650308951
0.179197191914564
0.15681768192318
0.105611281624754
0.077684546083595
0.190638665604972
0.164407888832003
0.198862396588595
0.130287790678012
0.104391115268217
0.179176800977704
0.110454839126352
0.128676752668947
0.182240432405641
0.111218481918373
0.115766052436534
0.160947876623939
0.171951379213537
0.186770959435388
0.0790647650348625
0.0753503731983655
0.0968548261687005
0.155309913603094
0.194927801952521
0.236896515146398
0.147439305764545
0.153414730687062
0.116453199061578
0.10144398740569
0.190924115927419
0.151689977762636
0.124150734383262
0.0767158131798746
0.0949544820422938
0.176110110277935
0.187158179729496
0.262043887003848
0.157703318234694
0.180288362016547
0.286393023772392
0.173189025341303
0.0946260859895237
0.109614251386189
0.111094087076634
0.16942831559773
0.19741680554023
0.214175333004037
0.32422236502549
0.14084620056841
0.16360635950938
0.106565694668244
0.176699245730557
0.163038610716738
0.141337842187052
0.172923003692223
0.161120163246176
0.287067109189413
0.113507172034922
0.0912832178967124
0.143810805172784
0.172393978264192
0.153737213476509
0.126806076132725
0.132255725820984
0.196563840459643
0.133666748135071
0.107264969263868
0.193889112236563
0.0617688356961304
0.0784329880163485
0.0729166962665941
0.277360281952017
0.15138296164934
0.114493165193222
0.20482420203126
0.299939000496757
0.25202017591753
0.222180238719244
0.238182530469642
0.337256608060101
0.162121423931001
0.150921715629892
0.208428523727689
0.356925901361673
0.25970438571395
0.269212451229092
0.363005542556779
0.187348109340224
0.172410757163697
0.161537222516833
0.165302528706755
0.165312156798671
0.189385623557374
0.102153242315229
0.141174796102328
0.239676654387977
0.173869539682842
0.0978867092246269
0.109508154685942
0.131410246041091
0.151805175879379
0.0784314249718552
0.203132937410843
0.217421819002165
0.115637048435532
0.150619708223246
0.13729824724261
0.15128805518663
0.309808020849356
0.256040708163125
0.218225829019704
0.174037712379807
0.132319648545153
0.213210927736599
0.246974463456807
0.119738859064133
0.106100403589093
0.146063105619843
0.161645333341066
0.143938591761006
0.0916466828747258
0.0739078505014073
0.102802769449454
0.104903476091927
0.149069998860697
0.10388778319116
0.0757167723081206
0.0645887274592141
0.113889884337034
0.0612594259901119
0.107455262471704
0.0827815326012202
0.186069748219737
0.111309669293744
0.204639825167087
0.206942332111337
0.211625013909341
0.138289451225594
0.144723591977773
0.115311339178279
0.106638092583987
0.141828534798786
0.159155341004082
0.172809111523285
0.197454280582771
0.107125183985377
0.0730648935893301
0.105370527849069
0.116666061446667
0.184338035184865
0.11441812298295
0.116698089136274
0.100418760660339
0.0992371922586811
0.133295123676799
0.0912045315472625
0.143974362136886
0.165941011560671
0.1297149654499
0.221497095253189
0.115062462388136
0.100377283159551
0.163717001177549
0.135194588782388
0.0754577865784006
0.0823129315398442
0.114673105993988
0.133078197268077
0.155627139878306
0.172112390767526
0.14778036543402
0.183253460566965
0.224495791470713
0.172727683401549
0.102901028523512
0.0773271130315619
0.102847204467567
0.187748572820679
0.131031485934721
0.15572790806668
0.174547956424423
0.250377829411967
0.14828748655839
0.117453279085302
0.171661602003847
0.163401865328809
0.152717271675019
0.177703629880466
0.164227027418722
0.205312071884929
0.261096434826292
0.26159481522932
0.198373032933446
0.0657762285689963
0.107487301604567
0.0980295727767998
0.161375009918202
0.097786228084353
0.131730577084079
0.196778157305684
0.287486520082224
0.144092120396574
0.265544777554386
0.0937679453802976
0.154756057353622
0.0842306336449384
0.0796578741740946
0.170285412529676
0.194896464353413
0.225974111380833
0.209437693648501
0.111855525901599
0.0929352168072574
0.158767701615639
0.122573774146627
0.239566739454553
0.127080605990447
0.194968139530991
0.201042491761245
0.155225899880027
0.182329460504643
0.136732270716437
0.252147659217094
0.276873528366964
0.164918208150889
0.1059365475212
0.108971640739741
0.127721544604888
0.1953573019094
0.120504188132595
0.0816957170089933
0.116901828306899
0.323229936705063
0.165480746923194
0.11136032170794
0.109372333024417
0.121013909220128
0.155857048630716
0.121529816174629
0.109700097794233
0.0931958175484649
0.202425525964843
0.309733316874345
0.218054991274654
0.185245011860782
0.186988443245916
0.18584708051353
0.290650607219232
0.253398168628805
0.12080785995368
0.156094399885747
0.299693567666909
0.191022245313267
0.182968175187355
0.139740269788571
0.0917651888780323
0.113831748326687
0.154195569942932
0.133550769087608
0.0682077312891942
0.0709105654744551
0.169618281337589
0.22518584612998
0.221252013437828
0.181635666158865
0.0915178268830406
0.14530955737761
0.0924969382240472
0.177103038552651
0.238479832032898
0.222913450885231
0.151947645554109
0.0962342239891462
0.0941078689194171
0.199426608321612
0.107933071191744
0.174774367202294
0.173826478584515
0.163644909967614
0.195355913116583
0.0894323175105049
0.0608922741292466
0.0685770454271867
0.0774481947418423
0.0772108861502777
0.125046879427881
0.0854675058652318
0.0906675062585263
0.134773620467834
0.118379140132997
0.175145731451688
0.207926495762231
0.11441793458542
0.129997647352626
0.135114758873517
0.145280378431226
0.0924987324666784
0.134226599455202
0.0854754036786339
0.104091597998613
0.20668151152965
0.14249163548869
0.0967144191859997
0.1006699209146
0.158164845025424
0.259596774335594
0.263690267301437
0.296185772167159
0.28891647798883
0.23157723231606
0.150317323037763
0.167046359122473
0.088001422973432
0.0667611598196358
0.0872142867126925
0.192373358680839
0.163127467963178
0.170230042280831
0.0836621269167056
0.132497681375936
0.115078217903974
0.166201872894068
0.170942744338372
0.165926371645174
0.125007996744725
0.156064165783699
0.205777785003214
0.166848642116703
0.238069524880633
0.173239664445469
0.0910811332761481
0.21175196462697
0.158726952836362
0.260468077282805
0.119895828597489
0.173845151241014
0.206467840992064
0.170731123586491
0.145456220023153
0.142518696618887
0.0685093417077084
0.0722103386013018
0.102016048311177
0.153895604184134
0.106626736770388
0.0861955929392354
0.21075149693819
0.133337754326574
0.12810852117262
0.115262650949257
0.129365455301641
0.256614394786884
0.110395926947616
0.146949251456533
0.179642629177033
0.235609007176827
0.173715433883383
0.156622938299752
0.203241631237665
0.258361480132228
0.287452209850302
0.138417662286368
0.153291817526664
0.223863101781545
0.118295888800733
0.117667592566243
0.119762470085155
0.142246004413378
0.196465088834609
0.20697464501806
0.175407688083055
0.119955204079914
0.181042296551686
0.160410874058484
0.138174453448902
0.182679649974238
0.230737811379262
0.270985035051797
0.200350216896557
0.11942130932909
0.113677540625258
0.103614060699593
0.0894528163817625
0.0901181951789501
0.0959162232435359
0.135280063767504
0.0717681436741472
0.0848701427641759
0.0862678450281407
0.118250848141939
0.0713483537288725
0.0621177989163394
0.08114781982464
0.187373956581323
0.270115660953696
0.156755150469989
0.0702510045989701
0.132541842144605
0.179258311968861
0.0773074014114883
0.240279111639599
0.199385107539507
0.126242009324701
0.164437218672322
0.14903786479486
0.188001737380226
0.227786420102427
0.165300341988818
0.187873154086139
0.131692921809683
0.146418711198874
0.109168634390229
0.0645658595245333
0.065496530594816
0.0766170210891759
0.11047799664704
0.161114831603967
0.216403830180706
0.167123961399661
0.0931346342953831
0.0849715811908297
0.0874826173218022
0.115253629515381
0.0913241449705443
0.117728304942992
0.104885562351108
0.129273410680768
0.143127116569855
0.206651699938013
0.13815733068427
0.181397585323811
0.169244885190442
0.200008682138879
0.154741650690956
0.0811975120563494
0.170943227413184
0.0855719038070057
0.173963285038021
0.278735391987563
0.335486933260347
0.202967939322373
0.0921113241406467
0.0771429407793482
0.129958916340833
0.0874373747660665
0.114882937178961
0.154213767473548
0.0914896260476628
0.0966779176513868
0.218619753918313
0.281203026858529
0.176848409866056
0.1028161957339
0.0616201203867522
0.0699408739013458
0.104076295210118
0.169979494817525
0.146952479598614
0.15789457892019
0.146553427171061
0.0835902432583912
0.139132414371088
0.0867250591563469
0.109147785633634
0.204126935712495
0.113478390110285
0.0964272589228145
0.0769858251735673
0.19144474469966
0.0702159538662007
0.091288012313338
0.0643342560511603
0.0603521710478224
0.0688279095476942
0.082153585394317
0.0949377326452736
0.0866596193007833
0.0870294315717844
0.1076116955103
0.149299091095104
0.146342272863817
0.177415943496169
0.132073211447479
0.17676298887283
0.134795247027455
0.212271296378094
0.207574679575421
0.10065155036467
0.133949114665634
0.189865425779639
0.255324085457943
0.182753083952179
0.249061867756286
0.182162402126732
0.286782656351557
0.149393610419477
0.194164007326553
0.215882452973026
0.120653545604219
0.170170079823909
0.0921907539191835
0.159258483043251
0.126098924654657
0.213626235199002
0.165509785045779
0.169423436262133
0.120009774728101
0.0833494952422421
0.0969571164541349
0.199182508955735
0.272840492256873
0.185510265315749
0.148491976289428
0.108501694657385
0.216659338701953
0.192434101504337
0.0907854653997321
0.0790412421946411
0.117527116666434
0.178204712432941
0.202595571758208
0.132685629542217
0.234057825829319
0.231271564172523
0.178079807963832
