0.17
0.100091673948961
0.137049710653996
0.168687862739319
0.103392823070717
0.131405733370393
0.12796735154928
0.105738260943646
0.114743109126164
0.0829150928291854
0.09452739255228
0.10392190133959
0.0904226323034009
0.113848453222898
0.107842488638562
0.0996874333900086
0.111543636607048
0.106375182153865
0.121038037010803
0.0884129368042895
0.10031513242517
0.0917937987580094
0.0903250357874869
0.115255158518085
0.100243312785833
0.0905516733984782
0.103458168791011
0.0840968010219379
0.0881085018369575
0.111835176420156
0.113163284655136
0.0817975673533946
0.114908256412914
0.0761474709079515
0.0974427046500978
0.115531038512214
0.0774741675542173
0.0643638897669736
0.0734635161907098
0.115344607024176
0.0720626815847187
0.107575342459482
0.095972840724773
0.0915271867059729
0.104924149925517
0.109394023510249
0.105207261624892
0.112501827598695
0.0807744050837655
0.10251491889008
0.102849348721878
0.0975611459602023
0.104009131143481
0.102788500451045
0.0849617413072041
0.0947657177114321
0.0753314253752959
0.0649903897320355
0.102016090989588
0.0811372848773788
0.101819572836939
0.104272920944545
0.116248223595364
0.121889278969031
0.0892429056214193
0.108324985358842
0.0895473838053947
0.0863951169519065
0.0868778266608837
0.106093227371071
0.11010706894505
0.088338133626889
0.0885524547116252
0.0980700615472707
0.0820792785318543
0.105258746212591
0.0906684436015677
0.106237746784592
0.0996491044215715
0.094925225054908
0.0877203576516089
0.103166746434756
0.0885479204003225
0.0778446275623536
0.11207580157574
0.079469227420779
0.09851508320215
0.0834100978541267
0.0803007826765843
0.0941444744926302
0.12179828783667
0.0869545597215929
0.126461095318195
0.0704992810541736
0.101253549247357
0.111918262473474
0.123568480368691
0.108421885008029
0.0909703506260066
0.0845504430333115
0.0919843126061681
0.0813779215482775
0.104433677419955
0.0975922656476923
0.109708400189729
0.091439509814916
0.118269148868033
0.114707145187466
0.100326641474214
0.0810501366579418
0.0869010734566432
0.0772922254237043
0.0979225145047746
0.083598161198996
0.093143581119574
0.120915475416128
0.109920444970148
0.0925550879249447
0.108457385317402
0.109730179609956
0.0977158805716745
0.0791694515955218
0.120350017886093
0.120071274038957
0.0970137117303995
0.0881985880252921
0.104064862719992
0.0919262245305753
0.0909993339898993
0.121417931494856
0.11748840897751
0.103458577217465
0.10543939262262
0.129416329537115
0.0890125105212091
0.109797870206949
0.0812308263732549
0.0935829472745018
0.105121368232048
0.0956864197175918
0.0886267659551944
0.103874364379766
0.111253982854298
0.0846500494759934
0.0787778171697347
0.0846208213238855
0.104006138021874
0.117694669205489
0.124234386425757
0.0875520758313535
0.117457877796363
0.0884944861420627
0.0989968494006379
0.0784065490774264
0.0766584964132754
0.116572987946509
0.0742903054119388
0.085678132333248
0.0782089649533811
0.0811333693463954
0.117287076544021
0.0958925615122101
0.111380546188096
0.112264946269296
0.0753527724154787
0.0810892504895585
0.0786665704957319
0.0908581288350049
0.0913417534086341
0.0956998452124658
0.103374093030551
0.0888234531640786
0.108916269953768
0.0782459458903564
0.11974870461175
0.128341333598057
0.0832842814375609
0.0831448195958932
0.077691482368814
0.0690770496171388
0.0927315641411769
0.0857906603929405
0.0822597033085794
0.110845479555193
0.102684989304226
0.0815204335414491
0.116828451262534
0.0873866974746401
0.0949245426297835
0.0818684832149425
0.0955428957900078
0.114300218795421
0.0995221759584685
0.120838310969961
0.0874776375295193
0.0953035585738026
0.0834706870120006
0.117092414329152
0.123577629448446
0.087175101148737
0.0771455024603332
0.104111839332854
0.0840185377172641
0.100572500228062
0.130446246082505
0.0872882687909062
0.0866259381903472
0.0872847056008484
0.0893645301478073
0.113615658277844
0.122070917248055
0.0943767223115177
0.101445263703097
0.0949686444345516
0.111646680202793
0.10458108528677
0.102713491434576
0.113342484495266
0.1078442659597
0.0928137552929864
0.119216833162698
0.0888568761263539
0.0888499596216322
0.121282585956711
0.0894403767909883
0.121912288988625
0.0948796450294677
0.0931774826044056
0.0943660353258456
0.0923673318277992
0.117939939781088
0.111406321814622
0.115766546004334
0.118069324528143
0.109771043383397
0.107091608306979
0.113048507543173
0.117858687752295
0.11933823952004
0.113752786094799
0.119352638288033
0.142768118059306
0.084769701773537
0.0907141553279068
0.120918527520177
0.121270177264682
0.0987696965224345
0.122316973391813
0.115116772127224
0.111288171756141
0.10264543794536
0.106497346878726
0.112277046047972
0.100408106844357
0.0745186192736231
0.0961022416697005
0.114116507265835
0.109761227406257
0.133429556067762
0.118747180199647
0.120490668285501
0.11291395641311
0.118116683255757
0.0714449581883164
0.100528719622924
0.096685862033496
0.101691437030829
0.0927696490341003
0.122384929738523
0.106792273045111
0.116428333946999
0.0923399548755302
0.0898159026657707
0.0884999496113284
0.109925603777885
0.0953438813731398
0.117532995428281
0.0977767476797093
0.0998767755997621
0.0771007402190373
0.0891054961948434
0.0824742046749301
0.105741043651585
0.0803645481928592
0.102254183006782
0.0976165267078573
0.128789219193913
0.0874726796820051
0.105629077868116
0.128124742713668
0.0894636391793663
0.0732872682681613
0.091926456612781
0.114905874078389
0.0916283045997513
0.0792972866612783
0.0735039906419694
0.0979262419210354
0.104789754323331
0.10065224832654
0.0922236533249509
0.109431180404212
0.10300038247658
0.131242894857726
0.0953410636814028
0.115727622904575
0.11707296522165
0.102336267222482
0.110590536491769
0.0962820075321135
0.125136718344131
0.0978324648274974
0.109373452306006
0.11289158368945
0.0981595603316951
0.105816706649408
0.121553273363469
0.110802952275483
0.100170002308082
0.0919491996177393
0.0862666868429431
0.0996673279695815
0.0872212439394506
0.102577768004367
0.131289422539103
0.09106353741211
0.136060087053651
0.132008867878732
0.100608161975104
0.0841396759271283
0.103430801329196
0.114977027549521
0.109137345658562
0.0924233686902873
0.10626042483636
0.117319145433726
0.0933128745945391
0.0974773814002424
0.111533436467775
0.109623090673295
0.0898364476543823
0.114404875499966
0.127362792137917
0.0999406885722355
0.0916259705485607
0.143005153036172
0.0775482735608154
0.085823243965827
0.0870849744713986
0.0665227245384456
0.117728434187038
0.124180558140398
0.107547307426685
0.0996408287188152
0.122958481030238
0.109750888874475
0.122531951583748
0.10057193197191
0.110830930650809
0.112054786388727
0.0866193753173334
0.0955986088749005
0.114594047948522
0.119889030668638
0.100928507731307
0.093542082423464
0.107334083030994
0.110955898559584
0.131108867870871
0.116470155156554
0.0998374586784401
0.0956360829261902
0.110201208344164
0.102402201249615
0.092075942901375
0.101078174812122
0.109331585462205
0.118077701424585
0.100637620978428
0.121141582213657
0.0974423364831727
0.131847217781115
0.0735746413331766
0.0749502486436387
0.0827093123187994
0.0997282064810399
0.0873879866076098
0.104715710624079
0.11350227518428
0.0882412261243287
0.090580816165674
0.0749102180059241
0.106511634106142
0.0832590460253767
0.0820771505194827
0.0787263373513471
0.0898483679745729
0.094657642274962
0.0998720772208927
0.110539358600173
0.105144912138955
0.125943533224427
0.110353085348853
0.0823486070404898
0.114743330673757
0.0751408966585979
0.10648180693641
0.091458259210681
0.0828543035184868
0.0939680535564857
0.12083554184217
0.103317847138189
0.0897593338382835
0.0923467293460944
0.0809891946313455
0.0932613045756331
0.104943885881919
0.0865682478785682
0.130486019827993
0.116414845184614
0.0850757756744913
0.107174857059421
0.0916409225758975
0.0912193161482064
0.109220521909527
0.0898163874738121
0.0994653204286661
0.0739835819025908
0.0789244329337389
0.0847984012389635
0.112490229016263
0.108383860012571
0.120187777017507
0.116192858699065
0.130635491594927
0.0849368385556885
0.091774672997725
0.0955485913339415
0.0997578718087791
0.0959338778669484
0.0995863139487586
0.0945837454220425
0.0798430795323425
0.0899907798445604
0.0944611255604169
0.0968438021954911
0.0888791525597942
0.106461695196643
0.0971483948877392
0.135658367357684
0.0916097996833407
0.0799371001723146
0.0849026813684576
0.105858105736772
0.103153927337635
0.0948880728604529
0.113693641087934
0.0838359459825884
0.108069149457615
0.116354771419239
0.0948111779121935
0.10492029127307
0.107301656007277
0.121232564343325
0.133854255310373
0.0838320228036578
0.102687648372083
0.102353389274115
0.0869577463988198
0.0957391744266318
0.137163250400903
0.121871199056981
0.131677850873561
0.123304401434701
0.0998625817516966
0.0938023070441804
0.0961035017520249
0.104017254466134
0.0897939923222222
0.109492087984489
0.0940960640485625
0.104325516487976
0.0974494169423154
0.0731101544682577
0.116315536144436
0.0952235467224727
0.125939583848179
0.102030608154635
0.101132712643856
0.11127720160818
0.0924668926829026
0.0848733322926323
0.0882797031882419
0.0945040793934423
0.0718134135580142
0.104863757274192
0.0901831983499911
0.0946408078159616
0.0996830514977979
0.0937257426279983
0.0958384413938882
0.0873072312875611
0.115736041308334
0.119576828687753
0.0884357893013439
0.11282427635565
0.106230649814511
0.0861349445015334
0.119257127130564
0.104484894713295
0.111688346665047
0.121821953248931
0.100705309011734
0.103031726592044
0.0851785747376951
0.103581451337555
0.113514443194283
0.101724822591805
0.113036379181145
0.0844246423007617
0.0850381864011516
0.102839161836218
0.108318475659006
0.107813880553104
0.116804065754379
0.11228503301205
0.107856890293031
0.0761323690415423
0.0967167211314375
0.0985102961995997
0.101070535781057
0.073874479777745
0.102960485703042
0.0868249898229852
0.0702217417045102
0.0902689211835288
0.0670941494352384
0.0789144971846058
0.077884845693291
0.0948616767550404
0.0983009492543455
0.123426452659513
0.0973672342299787
0.0963029143095487
0.101940260242282
0.111979375366279
0.0986150893435484
0.0943727517902639
0.0927401051663979
0.0823179537154401
0.105986233711529
0.104573341298276
0.0973753344104252
0.0855491899626287
0.110821389808969
0.0724372973039535
0.0667330916251495
0.0785253158556522
0.062490649595076
0.0854067072673985
0.0996669387289015
0.0860444170936567
0.116689822685676
0.104581415385309
0.0928445627995947
0.134986599248425
0.120019433706548
0.118546864543826
0.0949544787510971
0.113738190119182
0.116823433654934
0.11995076673251
0.0918858571372261
0.1020180441601
0.135004390287321
0.101771804525281
0.115570764768304
0.102083009188617
0.129762988782063
0.0873285590592237
0.0805647461739756
0.0874673128781451
0.111417207302367
0.108475868867981
0.113897479343511
0.0932703835589298
0.108577783287109
0.115845766036675
0.104303609681004
0.0951068642078257
0.102143029783555
0.10047305696358
0.085602734833022
0.0875076010982678
0.0951281569453615
0.10516914437794
0.0950209688980506
0.101210989363823
0.104235510275308
0.110460226103192
0.105318156906888
0.0987808760142994
0.101517873488585
0.122678513013396
0.0854613237589713
0.0894617195828021
0.109135610944243
0.111689165397501
0.102659046801745
0.109094513266646
0.12070081394856
0.111375715214598
0.104921199732964
0.089311347226769
0.0916068151591064
0.0949248704606756
0.0972170087866648
0.109196660245142
0.122323474932816
0.120082819604837
0.122681115784807
0.112596954304128
0.0898645372583978
0.110735062099482
0.104884693791222
0.0993607672938923
0.100204125206635
0.0928469909371671
0.0988791442241051
0.0913329188945884
0.108236145643884
0.111530321047038
0.125833048647265
0.0956845224287795
0.111298869424948
0.11677068930745
0.132420428077934
0.113594400146205
0.121047100754599
0.0920834096063915
0.100914735612577
0.106139801483445
0.0920902935867683
0.0911037578976689
0.103872437755323
0.0938773041557548
0.123293675083394
0.0907486991483507
0.109389360132699
0.0999430704542979
0.108133936323279
0.0878996142527261
0.0922088803943625
0.104442827361172
0.103937677318865
0.0783672967399165
0.0802619200814774
0.102769001005353
0.0912279372957876
0.101350400323687
0.0878543864942333
0.0971591167672909
0.0908302411697362
0.101951837418456
0.106103074814577
0.100043653403033
0.0953217490059943
0.114539054660748
0.113124069090649
0.0944813017927046
0.0922283807167764
0.106926219742279
0.136315957962835
0.105729316327573
0.0929399151439972
0.134170135573738
0.0979742474678502
0.0972236303997676
0.109410722897759
0.101053315739637
0.0845608262986147
0.105255727801992
0.093002317632687
0.0902774810735988
0.0794015324322733
0.10063058010736
0.0909046226320141
0.0891889569158116
0.0914981089597561
0.122063467614639
0.101378170476541
0.094788674850564
0.0821038348751944
0.100266855982971
0.116828770134204
0.10136241169137
0.105285264567812
0.0898614963308599
0.125463092915876
0.0994299226387141
0.125015832227835
0.136346516304147
0.0999422455395409
0.0870864619171888
0.10553423825806
0.12343530046113
0.114682527726525
0.108065669649764
0.120777133999277
0.0885442256239812
0.110750173317138
0.0982759320969422
0.126037743271266
0.110017754471057
0.0930910546855561
0.112541814946327
0.111330465438638
0.104835489980301
0.108524609039584
0.122175324671339
0.104933655686992
0.108391559353778
0.100761666277257
0.0911037842113872
0.098132179322376
0.124119624685426
0.131090963172805
0.109826413790231
0.101369697061644
0.095753436899092
0.0933369125148006
0.107165901208
0.095133298472942
0.0744384665749403
0.0592236701575777
0.0746440971321038
0.0852903851604388
0.115201086415633
0.0973706202134646
0.0991816985386332
0.0908277513765643
0.0883447673793253
0.100223997843345
0.104078456136174
0.0871693240896619
0.118884758373501
0.0963754163426812
0.10004633169318
0.110022787961132
0.122473933077747
0.0943727185713168
0.11268562645028
0.0988554080479475
0.0778361220836046
0.115798693399585
0.0931554421112718
0.11125876192308
0.111812168765046
0.0982443858950824
0.121271276179774
0.0863476787016503
0.110259457513253
0.109122799034926
0.0995989766147831
0.116582142620222
0.120733960647228
0.101232917252041
0.0948638271952163
0.100707521150046
0.0962949821812957
0.0892042026028611
0.10031373595949
0.105895915149325
0.126781741176194
0.10042321288287
0.102881243907797
0.102945644482658
0.108296922299058
0.120915447420518
0.114169904901873
0.103400910199673
0.105958114097714
0.0920870040446669
0.103023003161933
0.0727766918055661
0.0812215192738013
0.115889787571058
0.119890496129542
0.0966736060241696
0.0735846104700204
0.10983041441876
0.100929444958177
0.104372722312602
0.105686685777661
0.0959124847959273
0.0838988555529148
0.119674845194082
0.121738039658746
0.135686891222724
0.09333647051941
0.109881110698143
0.108422496965969
0.106062312402213
0.0983831209487733
0.117583887337456
0.0779450506930828
0.107982672710237
0.09328450268437
0.113235352705699
0.117162666319205
0.0968399097622637
0.101795065219761
0.110390446398763
0.138493383714915
0.0996127121479548
0.101968057326476
0.116485580788113
0.094272153215643
0.0896964214490247
0.121216543561169
0.101545187860912
0.0896712691203688
0.0940623669192999
0.11009149869686
0.0869194310444468
0.103421879154573
0.120289009300786
0.105890749660773
0.0985926484453808
0.0944025014115759
0.0978626253658249
0.0947003342640175
0.112840013009108
0.121103848319834
0.116847960474827
0.113263297146245
0.10570733535351
0.0958536696237341
0.0921204012265773
0.083585385856175
0.103354308028794
0.101972682084458
0.101250591498714
0.12167309777412
0.0797524236361286
0.0749267231432957
0.104512343646762
0.110394001625225
0.0931809534127722
0.114811502658123
0.090193704631839
0.0864645028994247
0.0643535232144437
0.116429825671052
0.102215283667035
0.103506764969311
0.11843010185367
0.0976409214194087
0.112362551303902
0.121244836965851
0.0749697504031737
0.123741182080117
0.118471540926792
0.0833350153702923
0.0682227047731297
0.0649773473653302
0.0694785926085039
0.088494751357156
0.10669222249529
0.0957539829431958
0.107466189776655
0.120265235163076
0.14301799060775
0.0822607572024888
0.0791210773929653
0.0888228745445298
0.0839334029919833
0.0922382252992661
0.0862691671601174
0.101282784860556
0.0965919826204867
0.0806977090577844
0.11481733757889
0.0715999158406374
0.108340617902046
0.131484551391348
0.0933058523674318
0.119208496610481
0.0903666304396585
0.0819244218836852
0.091577789440508
0.0768513082561007
0.107349912154884
0.0821879112880384
0.0963426488109313
0.0832954856174217
0.100440093860121
0.0807895937697384
0.103221075400676
0.105782547336643
0.0788391167130691
0.0939435409523173
0.108281076611927
0.106197669411425
0.123256732530211
0.139775387704881
0.0990295000022042
0.110238449668779
0.0974705475656472
0.0952997155185852
0.0772579249710149
0.080947107881929
0.0914528507456875
0.117993719137168
0.103104438302262
0.111834894957438
0.106628151187384
0.0922356724668867
0.0832870430018321
0.104787293282195
0.109555295700407
0.0930520546153561
0.0924055645085904
0.11506383929856
0.102967653194287
0.105274915029817
0.110654954512705
0.120691781579672
0.0994510383418205
0.110428867228211
0.0841562644980598
0.132949773789491
0.0862258745088808
0.0880398550584335
0.104159605034048
0.0977473961715057
0.111905819305335
0.0996730613296934
0.0839511979554267
0.142298799893889
0.092984585058891
0.112381103150873
0.0737068292468972
0.106587335283025
0.0955551602401935
0.103656585866292
0.10712663290428
0.110418441566676
0.109207518588365
0.127998166337104
0.104172261774348
0.0922867357432068
0.0980088940583062
0.115044144555686
0.113149620323759
0.123288695227857
0.101184344244384
0.09055150882002
0.0717359252895893
0.0818356570242518
0.109476228485979
0.109942645683337
0.1067236261356
0.0934814484248873
0.0940608387843447
0.0985253477052274
0.102769247114013
0.102048695431769
0.103391977363174
0.100958236357385
0.0921404868685851
0.0885837973053729
0.0955242855621758
0.0910291012898303
0.115823821473957
0.0941636430959764
0.104410659768738
0.120382773059374
0.132395054856283
0.0943723592137676
0.101392677110921
0.0847102983329679
0.08674396053879
0.0830370869712156
0.11317473132574
0.101687139584859
0.0759380185752678
0.0947086370032489
0.125830966215327
0.109153374095212
0.087518613753414
0.104294166939126
0.134847155983944
0.105474364697721
0.0927386244634524
0.0768508791431053
0.113594523347122
0.106135229772445
0.0839392922328959
0.0937559754284537
0.121291072206927
0.0988135170962667
0.104594643079106
0.0731831157583396
0.112736469674512
0.139159933439462
0.0831893879955723
0.10859322507025
0.0865878823430643
0.102780689730577
0.100837234867098
0.112612322159331
0.117436792664633
0.0967739754667747
0.0698983526697989
0.0996731240845771
0.115758341084672
0.0888613325732037
0.102573350295216
0.1026378371337
0.0956447402021598
0.111362087758657
0.107709917829569
0.115956483292751
0.0960940109499805
0.09343343937476
0.0995159916022926
0.0708675186452262
0.10234314969932
0.095593913095625
0.120613017990936
0.116626549593998
0.105603853259811
0.0851350872573285
0.09469893921147
0.121156294391845
0.0950041560126569
0.108598325534176
0.141899088301681
0.0996715948671576
0.0832478880844321
0.101732822954633
0.101864146847713
0.117533138094998
0.116052696792711
0.0946711977083704
0.120039685488865
0.0889470288084597
0.107383118693012
0.0912315898539167
0.07320555886208
0.0718018153674128
0.103415596116352
0.0993989856895574
0.10301281236802
0.103889043855589
0.098689443435957
0.105521486882614
0.110560181338738
0.0846907730067568
0.101928287608414
0.0862683164030192
0.121048790424673
0.0945229814322736
0.115164201222448
0.0989744065864975
0.0910221601417967
0.106396903872812
0.092792269484209
0.0904498917044102
0.115112405779429
0.125944580287727
0.112284435807467
0.109965548820592
0.0910763502551544
0.0886866086594374
0.091476366787747
0.106692661928337
0.0919603242281656
0.0936129006029058
0.126111625229235
0.108261583907987
0.138688904983049
0.102848226996999
0.0905502186295222
0.111350666727807
0.109431135902433
0.0974412660523847
0.124400522774271
0.101762705150238
0.0916648813685047
0.0791705976074556
0.105601563709737
0.0994316652299761
0.105071826302783
0.110260062957227
0.107464972634052
0.108582455984696
0.113838394674001
0.0994877437040499
0.10611197028329
0.0872377926807689
0.0948808773861378
0.101814588206468
0.0972116987040753
0.0728040250975546
0.100314478713047
0.103018738944732
0.0868254671855213
0.12316493291256
0.103566992380631
0.103224563426669
0.100061553422537
0.113571236411094
0.0823119933121958
0.124606833369647
0.113094546692144
0.123046967153166
0.0794134771177722
0.0968764860103135
0.120737416823962
0.112992451692507
0.0867490003214955
0.119581022757439
0.0957642113037421
0.0750863947663454
0.0816276629361142
0.0745840849563356
0.0828651876271295
0.132410794704034
0.102216472136485
0.0758980388879954
0.122937301224585
0.129062380562978
0.0913179151808244
0.126350413545029
0.112124353325595
0.132187122222929
0.0752082109573248
0.102395928011753
0.0938627960675061
0.0861560894896598
0.096585810707521
0.0764690832740101
0.0894466456648256
0.0792955713499327
0.0617651934289856
0.120891006130056
0.095295150971749
0.111090286776135
0.102886536117665
0.0850192828096798
0.0896295383164569
0.0913211998256243
0.117366672158646
0.1069804459213
0.093112011300933
0.0967960007913052
0.110863808998757
0.116496518887924
0.118681156374311
0.0865507147355408
0.0903357864270275
0.0821480015367704
0.112114938184773
0.0845215717447927
0.117068864190689
0.0915502310471343
0.106098122603074
0.0951311459659681
0.0961827075273514
0.0899112055875157
0.0891666341322424
0.0835191734814078
0.12227715952499
0.102152964439933
0.0971377602592532
0.0891286899712114
0.109296880802738
0.0700781127855217
0.093932082601041
0.0912217096346872
0.0978217778777835
0.0892259550796806
0.0740391610364927
0.0732235953892503
0.1013751623514
0.0739716555275637
0.0845914188940346
0.0952213835170806
0.0976210340782799
0.101357521337903
0.0963481997111471
0.108021828402543
0.0954082194683149
0.109010700496425
0.0960299473350481
0.119045145948443
0.0860699846942718
0.0935198079498237
0.104885673867477
0.11414870822526
0.0794082608124072
0.101587195150839
0.0973993218252221
0.120489430590641
0.0721176425630506
0.0921406830091724
0.109410765200517
0.110672541835614
0.085163220533855
0.087829402661884
0.0926560799409534
0.0955122050921871
0.0928056345706356
0.100580683340798
0.0993608790635931
0.108161251054951
0.0984704339880238
0.112754380365522
0.134688708566407
0.0861558181246798
0.070679784429889
0.123777780316214
0.0876288942443313
0.103899607154693
0.0792847459223392
0.0932148362415464
0.120612395556178
0.0812962068829413
0.068071054705901
0.109543711305469
0.071633641905843
0.126541004841199
0.103889443167737
0.0937032069624049
0.0758615714069055
0.0776593622300401
0.0937854805435842
0.0959535091735563
0.0892954875561226
0.0969949768830483
0.110848173205757
0.140285856366423
0.111345802904755
0.106177083936948
0.10512151878536
0.0944082553069834
0.103437695862009
0.0999770382659575
0.0985992901156362
0.0892740544732096
0.102718678539331
0.118961688042551
0.112933552268239
0.0897472699413614
0.118485476898169
0.104338772260954
0.0828616638461057
0.0929576271680075
0.088027768737021
0.108250690811723
0.103685354200892
0.0904429786224405
0.106150793452073
0.0978590694468096
0.0790300960906455
0.118782649101467
0.0821865993583044
0.104218259197574
0.092974877401956
0.0997664851301323
0.108524219320146
0.0923146727333818
0.0952580726750298
0.0826214197694508
0.100435706544995
0.0970518700247035
0.0991103451943343
0.0956594986799789
0.0961537938755768
0.0954890275457295
0.106676365179779
0.0988535283284629
0.0905258017978961
0.082419918145929
0.101559679948539
0.0879869175327389
0.108965367344165
0.0865299061044959
0.0859545849888157
0.104034746213554
0.104999334524108
0.0779099967917714
0.102385095629891
0.0916152466886057
0.102453802937806
0.0866051199757848
0.113299819578714
0.110712367346992
0.0941892318470864
0.0935509155690109
0.115047664523243
0.0935837390473028
0.102961245975788
0.106179028970421
0.0915902690412695
0.0933075079896049
0.103367613367496
0.121855705746865
0.102360156437194
0.115976972340124
0.0967921700508006
0.108096639844244
0.0941479544954293
0.11696419572854
0.0662399703051051
0.0903052005564177
0.0823171523023185
0.0931436201175796
0.0950404192802536
0.116351056247536
0.110387288714026
0.102413615104002
0.103306929918072
0.115226719848465
0.108228837088334
0.110372004283724
0.102657765249766
0.113471660395783
0.10246136105587
0.104369935355375
0.108802085765748
0.103646143080994
0.118317605365961
0.107871258156491
0.0945982484390051
0.108060412534138
0.0960399284260414
0.0943216628750319
0.101469125507089
0.0929419668469416
0.104828780483497
0.102619503422742
0.0872048345472447
0.105886985275016
0.0972822179790317
0.0885273853057169
0.0861636035959598
0.0946573915456553
0.0873494395820048
0.108332401123179
0.0866402807753499
0.0997708157692664
0.105131946636746
0.0992985641904558
0.103556397240146
0.0888864325037651
0.0900377365647195
0.0975412779916525
0.0927975986119449
0.0740344829962874
0.0807999881435001
0.0794813624212386
0.0929329907791458
0.0999574307076766
0.125056436822578
0.102713956404581
0.0847432407641428
0.125161010849158
0.103447003396883
0.105475225796666
0.116084703154446
0.099409170404321
0.111428228212205
0.109540655638348
0.0970495915058565
0.0907888646985749
0.0839314470289198
0.100178705006867
0.0977807391010226
0.124177473409687
0.0941928405635074
0.0975527989981913
0.121123677058237
0.130207823813417
0.122935667690571
0.0929318716932416
0.109420673659044
0.113715086829329
0.116446884024912
0.0962608936893572
0.088300632086043
0.0969294664398444
0.0899193399850148
0.0850191438062389
0.090559543918245
0.0994813011215226
0.0868283159045724
0.117826631654149
0.0889730469046855
0.100943521619337
0.106510075736218
0.101578187239127
0.10252033591066
0.100612913991248
0.117057104565567
0.119355452215967
0.0788469153411373
0.0921518047553639
0.101981786017384
0.0924891367317005
0.0925155627480746
0.102639373834844
0.11337442453232
0.0930877063676828
0.100288038005454
0.10627453852914
0.11348886559588
0.129445110130159
0.0962043791591402
0.0852349038063998
0.0676404082867078
0.0769178339908388
0.0771011706641771
0.100263167974655
0.0724574125375816
0.0869957585036777
0.126158925184803
0.0994849694803726
0.0989925264886734
0.117417781564099
0.118379117588297
0.132457910205236
0.0809280989288282
0.121966354008236
0.114620121475332
0.102643074528051
0.109523637847328
0.107058095980155
0.103988035601547
0.103304547476867
0.101812823759829
0.0956588609203789
0.0956251075810764
0.102330681237681
0.0912364757595985
0.0811554410045774
0.101821519053312
0.0935038633073097
0.105856637515326
0.120904547947204
0.107925957504001
0.0926119750847333
0.0983040915797102
0.0840694657629406
0.0933832092228151
0.0913456062492132
0.110572061836665
0.115556035170172
0.117886681434603
0.113107511328534
0.111415179757122
0.131793202732844
0.116646127136446
0.0983192591659445
0.0876674345400523
0.0887616898689691
0.0961297928007122
0.0847823118240706
0.070759113426823
0.0782693311703426
0.0880932744808693
0.114819381696788
0.078177241341184
0.0984668029076775
0.09159710783163
0.0958915016564253
0.0894662665616064
0.0957171143419635
0.107928243653098
0.0941397045736837
0.0940855164015201
0.111443881264903
0.10061407764209
0.0926082178447108
0.11842171700205
0.095564091321481
0.123338113455888
0.0773382152854499
0.123625308248528
0.103609144407486
0.0789745640180608
0.0999320443116726
0.0738295441812655
0.103868886709155
0.112032050191699
0.0927486766124139
0.0854939742054838
0.0912380178950278
0.0902707494933046
0.0899764457552209
0.0762286409430982
0.108512717550275
0.101184714814946
0.111173205649438
0.110231196319615
0.0917860628657193
0.0903465763150024
0.0866601618931972
0.0992326216076803
0.108920565743256
0.0963455480815643
0.0959238170294578
0.0979854563522605
0.0870592746287704
0.103150297129079
0.0762018542124737
0.0990600419751286
0.107153337602149
0.0889054568880315
0.111617138962688
0.0999024901755392
0.0875021659775698
0.0827194213232498
0.107702354916581
0.0962635998745596
0.101321502484581
0.0976390766435168
0.116672281016317
0.10135288122837
0.127297929832882
0.0949072995930575
0.0985555454710999
0.0920503808171228
0.111200926207748
0.0721611346769257
0.113199134080798
0.0908814592997271
0.0979838018584959
0.101172464547804
0.0953240990255306
0.0859988701262122
0.0819443245914927
0.112560956275264
0.102919937463325
0.0991507145809476
0.0866194910437651
0.0763255971707601
0.095797925249502
0.105272618570087
0.102527838745159
0.111736312952825
0.107487096521734
0.0896606030507619
0.0927208686325532
0.140997235666
0.110917218239839
0.11352023708252
0.0932295258094456
0.0844502526813094
0.0719903692449667
0.0821177372349797
0.0933269140846765
0.0682601950039772
0.0984890302468315
0.0811651200176959
0.100030076770492
0.108154295213645
0.0763579443816447
0.0686125410629258
0.089090928570217
0.102573740661495
0.112893510675442
0.107419752973062
0.100190028899448
0.114024543195
0.10708794152517
0.102842069323603
0.102462760166818
0.115269475572051
0.105029877396499
0.101624415947809
0.11799888669591
0.118236232487956
0.103005482324475
0.0776943596845051
0.0939044556841923
0.107686113885023
0.0893733197956034
0.0976436386400271
0.111840318998254
0.100139604648571
0.0837570584395232
0.112991317549229
0.104619696027915
0.120152580000258
0.125540939542085
0.0951974334998493
0.0837330685622224
0.097116422529766
0.101397931496405
0.0970305258723668
0.0941569045787572
0.113749156443374
0.0961669189489193
0.119598956625416
0.0983098350478955
0.086098639514243
0.0967518574001583
0.108546031315566
0.0767430605517375
0.0948040057303536
0.101001602096163
0.0764119626782998
0.0823715250930844
0.11171327319736
0.12651274758059
0.0937356361851244
0.106780575795401
0.089340588700454
0.103294295450378
0.12110209030471
0.0974439068316318
0.128437515420898
0.0834323373130411
0.123895050536723
0.126553942021144
0.112060958580038
0.0794789045247985
0.0848259678131712
0.0612628925321696
0.0827639698634069
0.103608278918619
0.0935429957010423
0.082820172714643
0.0952630028147311
0.081943377550259
0.0775936572113326
0.0934630157981578
0.107949452103709
0.112773695857358
0.095246642471475
0.110275589259751
0.1001880962837
0.101230360582197
0.116202737166592
0.0984744762600578
0.105005589046653
0.0951560557279875
0.0854845016076054
0.108107748996976
0.0982613241794751
0.103989590716192
0.10768864593704
0.10629415430318
0.0914298229951184
0.113568240692605
0.0919479453019153
0.0771834244176741
0.114116931136338
0.106931021341364
0.0780609936718561
0.103728657209932
0.0890100979843524
0.091332384244452
0.0753760187067126
0.101225438467688
0.0631132371981678
0.10303701060148
0.0929089451192668
0.0706003168560971
0.096455459015209
0.111214680517118
0.104053733415969
0.0817597727584144
0.0706703948967888
0.105864842863422
0.110528386773914
0.0997912064986994
0.0944270661919773
0.0856763527903484
0.0792823553331728
0.0768460874759123
0.101005314036722
0.11154089138919
0.10312003417626
0.108940718381292
0.0925349586184876
0.0806580420806932
0.141656658271905
0.108845219130646
0.0835973576154867
0.0760996696155132
0.0967223169499945
0.133298405132416
0.122930998569096
0.111247612479781
0.101255549863891
0.126504618605646
0.0760394962990974
0.089981393610538
0.0891242044438371
0.104864040988072
0.128989501724846
0.0991422179904981
0.0967597492336437
0.11695421662792
0.0947021732097367
0.106820513797276
0.108152593089523
0.107398936845002
0.102930286446323
0.102206676907103
0.116523410917826
0.123425589218663
0.109446707950093
0.10454126878689
0.111333416974369
0.0829354108892841
0.0932980646252253
0.0978462682469082
0.119133262904246
0.117063766425563
0.083985990998203
0.0756106214246838
0.105772691050691
0.0991527134171942
0.0926154342929464
0.103991216539015
0.112379387691123
0.110249638598774
0.122180137319611
0.102701848679559
0.106622275671805
0.101246978942465
0.103963614726954
0.109998347987813
0.100591081102147
0.0909167248786095
0.115071191136102
0.099980069347674
0.104368929373041
0.0960425184073577
0.0969822506849185
0.0941004051246004
0.0930516824648765
0.0923826627362847
0.122054080605673
0.0977122582059661
0.107993529571604
0.105031115377774
0.0836625061732155
0.0817068907253159
0.104538696690539
0.090479041623161
0.119863131529276
0.119078061810986
0.0842338562810455
0.0816678533483311
0.0931451331722424
0.0937760853737507
0.0756748387695447
0.0832437030092574
0.076378000281893
0.109600305777538
0.0771494344973178
0.108657248432381
0.116093971568418
0.0949066086157416
0.0773438783214428
0.0748290677476668
0.0825124998050428
0.0877998318950987
0.123066252631457
0.139105731863469
0.0970390594301407
0.11291532554604
0.0966428329560886
0.0888833739800994
0.114640509023908
0.103880728331836
0.115135998029125
0.089093376327696
0.0806005210299914
0.107123228687078
0.110049522800294
0.0912793789819806
0.0755068619426671
0.0711457212605142
0.0932765883831745
0.110778843400314
0.126338300634554
0.0829342161589351
0.113400004993274
0.111551040747275
0.116409640717434
0.120233212188251
0.0886140240601289
0.0772088291775078
0.0794803964270668
0.0953106780115216
0.0862906752162155
0.10651468908726
0.101247991837549
0.0927573566845166
0.084919144291887
0.116567708538123
0.0977895993050225
0.133526348402218
0.0970223680681171
0.0974066335165194
0.0927605472559597
0.115688159672165
0.123308549392677
0.0784461578893758
0.101189772017572
0.111200677687322
0.116069353156636
0.110784336120746
0.117086240505422
0.105428201839372
0.128214780135424
0.114587166949952
0.112324413883096
0.0908908331908834
0.108892908343009
0.119120691232805
0.134400029436661
0.112532193432108
0.110238374426296
0.10257981584815
0.109487526835777
0.113529040996469
0.0959403441806002
0.114976736618062
0.112599990769169
0.118264305540501
0.0934750010182735
0.0917740640452995
0.114189331340524
0.0829685844762255
0.111753565854219
0.0903764239954437
0.0997256127148299
0.0758590032116368
0.0810266276714342
0.100750018785956
0.136297839213595
0.0947699366528278
0.100057248130456
0.09650619385323
0.0915528733739508
0.0959952119835456
0.121251830805282
0.113331378488409
0.0980437541151977
0.0843113435335853
0.0988987001699903
0.100239911405294
0.0877535311205961
0.0950625658446002
0.0958417128382637
0.103011668056188
0.11909142916334
0.103233612016643
0.091375075397256
0.122098957105088
0.11105493836858
0.0914785573465562
0.0962158183511929
0.0915450808153658
0.111017043878781
0.0862254585425556
0.0980109480263071
0.0801231175552545
0.0902836411835601
0.104576262349956
0.0825075794698102
0.0871640539264896
0.115387161686162
0.114942258690386
0.0988794403066632
0.095358199479737
0.0960824296987436
0.0986693980326811
0.0648478041928369
0.0620612203458694
0.0886186669812082
0.0889247787456194
0.0963135116995482
0.119810293438101
0.111334408392361
0.106395659956336
0.107776926818538
0.10278894159319
0.0996883987713705
0.100467569598648
0.0818627108798345
0.077189125226613
0.0895155320506897
0.0937077230512701
0.104628966710496
0.0976347934006682
0.112367211582641
0.0979322330529719
0.0994161845544844
0.112843328353958
0.110557673585447
0.114180084074254
0.126629197619099
0.0759940914636804
0.0958461593213219
0.109640135791541
0.104125121197622
0.0964342098499577
0.102688274610061
0.0877482951193318
0.12040401939519
0.0998045758592844
0.130511455157452
0.106282552955853
0.124544557312026
0.107482736445575
0.0926525093564378
0.118939526945759
0.108868557757748
0.101406881208275
0.102030978087065
0.110078716599861
0.101146622236344
0.113203394947194
0.125621896868835
0.135858235899357
0.0994016334785516
0.103053626171236
0.115487934159194
0.0983985644818607
0.112243957726172
0.0915652373159573
0.111011117939563
0.108836830131849
0.119693081188818
0.0894607783859096
0.0906284143440355
0.0777019071562361
0.113552792691658
0.12616418548
0.0958017224750425
0.125696015467434
0.0890735048498779
0.107825211704295
0.141972928157155
0.0981905550138271
0.0940572729229378
0.0962495570146225
0.104938527060529
0.114131414391812
0.0843720276029858
0.116631431882244
0.096295003359075
0.0994975610591006
0.100812825486944
0.0755531237044127
0.0719444059500645
0.0881044432587463
0.110656067770367
0.0984892364426547
0.0885064971406333
0.108700989951084
0.123936256683172
0.0906967924705909
0.0872415755616244
0.0949192711707438
0.10132283823915
0.107625524224226
0.107640654220581
0.0895434674138913
0.0958892005046405
0.108715014549735
0.0911148987965266
0.119170160386037
0.128811090466383
0.0854575447807382
0.113539809079909
0.0809731711124522
0.103642358453077
0.097379361780719
0.111339859866663
0.116621311844025
0.108823965025214
0.0887559496402442
0.112666906306437
0.104103948161156
0.0809068055611415
0.093340260493442
0.0652688947304998
0.0900515367154978
0.0885450104545421
0.0963744025231657
0.10570863402942
0.0877941082616773
0.0691940823169492
0.0892642759277299
0.0785196924498185
0.0770315186130865
0.0807030182597016
0.087834276800136
0.0696491212460175
0.0800596850707103
0.112073856597335
0.0855427694476185
0.0904266182565223
0.0808821394653049
0.100855542279975
0.095287976120181
0.110542593920378
0.126476169570904
0.0903295396034923
0.098685092273132
0.0937816612055256
0.0787496694703139
0.105306402075923
0.0715432373660083
0.11414645824842
0.0986632129688933
0.110594641106446
0.0925297506744422
0.121212080201762
0.0884371800062813
0.127244140531777
0.109646608388002
0.127607315571854
0.125570816651955
0.0969227378844486
0.139625095059005
0.11091427405917
0.106626447095764
0.104379437410352
0.116785670502098
0.0882425377545038
0.114671728046511
0.0948608603879549
0.121417423105784
0.0942754553321095
0.102608680829349
0.115668957028612
0.124104842082089
0.113554712409018
0.0865600759265318
0.106685069712243
0.116854922311109
0.10555937550094
0.111792811119784
0.109775159033103
0.103677921530673
0.0876810042306454
0.106644530167166
0.090649170425833
0.10030292538163
0.0986975746513622
0.0896300301405734
0.0961261381954573
0.0940879627540488
0.122410737980943
0.0910197819477261
0.0990474217562684
0.117802257442532
0.096892428713209
0.123095677819434
0.0919240956661131
0.0949412264714414
0.0941708817302729
0.115225730589522
0.0912985058364204
0.0958862821069371
0.122169936486088
0.0802614874048032
0.0828668330403319
0.072165695790187
0.122565554974955
0.0838487495600867
0.0852220152423814
0.0840585253323674
0.0777124487418115
0.078442770886539
0.109948811536349
0.115430503136316
0.0837929170989833
0.102247427342854
0.0945306082394997
0.116317186262627
0.105803645830327
0.0769307584749355
0.0920804858257848
0.113439325655605
0.0900884520561902
0.103878317509362
0.0963997076812713
0.11567573904645
0.0877790072341708
0.0948541323766765
0.11502402251725
0.107339318892746
0.119692969019964
0.0952495907777475
0.117470170504676
0.099892386987392
0.0917842496217288
0.111813343639317
0.107499231574401
0.114513397960909
0.118689128007012
0.0809223441213423
0.0764083341799166
0.0611000221710094
0.08113427954775
0.0958393324321836
0.103358677548896
0.104161144612077
0.100985704724589
0.0941029538271508
0.0981636114800725
0.10651134271744
0.118012115809146
0.103431550272513
0.085305219525088
0.10503468566552
0.115073286744166
0.115743701479655
0.0766678149227074
0.0960640770322166
0.100492923246201
0.108678726687195
0.0980701219774473
0.116310699976913
0.0923487236599973
0.0798402223823506
0.0732991888050863
0.120088324362253
0.108453271469545
0.100422922806851
0.116418004573651
0.138682262719213
0.12923212766259
0.103416374269142
0.107568755973119
0.089064819676018
0.0847677749265635
0.0868943343730465
0.114072503226463
0.116779253816935
0.128118027878048
0.119997556842109
0.115539573533307
0.0833571393514703
0.109901041882516
0.111800494260646
0.105549645450959
0.0821375268440881
0.0940264165769749
0.127671970437421
0.128864622031182
0.103079348168181
0.103583822758905
0.0694690696349257
0.0730867223006622
0.0934985519857067
0.0850648535826646
0.0944781818917898
0.103301502251206
0.0973510091159923
0.0919283380441263
0.0801268841078506
0.125809678072876
0.111757056003624
0.135761064476855
0.0916412913531811
0.109059582418432
0.121869159327683
0.105022117411281
0.10173275982366
0.109913752791377
0.101176543957896
0.10582530301966
0.132914633999458
0.0940019875833023
0.114302497020885
0.0999809255655321
0.10030026347278
0.0967511099130472
0.0927371857675361
0.087547526337956
0.0880187358801494
0.0940516927324637
0.108651014854873
0.0915067646095816
0.0952190322562838
0.0933164809785547
0.0891359982623641
0.0876994219459037
0.106569621320196
0.0932687979398207
0.113477612123434
0.127082632648424
0.106813261545056
0.113922353309134
0.0861277021403927
0.100340056184528
0.123341388615088
0.115734105403238
0.100476245793997
0.0997361236693276
0.0881522248747092
0.107377305152637
0.0755514153641959
0.113377902497901
0.097560157498628
0.110282549632141
0.109208488400281
0.0852752350850506
0.0854235567061695
0.0966958321820938
0.0839931684276636
0.0748233031483498
0.104617515910816
0.101952459394371
0.0850923445699938
0.0876965058700894
0.0912993465275855
0.089179849439934
0.0891796712929496
0.0789430013891474
0.0958062863107754
0.0784775271382258
0.0659379704287012
0.0806132446708429
0.0884287336325223
0.0981992363616914
0.0869057100577177
0.124343772347512
0.124578432627876
0.079821148665687
0.0771398526633398
0.0966907677165324
0.0952755384488753
0.080613449646365
0.0912784757251191
0.112317628001408
0.0991184572383193
0.108520796447658
0.122068991062098
0.10988624728727
0.0997203259060912
0.108867747628533
0.122248106070891
0.0947980786139611
0.117755415429725
0.0796730094870009
0.0852408163613351
0.0956584634746471
0.114056076527854
0.0967478060877135
0.106538745297008
0.130775815293872
0.0872450626771655
0.101716795785283
0.0902631456309873
0.0802726987689632
0.0682340503179188
0.104875423634568
0.089128752124074
0.0989352054101109
0.0983532513272771
0.103196354363918
0.103529894059728
0.0874608419788864
0.0891002831740517
0.0689917566503826
0.0877374251767111
0.087662490286526
0.099458058832288
0.0910701533875081
0.114343139395556
0.0880830450182082
0.094812140393834
0.096363973298268
0.0816106515947608
0.0824916102177452
0.0884652166689957
0.0837116114387972
0.0987992095239074
0.0993227316400802
0.15357393588034
0.0845835965838959
0.101519856703729
0.090285565903938
0.120050405681639
0.12947003782593
0.103969689352544
0.10216991659373
0.0903298456979466
0.0957927591044845
0.105243444125722
0.11081498987923
0.101663846720772
0.106280785761213
0.0942545126736742
0.090882872132041
0.095976947267371
0.101907940224136
0.116397598514046
0.092377926898685
0.0956488208466327
0.0949728600242211
0.0823088652228116
0.099280439729004
0.119800488455746
0.0627107948096085
0.106392096656747
0.114473648223693
0.109664134545715
0.0997064630698153
0.0747915894360886
0.108088749692335
0.0829552090572474
0.0923344501517659
0.100366187411119
0.119857258196904
0.103548450142577
0.0961340724474357
0.0998233257756963
0.0964740594525989
0.117422139500555
0.0957855547531552
0.11185307039187
0.127768941685408
0.110790044881727
0.0935733004405547
0.109486995482237
0.0934466667873907
0.0905269046139296
0.112231508333333
0.101088768155367
0.111137724940189
0.105710564708309
0.131018414887662
0.128420044203486
0.104662542372149
0.10678969308679
0.119747081716372
0.0867201795043389
0.130389546844309
0.0843591223716995
0.117604105359284
0.089955880669603
0.0770765760053206
0.100846827764116
0.110137917750502
0.0869276421661036
0.10903836182619
0.10169257418113
0.105722906540013
0.0949612085373347
0.122226907194648
0.0863612715699765
0.10875163401069
0.09093205781665
0.145193622119048
0.0895720319517405
0.0896577603593993
0.117958539919397
0.104237230530297
0.0946500627100932
0.101825266669831
0.0736941966581063
0.101464681535426
0.0971861621488719
0.0940395302829368
0.0887524396188851
0.100591586937656
0.098183193105541
0.0931006333675334
0.0987454418499832
0.120955578432491
0.0936723529678443
0.0801879073355908
0.108914821977265
0.108665213031486
0.102989791347869
0.0931158963442341
0.129112680775597
0.112789849355948
0.0899652222372404
0.0775238364336525
0.0928579491981359
0.0981831888908353
0.0862084245624348
0.118687551242246
0.118513059360064
0.103359456503915
0.117602408008065
0.102468326283088
0.102765447090034
0.0859805423362757
0.0882504577925508
0.0943988124013553
0.10907665600215
0.119898840632625
0.0718023810439401
0.0761437111418855
0.0939286824645382
0.0922058085219324
0.0696452632339551
0.0819488104934985
0.0980504114127373
0.104764978689034
0.107032999942441
0.0993920388365151
0.0923315867250949
0.105681585382464
0.0959193608166296
0.0862620569347479
0.0971565387265359
0.102669428477566
0.087338007016649
0.12970990092592
0.13383578057179
0.0836440008569924
0.094960945450295
0.0996688959411526
0.0884799269366303
0.111592419235922
0.104877825146623
0.126343531047689
0.0967853123903036
0.0837577160698883
0.11360662332439
0.0954297994404493
0.107824046640492
0.106810511707368
0.134835425298771
0.144154251387762
0.0858989620093099
0.118684342238158
0.104580131362968
0.0704127140810889
0.0976485499358987
0.0713134926379714
0.106939153141598
0.067170050392968
0.0863664993914047
0.105950030292307
0.102722317998129
0.0905999743120221
0.104902348855978
0.115859013558022
0.0935784823307863
0.1099713610427
0.0942448353660243
0.101486754055735
0.1038018793069
0.105162292507682
0.0789137399682057
0.104391541861489
0.0940290205049625
0.130366473521252
0.0939336778309513
0.0816375591808449
0.0998960843423436
0.0995041853491878
0.0717875649785337
0.0865137899810423
0.0866115882149469
0.0897735990940398
0.0947479164888596
0.083368663851661
0.0999365968114492
0.101717487587306
0.105426767897623
0.0785087826946604
0.112390928517636
0.119984720201037
0.08749607092256
0.078285620995535
0.117845538418401
0.0845812974064523
0.0955812770150292
0.0931642509766328
0.102666487774697
0.110535101547484
0.0718755346227548
0.1024581231197
0.0700348080248875
0.10598211909942
0.0997436230154929
0.119179853827762
0.0868333957801457
0.0942214340115109
0.0780247314000279
0.110678458374801
0.0990683209122423
0.120143674906888
0.0783836467507401
0.105553168509669
0.07563637562302
0.0711373165873911
0.0829763820270897
0.117709942979134
0.108518535847672
0.100355346964784
0.122935393173942
0.105955592059436
0.0842164177678078
0.0823363127113034
0.112393354377762
0.0949218993142769
0.107936504152652
0.114583229289237
0.0799696491569646
0.0977943420252661
0.0802553131890219
0.134312948056778
0.0771471172964599
0.0992654474313757
0.103689082105113
0.0881309162977642
0.122276264030906
0.101623186562835
0.104105577083272
0.117885033839829
0.0866526063649056
0.101176363269909
0.126724342611228
0.101283086092865
0.0786609148754542
0.0904462393681722
0.105935175374676
0.114739525757605
0.12692867586516
0.13552377072823
0.119264626455951
0.0910000645597436
0.0986107399522547
0.101349918133522
0.123837388577223
0.101184919580041
0.115054157273412
0.129871438545625
0.0976422714140854
0.12642799398872
0.112905087341512
0.096627001851754
0.121795095990337
0.103301053439934
0.0710500143233076
0.0696241595693942
0.106248862523985
0.08448538090286
0.118978484672283
0.126043723403367
0.121949594305065
0.108293292104658
0.0886215522102524
0.0669305042053054
0.0807325883385104
0.0865834302395244
0.0716917251145384
0.092530301852566
0.106264492981209
0.0954486104917791
0.119087467373338
0.102326096588709
0.0999914534723753
0.0991437373870997
0.131076818736841
0.105600954514673
0.116578537942665
0.0991437329288864
0.098609145008779
0.103256160089058
0.091601655480165
0.105447858447066
0.141468704850695
0.0977141101174666
0.101424164777856
0.09918171517559
0.114069114097672
0.088231935246402
0.119262206173419
0.0953186706992402
0.100146486812679
0.08685738357796
0.0958903538087338
0.100984671310226
0.0988344688690373
0.0938253518753171
0.116786509349235
0.11784506922933
0.0980791950500709
0.0859829617960078
0.0874493778321796
0.0925626254187779
0.106902193703951
0.0864992177019611
0.0879378528525044
0.0864517964359405
0.141430719624898
0.107368269518915
0.100186979982741
0.0919822496707837
0.091818255177129
0.0740051718438792
0.0878406003650916
0.0756822405126011
0.106720680968106
0.0942153835966253
0.115748676001816
0.118977885231561
0.0996291808914932
0.0889626076124116
0.0940591784637187
0.0958346358283407
0.0982145650675704
0.0840179542899278
0.0696727322345543
0.0958872203507312
0.0981926531083152
0.106538278522498
0.0900630683990269
0.0898597714302527
0.0892329292821337
0.11248523974264
0.10605477482485
0.082829049274168
0.13041406492715
0.0784308064464089
0.0802148387322306
0.0937767681716293
0.0979435988724876
0.0966504373888861
0.107512578154638
0.119930738774767
0.109587750157099
0.110570948298798
0.110257995244159
0.126644881206998
0.0743135684396946
0.111215241806213
0.110656052801362
0.0913706874873103
0.0895184422733172
0.0766634428823451
0.115381903827062
0.0729435197521978
0.124137652202809
0.0821898187514621
0.114245249421636
0.107315079783513
0.106276190725969
0.0999368531050224
0.0855165475877814
0.0927970040218008
0.0987608843305469
0.115263047548849
0.122723421051263
0.0979467757288778
0.11523433514478
0.106028536262542
0.105186260774076
0.118651302547374
0.124430783119208
0.117951974514381
0.094305260091672
0.0770527819311234
0.0953201598157349
0.121462150996325
0.113646858514276
0.0892837483567248
0.107194086565703
0.0989156601732333
0.078286633228771
0.0872602176133092
0.118452403643487
0.0963151940430369
0.0810269305812072
0.0644773368066972
0.0885057792434221
0.0970020248338862
0.11448802818479
0.101371851059629
0.0939645534081686
0.100292557945334
0.106372847379445
0.0953273755710423
0.110073722734748
0.122280215488538
0.0724502365171738
0.077313406033355
0.107099628434864
0.135645104864397
0.102246300883704
0.086192712493877
0.0986887435694263
0.0812376383302753
0.0965003111565239
0.108736383430165
0.0940184790805569
0.0909533727595635
0.12052753620689
0.100904401749235
0.1089627965045
0.110933118438356
0.124740466204071
0.091829931157348
0.131279948221096
0.125538475190896
0.105486989696302
0.114412586686559
0.118467293719113
0.0905604157318112
0.0836036417335076
0.0961895475959915
0.0773700938892474
0.0930246359746613
0.0905822838379875
0.0670120173595235
0.0895580652068295
0.0832099651469162
0.0919037080569571
0.0771914304592258
0.0822863914744941
0.0891495256933494
0.0978721002199401
0.0882128626363785
0.0924585297470342
0.0883292950231035
0.0854217677886148
0.105151412324183
0.0877428244944241
0.0854083439986072
0.0934211662042497
0.0910469013597984
0.0920703915004586
0.109361923932924
0.0886292033678533
0.114312245014106
0.122712396327134
0.100441126333685
0.100854615826737
0.0847130612130542
0.101727365567453
0.0941502781483717
0.103791919818292
0.136151035779773
0.100748068401353
0.103236800638644
0.0997822874076175
0.116309597119899
0.0966374621272461
0.118989562041084
0.0784960166103896
0.0896186131579061
0.100857323110533
0.0990347533922286
0.118099701748718
0.091397310024869
0.116195735917691
0.103486304204024
0.0925521382411897
0.0770394337759523
0.119925791880147
0.111029057595841
0.103471789933048
0.121121577470651
0.0732794756875613
0.0944660605004062
0.088846665458045
0.0764682915154331
0.0916137625598467
0.117014430233201
0.0825531573149755
0.0822461769463738
0.0764005195315789
0.0996969097087304
0.0709822974198588
0.102776885678624
0.0877534207516785
0.094196456657222
0.129310383984801
0.122960328824402
0.105544768229459
0.121692742355462
0.124683374479992
0.102192445524122
0.0902720603391538
0.094252932021222
0.107493470197521
0.0903256485385593
0.126560948714938
0.091834371863818
0.0809193762584021
0.107884844947075
0.0870789210049992
0.0875184987166215
0.088550360532921
0.126847425178971
0.123825530933124
0.107557490537939
0.0887088325536099
0.0847474439790342
0.115741130685293
0.112958589413408
0.0908581596437739
0.101044324925979
0.0980862950006271
0.112599782476709
0.109348192037529
0.0928754796747666
0.0738375244468546
0.0918564062302808
0.0657236111410089
0.102770730915522
0.0845154175632
0.068542040965569
0.084558224110039
0.0903781697113801
0.0876132578612907
0.104140755960715
0.122872497125316
0.116091469212091
0.0836849259167927
0.111179394934191
0.0770859961116097
0.0967477635212448
0.091967357517066
0.0887125035124977
0.108846817700981
0.0778740212750502
0.0782443009532662
0.0894182132888121
0.0915980450311491
0.0949321919656046
0.086432157093153
0.104793134580674
0.140193705751862
0.0953600545476123
0.0940275856399309
0.0942046374785602
0.103693110019286
0.107091794066977
0.109805763119288
0.097220575831535
0.113267818093833
0.112031026384843
0.108958725709264
0.11587944348069
0.0898543537509212
0.111231081814762
0.109661304350649
0.106527101063531
0.102648085408781
0.0981140458233332
0.109033599682773
0.130985070422471
0.135416337849079
0.113046895587432
0.0906304266358619
0.108540838532386
0.0972952050070694
0.0984424129918189
0.100932199984339
0.0983070064231705
0.104642762069231
0.100548014618287
0.102957077266917
0.128884570887367
0.0849950920820762
0.113263808059279
0.109361651987691
0.123432975586643
0.0981001005337111
0.0871336579979978
0.0981429888354223
0.0819038788031304
0.10618937026355
0.0788829629860973
0.0932504143514198
0.0848238393955935
0.113416735403604
0.0986590682389239
0.103873527149699
0.115225514561193
0.106783165249223
0.11367242342748
0.107472031747289
0.0848826324130859
0.0970692782437283
0.0883252376705464
0.0898765691707499
0.11550704525145
0.132600387717726
0.116075141396698
0.0921108736897972
0.101817355188099
0.114804198684922
0.0794279607211615
0.0959426471800454
0.107759525163557
0.096115598538211
0.0911934209372818
0.115578132073583
0.0918810586767238
0.0907217473936178
0.122814131565928
0.103313525310655
0.0948453409479706
0.129465060401274
0.0902287949500407
0.110178636080467
0.101884713573427
0.107923877013213
0.109323308099451
0.0929289883241958
0.0856185830981979
0.0986925417862738
0.0940749291266749
0.0726401695208274
0.09288196422659
0.108832651741297
0.110680146972948
0.111569561770362
0.120999966083613
0.0952599467420019
0.10505899632013
0.0979300652618663
0.11918778959078
0.0884249179508267
0.0912910188404136
0.116611697183299
0.110042667172516
0.0987539687107483
0.119078390959661
0.0970144796371539
0.0665558556375791
0.0904029484979024
0.0933998280677777
0.100633194893087
0.123845102236017
0.0977583180676755
0.0885355566554548
0.0839999684176578
0.102623179684945
0.114371789663378
0.0943789031957945
0.0929309776195503
0.101632800140076
0.105058797094612
0.105600614136084
0.11406334362209
0.0983580787181903
0.0822160179362314
0.107778005238285
0.106629413938266
0.0878794012311803
0.104095624752122
0.0889233373586487
0.106002454492155
0.114448301031245
0.117011258398283
0.105879182768489
0.114945229416537
0.104325567524336
0.110778985302932
0.0988916098383774
0.112125655036572
0.106347643467666
0.0686017166296227
0.120845270629162
0.126379453555748
0.102378095337768
0.128505893906356
0.124542452262298
0.109307361114087
0.116234531532458
0.110836628637424
0.135149801564499
0.118655192950031
0.0893527734534062
0.0925796162620323
0.0955713151314727
0.0768187803125508
0.0934567539396983
0.0800365358730096
0.0841358586996334
0.113764847589359
0.107721439238776
0.100428157193959
0.100675764102658
0.0823378481332304
0.0929057711924724
0.0974844467449564
0.0900016917936356
0.111355500908338
0.0863617187655025
0.104033072790379
0.116739108180055
0.11857734451432
0.111889775719021
0.125823271278341
0.108466717465874
0.104297707408264
0.0855857543354356
0.0995284256161375
0.112121593318075
0.107861708398748
0.101144253549736
0.110709497168578
0.093213278846204
0.116334134093356
0.106009624169931
0.0987500480561722
0.0718863234499791
0.104841732608278
0.0857472518550366
0.108709960883856
0.108159261752136
0.0959493948933701
0.0872284604738186
0.103037964210068
0.128479412008475
0.140003431284998
0.131282480169702
0.11577302383812
0.0931890517477851
0.113698866298902
0.0927308103266946
0.112733206754895
0.124758812587787
0.130060459216505
0.110489796885291
0.105437520217053
0.0998537699560814
0.124780024377924
0.0920938339947539
0.123854497302505
0.103805847343696
0.0984873955680185
0.119389062836327
0.0879952819864453
0.0875472643170704
0.0989953028927792
0.094876709793111
0.126623706045908
0.111295282858218
0.120395772751213
0.109323528481611
0.0940082552392448
0.0927528746719528
0.111552841107076
0.103508966671259
0.0778002651495792
0.11217505856029
0.108798944745261
0.111663998920638
0.0968451469559655
0.110596491974686
0.108127082105558
0.11829860874396
0.0988633472541967
0.10474155473682
0.121291879981007
0.0838470899457599
0.0780694271918762
0.116323520922218
0.107426726268099
0.113487954054748
0.115873302866712
0.106885007458651
0.116086339565202
0.102476364378854
0.121604449007488
0.112960101733732
0.0878194229829451
0.104227930081605
0.0864010574981402
0.0921719163574395
0.0750137981007452
0.109826788043437
0.115397507573379
0.102390892940943
0.0798396414415301
0.111476375250941
0.0881154223782924
0.093599790461071
0.0914759559158453
0.0828012617139252
0.0944703671962156
0.12276212092611
0.122054466401035
0.133253045925449
0.107974388199945
0.0988438741761591
0.12642235062604
0.0977111689413044
0.0985399710813923
0.0902518676668256
0.114816268155487
0.113705286689936
0.0890419098419461
0.0907649023973479
0.0863027353939241
0.0971731791098154
0.0930770120973508
0.0916766696942404
0.105229043722371
0.0958586972845415
0.0897707105027281
0.0939162178282439
0.11595323892145
0.11711302892946
0.0954525907073652
0.0803236059533475
0.108770820121543
0.102697935815162
0.0854561637815805
0.105822483912746
0.108393168984343
0.103949743925488
0.0858124785743095
0.0924708671475124
0.0851691247471722
0.0769926411932439
0.0943137819804815
0.0863218777055922
0.0999185875514609
0.121859079527441
0.0768472154348711
0.0956170249673188
0.0792978028244241
0.0939773374602821
0.0909603752384412
0.0945721147573477
0.0805193117904435
0.0994080158189943
0.0906308093783561
0.113397001461105
0.0989363629797961
0.0967810910659699
0.0793165104778968
0.100349609837505
0.0936087931692317
0.0813646979164706
0.107539903156473
0.0889614850421598
0.0952837142035587
0.110274909097545
0.0936154228634001
0.0727911548129498
0.0901484261045991
0.10344991143697
0.0941182459181385
0.116332821759127
0.0783246323522165
0.132705793764356
0.096025688113966
0.103694953751446
0.0985793358849808
0.0990769644086802
0.107998449322796
0.0937189136849131
0.0928316319287424
0.112260272476634
0.10896339607234
0.113499145366997
0.10688096682225
0.0769824414655799
0.102148895707279
0.0929963175445632
0.0715571023650332
0.0947571973684062
0.101146080627533
0.123309909729326
0.120729877085875
0.105813577577394
0.102664681337323
0.0955425681198121
0.144093579402953
0.108530375999998
0.102714756312786
0.113190546285789
0.0960811216809894
0.0750210971805699
0.0860618696883398
0.100294487163657
0.0986742298818799
0.0801019461048013
0.101978324217712
0.0992821251643653
0.109829643752494
0.0898490298283252
0.0955408157018891
0.103688420640502
0.132211221535913
0.0931439796476886
0.116386167950318
0.108751031965848
0.0820849062516546
0.114256945674133
0.0914371716012458
0.130879575749486
0.0893754725234544
0.112923089034002
0.108456102114075
0.0822487774963401
0.0932631222692167
0.0986440880566757
0.100398601451137
0.13540002578682
0.120347476560928
0.0856251284330225
0.0814242051918096
0.116110764658953
0.0992291636812881
0.104560698600612
0.0845566126644836
0.081176415097136
0.108171958669987
0.0873495653835709
0.0900135562885878
0.0868345604729352
0.0867232999403511
0.0827738806132255
0.109793335234449
0.0888431434746001
0.12549245037272
0.106596482133868
0.0846573449288998
0.124528422821641
0.10984594244678
0.101679412133449
0.0923038065943164
0.094074899280742
0.0843195101682259
0.111097014874841
0.0878690735306878
0.0878244335372446
0.101244197673094
0.0804649067579702
0.108260614372996
0.112808673985798
0.134144971325483
0.115756499827953
0.104895196342897
0.09313205995362
0.0932654356510993
0.0969010865812459
0.0864221016813071
0.105060816277075
0.103540916919758
0.0867295369748298
0.101764297519657
0.0909109503892381
0.0899998581852294
0.11436065808796
0.0865213667344222
0.0827493262359016
0.0892757454865299
0.0757948513113954
0.091922367813742
0.0963632081137655
0.0929065018681244
0.115087040074822
0.107000081481225
0.10275497586794
0.0883487574288389
0.0772896502625647
0.0677670689848349
0.0873482577033686
0.0805915407857806
0.0954677657471714
0.0950372257488998
0.0829581440619485
0.0760330964464234
0.105266914766427
0.0888253869021592
0.07998048225407
0.0934380473173431
0.101056361676796
0.0754575127358855
0.122623047082689
0.0917482042501105
0.076514404689316
0.103261577273253
0.103991863524187
0.106498280454264
0.104365991462244
0.0847938855234169
0.10431058298144
0.0891508244550757
0.0727086870578544
0.0994132851235911
0.12065042660474
0.0779831238579146
0.0781402874093505
0.0890825723703819
0.0830801545406081
0.0848722482073997
0.100068529795976
0.0736290147790041
0.093914997876527
0.0836711213560697
0.0655068771623162
0.108092884261076
0.120350253649965
0.122828427761723
0.115880414470355
0.0744426252758415
0.112955649005781
0.121137183320222
0.108343331456376
0.0959678989194611
0.0918513909914221
0.100911955118147
0.0991307630907363
0.103868614999618
0.0985954464115688
0.0996623265909538
0.089820600131369
0.114193868803636
0.076578529660761
0.0979073710694254
0.0883048578040837
0.0991704346749583
0.0773148911797067
0.0979289224524852
0.0864889702574067
0.0842679861662747
0.0845123402342034
0.0926636208153364
0.0968528311229752
0.100073387062332
0.103381300198954
0.0883945723018297
0.0587903221422089
0.0669510032239971
0.0826913213178399
0.0736509685054506
0.105717456864518
0.128533026756921
0.0822732530485611
0.132667504188327
0.109151054431662
0.118441081271799
0.105026182522581
0.10353489816362
0.101879594635958
0.112822411499838
0.0982507629607786
0.123381008897577
0.0894122514832349
0.10664996434856
0.0851622514560586
0.0900250429490614
0.0856915653866338
0.082811244984454
0.0719217797959521
0.0815990284073071
0.0988406222250473
0.138310393258457
0.104111661961276
0.0751264316370784
0.0799904159229693
0.100010215663355
0.0845859276873209
0.0883077558467169
0.11865944570201
0.0864332508266052
0.0731851217589636
0.0918183103908937
0.11029179368625
0.104259793219993
0.111742856702876
0.0788724218322366
0.116012748093874
0.0720904627603001
0.108652534496996
0.0875875506759284
0.0940029021928336
0.0846910299800064
0.0968492293253473
0.0800929223839609
0.102538990117731
0.0986957898798423
0.101879543909591
0.109134999004694
0.130146761147192
0.114950358124296
0.103764176993752
0.0808373633011685
0.126169645435756
0.112481552655108
0.132810377095567
0.0950412184968933
0.112862984653686
0.0882053556709082
0.103629525643274
0.0784071939106747
0.0944733600440463
0.0902759308800558
0.0975888159294789
0.118564052405565
0.111206676490618
0.0974919425227505
0.0967180600533417
0.106507265092461
0.0894343011341005
0.0848680213857922
0.0902455678835126
0.134525473832477
0.10758063236135
0.13756040918871
0.081425092373689
0.122897391542344
0.0926520836249544
0.093318772842054
0.0760843948059527
0.0816545405136972
0.092648779996065
0.0882521827269191
0.0993486267721039
0.0748281513929131
0.0921360649230101
0.0821135797588336
0.0910978946096419
0.0832167435418341
0.0949003666213747
0.11642579244087
0.106940165564626
0.112342147486731
0.090484337964096
0.0846282408703793
0.0916614750381786
0.0903692028398532
0.0733936578065335
0.0814400928932171
0.11643891140728
0.103214574018074
0.0921595172818914
0.0920260636566878
0.0866468399011822
0.100510390776592
0.0995114896051817
0.0883281112196466
0.119846080777035
0.0954411774789642
0.10735015884624
0.102643613155225
0.0973098517810673
0.113356876835944
0.0787842818739336
0.102549968217601
0.0977877747923533
0.116527574588973
0.0890708357735838
0.0920153711461674
0.0787862617982979
0.0912860653169754
0.0767877075383808
0.0815422074822381
0.0801033273770975
0.0985232962977387
0.0980890799474366
0.0938171397169309
0.090238310721189
0.123422793803653
0.0941718936736788
0.101700238537205
0.0837717162747975
0.109123406897139
0.100987479202003
0.0960374908241466
0.0844774831871871
0.104406065435543
0.0866490067765477
0.105858290755801
0.117348504701657
0.097313742850843
0.125542349699307
0.087373685032895
0.10181152312247
0.116982106240911
0.083143324122466
0.117874082443362
0.116058729832565
0.0871681984419142
0.0710385663269134
0.0756565212160519
0.0892282937222982
0.126441302154563
0.105102723015848
0.0898768274914193
0.133325138477591
0.107317607899408
0.0972371469743839
0.0923845406969654
0.130551816359734
0.100299757038048
0.0926151764681394
0.0840949693455712
0.112780559912305
0.103725422634326
0.0943048543730393
0.0880731647803771
0.0996362182329563
0.112968284421295
0.0998767423130122
0.102024850284598
0.125130786730387
0.088248450858033
0.0880085038649815
0.117145710636429
0.110332822717421
0.104149103400741
0.0939032633854491
0.0819842156622701
0.109790406645984
0.105945962987189
0.0964863859800978
0.107761919354701
0.104572491363814
0.0841070628296337
0.0878557972346544
0.0982559111435304
0.117928300038141
0.108331227330145
0.0917575663479419
0.120246960550161
0.100422255573032
0.104418716993611
0.0846293235687783
0.110399484988374
0.0937648573744948
0.111359172018217
0.105164748209402
0.0803406294118757
0.0801123795288961
0.0696830269168233
0.0954332038898701
0.0973678280674208
0.0928676503811112
0.0906337539585783
0.0905022684197461
0.114672645687672
0.094274441394979
0.0962925657472323
0.100299970924874
0.117303474963191
0.0898233562599942
0.111392080439724
0.129602870028358
0.118355095800494
0.100879525903284
0.127409025885855
0.109460944375253
0.107477893367398
0.0980682765817468
0.141820903362389
0.118416259245329
0.112941359667175
0.0953466199531698
0.0915860785310697
0.0950677814559006
0.121969419335767
0.0879749700579268
0.126753721659565
0.103819895142254
0.0963021521382216
0.108871140618538
0.094534827343036
0.111837847505752
0.100917755826721
0.0979284704117102
0.113065319664258
0.109235571967314
0.126273495612623
0.134022100150641
0.127074739652905
0.131976434108137
0.0988558742647816
0.112658223822437
0.126672530099105
0.113235525673934
0.11317976006998
0.102609432395604
0.0940535874338656
0.0951895233672442
0.12353785475347
0.0854208026661298
0.110429851660317
0.0887782571775107
0.0943613658158008
0.0996618131289395
0.107432913211163
0.0987080067266723
0.105621451216323
0.0934247874178377
0.0815021994306188
0.123509355559483
0.103931294376496
0.123209895980916
0.0878603101624126
0.106120857912707
0.119262364168079
0.108952800727819
0.0891504643871006
0.0807106990811195
0.0799907223426465
0.0843798090454276
0.101363769988543
0.105187552585708
0.124944288732374
0.111917390094976
0.103148636268637
0.0881065209593114
0.0958102415803669
0.100258120915846
0.10259392916227
0.107817829527841
0.119204146077474
0.108543660439518
0.117400026279674
0.0990847714385251
0.10051489954358
0.102546681660457
0.111199244249355
0.0946010818007692
0.11301072854719
0.0994292395711117
0.102481391452406
0.100359630190475
0.111977576145467
0.0949776935358004
0.0904497142036487
0.103765091369521
0.0860632169301634
0.103839456437887
0.0919880872376383
0.0849646906366456
0.0863568863113831
0.0745508842617757
0.0972781937488734
0.0936177502909353
0.110488517712834
0.0715810852817443
0.0991285197378245
0.113968912726634
0.0887185409503668
0.102168412844053
0.115607365928778
0.10998174392843
0.109293063032356
0.0970919573259157
0.100994398179222
0.0835407723081576
0.0957949716001183
0.0957863963954012
0.0760642320922308
0.102168513934008
0.107688931029554
0.1064306802969
0.126105260289139
0.138618614352084
0.0935011755721589
0.103288393949623
0.108066690523423
0.115091336185641
0.103541757344616
0.0747826274690525
0.0690908376798369
0.115647522001903
0.109538427015577
0.0989946057127045
0.0975289963615667
0.0959093648017246
0.108848389098016
0.103282783731132
0.100895130151154
0.12872155085497
0.0994090637194938
0.0680419892222874
0.0953480592940831
0.0982056528098735
0.101128810962113
0.109649227699009
0.110077696596737
0.0950128012864993
0.0946174004439502
0.1141139699944
0.0984387553916406
0.0848807413953338
0.117559013029797
0.100979978991914
0.104215676243703
0.103688052663779
0.109652876628432
0.0855353966192516
0.0830889976005485
0.0993718045171129
0.0800439888139445
0.0786788148450646
0.0813976635790791
0.0899624873804597
0.119024352967898
0.102396345196211
0.120860704069946
0.0909968140602255
0.0937778433470284
0.129170488851261
0.11161067203075
0.0896752267415738
0.0914649790908401
0.108288702498477
0.111662829674763
0.123328368137091
0.101852279822318
0.084608577351662
0.109394621158231
0.0838010987121841
0.0996724576994506
0.135051310164103
0.122130599070303
0.0998866248174353
0.101901993506383
0.0963687890610879
0.126487652978184
0.116846134918343
0.0967013408853685
0.09874024685328
0.114088989813924
0.090805941873724
0.110942647499861
0.100403929456169
0.0951397297413618
0.0934791447492054
0.0994593074658756
0.0899754813283751
0.101219102347109
0.099933367502967
0.0912101655660519
0.102684498176195
0.11336021713042
0.106346542821097
0.0936985779385031
0.0963463049166121
0.0953098285553772
0.0763740350344434
0.12889670739005
0.134365170736975
0.118657051897321
0.0847373909868407
0.0919573099703327
0.0908534458186544
0.109224737959051
0.0787498826990361
0.105280341621341
0.0938536732393536
0.0932492541358589
0.12166575470525
0.113611374799492
0.104798930067462
0.105575201513315
0.0864816464099941
0.095838820560408
0.0983281429034642
0.0866495115459731
0.09144410494672
0.104570072142713
0.101702559986519
0.106344247314027
0.101115052576237
0.0932788829071403
0.112853697378202
0.112396203358114
0.136152106462677
0.120024885446582
0.104423810412121
0.0960980848913775
0.0899793081654818
0.113701641398782
0.0966139410890282
0.10096345689073
0.118261541387963
0.139169919262852
0.103678932635956
0.112821706896927
0.0957659791168045
0.126873974052693
0.123388062535799
0.119397525492756
0.121757080989616
0.103151133533982
0.122862161238283
0.103403071836891
0.101429111487959
0.0980086786754977
0.1231341724729
0.0868604060421957
0.0981668581441595
0.104480001425176
0.108885366044729
0.0984183894685582
0.0852130736753779
0.0876842681789855
0.0724211803890362
0.110720128129254
0.0999055561504148
0.111564487079617
0.0932481943625113
0.106694406724764
0.126607663330156
0.117674851262623
0.114335292141536
0.0923468721201942
0.0851784323967908
0.103344608678111
0.118562225720104
0.0901348920934942
0.109239455547776
0.108990703447867
0.0980289794663243
0.108272520538196
0.100014441381412
0.092173410270414
0.0990096860249764
0.125362807816883
0.100439570095803
0.0942018505866352
0.0827996690792899
0.0779900590591501
0.142238843198753
0.0910659097973224
0.110055176493345
0.111801814927771
0.111774991489268
0.113964545315039
0.11721941489876
0.108355293501834
0.116107793464945
0.0851475209425919
0.0852491928907924
0.096434853819814
0.133305451886007
0.0976376622882552
0.0916520218316701
0.107093122761907
0.0986448344584097
0.109482188619449
0.0936301896071799
0.108539050165355
0.105642937093303
0.0940773781767142
0.112080048659776
0.108014826734037
0.127774816632883
0.110840474477661
0.100630998240539
0.0993827700946281
0.132813514274854
0.110427621745037
0.114513517270265
0.10551104498924
0.0956904380515298
0.081558739107739
0.0682006304922791
0.112404151522188
0.106435841694628
0.0938981907600928
0.0943957130245378
0.0943326101285542
0.107533909888249
0.103271119400118
0.0965264013452046
0.0799394282172558
0.0859613105346135
0.1072989380427
0.115648115386751
0.096125458524693
0.113651741268158
0.110599926584593
0.075954119974515
0.0780675230416621
0.0929261352964709
0.0954217204031899
0.10086068762136
0.104573559295385
0.104357441843903
0.122541152521077
0.106724217113476
0.0917096124277988
0.0936656983997218
0.0876206927971994
0.115391214033221
0.0990870699843413
0.121941497522843
0.0873884492697631
0.0941902973169146
0.0943528299854298
0.10471076497993
0.113111493019488
0.118647253756752
0.112820303370066
0.099931654875166
0.0931916912710767
0.0786834075006006
0.129100728457292
0.101471911601797
0.120100245991917
0.0903450283020133
0.0977717853794469
0.111280403313279
0.128173435339517
0.0996410033987533
0.101950449390027
0.0980618449636273
0.103394387216533
0.0861299958208208
0.0596927668278542
0.0952345388072079
0.0906638674222273
0.0771248945504539
0.0997726620791185
0.0824026274915898
0.140186608582969
0.117944417199444
0.114341774152514
0.102003283335943
0.120972478427654
0.0987414707862355
0.109500329913208
0.101071797347656
0.0812824171911995
0.0907839893007685
0.0894545961902406
0.0898596224338512
0.114336940484426
0.105672729851537
0.0860012354439924
0.108288222009379
0.0822148381756711
0.098902543444931
0.123715238823353
0.108284556471235
0.0987496207763673
0.108116091903831
0.101939985270327
0.092210941846152
0.114771639420074
0.0979530137015706
0.121825042648979
0.118207318633994
0.0983517212517014
0.109104459760278
0.0831604607068507
0.0942489161020607
0.102591627220809
0.122720578044545
0.127024344278238
0.105925762725416
0.138078681398259
0.109484133051915
0.10958979639899
0.139942634747719
0.108002888403885
0.13843010249174
0.106828785983656
0.112426589470023
0.10759872850203
0.108649876806737
0.0959620356477419
0.102815214790203
0.112571047979957
0.0856079399767041
0.108456338197009
0.102008828515883
0.0765308052708165
0.104950217921015
0.0951987401457721
0.111652953350756
0.101702056710488
0.102853977445019
0.111100818956029
0.145622516550709
0.0792856110799481
0.105271937532607
0.099084650379799
0.0863297842827908
0.0985468658753988
0.122845389609873
0.0923892437985259
0.114249578916638
