0.17
0.136267707944285
0.124346215270283
0.139133981949249
0.191315376363426
0.127970062013339
0.142245192927399
0.13755411325451
0.0974437782964627
0.117374584421566
0.112705122890963
0.102332719644164
0.0741728581598886
0.0869401204806679
0.113118932066391
0.102884595623544
0.129068366501599
0.0994516259577684
0.117692734471407
0.0996255433672668
0.0783191127451305
0.100611562520501
0.0941690070230365
0.10064003678744
0.113688769196729
0.0891793695814892
0.109611383426235
0.113605710640713
0.114457486157647
0.0869212619188884
0.101604784051152
0.0713588000228734
0.0780447343569686
0.0907606797120012
0.126894252576282
0.112133323894782
0.0969099476904114
0.136725533060412
0.113237843535511
0.100262259314536
0.104159000468045
0.0959730633881582
0.0785456882371054
0.0989112065628654
0.0857775507978107
0.125123693494381
0.10025614560028
0.0805781857623177
0.102959262291249
0.126699406282554
0.109776075598316
0.116438371866717
0.126817745979846
0.105152013729104
0.105958659920281
0.138622671525848
0.0942194533819138
0.126035272159698
0.117290984818645
0.073677653047689
0.0586395803019541
0.0784707340140904
0.0832069157780364
0.115548653236769
0.127360900721573
0.0952097524480962
0.0688741887228374
0.0747078244805687
0.0994804441278539
0.0933532510722594
0.061542987889289
0.0910263103845812
0.0836930734067502
0.115471747872541
0.0979857446143531
0.0982116375335052
0.142207314400128
0.121551079545091
0.0863820708296143
0.0940480882204263
0.107779921538468
0.0958881550865053
0.132045576284849
0.0982141606459764
0.12852865581411
0.099126074119661
0.104697675995393
0.115273317145236
0.0753336004097764
0.0810367655403253
0.103104150956999
0.0962045470208317
0.0960356843279692
0.0934266248589196
0.124640943793938
0.0914471179607569
0.0609730685430909
0.0824265577677574
0.0892973522807649
0.0975118698978297
0.0846552297839402
0.0711718443066934
0.0912052047451301
0.0919151796031314
0.0834436259455692
0.0964122816649969
0.0841550292704782
0.0922453559726487
0.0845917222736171
0.151356450155075
0.110571130469119
0.14396896570325
0.0982005731876769
0.118693995457003
0.0782439371238211
0.0700246544324716
0.0772196487221233
0.0875345022969923
0.0737756672507523
0.12979608248102
0.10224777151509
0.0668564309462933
0.09270100026854
0.100438030164327
0.100003524758942
0.0855516786209314
0.0612981131804611
0.0684469227227946
0.0817051860506197
0.0858951063907146
0.0783894606419159
0.0939709226887219
0.141356285283848
0.108549591871605
0.0817951205668845
0.126737117981352
0.0967551655628371
0.118133973951056
0.0847397091517885
0.127840936539147
0.117406437547306
0.143066344800282
0.093110002789865
0.110831113235693
0.0825826310625472
0.0826158410004413
0.0717337965220926
0.0639509808906735
0.0739362073234122
0.0879520185766019
0.076440641272029
0.117851270116201
0.130247570955552
0.120948266090314
0.12799136082283
0.0938987728647443
0.0851929969423893
0.0612682092917338
0.0868843609328462
0.0871158399582476
0.070167019529106
0.090798279528953
0.101241828013968
0.069458512375205
0.0694282562851353
0.0668522486474438
0.0893191968616554
0.0885087105262103
0.0766305376019133
0.0628442289769614
0.0718143458049612
0.0748153448868237
0.07565213218747
0.101458854346992
0.0751675535275656
0.0805706392532323
0.0918508136470377
0.117772988317839
0.0875360385823895
0.0906119408934697
0.0968410819767114
0.0729233064971885
0.0866490184708687
0.0900731676911786
0.077133088306555
0.0957108118199761
0.0782957692188225
0.114695224696116
0.107581160362421
0.0949288932555939
0.100429526375384
0.074163614237875
0.0647065690012214
0.0612103411636713
0.0827316546740887
0.0968648281362296
0.0901506021350282
0.0911697895802855
0.120774814930575
0.103700048210299
0.0949257290497719
0.0763092571160729
0.0778789903549535
0.0796626161573513
0.0884216496671968
0.0795027128465748
0.0831511781461573
0.0876372913539323
0.0884306264645159
0.121616273397123
0.1014497902641
0.0871177812534945
0.108867707592587
0.0875037383241407
0.0886477215170907
0.109537864802348
0.0922272412263177
0.0897513255305695
0.0751680973303002
0.100825317092397
0.0923396817604057
0.110367541250402
0.099922611744673
0.112568402405785
0.0855535609263002
0.0809839732893062
0.0693857295944849
0.092432146297488
0.0830438331208345
0.104295207015509
0.0975886211812124
0.0850332188692847
0.0903006529797168
0.0659154770785024
0.0915304930661432
0.110403892003926
0.0808560042924424
0.107432500788152
0.0834417718265105
0.137573769015605
0.116373318995412
0.0819966361498224
0.079515700594263
0.0766362195032406
0.173831449603074
0.109859648086311
0.138129271789815
0.144079026700374
0.14106038615089
0.114037924726201
0.0806640743291606
0.108227010855101
0.0839343010880348
0.0805481679685659
0.0715230013576676
0.0835485193711315
0.0865935850823805
0.0791269639715191
0.0857691284270283
0.0883239858371423
0.099648724416958
0.0832090277532835
0.125543157701356
0.0777813647914225
0.105826560923316
0.0800768418364419
0.0674196219961822
0.083377325899776
0.0754175620226705
0.0792930959287607
0.0813056878877463
0.0916562343127489
0.0871839722185722
0.0735756013186452
0.08596205535444
0.104412945330183
0.131057947826028
0.114065062702268
0.118016745198876
0.148007904295023
0.119683069758807
0.137589498783004
0.0966448632606355
0.122347011010855
0.127841271448353
0.129854599080588
0.120930063957963
0.105482057803665
0.105916551133311
0.0997746788389522
0.0696006706962374
0.0733700849408901
0.0807348300022545
0.0829434007513942
0.0987129295397425
0.100541759240219
0.0818767083468036
0.0681862867116164
0.0944661074665949
0.0725049238573064
0.113920004105652
0.111603755531652
0.0864182760188777
0.104995604428916
0.0960033009862632
0.106731431266691
0.0837537372263552
0.105174411434061
0.11097890815636
0.0872239429680398
0.0566893274796874
0.0846711678489218
0.101947900666887
0.0948992976596626
0.104877189089146
0.10079112206362
0.110307069799182
0.0949053215988107
0.0882787514104398
0.111390884284031
0.0812610289365793
0.0527400327545208
0.0735416443197916
0.104237756852526
0.074513999169696
0.109199756599639
0.113459213529961
0.103819349550833
0.071701761890474
0.0759358237238107
0.099095504367195
0.116589162023189
0.0816422651901843
0.0808096016170923
0.082238969660098
0.0951269394821344
0.0919666090616698
0.108367350729496
0.120294510659358
0.122194301930266
0.14143058412618
0.148363813983036
0.154861332593147
0.0965543180253188
0.109330438351794
0.0873063616207166
0.107000045255461
0.121025970815238
0.080568855433553
0.0901174023494163
0.10479520957824
0.109596536633816
0.140567282497356
0.121337049055725
0.102662564660182
0.0915800789869665
0.0989246444530385
0.111008403163751
0.102497703254295
0.11373070676268
0.116616335257804
0.089288612733154
0.130693582576841
0.0799516266787698
0.0880276873944601
0.103139297517307
0.106909300738774
0.133188418507189
0.107543987770658
0.100150045181564
0.0862690026489092
0.0923006127735983
0.113628149882477
0.0708348096735288
0.0787708708066315
0.0817966314518492
0.0926763179101125
0.0770999992798305
0.0864764235365103
0.0849070062606644
0.0977621123434113
0.0911472178048104
0.101273600356767
0.110535581283006
0.145160367877085
0.0661091162200499
0.0822341415442044
0.0896598808285935
0.0816060273083027
0.108672298982647
0.0777556019482803
0.121521203001176
0.105984123547873
0.0945510194175123
0.117255190067852
0.0705048610052189
0.0944839100188484
0.0997116682652737
0.0868458535943274
0.0832617317533881
0.107800952488449
0.140489103684721
0.118696384711163
0.0960617041707261
0.12746708470618
0.140970661759482
0.0744169278345285
0.0996029084976375
0.0715641995977
0.0615434530967892
0.123731683866378
0.104286283556107
0.0878118257727347
0.102213435225173
0.134650409753608
0.101805207260464
0.108300195092609
0.100622686871446
0.102828308842698
0.112248100473166
0.0700801245411092
0.0929198558049263
0.109781511714199
0.0988795098194101
0.0948195064323426
0.0704697677327454
0.104946789708098
0.0907010175529592
0.109494015638701
0.135304994274256
0.139246413663845
0.128649078289847
0.109847093830224
0.14542102516911
0.141681880919958
0.119500426559363
0.106860335154784
0.149935042952273
0.14595069018165
0.127157287076035
0.119447827613403
0.0864743693675824
0.0905134055428878
0.131057820778035
0.0598982091849614
0.0632910374146922
0.0777796719599509
0.0939278022555287
0.121731971770176
0.112795521259218
0.125436381833347
0.0784829301710169
0.060973123349232
0.0968971921102647
0.0887820502231802
0.124050354939621
0.0805704736222771
0.0799832013084597
0.0952673027684492
0.0975282604539477
0.101373731557258
0.138325813260743
0.08234941925738
0.109893863888418
0.0910722105812709
0.116447431479384
0.0784982360401978
0.0920869434132484
0.09901556565153
0.0852042754095475
0.090467059389042
0.106278225664087
0.102453713760515
0.08947590432645
0.0733703529032469
0.0942429323305265
0.0878097587279814
0.0851269243976686
0.0864398357388176
0.102797696476375
0.0874262894650407
0.0756341134382881
0.134797761278719
0.0814352656093129
0.134084145316346
0.119314760942313
0.0827727619569494
0.121678245119305
0.0825978547904323
0.157693043105856
0.0907330386996289
0.111387268459201
0.0891540454632855
0.0891126667777162
0.0811477809469526
0.0960036106343939
0.117479240191545
0.0972347928429686
0.0856949545510189
0.0810957202381473
0.0913464077044605
0.103964327484747
0.097733478594692
0.093738327698343
0.0990962050325722
0.0831635729993462
0.065826337142374
0.0736010700349307
0.0980530349646599
0.0924178245758331
0.0695104531012375
0.0942442195029285
0.11429024649131
0.111601393308892
0.119207044664336
0.0894435976004727
0.0762484937548025
0.0684355742799244
0.0831785354072247
0.0779203125168402
0.079685431793076
0.102558447224483
0.096626611729637
0.104488450878558
0.0921356265769493
0.071691684714539
0.0769071554653058
0.0942685565240926
0.0817547017689809
0.106759650839777
0.0762188710040696
0.0705888209098268
0.075682681824205
0.0782523723853552
0.070789784506866
0.0925274371752758
0.0840869696138724
0.0903994162219123
0.077538872817425
0.102109258608355
0.121892281036782
0.113865426575872
0.0915915318171121
0.0918320150430619
0.0896885802848423
0.0868862320919139
0.126251518738676
0.08967383409088
0.0901892723826814
0.0806283426430063
0.0894194608700518
0.0757210851183011
0.102047164610926
0.0642557079869633
0.0875676868210585
0.101773918092867
0.0981931818262368
0.0902734995570313
0.0679087798930779
0.0843152144616539
0.11955635224782
0.117260471890457
0.134449267449681
0.10104835511511
0.0954781012876607
0.118545681270578
0.16961658070744
0.0987834096721437
0.102986836722626
0.102536092484567
0.0839004594527034
0.118621115495441
0.140525693541443
0.0959862174018231
0.0836342951536773
0.0856266844543844
0.0926077314013311
0.0988363216230831
0.117742493811918
0.129543026117301
0.114070898006907
0.143141734446085
0.102844063078336
0.0929565040694246
0.100051724633851
0.0778556282742063
0.0949355443569
0.108249860504674
0.100019602161195
0.0865742602980671
0.112703979015239
0.12570276280604
0.162632509339841
0.142002959437396
0.12681286376916
0.158198347284999
0.116245534906134
0.082860365209293
0.103642659067903
0.109057942315029
0.082320792436272
0.0767682611950106
0.0967254231191888
0.121944125637742
0.128023847061868
0.100938891306889
0.0659775050271619
0.0704389216167495
0.163766959737001
0.108109118018846
0.0757186183697269
0.115376866006918
0.120418916400956
0.0955559773078743
0.0745171887567444
0.103014700531702
0.0862576327860406
0.110451519867896
0.109460732364562
0.148658568565002
0.114059306652297
0.109736326909516
0.101921066383336
0.088141520264677
0.0881770266354738
0.0764098749967789
0.0807196103409948
0.0902549176733307
0.0815315670845973
0.0950791799904776
0.107277484963797
0.147659809584399
0.105269882190835
0.125106752304674
0.089015826170635
0.104146064587026
0.0861334928616304
0.0952741933316577
0.092585711471054
0.0921169720247774
0.0758308578521526
0.10066364795668
0.088990961158004
0.0978942064560101
0.11162968293569
0.0820766278841231
0.140541184970913
0.136875739014556
0.118074104548366
0.1161296302096
0.0922798267491128
0.0772630921441984
0.0892284531709867
0.102899477545912
0.0780697151679024
0.108317175928013
0.10934625220823
0.113580856632985
0.111150997267199
0.105692837995488
0.0908171773142547
0.0935019311053104
0.0929188745276807
0.0793874359904376
0.0804876327719839
0.075775490124366
0.0831192170031129
0.0734773512501893
0.098598136608547
0.0737532695162132
0.09232244413241
0.110392802234541
0.133468564642532
0.0742689420587625
0.107679404204917
0.122905374665519
0.0916160902805187
0.069045939966805
0.0915945579844719
0.0930775181657021
0.087184429149088
0.0704710121024968
0.100498495659454
0.105417854264138
0.132591517234057
0.144891487034248
0.102270963569544
0.0983848012922124
0.0931814798265228
0.111875084687326
0.0877681112385749
0.137313586859267
0.0737738251016823
0.0923488964879984
0.101680997967577
0.121788699522193
0.110984443607674
0.116582288917346
0.0878815738090444
0.0800295208431751
0.0922978195532747
0.109493846173803
0.0968159415810139
0.116486023529585
0.129350863573433
0.121008652356346
0.125509871079877
0.114556793964953
0.137200158908246
0.10946275658819
0.0939399464787297
0.0924892385300607
0.100873980594325
0.112221223252537
0.0945388417932903
0.10842048321648
0.102839241893517
0.12042829057547
0.110319698458735
0.0940726411814954
0.103341802530493
0.0951311353488076
0.10594230494869
0.100209305883044
0.140588633002187
0.0820995448828271
0.0822637968374137
0.0976816512189602
0.0849077758943315
0.122900419515821
0.160671149514917
0.103314164673498
0.102657949203672
0.0977687322662382
0.0758480951790356
0.0843307564967279
0.0851372289829596
0.0973934393392952
0.0865118928094755
0.0710283884530881
0.0977253337200776
0.0733830736503851
0.0745762190915008
0.0692302221083943
0.105406555004621
0.0764093449591651
0.0910970017131524
0.112540186555808
0.0636350855871175
0.0624874031627543
0.0922681795471157
0.101792366336293
0.101282387068333
0.095194991270611
0.0936062803680496
0.0846900362096931
0.116851698297017
0.115809937619076
0.102252517091868
0.070578815254271
0.0826452715460883
0.0853940123454748
0.0854224984769556
0.117589255933193
0.116222768091306
0.12013144485643
0.129606419301903
0.111599658237031
0.0886764781878289
0.109101402251236
0.0801355155625677
0.107143830860703
0.108402623429292
0.114772037132235
0.102325065245457
0.0900948452992403
0.0907153919037829
0.115292211412331
0.0838414810911693
0.111167198431825
0.0726001032758205
0.104440670497001
0.0704624644412197
0.0889838875423897
0.124588850910749
0.100439972649158
0.097207276559544
0.0943972181797922
0.116842435799873
0.108815719849874
0.103305117012476
0.0960768785081076
0.122475263294477
0.11122249990776
0.100648047813697
0.106545098536691
0.116739360403779
0.0842833133558908
0.091180963762743
0.0697613557048529
0.083962933287439
0.0756557023714114
0.11543376971356
0.134464974741707
0.12262065336742
0.0840886520048634
0.120669608850232
0.109733782727249
0.150937100027755
0.118630009426661
0.134877554062472
0.0982034514187492
0.0829445542719586
0.0976846187477847
0.0944261800842676
0.124937004170333
0.125274230975176
0.0964425508114832
0.0909544864781654
0.0971020456314445
0.0773898101501164
0.0830092956814869
0.109255460237476
0.103764869388906
0.0913391338010067
0.117633984416252
0.0882193497354693
0.0887143396900605
0.119745399489546
0.109248119964221
0.108869335375832
0.0872638823459272
0.094113719764231
0.0928306729818725
0.093376026212727
0.103543220706719
0.116520467779944
0.0980365710192158
0.10221763904826
0.168023302416335
0.113357077133052
0.0710623207991724
0.0852053628320235
0.089594462543093
0.112871952921616
0.069730007125442
0.100835744825424
0.0904643350109201
0.109575854229929
0.0887985678967489
0.0841978553338577
0.0584445969120895
0.107547312515785
0.0932247577034861
0.0875222934838833
0.105080788648248
0.122174665808249
0.0850439831056183
0.121830438367414
0.104563682133636
0.0977560648470442
0.0795545851996979
0.0931564905597094
0.114065163661445
0.087091521430705
0.0907110656365853
0.11403425758591
0.0840949832007274
0.103362247683435
0.0819592532838217
0.0717078448711995
0.0957843715897642
0.0793918962507815
0.0951211924555476
0.109998742545403
0.11774795075046
0.100290798884156
0.101555452266904
0.0707807643818115
0.133902813709081
0.0944709569654632
0.0844267297767838
0.0904298006322738
0.0944465474532088
0.0831332200181375
0.11285865086104
0.11055657087464
0.0827840436655379
0.0701756980105131
0.112648754021353
0.0848792492106393
0.0808674406979522
0.0552952682507346
0.107562821192924
0.116490879768965
0.122461999600431
0.111566040794077
0.107052375400136
0.141940717726836
0.0742899189564134
0.0751465184985294
0.0813293921530169
0.0669575033262863
0.0803748172813494
0.0960023458934535
0.0972541115153064
0.0807283252566298
0.0717573014818492
0.0632425702358027
0.0964109249388815
0.0753414881364106
0.107833606015801
0.102007260111612
0.0832793731946552
0.112260810626312
0.100625286229205
0.158945889501456
0.10573994419485
0.0923874375172348
0.121156704979278
0.118969930465693
0.0919864308119127
0.122946040821765
0.0806063051712568
0.0789556771270175
0.0866371241087576
0.0935346211728142
0.0815350231041448
0.141122705856471
0.0874068969756304
0.0844153978026365
0.103060263185214
0.0940221654040664
0.104342026910758
0.149537627454163
0.111109913443178
0.105106876529898
0.0900681885006874
0.0939963525211876
0.0761712090885552
0.117062569328134
0.109139143901212
0.0964125893293369
0.0935686618655394
0.091797015265397
0.081745020924764
0.0860880411591396
0.110161604026114
0.0850471404138057
0.12552954276039
0.0681982937693142
0.0801526828309903
0.10060980555285
0.0896308554053835
0.0827652644975336
0.0942618565746801
0.0930635971674213
0.103270918733114
0.0780985323582998
0.116274534923755
0.0886411398222511
0.106518533294506
0.116709872208078
0.0835611480176639
0.10026193695718
0.0853436909813926
0.0770454839819242
0.098310630087054
0.127023056922897
0.109226257548089
0.095614810691122
0.128996045450682
0.0981470141568346
0.0828169359402635
0.0670742069901736
0.0625138780415412
0.0873049572084197
0.130465529516529
0.127512570377851
0.1111382722769
0.105510077229801
0.115787814256212
0.0917356922512922
0.0819410413957723
0.118531365849991
0.096847976025504
0.112513867098533
0.0780481644434361
0.0945775387688752
0.123778830639464
0.104418682165629
0.0748947407072053
0.101405730353249
0.0656240175961252
0.0852033299135078
0.132179039872668
0.139139811281709
0.100748552253117
0.0742223993473872
0.117589838787633
0.0948642098161093
0.0827038289640034
0.113793339421297
0.0933770686709213
0.0745584887204105
0.0636885847907793
0.067996054140822
0.0717787776538721
0.0937836854111375
0.0972887728842786
0.129516913107031
0.155397874466817
0.0969019327827874
0.0959266797455098
0.11326526451842
0.0966485316992814
0.0766706711347698
0.143114113184526
0.112102504989391
0.0861292072440132
0.110741847980144
0.10231786707931
0.109420698365249
0.101530557183319
0.0800563716922638
0.0656183064303545
0.082395379519774
0.0814960740085235
0.101500279851462
0.0889573747989731
0.103103989501719
0.0877878349809241
0.130499873146605
0.092984739519808
0.0831729593955691
0.0954360565053381
0.0972808420762072
0.0815638382460098
0.131133988082274
0.0673006873669757
0.0896529245670534
0.105896230876652
0.141651021117175
0.0790829884924702
0.0978735291015816
0.117621771590254
0.102796988421005
0.100835065319801
0.105364244593019
0.106045429166426
0.0733262489666635
0.157294931656676
0.111965807887882
0.117286109851054
0.0753646118647687
0.126102937891658
0.0903856660956653
0.123355507358268
0.0966916323871817
0.0868509327134793
0.0914979902522049
0.0818215472734417
0.0990011393665646
0.0988183951297633
0.108615912889786
0.103143945244638
0.112433977510866
0.0955683247602289
0.0679594022333548
0.112378070932597
0.100206829380764
0.076829585119183
0.127224323075371
0.115165587998683
0.135422793401587
0.0854574439117761
0.097651987633757
0.123953511953455
0.100699393324337
0.106268707275883
0.0837145553518037
0.0868357753185662
0.0754733105301484
0.0941843724950306
0.0998281659049914
0.0678977375861235
0.0713529760905127
0.089096457346969
0.104829901835395
0.0663874200715006
0.086673264543308
0.0915647482901852
0.0796971476181792
0.0720158912294091
0.0745895467589691
0.0926606704496057
0.0892053898460499
0.10744782282363
0.137827247864917
0.0841635630726467
0.0735691140987155
0.0958172134195036
0.124656794429144
0.12076320318247
0.103400946330033
0.0831210510204758
0.0861552365236652
0.119369250156013
0.096624895229699
0.0857666523575637
0.0777965769154435
0.089237531809586
0.0748535225505648
0.0583269272299901
0.0703650547052105
0.0798769636888831
0.11928705175953
0.080558945228625
0.0998327325559476
0.107097478365756
0.0723370096069045
0.134177848880916
0.0904142727891235
0.102693909717735
0.113177582814576
0.123769310494862
0.101509793079721
0.131107636255326
0.0735668648209413
0.0669102562195384
0.084849051524708
0.101588331723798
0.117944890519091
0.115135468925769
0.079970442234703
0.103460204216398
0.0768757688347773
0.0764502319485897
0.0843539689896333
0.0931048268142173
0.0868689920791947
0.13026618275917
0.0822163353069647
0.0931023179403145
0.135463128507202
0.0804195371204225
0.115529603927253
0.0949720863906124
0.0892249009886009
0.101092031847892
0.112382939849964
0.0914135266307498
0.109582733679687
0.116157936680408
0.103914618017591
0.10486738210065
0.102778779046683
0.0915931170319673
0.0815893935080477
0.13221596560582
0.0740306153930907
0.083621870673092
0.0784642186281894
0.0836432273218349
0.115176541596372
0.0742044580658558
0.0810041858526569
0.0986143897491399
0.117427752014634
0.118739546875591
0.103619580059711
0.0897527508083462
0.0830709278699432
0.0913860990788336
0.112909705066058
0.101475026182816
0.097206968939916
0.078067669831495
0.0892064067089271
0.0977052342575086
0.113620018558629
0.0948156059569873
0.118751633012304
0.100481223841456
0.107007115349761
0.0956076369329315
0.0871333646253683
0.117695763408499
0.0877516705590377
0.0952096618517305
0.100434344561644
0.106301595476806
0.0726449167995654
0.100395087605636
0.0878210331940645
0.131317564856419
0.109374743982975
0.117810745415967
0.106641647964849
0.0955074666466601
0.097225240343949
0.0876600351957746
0.138611473749489
0.0793463785545563
0.108129480174022
0.0797252494883856
0.126657087626686
0.0730466841048937
0.0825835978498526
0.108524942864207
0.141752656817376
0.109704291679131
0.115943659557713
0.108404719334159
0.116616714287941
0.112629975181663
0.100391887102112
0.102145956822649
0.073177439415939
0.0867832816368165
0.0683399510339032
0.0760557587517592
0.117983763746432
0.0958642052382808
0.0946541453698092
0.0881942876828026
0.113364325005694
0.0987130088798718
0.113327544497467
0.149062703591483
0.100762731198213
0.0953239377570683
0.0970003184633561
0.0884826312674517
0.0655910108505863
0.0681183976320813
0.091793976711355
0.0919921673697537
0.147944100768469
0.113725747042903
0.120516374076607
0.089203418898645
0.0897072167611044
0.0920520065986847
0.107465038805367
0.119755524662188
0.0898434316391361
0.0735637475087284
0.112157770674138
0.101712198109806
0.0904923232965765
0.0577979510286943
0.101084204385724
0.088230281368255
0.0847146587170792
0.0916857671123261
0.109156936164251
0.0837812417404967
0.100768642622699
0.0746394496401306
0.0716893853985414
0.0684922246609807
0.0927107194379139
0.0776401709498572
0.0706748244498427
0.068756156400425
0.0927043213456664
0.105614295410439
0.130399854345231
0.113746038274791
0.123449855762801
0.127182729900242
0.0781096438754886
0.0684942061884718
0.0748084936682312
0.103546334064736
0.0929244503001635
0.095048695513679
0.0711821987775004
0.0816373406095036
0.0932896110103084
0.107192559639252
0.0853412490748919
0.124398726404043
0.0866697491420915
0.100408268057728
0.108196531561808
0.0954460106927941
0.104491765804999
0.107726823481465
0.0587994147332082
0.0748640060452326
0.0851021642571115
0.0943546381459917
0.108357025522172
0.108169326750603
0.0983451913577773
0.0963653714645669
0.115681929202133
0.0903018918321328
0.0880157680269394
0.0978152268329002
0.0912254691970093
0.0716938239212252
0.105141363460161
0.123049938698614
0.104316420675062
0.124666023188717
0.13153338279399
0.108829040052219
0.106893712158337
0.106542805954569
0.0766456002997421
0.0833381316499968
0.0787569351851684
0.0733772785819134
0.0786903398347737
0.085770487032007
0.0860765648026458
0.0658176303086812
0.0798451309103998
0.123625750446204
0.0705906149436492
0.0880904322223392
0.0887106473465179
0.103692433333001
0.136890639749715
0.116533147744416
0.0694629093028819
0.0860597111277678
0.0766051542515265
0.0872012922778123
0.0697718823871258
0.0869460755833639
0.137743886523147
0.077716107613741
0.137457071197618
0.0985822419851914
0.164040150313247
0.0876428153059275
0.0894507484982592
0.0752298412150048
0.0696354042213032
0.0871350251338731
0.0895656089000103
0.0884784878877047
0.0964358594073955
0.110467559544022
0.0975657564613504
0.0893024681328896
0.148726105819545
0.102027963015638
0.0839430982132905
0.0816265573514151
0.0854929234474185
0.11459149241849
0.168180302828798
0.120171221671467
0.0721615636839148
0.0790882936477818
0.0876597465506626
0.0838098645184534
0.0773207426912594
0.0910336268743022
0.110436604171876
0.0972527807070629
0.106673485298649
0.0920863508802175
0.0905324877951179
0.0765649030779935
0.0666310327746889
0.116153889011249
0.102224115243843
0.10935330318911
0.0913550799497528
0.0912972468557758
0.0928421494279987
0.112889549551178
0.125169288414693
0.132990392893802
0.140139633762879
0.0707143117718838
0.0686065830496029
0.0661562604836863
0.0651682866063756
0.0760059666177795
0.0911489486143823
0.115153919003752
0.104350921152466
0.115571155951453
0.129009523998397
0.121679217175732
0.121627844831464
0.125027647253864
0.107034957760262
0.102340207140341
0.0880638861305975
0.0811012243743418
0.0969041092236365
0.0944413339747461
0.0782133705300039
0.140735261492539
0.113200960548176
0.101736606652504
0.0726458636463578
0.110543278494327
0.0846712626563299
0.100923782353739
0.108779005548691
0.10358006073643
0.104765464945747
0.129328511068466
0.0989276771274898
0.081887450878101
0.0851286943816205
0.0931891944784927
0.10401835090016
0.105389000584262
0.0787242024894828
0.0861435125428653
0.136595042202771
0.151799871997628
0.0827352942853459
0.0722210925857131
0.0577446263989942
0.0647017306570754
0.0742375392725821
0.0860053181737641
0.113151315636056
0.111108826244899
0.129013835757791
0.0747649200150637
0.0735523513914976
0.0954901227654457
0.0906112570655043
0.0983780583187367
0.0984495318197867
0.0812803464971805
0.114367329065912
0.0914102532079481
0.0777947414734535
0.12109889921609
0.0754802180885973
0.0769846222868129
0.0706690677437966
0.0925720796706798
0.0834421283993291
0.0816167245224738
0.0906617197948421
0.0970405270566273
0.0940693868749322
0.141807686238794
0.111824008534384
0.115465181084987
0.139640846621627
0.0936721734917243
0.085332458832555
0.131496397576019
0.098191580841339
0.117828098951119
0.121367455559246
0.0801812464596188
0.0848069642917636
0.123803502236548
0.0728082337713648
0.0893237129450274
0.0909166310892943
0.081036733918068
0.123893706248541
0.1335541342157
0.0946726336797982
0.110420880185418
0.0960734208685439
0.0956769339815753
0.0792084923145216
0.0857879414180362
0.0876580264344704
0.0927186053288464
0.0797268180657566
0.12696362796323
0.113347172468935
0.106193444509154
0.10058392072386
0.0829308817959961
0.100514204520237
0.100437838833111
0.0863926779893638
0.0924646136134231
0.0868764171790899
0.0668951676439989
0.0603774289480323
0.115558148420662
0.094655326741917
0.0822696697740428
0.0698415157241224
0.0935813203474834
0.0996199688858369
0.0786801150528006
0.087299736804344
0.0899622670682131
0.0910683586547837
0.10066669830105
0.133290087817713
0.107542269767358
0.085158126876356
0.102391865339901
0.0727296218129841
0.0938516652203329
0.0953484187997856
0.133720894834396
0.116547567102004
0.0973624117428865
0.0782195653301729
0.0799498145362074
0.0708083180031796
0.0887359087287316
0.0875908195649592
0.129700342013572
0.0800852877152746
0.126931193188177
0.0999432050643863
0.138144750934627
0.0944707231299
0.0908186184956644
0.0948381938086905
0.0751243441380069
0.112261431679618
0.117970270006413
0.106665615029669
0.119313942886944
0.078285626348082
0.106800494281809
0.110494469014596
0.0797099533761031
0.118436321636792
0.102116806759146
0.0898046945687904
0.133095886898028
0.0829435233821674
0.0985624629032063
0.11796546509784
0.128509282322035
0.0930883837142649
0.0697336756267487
0.0881953635393592
0.113539249905178
0.0745081605447722
0.114000945751119
0.0830474034521336
0.0929267042305031
0.0849161834476873
0.0918805587723445
0.0889115216417874
0.0777839385720259
0.0884388094435099
0.103628088021401
0.0991061933500943
0.113078795823879
0.0875341323155411
0.100018573319347
0.102716823888172
0.158628563383303
0.113413987805929
0.0779516675413925
0.0948606693194264
0.0895119487610688
0.0823108716866953
0.129029653692098
0.0795218252274895
0.0689827448154539
0.0992167213835581
0.097093118164311
0.0971351232510343
0.0768376441538557
0.100061075469128
0.105031459642299
0.0978411420723073
0.0996242119396888
0.103191133066869
0.0910951257938974
0.10109470970185
0.125266516252386
0.119191256340632
0.101419067700971
0.0914698587285514
0.111865897081406
0.0903791959042409
0.0822961655342744
0.0657098904128598
0.0701912153321842
0.0850517735656047
0.102512152306998
0.101219139207176
0.116938976750194
0.124945467698292
0.0892055716446571
0.093289150741333
0.0830398415679564
0.122394483184726
0.0982244874489778
0.109390718240198
0.108834804397943
0.117138364562946
0.0947952856840703
0.113100726548128
0.109900519488066
0.100443978779748
0.101187066070514
0.0942110524098659
0.140266715639202
0.114575955200841
0.0912183535232561
0.108864592628289
0.111113507985581
0.0794518594012359
0.0664058759522755
0.0761944561787226
0.10198221947285
0.0974175111355279
0.0939617114735141
0.0941275552309762
0.127926807192891
0.0807697207252669
0.101082082092356
0.074501863767121
0.114264173589412
0.07125957626983
0.11138271638686
0.0845964473767181
0.0860628123956552
0.0598384441587725
0.0582782300309553
0.0947111028141663
0.0801343324344258
0.0826791973980899
0.0822993711603983
0.0857141476489722
0.0672405687600313
0.0787400457406552
0.0872897077828655
0.0640524701833922
0.0703102569116638
0.102274875500768
0.0936804862467129
0.0798180352498821
0.0925333425412516
0.100986788281816
0.0716081363381753
0.0742171393038482
0.100042273498949
0.101407378392045
0.0931895932959038
0.0899768923420472
0.0838295349054658
0.0856517324600092
0.116607363430884
0.100331926853721
0.081478483378201
0.0863594878956687
0.0792048576246866
0.0946355680479549
0.0775717143573547
0.113190804390791
0.109211604748407
0.0767608597567488
0.0680440665757991
0.100827423813161
0.0734859242758638
0.0955317666896558
0.12652050716074
0.0991969395675255
0.0794685395811439
0.0949778142693032
0.0888685146845993
0.0901846597493498
0.0791640745268405
0.0738141837644443
0.0661022678106941
0.0819060639117001
0.0646762502272637
0.103334879637832
0.101301477094908
0.0789210959506085
0.0742259928946888
0.0867416158395309
0.119117450476664
0.0783344841192612
0.101747352547379
0.0891497762896146
0.128762643510166
0.0963655415262232
0.11435049639834
0.125634203848563
0.0977269029998219
0.0882410591002352
0.107013326453718
0.105165990248938
0.0899591003455373
0.0959487925803622
0.079242022643767
0.0771360657466031
0.100319746834802
0.106415658085893
0.101773216343377
0.100584913253615
0.104410250091389
0.098642794055447
0.0836463519017061
0.0871161521184288
0.0839034650559192
0.079774710204526
0.0996260558967501
0.115375873404223
0.0867390019259784
0.0973120434146424
0.120093525220705
0.105968680372322
0.120084223382154
0.0715397327869043
0.0849915950652355
0.133978853540796
0.0843235604308844
0.109999997149202
0.092262641660592
0.0795835423077325
0.102162424154043
0.0964465585391664
0.0771016625724741
0.0929047390046299
0.144229376037623
0.102761971635619
0.0932645428503875
0.102307753080107
0.102421983193167
0.119758150303872
0.0872450954806734
0.0750723398674757
0.0932927516032926
0.0729203816836249
0.0719538745625906
0.0914927395899227
0.0752594005514639
0.0876245339550288
0.129191690512991
0.111492810122154
0.108769034264396
0.0833097863517435
0.0955392369187113
0.138027865689126
0.0978434184369232
0.075034097263966
0.0945494080009645
0.0880106766324296
0.107442290322155
0.0735733167977204
0.119884127688937
0.0871591481691093
0.106932604195642
0.125256946469602
0.110574737777411
0.0619307761613715
0.0948130989402895
0.0798202001883523
0.0914363319734772
0.107776074118813
0.125138615035084
0.0871854027852509
0.087875612767927
0.0771702115878189
0.0672497668759432
0.077272503252134
0.105884472294265
0.0780028041658036
0.140157546569523
0.137959750177444
0.114773327920597
0.0919463115649633
0.0858823853744729
0.0836559527906487
0.1080661080622
0.0959499289256443
0.0956068922802298
0.0805372506780831
0.105360835393105
0.098108340930519
0.0799502629029252
0.119744822094851
0.0945952304366265
0.0732567475368836
0.0946884452660502
0.0706192336927485
0.0989507007238226
0.0725723858685492
0.112340373939262
0.122665637894725
0.0883425794887037
0.118472958732258
0.116276041026625
0.129252698011214
0.131163973974092
0.09527931671574
0.0716169203270907
0.0984370304852855
0.0785336126539972
0.0769203410406405
0.0931690535200186
0.100846333968857
0.117114200821784
0.0782506437097667
0.100367240872744
0.0693929199787099
0.0867335825654731
0.0986426713330532
0.0883119238686313
0.127930483623914
0.0912101462152003
0.0815477924844626
0.116515670185901
0.101563378819855
0.129978019127047
0.125778750172877
0.0821784491652397
0.103740423135048
0.0937875348203516
0.0910315281229876
0.0966252999979477
0.0882731232133956
0.0793246808190423
0.090290974077104
0.0892065350674323
0.107740000761843
0.114035666093124
0.108414956823599
0.0992534699533808
0.0906650938147386
0.0878952950438791
0.0875352693348159
0.107596610996146
0.0956398373112925
0.133045561197436
0.135106160576995
0.109878186535546
0.0932923788336368
0.0923004172687998
0.134657700378315
0.121891366628424
0.0972707008857454
0.0811719210437504
0.0808938177715318
0.0911716840334917
0.0894617310447188
0.106875414558952
0.082059947835042
0.126079288237424
0.0854080892003578
0.109117614897682
0.0816801836364941
0.099444031393717
0.103148073224012
0.109647572916542
0.0765574330538938
0.119311836759415
0.120002045410012
0.0703787894184573
0.0879344984684937
0.0691017592142184
0.0871811221006744
0.0800182106611948
0.13599909283723
0.0808628668738713
0.0907464622811872
0.0736329678508873
0.0760357584923966
0.0905540086617226
0.0877867837620069
0.0777391752188327
0.0906879743175114
0.112522276014532
0.106354711162395
0.0726526868414013
0.0715211110285148
0.0888266194096998
0.131753440274553
0.0926957965273684
0.0946238993427198
0.0938375884089834
0.101324605077496
0.0982723976127822
0.0912154875158305
0.0734932382598013
0.0633188788061229
0.106880388967281
0.119535301298858
0.104977038410582
0.0915280347757978
0.0733813731841153
0.0829477739309767
0.0981085459215395
0.129050745937594
0.119442577479623
0.0785942768036926
0.0800067507320048
0.0990161972897823
0.0747120235681392
0.0778135734215371
0.108693517890879
0.132466905506481
0.0998772392820655
0.0800365316851402
0.106064768790038
0.0902496906005671
0.119072851727528
0.0980220547128212
0.0966556007006513
0.0955692533922984
0.108912005334338
0.0839349925581536
0.0959856838662543
0.112222513148608
0.0906823114065404
0.128352955491546
0.0817416729388541
0.138143611407362
0.140652731244266
0.0992208443069894
0.109139144359142
0.0808105002860354
0.0916943424247147
0.102641961062555
0.107002685144302
0.102991496514753
0.114974391736625
0.119582052084486
0.0880074068243202
0.08186034552602
0.129645207390619
0.111438503072637
0.101845513615444
0.0842211632103091
0.057296900629534
0.0997721167831073
0.0889967508765366
0.0828226302830422
0.0832206786125406
0.0814952184756359
0.117111783047156
0.0702985692560132
0.0927468674006291
0.0964753894355276
0.0882272686707955
0.0886867875399653
0.0828459589199839
0.0815368518344715
0.103492873931817
0.107108901120734
0.0799122989307987
0.081742822675242
0.0689316715640656
0.105937112530562
0.119730853447419
0.142484038869793
0.0841764424309911
0.0927879683907475
0.0718534130392228
0.111731242265239
0.0746923056718105
0.0765747665094136
0.122654763460336
0.0883006099295639
0.112937255040692
0.0855036668955987
0.0649768643188749
0.0783647539048768
0.0901491028733766
0.0745946011062222
0.0594235782841475
0.0824936205468435
0.0850839770394355
0.100381367351161
0.105238655521528
0.13411347816771
0.0920167222582449
0.0932375254335324
0.094798254381777
0.118864502448489
0.120326620566208
0.0884341409071627
0.120463960812866
0.102937674914648
0.107575307971307
0.11701028886819
0.0951421979604706
0.111951795177508
0.0931593285835683
0.0660968113477224
0.103043349698591
0.10347376542442
0.102582397959691
0.100721015412506
0.118123077719948
0.0752153794376229
0.0866536013881285
0.0834162113688079
0.114624981848174
0.112746700941238
0.0761475804635639
0.0994836390578944
0.131811928217573
0.0996127577697849
0.0797834610212066
0.0692328152624465
0.0852387612072756
0.0727162893691126
0.088403425782765
0.084624276494188
0.113442542159028
0.102092841840249
0.0828941896418462
0.0989350419962159
0.123559660522966
0.134625778920004
0.106997364495708
0.0913096302272945
0.108097963858175
0.127086802024929
0.0807549774616329
0.0807408097857446
0.0809880265261434
0.140845813655374
0.115597901616093
0.0798453130366964
0.0770902415901326
0.0847967423459089
0.0980482313788481
0.0847250039378974
0.0961804527608008
0.0913891672157386
0.136745373624076
0.13645722118547
0.0969432472077792
0.103969330508
0.0874414774355856
0.101204106763657
0.0792905471501729
0.0904854565790815
0.103934086954767
0.100317688521673
0.106767646852949
0.0864291242885982
0.124176973399758
0.114238969475864
0.113325209594319
0.109018237099364
0.122222800804573
0.0855934472382714
0.0846901074865673
0.0927624421704021
0.0907750467965426
0.0899241382540039
0.100226561793937
0.0874896289410843
0.103251578382627
0.129668181582591
0.132855433040151
0.111442193744793
0.0716963108611309
0.0799558360621941
0.0793965512914916
0.0760117241025025
0.0776888318033361
0.132403445364133
0.137631626222301
0.103899764162149
0.103723202154969
0.105752267558663
0.0878371978547237
0.0836935497306479
0.10134039623332
0.102761294420785
0.0680720869535231
0.0730620614498379
0.0984985381856424
0.0787170961262931
0.0830185270938915
0.0763345045811484
0.0786794482710634
0.0995788396534851
0.102421874577376
0.119419619382195
0.105375751612512
0.102723035424213
0.130559195231041
0.121784412425314
0.111873828742861
0.0979992156416208
0.0928878623192498
0.11715796795395
0.0974716849721876
0.0756139957178276
0.0869123198837829
0.0800047300101712
0.0824371146900862
0.121626646270143
0.105673710978175
0.09662048427782
0.101570527538801
0.0912346065877631
0.0868760467213115
0.0855515109496626
0.0910743040658106
0.0854720175017233
0.0736714073861085
0.122921391760779
0.0931324968960722
0.0975624729801228
0.111885080161484
0.10528409111043
0.115388928197225
0.0890307442848288
0.107736428436526
0.109951008966732
0.0770544512515902
0.0732189635247217
0.0903492408203741
0.0679227404242036
0.0798352159582978
0.0786379833105991
0.0754926509577201
0.0916165318236016
0.082275987315979
0.0911095966625787
0.0820035027509423
0.0699818496947036
0.0834491787812429
0.0882902473024239
0.0809758867658199
0.093916363874051
0.0857772765114561
0.101400427497063
0.0849777876982602
0.122215526930755
0.0866874567043333
0.0801610676239769
0.0790412422421346
0.077052452248445
0.0828986266860542
0.0681417591214802
0.0759564292541268
0.0708363241405404
0.0861759865712674
0.0734085306040676
0.0993253049047073
0.102270809758505
0.100183213476253
0.0818332827190371
0.0786769948515178
0.120508622854367
0.127153591507688
0.0992559817006028
0.0981309857999172
0.0799088674834831
0.11096384265905
0.0911745649839923
0.113594035665185
0.103217094986361
0.112726361084962
0.102405873524846
0.149818972446642
0.100528323764594
0.0900501209427622
0.0918223625803696
0.0858089438041541
0.0932216601517127
0.101224187859269
0.098517250355517
0.0899223589542369
0.117148781608966
0.10219259841325
0.0910528873273702
0.132139705236994
0.107014595488055
0.104505392882913
0.103827509984728
0.0873843207293945
0.0906951926440881
0.108907890464319
0.168637467477133
0.148845017253682
0.112709442442211
0.123569517437551
0.0917679057717673
0.0720972384108569
0.0861362484325003
0.082066922373811
0.105918425435306
0.103471605568925
0.130758481281872
0.119466014778231
0.0750982577278008
0.0718911432900886
0.0836867995136185
0.100628857055078
0.113869919582127
0.111971781174932
0.114656003129572
0.108211207585123
0.119574268717313
0.111852669700879
0.137483948182691
0.0933068817173647
0.142210318547417
0.129809648644059
0.116736614731282
0.104697694723731
0.0978167585296166
0.108180567848893
0.0667378694895711
0.0765546544336034
0.0919646832276692
0.10375761820016
0.0858454540499166
0.0958043065335621
0.124000073915681
0.087292249380714
0.0741531134338983
0.105408325120605
0.108034119705575
0.102387930845445
0.071155061377382
0.0870345867882729
0.097914211433064
0.11399912598826
0.102029472990433
0.0739712178611111
0.0782293948369674
0.0977068204353339
0.118926073499577
0.105402599456705
0.0994477332106801
0.130561636780887
0.073094473877547
0.101058204177869
0.0771750900549882
0.0896133016209205
0.0924726857216485
0.118933810863377
0.122545330570297
0.100313646133962
0.072639688280009
0.105434423313857
0.0730436717850013
0.0870746438314469
0.0776798065765265
0.0954328277895494
0.125431024581972
0.0854468846076711
0.0606058189534323
0.0856589929919337
0.0732241559874814
0.108131810978408
0.0971392118199649
0.104078905150858
0.101758162038173
0.092283285683615
0.0835122149793397
0.100174577885283
0.0924786958917952
0.103712168692063
0.0720734346627987
0.119426914851847
0.0739693848999911
0.0995217123510022
0.0799821034479498
0.109999622423113
0.0723741481086273
0.157274847565712
0.094255999328147
0.106145937307486
0.0870902451872837
0.082392610001986
0.0838689571527082
0.111199723632938
0.138850640164089
0.113704095887833
0.160967527171056
0.149884590629138
0.0601551667564195
0.118508535959711
0.0691702440866086
0.0652790628724112
0.082581994651
0.126290875994665
0.103603109054061
0.0990634229750792
0.100632844729567
0.105845163888471
0.112748401620318
0.0912049076631621
0.0841828248003316
0.0967324954902698
0.16813295922276
0.127531343459885
0.0880189761299348
0.13636085450285
0.0950812497983786
0.12045424150394
0.103986674690156
0.0990544824658317
0.14254493981101
0.0847316061594844
0.0798986662708674
0.0997680754027026
0.0957169790110642
0.0968178966887718
0.114922178276148
0.100555823720479
0.14591873690109
0.143593574106296
0.12138861164358
0.088618023061666
0.114084165007124
0.0936962374919139
0.105036011894686
0.11725877695561
0.0762501815354592
0.110930469571364
0.0864500450284271
0.0871475815847329
0.0955359585267862
0.0859681470934064
0.125478746231624
0.0679147044331152
0.101821773659383
0.124798895347292
0.0852998225160273
0.110605350426184
0.0855169207736135
0.0726635699665915
0.073436613848893
0.0723766686389915
0.0909075278824777
0.0961020553729685
0.100176942295136
0.0669597912159738
0.0732818828022634
0.0751038984059583
0.0691623831255686
0.0934869632406765
0.104884799085644
0.105436602083373
0.0897736860342416
0.117127124921859
0.0860294494388677
0.083474104495406
0.122246417880395
0.102453325705728
0.1297995229792
0.102660150499816
0.0709883424032332
0.11308079724121
0.126511863556558
0.149398512796591
0.157547996906737
0.123290611070436
0.122978013113509
0.0964382783130763
0.0719332921065805
0.0725796528098032
0.086086205910424
0.0943224416493857
0.102147686668973
0.110060694345156
0.113719533714327
0.095041806962267
0.0970803522780967
0.0963210294509337
0.0931968171172383
0.0860876663006386
0.0752714105343577
0.0787800452225861
0.0666189328598761
0.0761135705323754
0.09481765867326
0.102580235524929
0.0912683706890476
0.0986336275509376
0.100206820278057
0.135411532088622
0.113797236949207
0.098618636197826
0.0949034595475822
0.122693815573351
0.132515611394057
0.104795835946658
0.122375105379165
0.0659435437076946
0.0787383458006375
0.0800633326132627
0.0956818550508405
0.073648417073525
0.104436510295773
0.0720936902333721
0.0785276650381211
0.0686463210802775
0.0794057718248157
0.070145587187497
0.0914032661100785
0.0881636614335115
0.0868548540544573
0.0762604240779352
0.0953923976563513
0.104760228454354
0.0833327323160149
0.0823170805881586
0.0841191872195604
0.0896561205911569
0.092686546029052
0.0979195094941563
0.089036126776742
0.139683161590159
0.13953020226394
0.0833873728396331
0.0717842806662292
0.0885100442873114
0.102219226477396
0.0673397114179705
0.0745960318857103
0.085451103634714
0.107459834019244
0.0692889884459002
0.0747014844974583
0.0845173239775733
0.101648314735678
0.0952050430633354
0.107980271849652
0.0963631779904278
0.10835565973793
0.130790780641914
0.110821232999362
0.102881868378646
0.117559438448374
0.0785800159512216
0.108960724166351
0.0920498050378879
0.121988921385149
0.104958726279411
0.104114352549027
0.130454607883824
0.100406177908114
0.105368555921577
0.0915140714616658
0.0929880450490735
0.0920689623529444
0.0576675552090299
0.0897878500666565
0.0949543307924362
0.0728661200990316
0.102647322618821
0.0929514762172841
0.119738815132158
0.074756746161407
0.109751463043722
0.0858285416895192
0.0966369920622
0.109766694806572
0.100251282386873
0.106186882014509
0.0954375730694321
0.0889062245193023
0.0993274398371815
0.0763028115398267
0.0931979388542998
0.0825855038676977
0.0834577726460729
0.0865695769208143
0.133381107523112
0.0909698011253717
0.102728786508927
0.0800540089167749
0.0796724372942865
0.0757023057413863
0.0714146321371809
0.0935373331681983
0.109382319421857
0.102637508269291
0.11636480546074
0.0743001677875552
0.0642377484612008
0.0812619029724254
0.0927524200295456
0.0837036352372781
0.0803333852788087
0.0934287563881245
0.113927145390812
0.112631313354566
0.0902321452455759
0.0828239197129496
0.0750285109062487
0.0751377589203482
0.100230099874955
0.0908259865799919
0.0721732312984678
0.0643809760828366
0.0999714199077257
0.087920567195442
0.0982889529425602
0.0978727294752739
0.0806575627847118
0.0907751886978252
0.114759772831989
0.110609318756329
0.0880696295441015
0.0989928992081668
0.0927257881233051
0.0806438547733615
0.110895471009939
0.0671301573967495
0.0862317152979744
0.0734157198246915
0.0960751184947907
0.0866465318932976
0.102911889564068
0.08495222445966
0.0751376428928514
0.0882760399414817
0.105199439039137
0.12257764773435
0.0782462149112551
0.0901858717057795
0.0932839810771752
0.0991722514924219
0.0571315316271878
0.12442984125021
0.130110879832216
0.104516556524111
0.106781135606989
0.0720349012753398
0.0856636886783528
0.115818030896876
0.117535225882308
0.127027895105367
0.105496289036773
0.0992323384143911
0.0635681649436939
0.0766687655772636
0.0688131625064857
0.0908621829921696
0.100258613403502
0.103001331318483
0.0802173098632238
0.0724062382592232
0.102441328001625
0.0928574015103725
0.11063299774116
0.0719121409737239
0.086566551720908
0.114090764733179
0.0900512062996568
0.0928705252642236
0.0906789866649021
0.078362873819785
0.0712523610464036
0.103544314599206
0.0811406293235092
0.124597253223678
0.104656636061791
0.0801816725759451
0.104872288808215
0.0863498247402785
0.0873911392969875
0.0842664226977212
0.116624782268702
0.0940037583283342
0.102582929506317
0.103167298360063
0.0802563907619043
0.0938150377756614
0.120256826206792
0.0950031278918073
0.0956851379898496
0.124534097756492
0.121000553368819
0.111017001218232
0.145484749609017
0.130391272353154
0.105507905513289
0.0979920137957893
0.0755588313023232
0.156372707541289
0.0764837740134381
0.0838842295190853
0.140386518029888
0.0791056503329273
0.0836267792134614
0.0961160890400197
0.0930827493551285
0.0916950804157422
0.0794453775338129
0.113286255834563
0.13606090961863
0.0811131725333492
0.12949052848771
0.097836978456965
0.0985978673818767
0.0915866906178892
0.0972060461520913
0.10674691457916
0.0852616305652184
0.103981463111083
0.098510512635545
0.126485139067708
0.116402265548789
0.103161141126485
0.0824300488310706
0.0777203871665532
0.0925105982959887
0.123841566504137
0.110512444662176
0.116544296442542
0.0975374364605914
0.0921402123801315
0.121737709487037
0.0759452965302779
0.0910151912389552
0.105047059955484
0.0964044155926
0.114869057936744
0.115461710326012
0.0769226262667606
0.130978521266566
0.0990597919771454
0.0914775774527182
0.108551974541798
0.0701248005261152
0.11682682034053
0.0827416013783781
0.0909799203209759
0.0954210566250411
0.120441387394859
0.0872478744229417
0.0832291881261513
0.0651636377702417
0.0610639008124103
0.0708734200216737
0.106481472725086
0.101304799588232
0.0962771376740441
0.116118795960087
0.0937071213671854
0.103522224896391
0.133618156222821
0.0933522545526017
0.124268997856246
0.0842127996603561
0.0939076837400439
0.0904181195128459
0.143443236121881
0.109142899420297
0.0868262600391813
0.0833430319978974
0.144978824633691
0.0998380944931525
0.116969286412235
0.142168338438031
0.115249443300767
0.159953940542985
0.0830152490436966
0.134888001253412
0.0688245345408601
0.0961453008139316
0.11308356686116
0.0766444988653864
0.0968965516319615
0.0972372205478369
0.0727301805864351
0.0819974035808042
0.0993808009289786
0.0833652042297351
0.099890008168085
0.0748232676575387
0.102721333513829
0.0952483836519356
0.117047462044769
0.131592523718333
0.101910908016579
0.0930395912832306
0.111653166157739
0.112095508624284
0.0977652615143065
0.116612680726774
0.129523887481529
0.0915412149533079
0.108942145008141
0.13169542777983
0.103619965949583
0.089893302045419
0.0835692965036296
0.126210992548506
0.109142782644815
0.0917516432190634
0.0835189095950978
0.0871752875893127
0.0983567173892828
0.0810625654794286
0.100882040282697
0.100297028851685
0.100905681909555
0.0875585910620885
0.0975449459183633
0.107377811502709
0.121748362651495
0.101618112527465
0.111435295027166
0.116545984227308
0.158003275262206
0.145154827841591
0.121143021006182
0.143888483042472
0.093198630266668
0.066752795193232
0.0875480432564964
0.0840114842357457
0.0945126928985759
0.0786891677596874
0.12144527685113
0.0974706542814937
0.0721273375042091
0.100606197842214
0.106648356576444
0.138998913720964
0.123484915648836
0.129230588254822
0.093433910351944
0.118126628725811
0.0996176057986316
0.103123590599155
0.131505046617934
0.115673258584337
0.088320447454287
0.0929522824490056
0.0856432022221883
0.0985233801703123
0.105965215152606
0.0916216450943424
0.129734392287178
0.0907087817513494
0.0865796273048714
0.0883012672183299
0.0939100670326684
0.07760339006798
0.0777461589152832
0.0753069330622679
0.085167665586125
0.0810273618717074
0.0939071104100665
0.0891682434796335
0.078964754723589
0.109856845866003
0.0978038373769873
0.0885208063187059
0.124377746829461
0.147690129641358
0.127077305355001
0.104200674256645
0.104329965909676
0.0924825122240259
0.0832773522090524
0.0784505710037982
0.124129840036834
0.0965444394128649
0.0953761301448715
0.0917878624278447
0.0921145424318984
0.097019562803263
0.102896349402875
0.101788951842647
0.10834126419108
0.0758749957729874
0.0946621132385193
0.069352984741203
0.0951660325195163
0.0891102357847965
0.0962225690463486
0.088807271829428
0.0807640846277828
0.059020368656864
0.094997429954227
0.0931487292493194
0.0830132968897369
0.0641510402385531
0.0735834091608582
0.0844251123855065
0.0978564487965214
0.0972469233953586
0.0678917629554344
0.116442809370333
0.09451755469404
0.131697700602309
0.0761847816314834
0.115175614115703
0.10714240579307
0.108575456703086
0.133379156465574
0.107838243008825
0.102824048041355
0.0668505355060362
0.0674309620260852
0.0688701777805692
0.104941011761204
0.0692262456605535
0.106416014438205
0.0890658858014384
0.0658474069999522
0.0809632624335053
0.0826949734344031
0.0805726944003475
0.0991335837238177
0.10263256317175
0.0842812206920951
0.0838718401465482
0.0966195633917392
0.0849118486565008
0.108097425392364
0.0850238085176784
0.0913071190814164
0.0788089995796715
0.0924519540914383
0.0725588676358223
0.0897884003157975
0.0735082414503493
0.0884525500968337
0.0924214725953196
0.0773553546937507
0.0674639055948275
0.0894895540285775
0.118102201594038
0.0843789915060737
0.0719420871256479
0.115615962941742
0.108952507898346
0.111792393019473
0.0962818623823106
0.0928580879214476
0.0835734096759071
0.0779053558315001
0.0930004484847988
0.118874644274972
0.08669624833704
0.0926775962713812
0.0878218210296966
0.114541226772792
0.0942749915991272
0.128445170068803
0.0889614098404601
0.122440861110765
0.136369210207176
0.0822066389132068
0.0780916149751309
0.11027741848429
0.120226233926334
0.109550950170262
0.12908670217701
0.0920823659963453
0.0951595072009134
0.114912521028567
0.137589104066912
0.0698757835626971
0.0702640784075255
0.103957215265996
0.0679583100563732
0.0799201449915096
0.0848841663744683
0.0925557467098861
0.103386422076902
0.0668119848118981
0.0784041256474909
0.0828579726697373
0.0740544768191404
0.0895732623357461
0.0732491085442349
0.10661610092482
0.0898871273544231
0.0739808186532704
0.0683530069648344
0.0871948783469021
0.0773765453966396
0.0798814846859078
0.107490510876353
0.125472459615644
0.086018338406972
0.128227598201497
0.114253602333951
0.12768251325426
0.114055742090179
0.102657689057093
0.0918035127596125
0.127464632909455
0.105813683106209
0.1224839673298
0.107233921471725
0.0915767897536792
0.126370034872675
0.0822845957608553
0.0702951555860879
0.0729569816519983
0.0843942058315935
0.133451292778429
0.122287303221199
0.0951481065833106
0.0983347430265765
0.0725181311322295
0.0893607649348944
0.0860771268887072
0.076761761974717
0.11448944456292
0.0822932217497415
0.103050582284627
0.0839941931627528
0.110281206254452
0.0770491771059872
0.108409119407035
0.0910898192343229
0.0962427077430444
0.0955776686563972
0.098967228758142
0.0735491884467236
0.0800601204874678
0.101735200792818
0.0701753464453561
0.0817786956886348
0.102587478697868
0.0817969972617424
0.132512101619359
0.134370886764898
0.116944404927823
0.0997227172001257
0.093308185403601
0.100272623985311
0.0613298501943907
0.0885771824199771
0.136319873099834
0.133145887761552
0.10132020095609
0.144372306694813
0.117896347433873
0.0912981825009417
0.0914104372848208
0.0871645858468187
0.0798070013964902
0.117705981591316
0.137184843299524
0.111808583863479
0.0992860224462056
0.11684813635101
0.126818884165616
0.076485770799888
0.109122652149445
0.0856588032391321
0.108494114999748
0.0823513934277194
0.12370062724068
0.0843236774029692
0.088828684626572
0.0923756728917697
0.107509204078559
0.10602216877657
0.0881783516186791
0.0848359994793334
0.116693126208921
0.0782770776245856
0.0979583889273888
0.11421931844973
0.0930205520932597
0.131733020640681
0.0819654356646851
0.127994696302791
0.0988501993658069
0.137288557121972
0.0909931742639048
0.123908023482854
0.112771554328723
0.0753941458324112
0.127421478067147
0.0896403738298687
0.0987396256636157
0.101702130254088
0.0769583056822983
0.0753392757877668
0.0942661656560282
0.061516693067079
0.0964328515312161
0.0954756311556004
0.0975000154170862
0.142296351213114
0.127562542354977
0.101481817384075
0.101221362658621
0.0819131697710604
0.0915390204528133
0.081539573368232
0.0841604531066761
0.0700857243942015
0.0799009226061924
0.0839593884533175
0.086085688269468
0.126022049262926
0.145278702669657
0.169349121159094
0.119703572268708
0.113156450578274
0.112396407055862
0.0806082236773508
0.0925524669595532
0.0846517027299709
0.0705096671618027
0.124476244271455
0.112657496697578
0.104671498062561
0.0978152422704194
0.0806496096202701
0.111470202042124
0.0810519078456858
0.0944886157694249
0.0911666164384127
0.0909540176182929
0.110525322057826
0.124718022111471
0.149435698353465
0.082029315794761
0.0750282930491446
0.0915047097394175
0.0880942566394201
0.108060883694279
0.0747213288586374
0.0745276164288863
0.102389253908529
0.0830140009452751
0.117709085009934
0.10651884390055
0.109338235740426
0.11967581078268
0.133145051432786
0.107855403060516
0.0671426885108645
0.0899611729421429
0.074959355134341
0.100841535689191
0.093160118761451
0.132207272826299
0.0855689711122517
0.11583162605302
0.143248174326341
0.0935435437467844
0.123559112433758
0.122901815119022
0.0778425868869532
0.0980901552779975
0.104823211083486
0.110079405779176
0.0866496405990703
0.088497557081505
0.11314898736562
0.0772306506824671
0.11079448366833
0.125325948612927
0.0944880502415593
0.119402354265196
0.0842389376199123
0.0970255156828932
0.103541235106689
0.164680851781216
0.11924337775349
0.083538897815648
0.101600272413752
0.0963679764141535
0.152524396372012
0.141376930312047
0.0952037416057049
0.0799519950245513
0.105953496670113
0.156981494622774
0.10151236737866
0.0745662196646599
0.0724722054439484
0.0667296486534454
0.0657426042571325
0.0764696114564795
0.10043201323545
0.104258320398388
0.0840758107795509
0.0878944356211017
0.0913633147615828
0.0828208999487334
0.101367935910925
0.0949272569239711
0.0724897788761954
0.15528992833573
0.10341945195125
0.0775916320555591
0.0713052754014259
0.116223317954911
0.126750359535822
0.136075396400913
0.107531829607251
0.108317660677079
0.0913247638480355
0.0908811969933592
0.125522516145441
0.1088262065662
0.10778556654904
0.125051648439819
0.127111887772074
0.0934550504265409
0.100216727957691
0.0793979667742952
0.11674652448334
0.111518423579927
0.107808354440015
0.081207273309563
0.0768603383268786
0.0865343576982521
0.0712728341047837
0.121246345221731
0.102167424094574
0.109944661203473
0.0859353623263661
0.0854761978736627
0.104175985832293
0.112853209024548
0.0929182729055929
0.0858873809190405
0.0935703119301101
0.0955332787420142
0.071143930001477
0.128876359394858
0.0959555261298871
0.0855208151555416
0.109571527523046
0.115692568644242
0.0928456565584739
0.111125999978396
0.12779953769628
0.0784477443680801
0.0876632374903382
0.0869093522978999
0.085683063260437
0.0784146217012382
0.0955731930105893
0.0729820572162696
0.0796575121760566
0.128030479879255
0.0865338834720317
0.0849836099116903
0.0820994899198789
0.0867012300408066
0.150717150622704
0.108320488028985
0.0948140609428991
0.0937869865948383
0.0814638216369978
0.0892613693558038
0.0849532149577787
0.0770878454923956
0.0877567602300599
0.0880298910424841
0.0744823966586861
0.0935183768624341
0.0957548125778703
0.130975866525991
0.146045407517108
0.0879133548292056
0.103734030053435
0.0814648454073985
0.105867604520204
0.0808395551373118
0.117084239666678
0.0893467883323204
0.0959168187619041
0.0990902911427338
0.0871049565275484
0.0881344516882187
0.0933017985937465
0.124350255239735
0.0893817360588807
0.0723997584679555
0.0989755860105779
0.132093023872488
0.126212047276476
0.0785475181515097
0.0824249918372424
0.0899018548022708
0.0794133459703836
0.119123607218609
0.122838122348736
0.135892237448045
0.108043082755256
0.0693136419515192
0.0794430328937081
0.0901724245552399
0.0770266371522489
0.103718810328281
0.104863252580898
0.0786587704536873
0.0711963277608829
0.0985746318487361
0.091948870954332
0.0744885980071574
0.0966794487620386
0.095839981025738
0.0970816744304001
0.066523323230527
0.0966179853524777
0.144840136039174
0.0863778557184597
0.0760053939089045
0.0839647877427773
0.064800072376663
0.0618249455673597
0.0771739939719894
0.0947128479100652
0.0851607452418622
0.112065963637834
0.106257698067646
0.105015980265549
0.0752788768217924
0.0768170294053648
0.0793349385518394
0.106269349305551
0.0723997431678194
0.0758684754780442
0.100489329696428
0.102035670721021
0.0970505659278375
0.0978333013479431
0.0846110839398036
0.115274364657042
0.119316827112923
0.119540472952537
0.0905289325604675
0.096416933119622
0.129558270120103
0.129893552311073
0.110714871366591
0.0779439284928114
0.0744248036161646
0.100750659250484
0.121728055805578
0.0902608221149779
0.125820636630269
0.105336089764072
0.103856529261797
0.100763914825877
0.0786187259109068
0.0805155203619288
0.106396898788548
0.0684411878492941
0.103488972117847
0.114410889617839
0.113234240793478
0.0839794774728384
0.0768171682649471
0.0957205203706605
0.113591088122879
0.0982059719910147
0.0874676824422143
0.0736581458306126
0.0826136706486397
0.12073901564119
0.140209861953253
0.0719845181518955
0.0941165115871323
0.0805945318013584
0.0926468064900488
0.0927319699928516
0.0955777681056072
0.0975707518112299
0.121443292132025
0.116722820154275
0.097619182440088
0.0640723226218377
0.095743927036966
0.133055818400256
0.108777848046119
0.0726076031544077
0.0803259653692999
0.100931681974659
0.067174084023392
0.0881330581116746
0.0805282133222165
0.0932033647449063
0.142750843327513
0.106735992837205
0.0790309640862363
0.0893928840678522
0.102866280410254
0.100951046569663
0.0839859338760703
0.0741349605122353
0.0906627216400074
0.0800289925012516
0.0781617782381501
0.0816726519001569
0.0777622233930967
0.0641543059136348
0.0683773057407579
0.0975423857951863
0.105913426071344
0.0935959712297657
0.0785653665526545
0.0901135466544171
0.102064472701841
0.114172627631874
0.0982434503014832
0.0763825023129601
0.102503126855895
0.0851831690967553
0.0893965342199466
0.0906802219630127
0.106227567144198
0.102211440312908
0.120752244479463
0.113308622358018
0.0803512709549825
0.0904623548250907
0.143055607444595
0.0895454261676664
0.103788478209414
0.102675123385406
0.0841731484800406
0.0734719110996151
0.0806603476491679
0.0845959469896526
0.083760622662636
0.0849338615087694
0.124751948582915
0.0887674568030781
0.0934827250802934
0.0837052834276693
0.108114131510455
0.085742608477733
0.0946092239402594
0.0947191053100928
0.0704982591127423
0.168502314966475
0.0967942711829679
0.0613636502728075
0.0917272724055051
0.0925809235834206
0.109611092945668
0.0843687050265214
0.119327637556531
0.0848554035921173
0.115380297004271
0.0706009781493494
0.0627512810970995
0.0627716562706822
0.084046688804073
0.105341317410333
0.0796912803560826
0.0998323567624123
0.10017463258866
0.0642565219539361
0.0926532765892939
0.0839001693517121
0.0713890043317954
0.0850769642638966
0.0789900646143238
0.0945853168264554
0.0587770029526948
0.068454515530353
0.0732768951525897
0.0708481508017541
0.0732628823839934
0.129025112826739
0.106788296123862
0.0979471751400709
0.113204545004417
0.0999032072134222
0.096474147008586
0.0996637997434751
0.0873695514999018
0.0877539000385885
0.0939675447267123
0.103259281187689
0.0874516651670275
0.102329249757175
0.0758954103296135
0.110155062733954
0.112885971826813
0.0783952413202935
0.0864521352806542
0.0692008961032665
0.101358416998936
0.129031448958608
0.126719897587665
0.118852559551822
0.101288690534498
0.108848934188857
0.100318839903286
0.0934767581119224
0.0798796851278071
0.0917004718101492
0.0865912756834623
0.078952785074547
0.083089852531608
0.0969297284355386
0.0808962532197063
0.0838938852016192
0.0702673036688046
0.104383069282107
0.0775933642831255
0.127573814626093
0.0774994025193171
0.0938453051668601
0.078496782182405
0.0887687894013748
0.0780719061523577
0.0977267611244712
0.138684286963637
0.132138487542251
0.0995795547563142
0.0998999021529771
0.0923262745917971
0.0987308252122562
0.109072902859154
0.0805944660492748
0.109965423794306
0.0751354074356628
0.0847649971009519
0.0616681518274973
0.0754205166009385
0.0831871546312593
0.0838881524197735
0.114359455004081
0.0863290077325337
0.103129550332622
0.13177089710034
0.108975063020957
0.142256276827157
0.11432849713053
0.0890686755061769
0.139467890700736
0.132940719944367
0.0961828174591567
0.114932357565348
0.101214793928718
0.0752551953238175
0.0989091410166093
0.109648385667605
0.0963591079347261
0.083061310726639
0.0754691944360881
0.100170614062837
0.0990280598462149
0.0940708450553458
0.10184914253949
0.096570077372708
0.1129733570003
0.0853175255409941
0.102163719539837
0.0791590742324956
0.0854838793818409
0.0871095144554228
0.0821087507858945
0.0878962042668249
0.0992095861973318
0.0869604513417633
0.0754501227671808
0.0767488019297849
0.12365589164581
0.11564662218402
0.0999127683686312
0.0718227367649019
0.0747771444575402
0.103607227900715
0.102417668711285
0.104216522721343
0.105026266061842
0.113416192000736
0.0931141086150781
0.103191128626788
0.106262175691706
0.102224564289588
0.107063300721074
0.111165034007443
0.117189694052471
0.0853233410254628
0.136057014637188
0.0976239731752198
0.108432124489984
0.0925690147819297
0.0648642613150267
0.0895047299723237
0.139715168223373
0.111174687700879
0.0897863705389936
0.101813407522932
0.0710680763265241
0.0932119011257126
0.0919156307868123
0.0721336504233102
0.0823760718601694
0.0876982881099741
0.091528425221278
0.0837114089319955
0.168512844672279
0.120902221279191
0.0889685282193253
0.0826354711173806
0.110940684514668
0.0899526574953425
0.0927677606893175
0.121865413684551
0.0636781270507601
0.0968209369508798
0.121817901660565
0.11025954689263
0.116298382074244
0.0974032668398435
0.0700056664180045
0.0808075452183327
0.0983901159711052
0.0806491685103576
0.0896962199774989
0.0998302825924813
0.0986840060359794
0.1010779670425
0.0839243755640802
0.0879088912608478
0.0955171731645938
0.0873181402881681
0.0883721706867995
0.0714981973177165
0.0968415434049982
0.0965539435438602
0.0943906926660564
0.113883923675567
0.0922256520815731
0.118928481985234
0.090441619867877
0.0833955433072432
0.0799394503222281
0.110325221931121
0.0915518371596219
0.0668847128502041
0.0689899187266762
0.07038937257867
0.0701106005815734
0.0961547491940018
0.110084457649161
0.0771643970384953
0.073961366234905
0.0811259365539664
0.105162239258639
0.12123637217032
0.0956624129222894
0.11310088397082
0.099431326889186
0.127769601105355
0.110165850376536
0.126209067596994
0.124305170695583
0.112330042677272
0.110743743359573
0.101654225631825
0.0907503417368218
0.126612172716166
0.119202632887773
0.0665392729462327
0.0900870927269088
0.0896429219112136
0.0914412953594887
0.0822566329864303
0.0731973361710378
0.0844775216430901
0.114504113069796
0.0856463518998288
0.121211054817609
0.132475284553089
0.105682349774757
0.115633225277074
0.0759891374756754
0.093231818079664
0.101116199977194
0.0907870823558131
0.074251490194716
0.0762810047225971
0.0800751806834784
0.0981288432591055
0.0814298198125319
0.0858425307691264
0.0947176171122133
0.104840374749382
0.0629228408402833
0.0816096692664505
0.0861731184253688
0.0992063959678204
0.0786243847212257
0.10438548013631
0.093610554612797
0.0800646575374668
0.0877858908594034
0.113145102752092
0.0977453144674278
0.145523277346878
0.127150708109939
0.0896308281315621
0.0881670495972531
0.115581544257418
0.117974809863389
0.077200860422056
0.104362215429488
0.140190912450664
0.0987525001300656
0.0814470354495303
0.101732212292568
0.113308985178513
0.0876495866347293
0.0771245679495671
0.0740175003775403
0.0713666767742024
0.104266119786546
0.112124594388149
0.114981048105907
0.106610092807676
0.0873831471655719
0.108512774243347
0.122650218495533
0.126182055337311
0.14097398147607
0.10278619765379
0.118575276771246
0.0984434518840853
0.104109319379931
0.0723010936196172
0.0932216546322327
0.0733329486542269
0.0775320705105054
0.0733733075079206
0.0774544967467124
0.0749814027692556
0.0678889544031171
0.0691914416543243
0.118481287171013
0.102621802044097
0.125154206668177
0.132813659346245
0.0761999669996814
0.124621840147528
0.101553819037208
0.11279462595706
0.128646889781852
0.101227145119823
0.0816592870506729
0.0841439424984477
0.135642528977677
0.113356952291875
0.124388671544696
0.100353254623
0.0891595066417864
0.107754120252082
0.109330999142897
0.111015230667177
0.127426278231371
0.133364416912158
0.116255687009411
0.081335510918058
0.0656166607996831
0.118600404109054
0.129792901579095
0.144522498073208
0.111669164613607
0.108435458395696
0.103587622551448
0.116719554597658
0.124592732775532
0.0793789587988677
0.104856959759016
0.111743462844719
0.107340434680465
0.107609287513476
0.0883301417581787
0.11522193094204
0.103042906668667
0.101871228231941
0.111138817917703
0.0964865501726959
0.0988827317408917
0.0921054886128101
0.103211371780752
0.0838415832471254
0.0805261299871991
0.0959725067007099
0.0707464520748695
0.0899245632529715
0.0812657668940269
0.133047338643183
0.101657218758469
0.0919287127380582
0.123158256568272
0.126513596521068
0.085368755466159
0.0711084728931383
0.102057386096921
0.0801516821759554
0.100056331453589
0.0733999277839684
0.0880380043255378
0.125456089943577
0.0816960210480806
0.0885270130436494
0.0757102803397663
0.0993038161684363
0.0815593810995855
0.0985392675999631
0.0839467529861304
0.0967932565004972
0.0743375622481271
0.0914541711483233
0.108342227732941
0.0968908532543851
0.083516956298772
0.0869928923576565
0.0917738581494404
0.127368734489562
0.0931863436902685
0.101152355288167
0.0755166751245289
0.0926819562370985
0.135577215203081
0.0810053947072266
0.0744044381228249
0.0805453915871747
0.114727832618072
0.0986861419816061
0.101270478138754
0.0712308646055583
0.0915092890159774
0.103857597930288
0.0769924775296982
0.0811165143683503
0.0824542730423915
0.0728902318147208
0.085762340567475
0.078767920708558
0.105416608911227
0.0886208230008253
0.0607303548919801
0.106260888244314
0.104906154979429
0.0980210494790997
0.0995545643802564
0.074923954719335
0.0781795195774361
0.0635126577264955
0.0720889156320033
0.0888872677129248
0.0807926447482396
0.0596356620963273
0.0811016878603915
0.080790415409958
0.0992475953911722
0.0922444435512172
0.109317932801669
0.130097679228164
0.115443712552593
0.104595541711625
0.0805086269075571
0.107714188666279
0.10255518507617
0.0932620557989754
0.10890245088257
0.100518933572118
0.0891720548774081
0.0867498450895093
0.153367810137247
0.0911281985634105
0.106659414813151
0.154738122172918
0.096317438595076
0.094569666445773
0.0913823554614124
0.0818117589883562
0.103947797941708
0.0713544976956841
0.0749419648354268
0.0852493458027131
0.0851757088209179
0.106797206209912
0.114563604941446
0.107818766067743
0.126432664619392
0.106116053007856
0.10472203261338
0.0915111781587363
0.103722730649546
0.0890461104541842
0.104091172934607
0.118520148888503
0.129288109543636
0.127289258583857
0.108976370521659
0.109363772655049
0.130329432109633
0.100174787959387
0.0993721156823782
0.119965258873536
0.0698528235774155
0.131863419925731
0.0728185880061278
0.0654980892215606
0.098084692188425
0.109695237885063
0.0920368460361724
0.0926154677810566
0.0962796966880254
0.101281703361692
0.12985823804464
0.152076708134753
0.0912312095908373
0.0818414600309803
0.0854685685293091
0.099241237031306
0.0911149156691287
0.121409344344353
0.113470459979253
0.0825751713762928
0.111384923014806
0.0783090596972797
0.0980285825653505
0.105046432103055
0.125867134780033
0.0978497969246768
0.0804165339529329
0.123995554676191
0.112583595964017
0.112594033959327
0.103060287412569
0.1069360862654
0.119245133775142
0.102097708186729
0.101496311080084
0.0991034202666065
0.104931511377682
0.10275146401765
0.100128896584834
0.102119224057199
0.119462510634528
0.0980396412991432
0.0965221297612085
0.112357770388719
0.096351658488699
0.0767773357578121
0.0849007508603405
0.0837478239105574
0.103306844883467
0.095765052951552
0.0860522900438419
0.066800697611251
0.120793181306426
0.0794154945369701
0.113846962506067
0.102610137166265
0.0884910748092229
0.0949071027561041
0.10012943368162
0.110531606219162
0.0609545325229782
0.0656140258776723
0.117704129581985
0.0707128101427242
0.0960297416703721
0.0804141849683873
0.0842012327309955
0.0769457280956343
0.104974700156338
0.0771173478072787
0.101787795609407
0.0975681062262763
0.0853678617596387
0.0757630963520757
0.0989172955342223
0.111878755370652
0.109604387168356
0.0797641939717068
0.0831863461815475
0.0982555103450118
0.109127215592503
0.0715777317736605
0.0915635449268757
0.0815904890522198
0.0678068689345234
0.0949637957667638
0.0849831918292561
0.10952681124698
0.117329512344796
0.11828572184804
0.0838887780410987
0.074955355740922
0.0925450503624575
0.0844648772313651
0.0852802965033902
0.0983762442878265
0.0728053314815027
0.109278281847351
0.120750076528612
0.111619052422859
0.0859481469113233
0.0830830473072865
0.112256367861419
0.109455666701979
0.10397362302213
0.127149000396328
0.093948355809378
0.0952883991017198
0.0970976486646155
0.111626803422136
0.125362537367155
0.122655559070775
0.123782658807441
0.127750879290961
0.131236152424651
0.0987993953956734
0.100362440684903
0.09520540576672
0.0754736176343708
0.109315972722623
0.137928991862916
0.132362970260771
0.130704293819114
0.13503773404365
0.0891111839768999
0.0882445503527641
0.102718021309117
0.0934506990326943
0.115844210991973
0.0712633737441679
0.0784828515941653
0.11125982851962
0.137349266217481
0.116769637000725
0.0850317431479754
0.123269295872145
0.127105944054323
0.126282505331238
0.117909768662959
0.0974387766632428
0.109590772691209
0.112415489291549
0.0748423006380051
0.084989505552334
0.0883640820957219
0.0711194399407948
0.0809335596960259
0.0762039244802441
0.104646556966179
0.0878246340469035
0.103054816532386
0.133950610581801
0.0734336571196928
0.107394276219273
0.0987072730457984
0.106969027792142
0.147209219027024
0.104263788142088
0.173635139795861
0.108675813827516
0.0919392822523218
0.161405531868059
0.118727925497396
0.108216900247468
0.113733189547221
0.0949589673161796
0.0985011065167332
0.107040038434032
0.112848562360047
0.0645479997323361
0.0901519088617983
0.0726170050113797
0.0941605909984429
0.0667649345524403
0.0941469305046708
0.101073070042542
0.101880760956071
0.15319291324695
0.0908627872509078
0.112840285364695
0.100101125519555
0.158552570196245
0.0787226152266478
0.116310477612435
0.10320795088705
0.093679559399094
0.135306706307977
0.160507978803033
0.151226487062978
0.106918325826676
0.101258964264399
0.0773610918679921
0.0899103052344421
0.101592992022479
