1.577
1.88389694684723
1.46338076139809
2.14097937669544
1.95760259400044
2.4479807418498
1.31145678473768
2.44390310670145
2.30437889764104
1.53262522177581
1.53107998756989
1.14709620074744
1.37534440619938
2.07795259972119
1.60012312462213
1.97028846831347
2.36814102644725
1.95916550887755
1.28794100338329
1.1295947548543
1.0138833044097
1.14736513281913
1.54918884616695
1.15600463257662
1.48505947202123
1.0028512097159
1.02197662393079
2.0290076253033
2.28706620081631
2.45385112330436
2.49498128948526
2.48517359081354
2.48160314436811
2.4545869277822
2.46699114640689
2.32988277252317
2.08963974865969
2.1266938157002
1.22859001163739
2.40483516346597
1.27111962744836
1.38330007096319
1.11264984495135
2.10051236378915
2.28867704235527
1.11295314876838
1.15303610118104
1.49645860563231
2.38621478285239
2.43697595179094
1.96716162314935
1.76715771319773
1.76359876268817
1.49011919348431
1.51473745525058
1.52718357633954
1.33699452769727
1.82969092948502
2.01218827937459
2.44195641401945
2.49734260764213
2.49644517039081
2.48434558196549
2.47080107667945
1.92314348570026
1.9683967605345
2.39074726324179
1.83746193042215
1.381712136875
1.62572485971093
2.21547098762092
2.13982919679476
1.59508743556545
2.49037850372526
2.44824235748356
2.48956360581082
2.48558202178986
2.47975763856414
2.20152026797375
2.21418240158724
1.53785221262496
1.52328714569827
1.48055520842745
1.17842892406938
1.95262480224359
1.62920881172588
1.44251653687016
1.27491840091836
1.23772697818027
1.40264869747238
1.28227603658741
1.9632893157274
2.42144601323418
1.93862240664525
2.12547947669341
1.38691262773441
2.06035632553924
1.74709606552355
2.12677982114571
1.99093329534381
1.55588651360673
1.85466889215924
2.06927320273197
2.30336566554053
2.36572211146434
1.43350432451196
1.0702073532119
1.01394022822232
1.0209205764285
1.25534630915233
1.31571973570287
2.17026941329624
1.93348620919895
1.88192112861392
2.34407222699236
2.45771549955851
2.39381528379491
1.86849202362591
2.07374529990023
1.51744867162093
1.9351348412455
2.47315900277073
1.59858780459221
1.79610792692828
1.98049700881952
1.7584651363923
2.17324693769758
1.78889295499993
2.19490073949433
1.56671625212458
2.23061413345853
2.41020278647909
2.39156583522004
2.42842312476854
1.92468835789082
1.92087368680714
1.99696430437069
1.74443459153424
1.91541874849668
2.08488658462382
1.62464257524838
1.86502442783471
2.0163059945995
2.07739359326932
1.91737447596362
1.94515090681152
2.20642015293929
2.04117953088094
2.14823721346188
1.95564965802376
1.74951355938226
2.11790764563201
2.18339383893384
2.27611452132315
1.89556379921553
2.31547718871255
1.45614322705008
1.8635133499168
1.56126805156651
1.70890235906821
2.25406308489268
1.5683385484387
1.83901338323749
1.59502382476133
1.59478822565329
2.08385764276363
1.50667449699367
1.9936172942289
1.85974918846588
1.22546219151376
1.30894456438157
1.6728046211086
1.33651302538677
1.57694412393127
2.0794543808322
2.16430704200738
2.0037823918605
1.74121091100194
2.25099712568445
1.6195995697016
1.68027374684982
1.98906254331681
2.23370560626733
1.35104452402405
1.98713778571364
1.80056185706055
2.25907683115879
2.08237775250744
1.80695106014128
1.33784778920356
1.9271781737915
2.23837103123144
2.17074478654085
1.77237067006982
2.137714471684
1.53294193314217
1.87300327037783
1.99503548732818
1.70656140804563
1.43835710699121
1.65696335007827
1.77960106529442
1.8746927347574
1.38876385325197
1.8212603066357
1.31339893874294
2.34984866593143
1.72994325587522
1.54018185073471
1.81451674333846
2.13061614371821
1.70728495755183
2.03325903047548
1.47183549848737
1.8717071181631
1.69873936739559
2.41770547864257
1.5093462556924
1.48407569999057
2.3900217326132
1.89651152734431
2.20499144209741
1.82989705781104
1.75117660100286
1.95845940399779
1.9875535300294
1.60488853374333
1.76352689263185
1.78556639469074
2.14162922285278
2.10403006075912
2.00861092847452
1.85370960483666
2.11273641737647
1.86625387215961
2.02114312566589
2.04043537078147
1.68320689040402
2.13691109584521
1.91015676570063
1.88668235159806
1.52615627474993
2.0602548104108
2.01339397184387
1.72910468347666
1.94248269920691
1.86536532042812
2.2188344685335
1.92325614296481
1.83844578264627
1.78035102458439
2.04936793941037
1.78203384626262
1.87704965454643
1.6742593649518
2.1038922211318
1.81853437020788
2.04495252351569
1.71319605238533
1.38219786640397
1.72448186683377
2.23962232150005
1.95312749573742
1.86197606341425
2.06098513602155
2.31683022944915
1.70361147687838
2.34209433305022
2.13557569601862
1.72865373440791
1.47566173337827
1.76506924617005
2.07033963919138
1.84800169554435
2.23712255028307
2.26591383999499
2.33843490068501
1.55652655519616
1.06015180630106
1.97896885687725
1.65844954492447
1.53342412267446
2.43686738979899
1.82297181807459
1.61080286587474
1.77859779465686
2.17946416185073
1.47455310683334
2.16378688213744
2.11252116338539
1.30997830847946
1.78900311299216
2.32686991306609
1.67643498719034
2.072349838627
2.09776255101795
2.3380663976909
1.88686320508964
2.3490632878467
2.28775992546098
2.06178286304274
2.19152059248018
2.43980993436401
2.37518524136539
2.13584087879759
1.47881690801636
1.94719761733684
2.20361621939206
2.25354194435015
1.94727059008327
2.17024643316761
2.05417435180545
2.17166448149178
1.68380188813724
2.17735297745708
1.76573087951405
2.22347141730649
1.93149143863383
2.27946269894671
2.03891390330935
2.12717142650549
2.16360796877522
1.84390681006037
2.04737585046087
2.04562870349388
1.50382201203065
2.08675424982283
1.50916742076111
1.90178897932132
2.02053757548095
2.15877568716653
1.84643262661313
1.87923837728833
2.05882807438508
2.04502186730648
2.12533377644331
2.2332366865069
2.209546067909
2.15066010837646
1.82532953658382
1.93865653484838
1.80415454900262
1.51127098229273
2.26040159149746
1.54075226897741
1.75824293137509
2.30186027623237
1.39106117890081
2.00839761978586
2.40706873757807
2.29260530458529
2.25249876313761
1.88399070151158
1.98970977004625
2.13795548825652
1.79548300905572
1.84540760631523
1.85299027607287
1.88035274137303
2.06965564789556
1.61155952886666
1.93125877558461
2.28165039448874
2.3675556473529
2.06164245893895
1.92798162903652
1.81906859869925
1.84596096765783
1.66179184226929
2.11643822744622
2.48221440750142
2.21845269158079
2.27942941524648
1.86803716641499
1.90450803345987
1.38269800906446
2.09377405506653
1.76581180693866
2.36431782524672
1.60467063191324
1.98534297559962
1.82787405106834
1.86392042129141
2.31194156015371
1.75917498666851
1.61243926118392
1.65284913652766
1.96779984437124
1.97309670601294
2.26714755025513
2.30659083653831
2.20873599140874
2.22228663186742
2.24144659000117
2.1278429965851
1.91491291127269
2.22683989358491
1.69710755729956
2.20274418284464
2.12965607571728
2.06961255149858
2.14013263161669
2.09681606537637
1.97384149406985
1.81948184649954
1.60535158047079
1.97361515232742
1.96857060061241
2.18596873989398
2.0890890766315
2.29392646732354
2.10982419210769
2.29013550825925
2.17373353328569
2.16682739657935
1.68641357580788
2.09859016529889
2.22006050043056
1.66620492978001
1.81558530198232
2.24965843315541
1.65730114325972
2.11558725926463
2.08153630268267
1.35234673942784
2.09570050961282
2.30031045600669
2.11850337205618
2.23373663696048
1.89743603038313
2.2199984023267
1.89847844917227
2.34594130572344
2.42575147743397
1.85392194953962
1.97296399904751
2.12026269284259
1.90822794489502
2.15435129110686
2.38832474127288
1.99446085731702
2.10060153044154
1.68366825455873
2.09666355941319
2.10510865033358
2.04850822425949
2.34689261907702
1.91539211276862
1.60860317561075
1.84586221133529
1.82554569750008
1.63024513607296
1.54867169757983
2.32291024014311
2.08969658649925
1.84176166283988
2.0302654515147
2.02430095464744
2.29304117155259
2.34998887087543
2.34127768159073
2.15368535232006
2.27256154955711
1.6577960843217
1.81119994977398
1.78438267038786
2.02476633580491
2.30138489121468
1.9196419873137
1.96975904029392
2.16788462588533
2.21804460287352
2.00248361528926
1.76699807260204
1.67702252173384
2.18701969057056
2.1290758089877
1.49517111551436
2.1137976730139
1.95652369451555
2.36224255643676
1.88473732932536
1.53559657882135
1.43411855237573
1.97170406702117
1.81878382386531
1.84718953099372
2.00056544344002
1.90543188001556
2.10818020698073
2.32327113017065
2.32208275102694
2.12977567594381
2.14953417733686
2.12860555713149
2.11305373562186
2.05294293493441
2.13982552462513
2.12362604018514
2.16607060076706
1.71709875429415
2.12551224995829
1.789881663786
1.72291742669429
1.90064243134454
2.223205595019
1.93935136309909
2.1067755990616
1.75278900530248
1.97257545119627
2.03370986306762
2.05562839315048
2.06756243903857
2.0804644655416
2.16948246454927
1.62289924245038
1.69657613577521
1.83864627714327
2.16241241720268
2.09883735984571
2.17823794435073
2.1437610398743
1.6540948967725
2.35841831676159
1.79709439245233
2.22713346318389
1.79323495127542
2.38889651770552
1.96971500503957
2.28143948753546
1.75881256206033
1.71474248370304
2.0543741735724
2.00150981723799
1.9355725665403
2.02738773132349
1.74928486347227
1.94916628831162
2.1110250306267
1.85753084877349
1.68470948783125
1.36663331786313
1.89153200719747
1.93995820021293
2.04849917115103
1.68812338582639
1.62648751484008
1.30361128590756
1.64404562404814
2.07878328421667
1.562461060924
2.1521430122715
2.14531704501687
2.17590573555886
2.31909938022803
1.57705929053334
2.06868835402376
1.95883136715148
1.86684971780004
2.00436111170926
1.67271132909283
2.20999273403714
2.01872372557354
1.96837225775479
2.05883994938416
2.04093103300614
1.94455864333315
2.0760907302283
1.50081475876004
1.51081308986253
1.69372919784772
1.8629355755375
2.25937370336017
1.61838440147588
1.91781523117666
1.59535793681855
1.81136083056717
1.88471010230557
1.74431490638132
2.09759799043723
2.1282347494367
1.83295248199021
1.40599716105017
2.1748476397473
1.92724138447306
2.0607360778353
1.6868472479454
1.98101822429077
1.37078392725647
1.52202517272967
1.83416445712758
1.58690583931925
1.85864487206395
2.15459781416517
2.09531465487154
2.15050653205904
2.01731622181898
1.85724112943416
2.20601632953156
1.55707562898111
1.54008540307872
1.50615485243292
1.93744068839336
2.38894616465314
2.2651816646279
1.4908981591596
2.04872511351322
1.73505517441911
1.70355209335955
2.45974908187871
2.49793868878477
2.47286146179577
2.28754867376291
1.51637854257082
1.94410850895174
1.32172837953357
2.22279253836693
2.23170987372871
2.01755651575098
2.39750628933178
1.9874803698696
2.38608851344304
1.69955868161433
1.74445555934025
1.71590031436637
1.8759854419823
2.1823949491424
1.89743429322878
2.36188466189691
1.66757862783089
1.75825133549475
2.29788238859377
2.20031301386139
2.41440856511997
2.31649652106444
2.42809740182525
2.02051452866307
1.33239350323105
1.63152961269938
2.46389643571712
2.42744268399444
2.40735151957762
1.37945577646027
1.87937896355007
1.65856480816455
1.52192159383328
2.40135052812862
2.41228198833823
2.35725323040718
2.43109346101876
2.29159151402572
2.18330344520272
1.81506746616259
1.73600048334441
1.0552754180827
1.36804970140004
1.77415092319054
1.84950069682246
1.34731577847244
1.67568454998331
1.06742276327596
1.43097379872608
1.02091737425248
1.00896536292458
1.2164646756869
1.37143592382026
1.82183466776116
1.91301937525258
2.1807106210713
1.98981235455379
2.23225999001803
1.94518600901838
1.10759785051306
1.07862204719335
1.50854120782914
2.06838664890956
1.46252705217042
1.35657638377275
1.70940682103977
1.89193485383088
2.45962601358254
1.70295243548189
1.27213829736064
2.03136225979448
1.44582796902164
1.15221725696201
1.66371454831296
1.63756627053522
1.35142914394422
1.85998641263154
1.49527216031876
1.58058531707045
1.36091903949614
1.98597448193482
1.7724566392073
1.43465160058036
1.08071820629937
1.80022138830472
2.10261546893344
1.68433160475852
1.15257973351108
1.83555072117594
1.27438538564305
1.1329706090035
1.86443915270959
1.18872840932543
1.10967495636613
1.02292262356811
1.06083511937292
1.52815353405148
1.3539453535036
1.52651203032491
1.4504995591835
2.01467034726721
2.23863917063597
1.83002105663395
1.8254987501706
1.98655783500542
1.74016333830499
2.1221633877369
1.69958404767061
1.65534601379429
2.16515121520572
2.14680251714429
2.45112589567946
2.45952154401486
2.21362587914134
1.13114369349545
2.17097296637229
1.25176006039818
1.43326482861608
2.25955036868598
2.14269538807747
2.27486723173176
2.32853019020426
1.99988680521102
2.34409024395377
1.6863652523432
2.11781597475752
2.32977611654719
1.61535292948354
1.91039077142316
1.94789040675902
2.09514332949707
2.17519887419409
2.29609754372316
1.93589393853363
2.07211474911613
1.60810220681632
1.20169800320419
2.02854055294833
1.45484987067238
1.95515940585097
1.36409942652051
1.78222897172694
1.63672191781147
1.49664756149103
1.72685650851037
1.86811187430066
2.00752458146775
1.86990858112802
1.58584769681792
1.41643605900312
2.06496631669593
2.03941023305614
2.42544449282445
2.41912793947236
2.30481521701412
1.4739793522487
1.92380357813018
2.14772403044074
2.45303153248849
1.52125852973486
1.89560561250023
1.78803356549266
2.38028516730398
2.11993921693225
2.42651628289645
1.72659799899148
2.17715668184264
2.02821622761198
1.88539189885028
2.43362405396295
2.08381214229469
1.76400460273416
1.97741554584351
1.50473109798842
1.31289676997259
1.5809131927603
2.22577311217702
1.66437907917803
1.78486735477099
1.54365014062656
1.79308567785166
2.0842252791245
2.11453609486491
2.09939240718857
1.3768141209015
1.53225762108396
1.39419275597528
2.16822259359562
1.89419393378268
1.72697034396084
1.47813371122149
1.91505954579176
2.0554874437339
2.35609362952808
1.77114157879144
1.32727621241095
1.67933418793802
1.87602839384785
2.24505091569646
2.08873129512854
1.52974271247217
1.53142493746724
1.91468019845502
1.83466012097379
2.25362664846864
1.90233052211661
2.02594867887698
2.0395539493801
1.90313755189614
2.05502091300452
1.9794232925413
2.45454597709491
2.24260403092174
2.30082114456692
2.09476178886633
1.64577507696147
2.3359459577627
1.71236032218077
1.9690312778825
2.2685537054073
2.19661426637479
2.09233336567998
1.88876276332986
2.39185460772879
2.08052856972351
1.94343174740325
2.43699314699568
2.47661465842641
1.69035260940383
2.23373621457591
2.31510286979459
1.55732716526287
1.69012931260788
1.37032245948496
1.37125752847634
2.13760502770107
1.88956775435041
1.35078101340077
2.10739113575404
1.21756609902152
1.16100733283774
1.19604733215831
1.85309213650189
1.39182791327283
1.81742249661681
2.18419835085235
2.38925466475483
1.27592525634195
1.66836418774032
1.69375541035138
1.65903782090412
2.22344552586538
1.9629583214219
2.03952671129752
2.13369186699499
1.77398349380781
2.21202864038887
2.04480160607863
1.6047366282205
1.52809071429859
2.08777405550289
1.36541859225934
2.29131253795976
2.41057334245009
1.99445883183329
1.77978594417208
1.7503953733982
1.86515918370157
1.69960534965821
1.69409775651475
1.9473226531068
2.05984510176079
2.39917498173208
2.35988243757395
2.15336999337886
2.2342459730984
1.756664588131
1.87516335059288
1.9200755395169
1.87338726726645
1.99623595426023
1.96644132423811
1.80875283109651
1.93663771589625
1.80325799378543
1.84506470602645
1.58288164014519
1.99649186527448
2.28018763060601
1.890706867294
1.6529016792887
1.79698882546831
1.51708808828515
2.04708435425312
2.09947679035461
2.0182295926755
1.82994170510994
1.28709371391141
1.42836598803732
1.98445096014459
2.36677462167346
2.20100158490133
1.58781084943433
1.78097181124095
2.180757188163
1.87991653157587
1.5400196907783
1.4183874268117
2.27581993003228
2.00840575739446
1.50286035343299
1.96913618793972
1.47139141037017
1.75161725985745
2.03872164563146
1.78685855594345
1.91808241628861
2.35033367870702
1.79460387001217
1.84341366828984
2.28813791130634
1.76046647475763
1.11316120099107
1.96406660400451
1.58330027603355
1.60619654072602
1.73781401454024
1.8168598398649
2.25007016407387
2.09638910146139
1.77650663992299
2.17391010141965
1.92548303078515
2.30016116725688
1.79395980224232
2.33731137996275
2.23221083030447
2.45426282385378
1.97348170903115
1.57026395959609
2.09308131141066
2.17940637159377
2.13214352090198
1.90125763417874
2.41951318529401
2.42677645344369
1.9513138762169
2.11869436062618
2.44342739605323
2.33459902211371
1.97799103147967
1.60239806269042
1.82810056539523
1.39071040107756
2.19425447571123
2.23094419902131
1.60577423874591
1.74889123925698
1.97222599411203
1.63699008816029
1.42050384066482
1.88008813786555
2.30684902889308
2.14824619922006
2.12474310321121
2.25546614734153
2.47752246792706
2.45068490516912
2.27762736823121
2.32262716226572
2.16761470644571
2.06578242071855
2.33045581120945
1.47613490823274
2.33986067668875
1.68295063866465
1.96494512754013
1.81781480697593
1.4223268585845
2.09871217766302
2.41994765345085
2.17918210478083
2.38208412253307
1.78142252977149
1.81782766398529
2.3417984390167
2.00027336882982
2.3357255959669
1.34252915646977
1.5657552117788
1.0373974079357
1.6529972954541
1.73882844274435
2.14137587302511
2.35981876351509
1.99449232259454
1.42701409335908
1.77248940205184
2.44279340912346
2.37593110627369
2.19994101487081
2.29003487096977
1.80579226170824
2.15920687269374
2.30626580420398
1.85369150880761
1.87899809497308
1.17724393821123
1.54432016648628
2.28069541104359
2.20929499752958
1.98766045451294
1.99477253288492
1.3833301865615
2.10325453128003
1.63679835983674
2.03215558562273
1.95870707271184
1.91021797723489
2.24377873907723
1.38041719101365
2.31838640859276
2.14969516483067
1.91556438561272
1.87920763996166
1.51958152813357
1.2983415281929
1.93155130733685
2.36751954114954
2.31396868563146
2.29348115477344
2.23602011364027
1.93212474822013
1.55261014837214
1.61279378645543
1.6695247864184
2.00672956311627
2.440090734631
1.79487540890862
2.3076529341555
2.17688937146564
2.11753496766391
2.18968708163867
2.16194372196358
2.48270170034401
2.12551282595219
1.6018681017823
2.09623267869154
2.31658496078221
1.51934384542732
1.83499696925803
1.22834720423489
1.81029917275455
2.3795124453241
1.9924335477953
1.58682667560173
1.65904823346465
2.09620009823308
1.87607736455762
1.7987091400375
1.77100011430093
2.10821924718424
1.68495394671358
2.16374479574295
2.25652165142969
2.34672092788902
1.65478485607084
2.25338904388832
1.59617216476871
2.07035520281282
1.81039847550574
2.15598028017268
2.06872975634826
2.25841397773617
1.3773581645894
2.16724183786742
2.29010588322346
1.05413561463648
1.10670783542713
1.19492985157513
1.82202322044096
1.44940727801616
1.71556543595376
1.42827574528851
2.17411347524847
1.54679391727687
2.17145256107095
1.48934717910107
2.14995543109081
1.52653850501984
1.5058558933699
1.97942165592392
1.45418192076627
1.6704064604273
2.03188946611859
2.43933140749082
2.23487306552124
1.9931505042463
1.74178296106718
2.40044827515144
2.08257612539945
1.69849376817665
1.84373071602467
1.74562265961181
2.34209550766376
1.43762265711063
2.35625759187773
1.79899355027864
1.60302885459009
1.69006508638983
2.11922787955096
2.09080556657318
1.96558907204356
1.26762220794963
1.82194856419176
1.97768723863272
1.96089478290273
1.84233435050041
1.87879031318348
1.48827819392564
1.50781633251924
1.82041478060813
2.19708636942598
1.51744437779938
2.29893981960768
2.31075572778387
2.42917345889125
2.48543368389777
2.48112953085538
2.48493181624824
1.5735164052763
1.8416324649835
2.12470568582694
2.32909353958803
2.166986750679
2.36090513088096
1.46934105778335
2.21467334602135
2.36408386662135
2.23251901025325
1.66297915674622
2.05018172445495
2.15274972859961
1.89577283215027
1.61385458583557
1.69448357099344
1.51844780571843
1.25257782577136
1.53220483805031
1.82893690571115
1.85292336837739
2.39229887105771
1.93977654553451
1.50408946848393
1.69339531591805
1.88788282717588
1.92181543402146
2.15814633945791
2.21289292340842
1.34449722063145
1.42786719599643
2.27489016312806
2.05623655679699
1.80714870535193
1.14247757342695
1.3445136978379
1.95126566318757
2.18304867625613
1.75419133590288
2.2294913843008
2.15076156755951
1.5179199316432
1.19754556972928
2.00528261025674
1.86008799299281
2.23909193995479
2.21982025082931
1.92763656456447
1.91907572403524
1.77581077243924
1.6678709423133
1.64702188383527
2.0751793442355
2.1077730367664
1.29938042469592
1.36061178617751
1.57853963151047
1.41437631843034
2.00113842415547
2.36846683565999
2.19925854102181
2.0125696905187
2.38508126463354
1.97161570187492
2.41291969642931
1.36676732712148
1.95274195396447
1.53987819561972
1.60162813612265
1.25942883205209
2.25908970278686
2.37237461726092
1.43203667428694
1.81790688794114
2.43351483956338
2.35170536606156
2.27723343557818
1.73309788083297
2.04966302976901
2.08797361385792
1.799454927785
1.90536954335404
1.95063194925414
2.34133417244425
1.66030643804017
2.07686213643343
2.06072889669347
2.29967064371067
2.19393070211527
2.2162936648208
1.96346725471195
1.90799136375691
1.40343001982453
1.82274240639461
2.00704281663038
1.52016042935644
1.21703201898883
2.15497799634588
1.97385803822284
1.80492806737169
1.88238482443824
1.95704696202081
1.49893284155499
1.7614425514767
2.07829128021277
2.20639805437923
1.74842631396914
1.69335934209526
2.05553614804843
1.57985414197587
1.73824566410543
1.5233605728192
2.04840340931111
2.14357920758381
2.08189853335205
1.42317572611386
1.40755508312214
1.99701720201703
1.84476604370188
2.16815956473522
1.82534379614389
1.76273428820799
1.5748704714899
1.85257282668927
2.29009028439249
2.13189048800504
1.90904186995557
1.84855975785915
1.52272688536957
1.85173239332329
1.94081784922756
2.09584881087581
1.85729061653335
1.92715211498667
1.64686549346485
1.55659708633863
1.32171525843911
1.85483084359976
2.02146670847852
1.9183325615092
1.72815105197609
1.60375543495877
2.07320033105128
2.04575654458566
2.13081122945525
1.61848561309817
1.82381519664508
2.1086449196893
1.99386117344112
1.6333715408768
1.87820537275398
1.77215212695613
1.70529104746829
2.22935732335153
2.06694172964377
1.9446595228819
1.45429749424596
2.25760345342079
2.26881500924448
2.47780861966022
1.43689665829225
1.51180597213601
1.94947976075278
1.912436515028
1.32995686523079
2.25552148532087
2.35738031782437
2.16741659842271
2.2041828630599
2.37509822832722
2.24354387192117
1.94811559601282
2.36835066464841
1.97502964886406
2.22060355897202
1.60151199183557
2.12749302023484
2.43266574661098
2.18721015768282
2.45132969209886
2.00913997338841
1.14809637008533
1.84045980154666
1.26105737707577
2.34667131408283
2.31509952277309
1.31538910862569
2.02826712680735
2.09031459659023
1.9205031346837
1.63162644708565
1.49574648063031
2.40877902826654
2.46530665763362
2.45273431428961
2.28084671355329
1.80755081931956
1.53495820892235
1.69007976657955
1.68810915676211
1.98144503135746
2.11079192920831
1.91492468086477
2.43330172847649
2.20730189011733
1.74260569228289
2.04698248930103
2.44840175834455
2.11315862715237
1.44127609278218
2.25171955452614
1.63907332488458
2.09178650665561
2.29019621571484
1.97590377166977
1.45805788043816
2.17574727758203
2.2570464982725
2.28583758104777
2.41155828140309
1.99019746843887
2.27143591563776
1.24167342727319
1.14772958090598
1.43335595656727
1.97768497320857
2.43087732809022
2.43331172584496
2.40429794768256
1.45196204743684
1.81635459236445
2.01188625896949
2.29451613479393
1.72831597197943
2.3480613067791
2.44064948427958
2.11533091614527
1.95708392781669
1.95397667502174
2.2039520225122
1.8504771575939
1.99133211667918
1.75114018442269
1.81671527550648
2.38990402726874
1.33129458260634
1.04778062835248
1.73733557103494
2.35101432876372
1.08466186479528
1.34410077602692
2.27172112570685
2.33984688366134
1.5472821963468
2.12071068165325
1.76706791789931
1.75888114803642
1.65645126898934
1.6097599038749
1.80464283361493
1.51187987929291
1.92897617630969
1.86696991046024
2.20844803932038
1.93177716878585
1.91355569660142
2.30550047102613
2.28371606044047
2.33498021119296
1.81499037580207
1.87008747570202
2.01401977493541
2.09111769339586
1.98345310571979
2.25183303834849
1.72376222160645
2.26509208695562
1.83591797599836
1.75936463980961
1.55423419530907
1.48568065359158
1.69933952225359
2.06963858717626
2.14314753278471
2.47246808065256
2.43498461278182
2.3442900368394
1.88480651317109
2.28166490508989
2.05342187232933
2.2385405136234
1.47251314404896
2.31818944834408
2.3045158022255
2.07429237643581
2.12776131047468
1.96512334779961
2.19741145765545
2.02402229819661
2.31264271501896
1.9774699701233
2.07931923969993
2.37169589897806
2.12542018760133
1.82593176295316
2.33020365583234
2.23235264804766
1.82789860530091
2.2727165610871
2.23974381570618
2.45139015070266
2.15014713606703
2.12197938954675
2.34263209475337
2.41935249264279
2.33507243308576
1.63443497790028
2.22478854344414
1.63544787022628
2.15333582140847
2.05547373270495
1.66059063687146
1.47735676886187
1.62962719936806
1.3552240149633
1.45191089626845
1.8508251199815
2.10821383806736
2.31707374233812
2.0000715478237
2.08223453417211
1.17009764888346
1.76395268059536
2.05795157791652
2.07135364186249
2.23346644981476
1.62747789527169
1.85650519056431
2.02572528268399
1.56643704259001
1.73799747432815
1.53946698181764
2.02679621885981
1.75781148728213
1.51817153061998
1.86197151566587
2.08282010626502
1.61294576342488
1.5717810331125
1.61442719821633
1.1821227050363
1.65980215819447
1.96744081981857
1.63101579235905
1.59636896357142
2.23612859214552
1.46823773069067
1.63524351891609
1.9159745127187
2.03493600859531
1.76447172115471
1.82861937798619
2.261311843587
1.36330617877917
1.93360545864062
2.12101321311356
1.3254453162501
1.91167102850452
1.74542420558832
1.63456745386874
1.59125771665098
1.9932200747188
1.92812845650546
1.83132680867486
1.95776403754528
2.39836802915501
1.865475971352
2.22194020652389
1.56682229061772
1.37529119334413
1.02482128862441
1.393317794277
1.98060841924519
1.84854587988493
2.16655598640569
2.4043786343396
2.39325041806584
2.37526811077021
2.36433208378342
2.29068882536878
2.16206638423309
1.9777449203145
1.90900048939826
2.0851242155707
1.43075890675723
1.72376937563585
2.34837747513106
1.98398965996575
1.24545271707218
2.19899325280409
1.51730883656841
1.67087488867342
1.88583157818597
1.43411420412206
1.98836860712231
1.84053181895919
2.26697499911301
2.42501127379186
2.17466307960982
2.2199935464336
2.01182216904299
1.22191088141701
1.49974263418511
1.10972297075619
2.00730397217489
1.45931021837573
1.95335633096794
2.01564931886991
1.82401418809301
2.00646385829384
1.55619221882873
1.7739309194165
1.97580986779579
1.53773799993744
2.27893344900466
1.82598751374094
1.18581986321047
2.46102717391462
2.37244622773723
2.47396303460503
2.09738815062549
1.89821485748253
2.13321159179552
1.96190981752963
2.19452804401647
1.64912350740175
2.2592447256369
2.33027916052299
1.5107889291165
2.15338488869917
1.42091838964566
2.16071016785246
2.24502019158103
2.3826361986084
2.44129949505291
1.83320421537525
1.68460461454444
2.35001262963571
2.42041847361797
2.35645587282583
2.09686411285677
2.40837624227346
2.41269682229605
2.10577480389218
2.02934079923529
1.70309594161907
2.09272666143912
2.21190705068311
2.35197322018948
1.96628690929107
1.66750871317754
2.28228481461837
2.17395580626278
1.38180575318433
1.63302189130199
1.78944133800584
1.73333795458705
2.02091181245953
1.65591973022843
1.55757563256451
1.48137368029494
1.6169856636775
1.9496909324334
1.80407845197248
1.71554880715961
1.69073514130955
1.62569118831958
1.73053160048817
2.41801276646501
2.0202200325547
1.52790547466061
2.28554046789138
1.51691877847698
1.07387713215006
1.02900824571069
1.02709120855901
1.19327786454909
1.02185816643402
1.46184560057014
2.27497467821612
2.46280218849455
2.07212126772879
2.46366219122752
2.47169181478428
1.78844654054612
2.07728510458379
1.93902315026124
2.0577685920789
2.21933789359786
1.1905848191066
2.1570333616222
2.11548875664971
2.15394483959172
1.23555620762777
1.72997533396186
1.81128608115747
1.67511543754129
1.2363883284597
1.56041478075558
2.20496082719711
2.10840157715218
1.88988828699893
2.07879841998015
2.06356952181103
1.68678753411643
1.17389481170331
1.69345838002408
2.21845671147169
2.21158560524699
1.63764407537089
1.35769397965335
2.16664848709704
2.13574088367066
1.53933350277078
1.72575310931702
1.67551847051667
1.69665208135588
2.38274720314395
2.35445451695819
2.10279165577106
2.24204709051745
2.36801797018316
1.66532043674228
2.35735080000379
2.46411705017408
1.71463767302854
2.11314952662508
1.86795230715191
1.72182872193796
2.43377369179714
2.47031341924539
2.47377510882663
2.25596867613924
2.05081398778473
2.26051665719401
2.47725562924937
2.39082139813094
2.11829654652812
1.61031214832319
2.17336614758652
1.43311720902329
2.41694206879742
2.17777294995215
1.95266916930907
1.71637611342728
1.89375403451404
1.30244470868519
1.74991594152093
1.91116704036434
1.86760929501058
2.0278363812299
2.11542178568525
1.88217462933013
1.37128194156417
1.96722300331465
2.13614809253712
1.82225247547457
2.02388374244504
2.0768491778293
1.73223399963717
2.06810978612879
1.13161409219593
1.18172999392146
1.60846476796726
1.53883412837022
1.28307778687485
2.32248181415981
1.37947845083691
2.44909499935933
2.34813108818899
2.20102987875127
2.48476336666182
2.27096610434324
1.7976288326651
2.22920673434601
2.44060845743883
1.84340525458287
2.28267648472102
1.64146881150832
1.97961673787105
2.44146797752144
2.32198037951288
2.33672899898201
2.17011670695108
2.12620325302639
2.14417090144084
2.0941866246014
2.12553627556181
1.66227946720223
1.99213627673357
2.45694955008073
2.20615721615274
2.41657015294397
2.1766972553127
2.21249726004287
1.89149791773456
1.87808252347886
2.03362744254813
2.22263695386735
2.07968292062087
1.88246414099101
2.26767975386391
2.22666847536253
2.33623812128301
1.82582350548569
1.79115414380884
1.34922325862537
1.15203915026159
1.93490190967538
2.33277473125807
1.45836843827534
2.2205300406602
2.13408938638635
2.08780607217405
1.94716859439131
2.20107172294218
1.37602144162886
1.49013240917034
1.96196033448512
1.19856034360526
1.80093670177426
2.22311407248838
1.86448254148939
2.23280328814529
1.58832185477287
1.28215614675916
1.75422586376429
2.27153519040364
2.29296532848354
1.78935010017205
2.2827872655855
1.84068895388396
1.92353283650497
2.33277529346056
2.3526679437501
2.10293341913065
2.41093011042212
1.91484648792876
2.01773865232864
1.98678194424298
2.38551783201986
2.08177049069046
2.25518179371996
1.80061270849393
1.50997205808342
1.70724019574668
1.91976018961948
1.46243379535443
2.3357622664258
1.87226291748492
1.99246153088266
2.25628371210515
2.21297433567829
1.52795359479021
2.22959103900968
1.45535773919446
2.05176710217747
1.12402865889126
1.11459993421704
1.34861833786249
1.63747761803749
1.47896060809021
1.35372553286353
1.66442147410895
1.44161441544736
1.82694929344156
2.13081606214195
2.10654879926636
2.09736464811012
2.27816433039124
2.35421504080908
2.45776546640977
2.3563395875531
1.44782206959298
1.95698480022825
1.23162901247041
1.27725678582286
1.80054366410433
1.26254939711081
1.19862073202024
1.27050686614362
2.34262966890565
1.84355514374338
1.46596748560083
1.44554189532315
1.16046146950304
1.12803889682758
1.519152019603
1.89499834650127
2.40895661098115
1.89928565189382
1.21181427266747
2.05154876158258
1.68647957780697
1.5264251976099
1.80016437981691
1.14522632855284
1.1824664631904
1.5760698969088
2.23808358356077
2.26474707273615
2.06446099492911
1.79551909112595
1.35639407187197
1.85852131628543
2.12632542185386
1.64652103780945
2.00169735783419
2.37637430874132
2.3532190340886
2.4996828038346
2.26155529945808
2.14719843307741
2.22384202854492
2.01805639538057
2.32820164088217
2.14798282187178
2.42228982517474
2.43578184457177
2.45108179266407
2.2489248348853
1.36392357894598
1.91713353123648
1.79081797613004
2.41030604543634
1.95563541236316
1.86607629675187
2.34527415114397
2.1453103915648
1.87295464773659
2.3717372420792
1.72703138420141
2.23763961266313
1.39286082670424
1.84120656896913
1.5454300353504
1.60168338184513
1.3172772275595
2.37510516901129
1.46985790569879
1.19009744467116
1.14458992059567
1.05256863043134
1.64335990491628
1.95757821433299
1.57815247294552
2.18571223689529
2.48177490410853
2.45124522500958
2.46187013319185
2.4841207515457
2.13952674023458
2.2062973087809
2.30754145283285
2.26395823801713
2.44667515062864
2.19126276132133
1.22447365008824
1.76863619860392
1.59028924058747
2.04657734845286
1.64710103688849
2.11956847821886
1.7762316976208
1.68515509264254
1.8791176679454
1.16810714129709
2.09879707822271
1.97798918065691
2.17938763661297
2.09587266314704
2.19261450957644
1.64500339794926
1.91989675904637
1.30547523912763
2.02085723277568
2.10866857501758
2.09777827347703
1.88397470723496
1.34278741395432
1.703482176417
2.13586661187444
1.41941934059076
2.28364980634427
2.19130917927089
2.02202923939431
2.35944849006635
1.86562325574085
2.0586783241043
2.1660330901689
2.39319712070356
1.80816929837773
2.08338142090122
1.51392993931268
2.34249491697238
1.64635920319277
2.21293559951619
1.899234084025
2.49416757312578
2.48675288224274
2.44745920952628
2.34583644857664
2.34282131518014
1.47614770164732
2.39626940926366
2.05896029966197
1.85370108398668
2.47768666797834
2.48704531975807
2.43902778971755
2.16159613386544
2.0523137167928
1.9491419680431
1.27567263812595
1.48411436090171
1.54505793939165
2.14244682798661
1.98803579332364
1.49863582986121
1.28600422852723
1.96170575772998
1.91680722422318
2.34370741280254
1.65134282133137
1.70549004448712
2.33266062602381
2.36026333931576
2.46886240231398
2.09593956034081
2.20937859403166
1.94582143474892
2.32484297648781
1.06041831382289
1.34501284974653
1.81152713558974
2.03671726131211
1.65603647674712
1.42296137405237
2.23335094718456
1.94602487631345
2.07711991846178
2.16380986314183
1.95677533369224
1.66689309787209
2.05078913324801
1.45155068154229
1.85572059250833
1.47306783061931
1.76068738820986
2.22497496255906
2.19669918525685
1.9464173595362
1.98819463816657
1.8837436363353
1.88792475778883
1.88728352436561
1.94558413665553
2.04285301426083
2.40445970304221
1.96642418350961
1.53669012929079
1.91892726050171
2.41193974011901
1.98126817279963
2.07006787346175
2.05645277099792
1.96975288362791
1.81115355671087
2.16627892293079
2.20355093929046
2.16550565255041
2.29592987189865
1.79012058703359
2.03215714790685
1.2337996944877
2.10371596366533
1.39728240517043
1.40932105675137
1.83903558570029
1.9589939918034
2.01604471334738
1.96124612550407
1.81403525840089
1.72537042457734
1.24192686156267
1.44544316931035
1.88015967497118
1.43654658168009
1.84835718879325
2.22101779345659
2.17893445552125
1.84263550584021
2.17954590854656
2.322626645855
2.35275596141506
2.33121690286824
2.09211343734205
1.87533945517766
2.02329317457795
1.43369748426031
2.1861747216199
1.90954680545685
1.80201584484873
1.25550151813345
2.02766700383297
1.59974306217258
2.23954683387539
2.03286253392647
2.01365176467167
1.83263716310953
1.75770461191531
1.97269054757355
2.23856232672607
1.8173474335984
1.64108849872917
1.78402314700719
1.66490786572998
2.03227718624137
2.07265320152783
2.29579709980681
1.49516135992084
2.06113766261731
1.98774836534932
1.10709909470481
1.45253840404205
1.2773356670294
2.47024718514872
2.4550099599783
2.47717163948968
2.11218041990981
2.13268385710135
2.17414334507156
1.98189184318599
2.06170224954954
2.05005565378304
1.59045036896061
1.7277227464281
1.91355228380204
1.49710949824686
1.31691210692863
1.34078405678193
1.40380048839177
2.06764013428998
1.67512768648866
1.92370047919301
1.88658458592048
2.20915672807045
2.00236106042066
1.93295948954314
1.86021694217614
1.86145878640682
2.32723843107677
2.14911550959436
2.44496723174235
1.96043134659246
1.27437102123279
2.25619711854255
1.54209652989945
1.72232563768981
1.40350963819448
2.02849901302821
1.77713519874216
1.693594561364
1.52038740780396
1.29293970210982
2.18389592681155
2.13792533784875
1.79215509360524
2.35429808454876
1.71683177322757
1.7696209105633
2.29929579554769
1.18385465022073
1.28448998420227
1.32856170229699
1.44447834589263
1.40705623197147
2.0137486978575
2.38649572856587
2.36770398814872
1.47099394579245
2.45034197547083
1.84246801723785
1.82667729508642
1.40207997835347
1.98420124029143
1.57545832767228
2.14923133509569
2.4446099123538
2.20958849016905
2.08386870836645
1.45436642978163
1.87015157983712
1.27143701085777
2.01984756515568
2.05514665111082
2.39075869218109
1.8902061564393
1.60907769644366
2.13688539146687
2.37801815608893
2.44302985083017
1.32656742807535
1.7611541238775
2.45650665413406
2.45369207058599
2.14488770515975
2.41678636854046
2.47958036262274
2.49763514565596
2.48386000959701
2.45564318430055
1.35553442487616
1.55858673698421
2.12870147666918
2.18232755575776
1.73516428854969
1.34133737665426
2.28599576086623
1.62975151729144
1.59414488693367
1.79223373678818
1.7538171156268
2.46206437829481
2.25309675866058
2.45169735926384
1.85459010899297
1.79117695724278
2.4522802228515
2.20138370006764
2.31243636159452
2.16922766814674
2.10596919616487
2.41567304999047
2.1357305999076
2.01209477346659
2.14094390344975
2.07876894265728
1.78005803561469
1.94818608345711
1.60735023862458
1.79674444056592
1.31758152657752
2.06050257670807
1.23004653662612
1.91317925531685
2.3083227059384
1.28538439488826
1.96709990869576
1.81812967734177
2.22234666281112
2.31379471640458
2.21367983947173
2.10055069395307
1.50245779685121
1.32300802805111
1.97880746527654
1.60831205984336
2.43706214263742
1.86337118613801
2.11311949231712
1.67510775163371
1.20610461662229
1.49882283486984
2.04809220097195
1.86586645689915
2.31626005808796
1.48665239281507
1.84756136205209
1.14363516089849
1.18463803275234
2.09788488148362
1.48359715632647
1.5848935888039
1.27228160027472
1.66339956769391
2.36847105820302
1.64660051618104
2.08885349254167
1.79438313509881
1.58514155714831
1.8065710885324
2.05898679866839
1.76953987748177
1.57007647586696
2.01603281107447
1.9704020000824
1.89833198154569
1.19088906047013
2.38032359697432
2.42960376414212
1.20801468513071
1.53265497790113
1.98152124542385
1.53485903061114
1.12338987902303
1.93907056162419
1.47403057049473
1.73843371490898
2.35201583690313
1.9680241090407
2.29955068759808
1.53906403562557
2.0832278200765
1.62145168071581
2.2393764411504
1.38945787633867
1.18308749653133
1.72782554877279
1.55497705333181
2.38378248921452
2.28844210947587
1.47762254803036
1.69786182847734
1.53202024275555
1.44367948732697
1.09938128316717
1.53552076678229
1.71262975716793
1.59161030289024
2.28281372646801
1.82110820501089
2.03960681884105
1.95516896097666
2.18195482768812
1.99551805270287
1.42266134421016
2.29229780048092
1.98312523274923
2.2996446865584
2.19149536208562
1.6142336142493
1.43600519738804
1.93342931493084
2.38796903951067
1.92854499719659
1.73632110153129
1.77061321477626
1.51471226614668
1.72361393521405
1.94743031555748
2.37512810530655
1.88413494776973
2.05826041439287
1.47243098296905
2.23726908232554
2.02048915867973
1.56903534161706
1.7291323584875
2.04215616151508
1.93206728884578
1.71644472248696
2.44536277778397
1.81387057703033
1.8991363868679
2.3569914462234
2.31059478130745
1.99213558690747
1.92915036404683
1.59816503663524
1.69603029364335
1.30952371131371
1.8720897511972
1.4566304245579
1.60647735189977
2.33916120375336
2.38221393403991
2.48469853835198
2.13161908497141
2.11978959464633
2.25181929554349
1.4718508512429
1.98335742087721
2.23449625765829
2.26378652180734
2.21097425682579
1.87872678636404
1.73345044803216
1.97869805174893
1.83226659892435
2.38269809088133
1.4022475503851
1.10812645901059
1.75208826383834
1.40749336053575
1.66145081180337
1.77415014296656
1.67856529302251
1.56832346907476
1.75561781864602
1.86985005283738
2.35648178154418
2.3472053868487
2.45083605624104
2.46831672256485
1.91638977409239
2.19133866127218
1.55841735064265
1.6947614428782
1.44013806494047
1.546845764716
1.34491725279666
1.93043930121468
1.76378463773272
2.2632723316394
1.94057925089364
1.45364849555762
1.50284239630246
2.37223982760341
2.19908027845922
2.14973830662446
1.72787915539126
2.40976818939948
2.4932980731505
2.36885884922958
2.43052716464431
2.02797464826291
2.29482626755061
2.46477797477607
1.85377165919582
1.65329314568399
1.91620206671373
2.05997634211571
1.70766510003018
2.15211880256029
2.23848832430219
2.4844771247693
1.58922750350533
1.37934459243157
2.01063506569169
1.65895272824377
1.75403457743962
2.41500601414789
2.36107407182776
1.76247451736017
1.29706398614848
1.59266747759882
1.27688270827425
1.55297978943577
1.86284332274108
1.78758770033662
2.22006663401867
2.16890438494046
2.28892603864324
2.29406639001561
2.01590359533027
1.2387961942322
1.71068822845624
2.04415906655529
2.31955914678923
1.56746024850641
1.76737808008401
2.05400537136738
1.92285743567167
2.29933484022462
1.17866345076645
1.84109049039025
2.29189536200524
1.94885620410342
1.51790731575638
2.35548815499126
2.45726752807856
2.28660671945847
1.96320197021693
1.62923945497594
1.58797872000528
1.79932727938408
1.67047832510459
1.50202393586682
1.13501476112222
1.85606145555329
2.03079667208224
1.34705931430734
2.30505687179503
2.34744563576666
2.20630555963075
2.16817946114299
1.51078714543224
2.23964515843976
2.47205053896304
1.99307369718362
1.52624857683087
1.5235037480936
1.48793473031835
2.07340915195735
2.23272501090273
2.04218781596091
2.42637924477979
2.21104047385116
1.85637151673365
1.75474394472436
1.603842300559
2.0603392596744
1.55986953683622
2.22028977400304
1.46872761178082
2.22421376046221
2.02336912552241
2.24157788218226
1.8409320621395
1.3780585911086
1.18456419172347
1.73359384967294
1.41573835633134
1.90457428029464
1.82756942795847
2.16191144174363
2.21245707903465
2.04396938033838
2.35291511999831
1.49704355841164
1.49566951966558
2.33689149535185
1.98840961406666
2.13199767629454
2.23774901548546
1.59725862994823
2.23309494965378
2.00848922981264
2.02794465033629
2.37376839258909
2.36346972905276
2.15803817970532
2.2111289186649
2.09476760361055
2.25626474805648
2.29320592144416
2.12911792487177
1.74156035460884
2.06571073300706
1.66288713736656
1.76761834227248
2.36181174875045
1.77066056780568
1.69025912750742
2.04600234816715
2.36822311148753
2.10756619529224
1.7558904834155
2.00693609078905
1.52906998546555
1.72109370813638
1.6220824013979
2.03229456365808
1.86247681231749
2.18432300475087
2.09314197095609
2.03112018670015
1.98260442039304
2.04804306504036
2.02399681915627
1.7686695423011
1.6420916460816
1.67228752673697
2.27768461201662
1.73354538557492
2.27129289351471
1.3797431996147
1.60299889438221
2.2998312786577
1.56715590552712
2.11729179209702
2.35972645436355
1.4178510648505
1.51132061395788
1.80631732855829
1.14290041784496
1.57311574773186
2.3087590438388
2.13058089917192
1.33050036199583
1.47143939728347
1.97424897443696
1.75484451831953
1.59073916874432
2.3944335110148
2.47886764733628
2.49520486422986
2.49106884824318
2.41509323990703
2.25091829480868
1.60215613132307
2.14944235300452
1.35440758350934
1.12223990162911
2.31852875727212
2.28374719781615
2.11982306046057
1.6769857384265
1.93168385955692
2.40847739721108
2.40578506698578
2.40424935659736
2.09512348479931
1.72853162201351
1.50562726944441
1.55299566731514
1.97389231463338
1.59907452720839
2.28374005883917
2.20907548020241
2.03580656920481
2.31951383168762
2.33320579173063
2.20198501928479
2.21521091665083
1.83907160779618
1.8159249832502
1.85089535274461
1.71215383020209
1.64210369788019
1.70352627471594
1.56329657191525
2.13520084473268
2.33558650178408
1.8489115114201
2.1327059093453
2.34658382734309
1.63537466337806
1.78525773439727
2.15977866557115
1.62617454464029
1.52030281407316
1.43581420938057
1.62339777078199
2.11303027990161
2.37919402108091
1.86855366118108
1.23929860199832
1.90167078571113
1.92460135684033
1.91652554173104
1.60789569699753
1.54363826768194
1.86701592989169
1.41807488336262
1.3374749509844
1.42715625379506
1.83540289634205
2.05129674996789
1.95918469466254
1.81244368434189
1.94329573970125
1.80033229457676
1.48282469034462
1.99224177529514
2.3242545684372
2.06482165036717
1.64859829666896
1.94091937550904
2.21886512864257
1.58624471635406
2.12109753407696
1.46094306788631
1.44594599195928
2.05188109546668
1.80530154660822
1.6943720010058
1.99925441013023
1.65867554332785
1.64155732793689
1.42205656650844
1.56413972530305
1.84745307097524
1.77117847527423
1.65872750916069
1.83895710610711
2.25957249127278
1.90536917937521
1.8864975694223
2.22058220521651
2.30185696801833
2.14022245285861
2.12182629060609
2.03710688794376
2.04234746364915
2.04642525607439
1.72165530791353
2.16683659367554
2.38058383420887
1.86746009983807
2.25979640820013
1.68888319911497
2.01774169574676
2.05742106356483
2.22122507180135
1.56663312579818
2.08273519568851
2.12298995454268
1.95518769424941
1.63769328238264
2.07112228216129
2.29468148567017
2.05210068683623
1.64411811872729
1.69751416482875
2.2873033714823
1.59704441647063
1.82180911743066
1.75522746643751
2.11025772141851
1.5894528545803
1.7451262121312
1.99794700558279
2.26022860304602
2.43614718277439
1.93790951203647
2.02210201079843
1.90801289075409
1.60683650173566
2.18531100309928
2.13786621833915
1.47692305073181
1.26342596344531
1.50486594721425
1.73676145482712
2.14634243479289
1.32597249947356
2.11604467255157
2.24780078085984
1.63100350348072
1.16986051599204
1.43631411747416
1.5268356555539
1.98580860845717
1.62020719033897
1.62839659516612
1.94558914776161
2.12598091442538
2.29811095384484
2.49530878566821
2.28153133192973
2.01883970016069
1.92830321645335
1.38088995572515
1.57736358571761
1.74324350215601
1.81175166195289
2.21681390747556
2.43348987385901
2.39704078679662
1.94836436637584
2.03652746510875
1.86486165405196
1.9848945562399
2.38751043340983
2.45367174389434
1.53974102277955
1.65480599587618
2.39244838820909
2.3457827449148
2.02417475329228
2.11903931360989
1.79069134174394
1.96036192996196
2.29764303549398
1.79519611316911
1.28556185085558
2.23117993495452
2.4828566950262
2.37274833525755
2.43121006105659
2.15595440333259
1.64747872909771
1.71032107759039
1.54682619052463
2.17683444297662
1.74580316997412
1.88031924128326
2.0794796390385
1.95765835476032
2.02014076085967
1.75733912633536
1.680633714971
1.49139279571636
1.64279059491772
2.20613144763785
1.71567424434287
1.25747469136795
2.15175015444198
2.30046502305093
2.14706513767177
1.92008163954031
1.83342583211415
1.63023006851658
1.90437627219846
1.46133699608387
1.64018441629122
1.76953369465907
1.52555328326124
2.08951621512497
1.94975000752481
1.96288726132768
1.74340062367398
1.38925601235965
2.11777484769858
1.34968537184235
2.22146559035141
2.33382618153314
2.19873670421555
2.0021114096298
2.07608086368606
1.81288467208202
2.22626719517324
2.28306357596199
2.23502473371906
1.38706725219542
2.38050348315634
1.61218012511877
2.12743737377425
2.43603779311095
2.37384643376384
2.23631508916102
2.39340822862777
1.7625886122077
2.35210028053876
2.38808864905613
2.06789290159429
1.54314580650279
1.24945965622455
1.06385006950382
1.12431427807306
1.2120441999734
2.02164180177624
2.17324721036368
1.78457106847846
1.91471408041844
1.21204734448985
1.74736288306801
1.59370532975431
1.77830517363131
1.93644116665257
1.99761967167527
1.74169172101202
2.05981056895661
2.06336516947966
2.18588004721034
1.86005304466444
1.87154950716487
1.82266042133534
1.76297459550957
1.59452091610142
1.93934957475553
1.68970378780434
2.16991987259386
1.39451120283594
1.63871647900934
2.12567617334116
1.91412598629887
1.93124447977916
2.04567131070612
1.53963690661949
1.71808247235467
1.03928290340173
1.85136603477905
2.33983347258318
1.58545395379571
1.63958726750048
2.29405034612892
2.10336499793939
1.9853299840397
2.17219263456042
1.85570149833419
2.03513147628235
1.59391192267089
1.76391611510835
1.46121330053368
2.3612673268018
2.00471516463371
1.43372308588994
2.04832461938904
2.16798407797068
2.41757172782802
1.82599020999701
1.19953340311088
1.95924036372113
2.20671550676921
1.86189256307616
1.76984654122911
2.0204807129606
2.45250016946194
1.81119291302746
2.4044313160707
2.32423728074701
1.88621102209663
1.61392470501447
1.56834695116471
1.77454145565266
2.32886668659521
1.31650885033829
1.57621787693551
1.3637866779237
2.13850120221922
2.36762296201751
2.4528249953683
1.72668542233995
1.83152670542668
1.7818667932461
1.68122562090404
1.56992435943182
1.93204089844234
1.29629206692805
1.31215224912561
1.73301199792879
2.01428494864669
1.94634945167859
2.14007195902406
1.92160777605373
1.42781567937706
2.03037203485703
2.15134948001965
1.99752611631283
2.30047101711557
2.03157306350736
1.91658719460201
2.3293410972704
1.55332987330057
1.65288733683859
1.90629749007814
2.10683102559755
2.14318946903993
2.10321018212312
1.54008081958693
2.22945838436718
1.45126939261116
1.6803569972835
2.04029906687096
2.14827667197029
2.36222133570505
2.00016882699575
2.38510473318695
2.33791309792172
2.15545664242446
1.95181250470128
1.8732111035165
1.30256921068214
1.14113962890422
2.0218116521235
1.81586771035129
1.42151703746545
1.84452335027626
2.05873235101202
1.6650990486005
1.88229594993383
2.41780217526579
2.11791356717216
2.10770407363074
1.26658185626151
2.00622012310806
1.41187486821885
1.84896439391097
2.08884802444738
1.84577063860428
1.84581420170738
1.69775592284261
2.203764023342
1.85976636353138
1.89764122459675
2.24155309109103
1.60930204232106
1.85670818046931
1.62304896548287
2.16374003416358
1.65459529976159
1.46755736378797
1.93693704019311
2.03689339414888
2.08580846437956
2.16574113127161
1.96858917348833
1.8369186553988
1.73486320858204
1.85513058145097
2.09836712221161
1.94680947008376
1.51176758612039
1.73984081386663
1.38959787220789
1.42978982722007
2.00061425985795
2.40197261653546
1.95619868578966
2.16290806527534
2.17836185108975
2.4864191451768
2.47446028628023
2.44600910734904
2.39561377782518
2.39062692748541
2.43624545116496
2.47290797522426
2.48604454466653
2.33777133853279
2.44891614815016
2.41520924130049
2.47251186248967
2.1443207685243
2.4520991216642
2.29227019560621
1.56650114340588
2.26775605990717
2.31882246769023
1.82618655063869
1.80259473933107
1.52015164253849
2.42498951603219
2.46899121903273
2.39974818406146
2.2677336374173
2.15766195547348
2.46351618428958
2.49648568515938
2.1612552972757
2.12069718596822
1.71564254545854
1.59643984152749
1.74310619517601
2.28576484713063
1.95391662062214
2.34434801658478
2.35302183171577
2.368326120805
1.49406704135959
2.12542164541113
2.10595395133329
1.78392658119161
2.45816997946285
1.48985602380697
2.0475895834541
1.80992210315341
2.01651043041857
1.56059557487437
2.01851420601503
1.48063397374933
1.95194263508501
1.58596418572853
2.12832547024077
1.81898950976669
2.2089714132623
1.50804706832106
2.21172293047465
2.26679180501525
2.28340824494609
1.69252637942787
1.78359442433742
1.88158631938386
1.93963532095855
2.11168943377246
2.0143887545457
1.57502555808919
1.29044214186
1.61331541247614
2.3008883105693
1.45334402340706
2.06042975240723
1.56199474671697
1.54434057292461
1.90187423520916
1.69896874266707
1.7156927520444
1.77250729892934
2.25306932538522
2.09161194530134
1.79483803036693
2.15635537277435
2.26105069301012
2.10634916745942
1.7305164599339
1.92001699775569
1.71010211714194
1.7601300597822
1.98076796546064
1.73320215403727
2.01795799101419
2.11826906698679
1.81288654831937
2.08381950461177
2.02265032318095
1.59544001991948
2.16600812672349
1.92135976021027
2.01474559462704
1.83812921076724
1.86359100630178
2.02310306509805
2.0718370093438
1.40905439291345
1.43238257472746
1.75917755967712
1.99698575648521
1.90879105687942
1.59153897146658
1.32786825920271
2.06781438278612
1.73222987920921
1.73696111084127
1.98318617524218
2.22465999641847
2.3229053141762
2.04001160021011
2.11603772773488
2.05061573100312
2.42939998501872
2.34065013258373
2.38984045719528
2.02198910322319
1.49603921408707
1.82547594677641
1.96132646218202
1.03756705695176
1.27693963253726
1.58186837313871
1.32589384061489
1.13930150244197
2.08694823335791
2.3459894888167
1.47703086198456
1.62093045049627
1.71845467787804
2.25491698645994
2.08464456423188
2.03033449176332
2.45032008453722
2.37386329318106
2.49457437151674
2.49887233008671
2.48265867244259
2.2690797488949
2.25651440697918
2.02537987478537
2.14404570249304
1.22800756616653
1.94923708476709
2.19005211932903
2.4169847145898
2.18480981196112
1.29761018709389
2.0152245332791
2.1710421940739
1.81638658754616
2.32674722414021
2.42595230348044
1.67367729801363
2.00910044827372
1.45807151599989
2.37242247371974
2.35877129155633
2.19736454437511
1.84676462103281
1.33959810769403
2.32182959113358
2.42701081259799
2.10486166903716
1.22616934659995
2.40414488008709
2.300804726999
1.57236567659671
1.85495933254081
1.43824784885883
1.74260683167594
1.72587411870345
1.70029816728184
2.0629973222947
2.28071620820511
1.94497470967062
2.44201171239552
2.12323766101509
2.04302171669668
2.18689688386669
1.96368309619238
2.1059644301359
2.17208630739423
2.12445268495186
1.74298332452359
1.60788758382248
1.94584787508455
1.44561943361265
1.48138525172575
2.14240346608676
1.68374034714206
1.78540405051938
1.50772110882809
1.91960190773755
2.02089099366576
1.90885559021459
2.24520770164376
1.97569960667708
1.31952878205229
1.89222632255103
2.00737006419346
1.87918496725716
2.43452002375767
1.78204393043032
2.09653949118559
1.39069084434163
2.19073159274398
2.24235529314523
1.48704128236432
1.50834086588302
2.11167132414987
1.93361300264108
1.65546396159916
2.00898241680172
2.21572740576457
2.23968978083221
1.61298622188526
1.83421973574685
2.19476585190678
2.06312621270684
1.81045749078739
2.32296428705899
1.71218469473138
2.35114687372288
2.16011341627824
2.34760483953902
2.0544061149517
1.47754666891785
1.52540714212489
2.26467508180488
1.88602966459277
1.5349304868456
1.37196200547205
1.89088753722196
2.10747373775725
1.96365714998895
2.35514272863127
2.29469974259665
1.64602190397058
1.66979928434342
1.62663208378589
1.67368640281118
1.79696033599842
1.53333920343336
1.90692972829224
1.50829305155286
1.97257859875387
1.6371517896132
2.14430838435884
2.29389352281931
2.03420483152132
2.03043154470295
1.64853220344659
2.06482281144071
2.32776791478953
1.92007064991679
1.29647414167693
1.98581930182145
2.38022456919602
2.152499744241
2.27265763645129
2.17721037785646
2.26307890666899
2.29177329300876
1.89439643182992
1.91232552940482
2.02459872762002
2.23318131404287
2.24448719851797
1.37131265337182
1.49503450956234
1.82244124752115
2.01862294587231
2.22705578879489
1.20084818272272
1.52487348261404
1.46907123337087
2.30193505840661
1.46545555201356
1.65604976529367
2.01859207735802
1.30256344267581
1.61190704994104
2.26422896605428
2.46216284478022
1.63814188547239
2.24309391198213
1.83355802689784
2.10366135185034
1.94727162537032
1.75862043733528
1.84976243159774
1.95368109066233
1.66770058105701
1.78434158949619
1.67171182502391
1.42665918738601
1.57366157703794
1.99650566953905
2.19991962809136
1.72445142581145
1.82321098426942
1.83355729596252
1.95456631084971
1.64227040104767
1.81872974169377
1.45035223492161
1.99848735600617
1.7532587841295
2.25320005748408
2.34294008941551
2.26261884434188
2.25454249158328
1.74918671461367
2.04374383083001
2.09574053492466
2.05241265436126
2.11768895014899
2.46466732023167
1.62995460562882
2.2927665110145
1.99068750278878
2.1916666303695
2.33574183564722
1.97239370665238
1.62626913359058
1.83157689238791
2.12104312163464
2.26761714694301
1.96390753710206
1.88712497937123
1.60772167270951
1.80141240489484
2.25491920021418
1.59868308844643
1.19241001007836
1.02447970868239
1.05540117458646
1.3246203935787
2.38545916455263
2.44359156816416
2.20171790796914
2.24386660197004
2.44013921338596
1.8606473819216
1.71799536212553
2.40789263647825
2.34590659710952
1.90850135440893
1.57709458375562
1.59399036943433
1.98899702711467
1.75643403015495
1.96276647666578
2.19970118624603
1.41775843020579
2.36229404957759
2.02951560806637
2.08577324349998
1.24566183925095
2.13612713725596
1.96366963167457
2.05491410799807
1.80589262531626
1.98862091064637
2.2550222134288
1.4514206175224
2.32961386274248
1.83511181715444
1.66832944136352
2.09964405235849
1.65505789071956
1.36896192596533
1.46102699407965
2.15984664075006
2.07725381845479
2.30105589691163
2.01202913235736
2.22488303706115
1.99510344039432
1.31992024578551
1.79017825397925
2.04767781722729
1.32172276836657
1.97953813532642
1.65865480769986
1.81720675093348
2.2544005628513
2.00288454034801
1.60523502754904
1.6688649605665
2.32421857947351
1.69878332115438
1.93800116034411
1.2568185604855
1.6062952412878
1.096334105585
1.1220986836685
2.2022473375707
1.3027941032462
1.56108109766203
1.80896846594805
2.12190512830303
1.77113186333352
1.53912236834611
1.58885528794381
1.73419843883591
1.89678559856079
1.98845154674803
1.3152740841913
1.30858978795886
2.2751687194992
2.45544134684971
2.07475351771283
1.57429924614301
2.4309028287643
2.28972305816955
2.0928024386024
2.17072665877776
2.29813929906972
1.63799225640385
2.38103204629874
2.26330325151888
2.37734597376064
2.32730558669644
1.63782869951315
1.67319864407552
2.04253722529848
1.21101959338552
1.88763055786999
2.40386395093945
1.09568693964708
1.40398368183909
1.29301343043321
1.75598859653888
1.76328996272602
1.69957918933259
1.21787573926917
1.99878732198178
1.88599983398313
1.67701401145787
1.90904055158569
2.3793412457654
2.48316583773541
2.45211599584739
1.46203095250008
2.07030841698503
2.28986481211475
2.42810523438383
1.49653273212026
2.24984278433006
1.43904325420288
1.5073495161852
1.69479799363124
1.96318848813497
1.85070816112751
2.34665687806832
2.4559183571469
1.63931315470665
1.50176085937581
2.36200084437844
2.1835660467886
1.5783134347285
1.45130178460585
1.5680059256596
1.79123905344219
2.21599018886012
2.36882450869362
2.07249621066498
1.95553953810364
2.18463694302942
2.23009734544782
1.76575361209092
1.42140483073977
1.28565888322106
2.00709480135786
2.03259996583792
1.49756908812859
1.15621219584968
1.69892617038931
1.47317538945828
1.7353120379995
2.32072301872264
1.62336698460923
1.80870782015591
2.2060588297376
2.09570446950949
1.74929536936897
1.36908557650818
2.28815917294372
1.30305349801004
1.43963276205596
1.78970707712629
1.43462523982733
1.30502919758637
1.41410506999157
1.36818114967032
1.75095802060979
1.59209691147451
2.13278261326937
2.12669958556371
2.29914559475703
2.36559828094873
1.85635077028674
1.90462836912462
1.5627174929896
1.59166898345948
1.65478780695459
1.8990853219932
2.21600157274418
1.50152434411047
1.40953536549429
1.70595175365252
2.00715877834121
1.59145243995211
1.98784398080661
1.6935487391407
2.22423854113575
1.93682317112488
1.79771408541382
1.83898303577872
1.55361944000393
2.17080636776839
1.66352895897461
2.18681006320779
2.34682317544835
2.33739496544367
2.20398339104009
1.6686134846085
2.06729337413111
1.9709041735545
1.78285364454105
1.90079040097043
1.51486324287312
1.37762368692437
1.77551554549164
1.70279239876881
1.52665007083921
1.87396194349576
1.78790875032054
1.92156334660019
1.97632144213201
1.98541815176414
1.63990731836862
2.19020080235051
2.13521492699548
2.38924753819201
1.73452333358262
2.10533799989003
2.2498851129592
2.37217543212386
2.12087879766981
2.06351169751974
1.72707384000269
1.52876219324415
1.67441877476192
1.72634994731418
1.83126509128046
2.18123130762408
2.31996647687225
2.22629404326062
2.24638488186815
1.70100215759684
1.89893247178656
2.26218658486228
2.19809137545258
1.86128422890532
2.02095472573108
2.10363795742673
2.30697695585956
2.43614239454187
1.63712851498687
1.33751551949371
1.82559595799935
1.97526763905777
1.51820883109612
1.70729629258011
1.44668395456238
1.72049639491025
1.86021039462924
1.64517489157939
1.83712208813887
1.71360436741029
1.29391640867457
1.23034297321819
1.33620897556921
1.52030111382455
1.55323666035095
1.3375392112937
1.88393692512814
2.2423806346925
1.52985068533814
1.8076306648305
1.72407590168304
1.91739385889322
1.69340993586239
2.24219276145421
2.32664033278136
1.85039891634458
2.00770996489666
2.01398126441828
2.10958408809105
2.15579616663112
2.06311393281265
2.06089950262323
1.82779950495115
2.15245550512043
1.65293124766855
1.27640781938432
2.27488359873351
1.89451794979713
1.90530714582353
1.51686801834616
1.69015309449826
1.85563615806471
2.07941390307682
1.94681631980564
1.80566096400424
2.16418421487456
1.73555816643467
1.38899674400539
2.13637765280212
2.23965527129376
2.31351575688278
2.41954264402419
2.05670487525852
1.26264702818721
1.64250181781581
1.39175406014491
2.27563965832018
1.79675705708213
2.28297604583333
1.96951580562908
2.27613582202796
1.71219098705724
2.00731362806744
1.90151330144369
2.06149608650973
1.75150073207495
1.53421658859891
1.87601133352677
2.19422523260825
1.84690242574252
2.04270428115898
1.84416624525754
1.95868182904502
1.77916589807174
2.29554410909422
2.17642141651246
2.03346678333833
2.09124127707271
2.36265877611559
2.4056925952396
2.43465677164611
2.46269058507057
2.45505440104392
2.18422668340813
2.29571070233687
2.34486549751156
2.09879394936928
1.77449885663107
2.01042106255934
1.62329656857995
1.74542741691769
2.10838785414227
2.44056630133969
1.97095391742777
1.41109414122839
1.63707132212509
2.42779617024864
2.44444995370488
1.379922750079
1.90909591439937
2.3190015052822
2.34280090204536
2.36781205101701
2.01635926664359
1.26003200695544
2.08169306442586
1.57692234303778
1.58314364285962
1.10964313348824
1.58328504771368
1.54951213674799
2.07487416792365
1.60478127719297
2.36468673000748
2.0645883437215
2.17209528474528
2.3041221008056
2.42483967602757
1.8172592946558
2.29668093422143
1.61063580006269
2.35410873597654
1.48393485763675
1.26918824451427
1.67383158047877
1.94051235169227
2.10653954592615
1.6254501462068
1.68898710544872
2.10576743055462
2.22385580097035
1.74342207045353
1.60028212650441
2.33787702820628
1.77516344719108
1.85373805023311
2.0110046654941
2.30362107029961
2.10481361358718
1.84688743988498
2.09408801269494
2.2405467212194
2.08352974232628
1.6478354887364
1.70071711095775
1.99248608390113
1.86851914774873
1.56374950151935
1.95291213434276
1.96572078602297
1.80690838381775
1.42767781837806
1.57351752698498
1.64219528716214
1.52627701924126
1.91561182833209
1.879451391449
1.88096845194533
1.56619649325755
1.86938112177365
1.75052419016576
1.4656693658774
1.68802304678001
2.01208627981526
2.20071258030356
1.74810179257926
1.97558808643011
1.92861242057631
1.86417303884624
1.66170659621138
1.95871688101911
1.85742372881812
2.09365151254329
1.8160127048377
1.16662674817942
1.96383378709988
2.44842697580918
1.81033301020631
2.24162440321477
1.91902150328874
1.28727542534024
1.72311338879918
2.09240026808809
2.28868623596083
1.48178404742495
2.30479217227555
1.98763138851166
2.45135445526665
1.20667558844051
1.5976053714648
2.34886987020494
2.24323006687767
1.59932379745616
1.30825445476928
1.67596381774911
1.92765370127175
2.44564322725053
2.35020287586919
1.9014463769711
1.9939137951046
1.72530280544781
1.9613998142276
1.67995498673737
1.58247802479438
1.85722042732651
1.90717410703734
1.51113222924762
2.03280676458345
1.31758908212915
2.23759415345431
1.94791880548402
1.61046135978493
2.17549469109072
1.9865423441131
2.09867361111689
2.21137017667759
2.28336611375701
1.93174274565505
2.37400938491323
1.91718730804999
1.65059795716857
1.73315968432749
2.03397659580482
2.31427597473025
1.30084008796949
1.34051778639005
1.92814674467449
2.15128375972556
2.30120694069961
1.38052818371309
1.79799308670651
2.01294379124463
2.13667185652272
2.28309345428505
2.37512524218482
2.4748987573481
2.32593740985552
1.56340994675225
1.53339148286544
1.57715640832843
1.9928229332396
1.73669206321482
2.1129592788504
2.22348814953691
1.44005330417735
1.51852154623645
1.59018674867042
1.33885308737109
2.1178659988648
1.66471030635864
1.57797437898231
1.41475117541485
1.88794802347515
2.22633850576352
1.79644781169818
2.26656797180781
1.8326268711453
1.62706709029404
2.06759290210379
1.70682863614694
1.61196489158899
1.95399184028055
1.97518383617767
2.01957587292082
1.43392658425861
2.02817782892118
1.64491205087387
1.86075200368255
1.56925546167808
1.58614780596899
1.36509449979281
1.65997831838042
2.04270819264254
2.0149652947543
1.7455880301877
1.79478164074741
2.36284110875227
1.68252482690435
2.13561928104422
1.97942758638261
1.5178406833174
1.57571795406625
1.85639206825022
1.73191194399837
1.86156933577296
1.8596992354066
2.08927017625259
1.88748718262608
1.7688314652924
2.14206071440477
1.59732239563842
1.90850433172979
2.01931310141217
1.4311593211879
1.78303367193896
2.06332805330643
1.71837946602172
1.88219247706245
1.35869629099656
1.12575060213312
1.67548551887319
1.44859646781842
1.11318236960429
2.35456234483128
1.45431319521494
1.99222553304922
1.5432264148875
1.24345752520126
1.22738086076808
2.33634705479207
2.14606653311869
2.09008104479342
2.43186526392113
1.88701326943769
1.90685075105671
1.95819009640071
1.61232064638251
1.44134587974369
1.65281342793219
1.71530738703002
2.01224975930723
1.97939059892943
1.73809052308644
1.26989218111741
1.14594803419267
1.72157927645286
1.47917093943606
1.47911913984975
1.69284731733323
2.23200285855894
2.24137097585873
1.21750145453392
1.93467256597484
2.25473612531435
2.19487871235023
2.27182483334713
1.98543566729956
2.46370218075306
2.34861168064471
1.6521497640773
1.84989645166358
2.34147142636861
2.46389697826371
2.33331189754752
1.78896040031689
1.83294657486051
1.65075168836833
2.17337125831083
2.39857570169953
2.29974053304513
1.8424154433296
2.26758740624766
1.91240127866627
1.53436356111163
1.77624547347761
2.38444276426102
1.77777232199416
1.77586775251756
1.70441311166646
1.83730756446532
2.12474484630847
2.06112454266257
2.35062202874382
2.18262277000253
2.24022318368844
2.3984601147619
2.25158718122186
2.21433947421609
2.25596922839742
2.2652611892499
2.1894810511963
2.18156994744493
2.29099232273003
1.87488709286098
2.10670026194709
2.31051603739415
1.81935391370046
2.33887722055773
1.70936000612188
2.16989008576664
1.46287799514729
2.02877552633134
2.35087417433778
2.44827171873701
1.93440095759316
2.45060352692536
2.21667745215089
2.34756709963096
1.39963662468962
2.13649130598549
1.2000517315606
1.15550870142569
2.11851974216636
2.23696108633014
2.4471081491414
2.2989467576276
1.57255225461374
2.20221128098488
2.36789372120315
2.12922992025248
1.60267304025537
2.24172319988049
2.30004798830306
1.84861921439425
2.25817806137217
1.67913005967729
1.64922192780449
1.29584245162448
1.9512200811803
1.40337554389872
1.99825799269087
2.45066110917097
2.10884573460641
1.88116930026798
1.83062122046084
1.10619784788389
1.77600068392879
2.07915894243122
1.33328140236035
2.16139326385328
1.71168067243949
2.39694171462866
2.40403207989303
1.67966244727928
2.38283392873939
2.44154499312836
2.3845519136249
2.057736650797
1.69889302569999
1.64427724433002
1.85020777633131
1.96001756759107
1.34951268869661
1.6687365914266
1.34900025731694
1.82208238899695
1.66130080505171
1.57188774912923
1.20635000187094
1.09814280864823
1.16582541278663
1.52023326315374
1.95106146627597
1.84636067180578
2.46599868736134
1.73517207625534
1.40962415139163
1.86061559474616
2.10960278649304
2.17435687467819
1.30078069215781
1.33134885294902
2.08237194023988
1.18459308762773
2.03291568412649
2.30327442774356
2.18198332167623
2.18551785747308
2.16903762901721
1.53567536601318
1.92871311076664
1.83626334729263
2.28753957365263
2.1466995889876
1.80648748734389
2.39940344039909
1.96047171306575
2.41554227316956
2.31560430921108
1.65935200370112
2.29638197299917
1.70184018934465
1.78221583750107
1.42959570051345
1.09929222046605
1.58981304306599
1.46307706865179
2.36359268312757
2.48546344877117
2.42414969914061
2.18557415459194
1.86938036581487
1.71273008522022
2.14771343702264
2.40494603082526
1.29904483731353
