2.4999
2.49456975868852
2.49791334775771
2.49895706111178
2.49878431094814
2.49308780411242
1.87396541629119
2.28823194497846
1.49367285592794
1.95201431760919
2.43573158284449
2.46374239419704
2.47436865564501
2.49441429092174
2.49340135282599
2.49951970090207
2.49882191635957
2.48863749851509
2.49562134954312
2.49046970398614
2.49336020399463
2.48556416193475
2.49218473002255
2.39322052952983
2.49907613310498
2.49775955671947
2.49460171878356
2.49732856746634
2.41944922796369
2.40939294981514
1.83580649887708
2.00341219393307
1.15108766203241
1.90140646720069
1.06779062553058
1.23610877777755
2.07894607759629
1.22880051790646
1.61109943930439
1.98123809902003
1.3092657329879
1.46684041314658
2.14265061954942
1.88315867978791
2.38516847175948
1.35287790632444
1.16049763724305
1.50635090801895
2.20570135320978
2.07340873616843
2.31998919354062
1.94327599082228
1.57381660878617
2.31787754365066
1.6439704595832
1.17697785965111
1.17183186637426
1.21367676292702
1.06148346038131
1.0328155953682
1.0128159258994
2.02316297248856
1.21269932291173
2.0920846673081
2.27611437355115
2.43841396009903
2.48161492374557
2.47048285273593
2.32364108003976
2.45862993927433
2.39551834002809
2.24483992644266
1.94374743694866
2.13721276153951
2.48668906280771
1.7660042477369
2.06535140647404
2.4667583897651
2.49773901376119
2.49084420904777
2.47422718006083
1.58550494222427
2.45240771357191
2.47665079477484
1.92122478593014
2.39822787363059
2.38944863317235
1.77224109144136
2.3375956734503
2.44861196289102
2.44745029001067
2.49350278233954
2.48926624064174
2.4763419712689
2.48109460719028
2.34232371105731
2.37081552435619
2.40021927075122
1.3959001702121
1.03296804663897
1.08023945860964
1.66002621909455
2.06320285421012
2.38620712822175
2.48259121778473
2.48623803623377
1.65905101750947
1.10034739341648
1.18061975318398
1.58330229633905
2.00212261011372
1.43555747105152
1.44545192604319
1.7222201575328
2.2185238318616
1.58128629124941
2.11328941477407
1.87602910930213
2.13607420277924
2.38918712681513
2.13168881619206
1.72169946979282
1.73047404294048
1.75682470972027
2.26620943427939
2.36092456661411
1.88699516572634
1.7490814185049
1.66749839999663
1.53192832003287
1.65822720927474
2.17347777135787
1.93138643196965
2.28124092390729
1.79241462975601
1.86234407350224
2.37124074535466
1.41193924123383
1.99582370551167
2.12593600113629
2.04222021771269
1.94274723994402
1.98345983097384
2.10480971901042
2.16542306482279
2.0832708289949
1.65322459552313
1.94465783960158
2.24596839485086
2.25433533922215
2.38249839923207
2.2869817166986
1.89783792748302
2.03347625179317
2.26731822403998
2.29359510955182
1.45586599827139
1.77250463755915
2.28267180428697
2.17279168279768
2.32269596090475
2.2747782556189
2.23863432119051
1.56973397634503
2.35632453886321
2.2166882956874
1.46483745288542
2.3394680930541
1.77415310500379
1.72809791326558
2.29093981254087
1.85704126380811
2.10785916996404
2.2172938370002
2.11910398367389
2.27409032125819
1.72222659085288
2.46515006320022
2.26371695202083
2.35595609750583
2.20550059153417
2.34922826866709
2.1132630631644
2.34622772309393
2.00071610137279
2.03823764924694
2.42750305493878
2.08605300933243
2.151822937894
1.4441061614853
1.44419782473272
2.12958022653961
2.32471624531315
1.57269773756786
1.54069857854408
1.31491992227161
2.21726221698588
2.43892339106781
1.44705315984371
2.22014433484561
1.92549903699314
2.29869384577057
2.38457143096646
2.19472241809138
1.33332256339794
1.97110499904218
1.48392386494374
1.41997773867624
2.06278394405352
2.20731518658329
1.71153059174785
1.26495443181547
1.79764794091152
1.35558630495002
2.2536548746969
2.37908657438818
1.96129485370421
2.19004361939182
2.37514281602538
2.0332866430602
2.25673005516531
1.83730619256856
1.8835686775494
1.55337658464667
2.1192317270199
2.30665076116312
2.19480024999409
1.63783177511057
2.03216421790963
2.07079785070439
2.01312403613083
1.7685338245369
1.74904757497161
2.05529050489311
1.92533426199193
2.0145404788203
2.14022781730669
2.2512012750261
2.14821522830805
2.09310114444248
1.5427288867995
1.80813764258336
2.20741711253823
1.86347672392028
1.88862318438516
1.87300079012819
1.79835233125567
1.96965861560023
2.07342249252378
1.79257941856795
1.4908534568456
1.8036548951551
1.34017997540438
1.65341363299567
2.06542936229802
1.68403156946421
1.94147826930713
2.16550319868333
1.50074037279939
1.83233109651426
2.31545960535689
1.65266773527824
2.08277463822712
2.14420771056249
2.19642994099057
1.86923181268729
2.08460845453299
2.19506748592519
1.75036795650286
1.3898432503796
2.0065996954642
1.78750607465816
2.19247495170759
1.9058363599074
1.98586086580067
2.11525387049586
1.819671266017
1.57585047826531
2.34295386620538
2.28284920245027
2.01991948892681
2.01931272927338
2.3459030466021
2.29158900183113
1.76814704394797
2.37887081631009
2.34110675406566
2.11866477264576
1.58769878035332
1.31850094242966
2.34512442818638
1.96769819631077
1.88921713848184
1.91752781757012
2.29203861971658
2.1641655027212
2.30109931753371
2.13727562781777
1.71890985059759
2.41440893127417
2.03914870554209
1.82769154326629
1.76032107741737
1.77983211581869
1.74599560540377
2.01478624490406
2.29850492184927
2.1042011230928
2.02918119415014
2.11188431262188
2.14121182751913
1.5772094015269
1.80036194394497
1.9036307543605
1.51538571698632
2.1510660730532
1.52691759375635
2.35281032197193
2.39038543519899
1.8783533154651
1.69497118926498
1.47237424513894
1.47674978228561
2.11963715276618
1.78221005456265
2.04355967300501
2.04320018672296
1.60774454216649
1.85505796696723
1.78207881807211
1.89655783181682
1.72324634680254
2.08936705387419
2.11249106923881
1.72112888416635
2.08483317606045
2.09534263193626
2.26134287414917
1.87180817378739
2.05112813291786
2.30349110083191
2.02501551531365
1.59619289425257
2.10358114922183
2.30335591499195
2.46716435595431
2.25328511806879
1.93077487296757
1.98959027186858
2.19746803526045
1.46654313072728
1.7764725788217
1.80104535155755
2.29267490537638
2.00491480568436
2.39268497097792
1.9700447475655
1.6278928433578
2.1494490185589
1.62330802541638
2.3256496751255
1.73117733004225
1.35833571373604
1.58867947855897
1.50751706124955
1.47579867273292
1.28445960877846
1.94251297575081
1.43875304702549
1.21115142589016
1.21767275986174
1.09696202010999
1.48729359147751
1.86573150236733
2.11828520649398
2.02892264353104
2.28696999096388
1.9850169516516
2.28048911642893
2.30571233728847
1.79629630320115
1.74229703970815
2.04532296416689
1.97479765048226
2.01979320979967
1.39611281911678
1.98258839723503
2.04036573265255
1.8675645845834
1.87214112136345
2.08561484125202
2.16292052379683
1.99482136947126
1.93184975100923
1.97753909232897
2.04931231631822
2.26946545671551
2.14472938973301
1.5651540643006
1.72313516726342
2.31808858110374
1.79572833345757
2.12072771777366
1.95317488454171
1.99303158012674
1.64228410976328
1.96173431894987
2.27228920171916
2.25847193172688
1.53479972097712
1.86438800994952
1.72215051061596
1.61186056791135
1.83619015226051
2.40307889936774
2.40578701471566
2.03245385361772
1.91317951474247
1.76228647441393
2.2235364594248
1.73715648344558
1.86931394949307
1.48315024680162
1.20376039097691
1.14836660276204
1.84163676704826
1.49667731165428
2.02847665444074
1.74924087380347
1.65555933497473
1.86388413387239
2.21102032840102
2.04323497602918
1.73210118002448
2.01532436320395
1.82926979927611
1.67893852204088
1.61281842198194
2.10882004630404
1.86738773063826
1.79879872500238
1.70584587871215
2.30911802569202
1.79555782401746
1.89941428291741
2.09427110277689
2.04104570812244
1.71386538104959
1.91140202256025
1.79958706756429
2.11230837219679
2.1536696207155
1.91680277767808
2.07441945279548
1.5489742953853
2.12348393448019
1.57811005810651
1.56824592868487
1.34994315965312
1.1703768450923
1.40647207030003
2.3132331572256
1.21500266574179
1.96150492455218
1.75535072230519
2.13635147945288
1.90888827928081
1.5415562330249
2.01734111392495
2.38779430530962
2.33547057515509
1.62316257878817
1.94374112557434
1.86084796508429
1.82826325684863
2.13300578297522
2.40057780054759
2.01730525332333
2.40753107568864
2.17993461048626
1.37218417620673
2.35744546625112
1.66644900800593
1.75998006646479
1.4349938640256
2.05187808718558
1.59302393112351
1.54839995064986
1.3447372841908
1.56074287976762
1.805305820097
1.90124036905483
1.86243802167214
1.84126769986277
2.02437073236391
1.77164432947675
2.40142054273536
2.11753839124113
1.83103685139485
1.56506776116326
1.63942394543992
2.12585266418734
2.00090429625675
1.88142731098011
1.75008126285935
2.18008262023705
1.75698302334399
1.89727051306016
1.87558533464831
2.0723067557042
1.63734348270241
2.27001563757166
1.6749046983899
1.81555210881767
1.79163923826384
2.13158739446387
2.00528011519737
1.58656715321981
2.09638945508646
1.84612233525578
1.78656845788042
2.10870947117806
2.00612115405414
1.76596513374868
2.31158454595398
1.31744810843436
1.87990648305489
1.38433505824698
1.88206373879913
2.22229888270214
1.38700887999858
1.83933825313789
1.51739348591951
1.70618682540361
2.18578265224829
2.02123763008657
2.14942336375371
1.97993185711848
1.70249337194883
1.87538796965815
1.50416598709353
1.97881944953048
1.62885021221059
2.30418585838587
2.37126652620491
1.61671127348043
1.8457842347481
2.34265006133497
1.52353332483529
2.18489032719811
2.28902438312804
1.31468941991068
2.41616460351736
2.06552958449382
1.9079547453387
2.00790551785888
2.05724665451698
1.58289615732926
2.01400494688011
1.93462380281031
1.84051734436531
1.5329772063014
1.76691613836442
2.04675144096665
2.17198418310115
1.90464850995791
1.78966245120155
2.26236948071352
2.06603425092685
1.81034036134362
1.93373059079996
1.99866380185661
2.11445788802683
1.81019182173866
1.16496810931038
1.84849947222258
2.24080604163456
1.76432521942451
1.84333328734437
2.15043985869302
1.83476927550776
2.25922130889359
2.41128396281556
1.89248201283172
1.90541126387647
2.15178255433632
2.20549759676459
1.92897316214864
1.89876268454713
2.04327317951968
2.13341964953394
2.1724905679859
1.37475757525519
1.76923787424431
1.7848913792746
2.17746314750844
2.01004269098475
1.9414876002491
1.75068973978959
1.79050287617282
1.88378881560737
2.26868643562225
2.05099186259498
2.36509011966423
2.22561159840153
1.82809946720437
1.31561057368114
2.16771413317476
1.62161158816637
1.31265180956041
1.94388549572074
1.16629639477188
2.04291667032331
1.79422333894889
1.77998827660678
1.82440138554059
2.14388385916394
1.187737895265
1.24788802142497
1.48099656251205
1.2331815888269
2.08526700204101
2.30450626246876
2.40753806980241
2.37472105676981
1.44235153010125
1.37181300297875
1.75815851241119
2.00463596419432
1.95527202348377
2.19075652041158
2.12780864413559
2.25414738784975
2.45551917955149
2.45380485998973
2.36027671784316
2.01982929192981
2.15761837264439
1.27164774664969
1.39154751546345
2.01990516994206
1.51872115494449
1.85598881326315
2.356046491348
2.40684084176813
1.87931548296885
2.23343793963178
1.05793926886988
2.09848205244725
1.97380292942523
1.90556816127565
2.47535635324379
2.37201698934857
1.99431056454359
2.03529886599756
1.65786022951532
1.22591654226537
1.79242030859362
1.24630903179434
1.21441710887075
1.14205205621902
1.20764019180167
1.08579972157462
1.0155489659791
1.10369931525995
1.84018508708074
1.17802782946793
1.05658287770532
1.00585088324627
1.02320137890442
1.47169024021135
2.22163506237602
1.82057881846667
2.0379434810791
1.6211701398777
2.31407983701257
2.40507751319956
1.27477976961341
1.21495081254652
1.12414694139986
1.02727508419544
1.01290752970158
1.04959932412934
1.05227988442647
1.19960929206258
2.24422355721434
2.48976685966624
2.49611864641984
2.45653806055918
2.44434649300891
2.18836410529289
2.46095538458459
2.4256937988104
2.38145442530611
1.15535268748827
2.06413230849178
1.69520489737395
1.96933799042904
2.27959647090988
2.42992252947262
2.4527952386801
1.69460258733328
2.21246331022864
2.25349606667304
1.53043365149986
2.04809354969774
2.22294080542038
2.15210465558123
2.43517409250347
1.44960589595102
1.87109596891378
1.71296302020154
2.01240050112518
1.85108537892141
1.41648146897565
2.30562689988072
1.53019391826782
1.43619890297069
2.16350017214253
2.21761624055085
1.92270609951818
1.59049915665647
2.16029550815795
1.77489942169008
2.30501242673545
2.44505451557312
1.97037596352599
2.16349016827698
1.9785369504903
2.19184191820108
2.24198502672507
2.42708109056128
1.87173082399533
2.24534684354895
1.96714046264159
2.12808656285595
1.5003563300747
2.02501497869393
2.18872980640449
1.8170489187504
1.44657188113834
1.91575947252505
1.92847036978022
1.95827288172827
1.97714860903333
1.96850554835036
2.31043095012099
1.90782257904479
2.37339313550611
2.48177247042375
1.99213243514281
2.08819400095937
2.1481694775106
1.94874516156302
2.11622793422912
1.88347983186988
1.59998952265289
2.34318949437412
1.9918931285471
2.0953244526784
2.18831922306337
2.19543485834919
2.36740396967008
1.96837116084702
2.44589661425625
2.33844707589649
1.26373967018558
1.07217771575114
1.57658334809396
2.2312972155888
2.05067567102429
1.39298684461173
1.74733413588903
1.66204589294554
1.98362383484854
2.03179449776124
1.89523760141964
2.00282778583776
1.9019890851055
2.24415115087824
2.33644093086493
1.92077822050013
2.16730570621234
1.80291345184043
1.64020186858451
2.0503114739531
2.26027959638626
1.597778349196
1.45732448124787
2.37179051397897
2.40393785896631
2.46725573794093
2.30884209249858
2.05598604262175
1.84207007337979
1.38320754136048
1.96703319102682
1.21252181864682
1.86342609822483
2.05911547939416
1.58285508188584
1.79876305001785
2.19422008616233
2.24487641717667
2.10738265890444
1.79866962113489
1.98800948332086
1.93447476450335
1.56557628722629
2.09506611029981
1.33006478519168
1.79053068326273
1.88884130551747
2.28646713463584
1.99115882463725
1.84139890608842
1.90404292828925
2.19100528318896
1.87946935680015
2.05261305234655
2.10283376452369
2.45455660225725
2.32833933188887
1.84217171981818
2.32975463508561
2.07683564191701
1.39751144341315
1.6008186118708
1.69125728254995
2.24830661239366
1.61140447383227
1.60918404657415
2.285984880783
2.39845688120783
2.37530378768162
2.31829108463301
2.07549041396358
1.92646294581726
2.0038340210683
1.33327166244514
1.37775628638273
1.84487253082762
2.02070462771258
1.93794129996184
1.39752844136088
1.93194004559918
2.37625991390576
1.75854712876045
1.54610061916628
1.31310435004336
1.98300928177991
1.37045209648236
2.16138512815562
2.11230237505374
2.00542780727325
1.99702861407532
1.79590010125836
2.01530731965039
1.45381833987233
1.99144612528243
1.92628554185022
1.90303382055792
1.78936664014064
2.26900615849382
1.91341432433908
2.43764059417535
2.16004198756186
2.02203577607689
1.76318069020924
1.88489807015793
1.84785294862958
1.48466640463367
1.53452583986428
1.46060517039364
1.0985925841897
2.38937735569635
2.28666874690945
1.19760106360848
1.816189039388
1.83343632196139
2.04123199068737
2.11282495723751
1.78139111328211
2.02543316171786
1.53727982807852
1.21752405753227
2.20979385927248
2.24781690680783
2.05597970333453
1.91057879961303
2.01296552296424
2.24633227832553
1.6174776338502
1.75764491757029
2.23330000109028
1.57615401187948
2.31592677061919
2.29011434871029
2.14019920927242
2.27160907056379
1.84495700738748
1.44639119957537
2.22932602924645
1.81717127380358
1.85127679896568
1.78730169081054
1.95089728196136
1.96004246719787
2.33704810153229
1.50963199315243
2.16970811658085
1.80505327678678
1.70930939305563
2.06760733269868
2.0115631842562
2.08199965620451
1.98461045766022
2.03556296859304
2.06805726482565
2.25059773907311
1.95093841195519
1.70127918764495
2.35952498586172
2.04603240899865
2.26877643705131
1.71296568811935
1.93535876048791
1.65110393342393
1.38452209070795
2.09897228092327
1.76147458005018
2.44137438320138
2.19674276788864
2.24416384039149
2.10030929365497
2.33421107186075
1.70267382235377
2.06707489109433
1.64540824258408
2.24563687617727
1.879080037424
1.86290788612288
1.91185760053153
2.12059736457291
2.20274573565923
2.34194309223581
2.07810899570698
1.85808471583583
1.59876326967123
2.31210716922494
2.45947999728489
2.18454941986214
2.29236199926529
2.47982178454096
2.39469577545391
2.43903270376872
2.48948881989769
2.25865296131696
2.24683524704838
1.99030583764072
2.26530903992131
2.46366869838949
2.376196384771
1.54995960949739
1.64286284850662
2.09339394690548
2.15795128752301
1.74088187587058
1.65357663051083
1.44097100933028
1.76713398823611
2.03358747736956
1.91692723278726
2.06316783434581
1.91477168304659
1.45816232868763
1.25734412361175
1.43661987681408
1.05717500396
1.1519090646318
1.41466616895265
1.92848697778773
1.2431863976668
2.33036013749706
1.29724678961933
1.40332031204542
1.2043218429891
2.15475955273851
2.3885226741604
1.695640698193
2.15782424790786
2.31703128222406
2.48674883970618
2.33902059894196
2.16093753205682
1.13300092102303
1.88173643183538
2.13348009367247
1.24000526819152
1.07925202666795
1.48718012647394
1.66910219708278
2.30725064519959
2.41349145858068
2.23064078689825
2.49468848838595
2.40560355669785
2.15715275949189
1.11285126419993
1.05753000851797
1.50026041810603
1.97620581737218
2.39698900445886
1.61805008787261
1.26084485415441
1.7603308960455
1.78647309552226
1.75361436359046
1.37901094761275
2.05366406311099
2.2863617238583
1.55011073179367
2.21684853378661
1.63913913152815
1.61819502475128
1.10755656233728
1.87001504329789
1.13237919606041
1.22051936901635
2.26399958810127
2.14461945660672
2.28943399579034
1.95951349731713
1.24159830312061
1.08601101331555
1.59601093788659
1.1548399859271
1.78281756441933
2.03953546304051
1.43639884697407
1.94273666377145
1.67296611837803
1.36454438275316
1.96248245129747
2.14999741853051
1.87742625427599
2.10939708626433
2.10428570629781
1.45440687862976
1.71179173167388
2.42072112169763
2.44272338120417
2.08678573944758
2.34679293490443
2.16142166447212
2.20529272276915
1.37578085199321
1.41209324929887
1.21627280681544
2.37810162997937
1.75324110540298
1.35534097194902
1.22661700277049
2.36978289048183
2.41308027844524
2.41947068649087
1.63225350969722
1.8980610422113
2.05672569372284
2.26811488963693
2.32976060957975
2.27215966586751
1.34139839217822
2.34840764158283
1.61790706665424
2.02155295398928
1.81361597512765
2.36090337697534
1.84211694189423
2.34083421807225
2.41737212398335
2.09002825499025
2.22442410683725
2.17328228961028
2.16640159329736
1.92937602629895
1.96925021828372
1.24981246364555
1.66105840671891
1.76015338051758
1.87623049524897
2.2660224339915
1.67629958533477
1.23792916822825
2.0469350951852
1.65483095226769
2.11692896958399
2.37034563682508
1.77251707901173
1.97024196813175
2.26131190780735
2.235251983059
2.42571298695676
2.42040922828339
2.32982394371908
1.64868345302264
2.42386015993813
2.29063316585091
2.14103311789621
2.32772721283453
2.43344643104414
1.8177950705381
1.68674062678188
1.61394138267033
1.05737650367659
1.94528381653034
2.37964618938068
2.45411259130299
1.86293388760634
1.28693751958463
1.49036387297766
1.95023738084106
1.68460089489188
1.74148591437382
2.3238389717662
2.12740824585207
1.74759839910319
2.14273645671365
1.95417868626477
1.93891194018514
1.91003948787041
1.41402480195017
1.95757910830815
1.78995330546838
1.20840305500382
1.26839846933009
2.2032262168596
2.32159199484019
1.92942632594262
2.12038561889753
2.29737194427109
2.39218745194584
1.51425432670802
1.89437840799471
2.25758075715104
1.40565713034805
1.35581753275681
1.70201975319626
2.3353400443874
1.93470529956851
2.18184435498847
1.98733157956359
1.78690040878753
2.07538816693347
1.73040539118719
1.39413226300073
1.46778360579432
2.11433405687842
1.6133495871833
2.38942092373038
2.38681000633163
2.09655858139781
1.5335583744264
1.83915058958059
1.29603039772077
1.19867214511135
1.64615173344162
1.92514149078667
1.09880808268398
1.28176177163629
2.39432717384983
2.11587088017232
2.11913106276962
2.13822972135837
2.46543516360821
2.16745282365695
2.47259630795695
1.84771875042233
1.2952516466338
1.68837147055129
2.29753052790058
2.16445470136478
2.11305721992155
1.77679667475235
1.60996090446374
2.26638120043012
1.62159580220829
2.03533173392377
1.84967585633879
2.324423238266
2.1590503449027
2.14335208772928
2.1966388857165
1.92090925718029
1.60495645067805
1.38531170527949
1.43905430620143
1.53338826742784
2.09373202072132
1.46654816067781
1.26147314401774
1.30148489795313
2.45524755095305
1.78879847730954
2.46492070644373
2.47921665290598
2.45115184218311
2.03016599471122
2.29414911040686
2.12666358387751
2.4424165514858
1.86464776106497
2.17075747001346
2.34010221679036
2.32995098334477
1.40778126764604
1.79003728250171
2.41460880808189
1.67954272285079
1.83258668343736
2.0382452272852
1.34207354851778
2.23561763158978
1.78144393268922
1.73133038461294
1.92898860666852
2.03988379687614
2.23324329517198
1.7202795173156
2.10539386610034
2.32628335552634
1.29570641033286
2.11720622924257
2.33462712070925
1.6605817158422
1.69001158886783
1.53620157161382
2.35508554466784
1.83162659916259
2.30144739224912
1.69827578449535
2.15571602355319
1.91664796918662
2.33218743029166
1.38627181535275
2.01062954905941
1.38163073810682
1.97032419907503
2.24123426104202
2.08655247813267
2.1054223480973
2.07303001496336
2.05076156475864
2.04302757577708
2.2076838510207
1.65791372836434
2.14902686148517
2.0887819634798
1.769146097025
1.6682442036797
2.04061335272321
1.72136705863729
2.01618997341663
2.43153652785651
1.83251984888283
1.93103412413443
1.6123927740381
2.26194786360029
1.65426777162523
2.05208350482515
1.95704901679593
2.04148563865361
1.79018256376164
2.0338035807078
2.02363649359129
1.55487043428748
1.62645521118674
2.17224344101771
1.63750407502508
1.76144525158233
2.32334400843032
1.56336103008695
1.52499027488306
2.0417789710762
1.53319810425907
2.37831226980575
2.18914745973367
1.83699554606996
1.46814762181094
1.26422030852448
1.41597070345374
2.20881081170288
1.91181813121367
1.84112345201071
2.00256728615774
1.90746408500151
2.2434518654548
1.78690958894743
1.99368513071508
1.65652322186911
2.34669550397706
1.59634671103114
2.44986308031712
2.48038997274649
1.67462837797714
2.36820497946442
2.42677349962396
2.19638882414795
1.68555698486211
2.14257515916235
2.13563178546208
2.12849733156282
2.085047001859
1.42728544058053
1.89584808943418
2.30534835013555
1.9280441252718
2.1336171127966
2.3667913643505
1.43688006222677
1.67513407609284
1.28955936230564
2.0197981203238
2.12679397656726
2.22754946953596
1.95332629579061
1.44859031177069
1.10718244241717
1.13176314581218
2.14203588175204
2.35639077160798
2.42141616669247
2.47075107018818
2.45235204419443
2.4275856522001
2.44654911033943
1.94163223951293
2.17271717369393
1.55109812069396
1.5011789905594
2.0939393303989
2.10843470658455
2.22617112353288
1.94756216590648
2.31632160094586
1.59989856849042
2.23811519221445
2.02043427324597
1.34791551205992
1.19878366592974
2.39167048439384
2.00360763319535
2.34146966998175
2.47075407019793
2.30996501743664
2.02364234925085
1.90312587446742
1.55564147327522
1.3560233254415
1.9431591248567
2.47824967875418
2.09099407121935
1.28578426128267
1.9447073895169
2.25460745041046
1.67791200059607
2.33390762460345
2.41231139559029
2.24585406473055
2.48352014548121
2.380298972498
2.26649297229472
1.77716446348628
1.1681382020381
1.54051381215433
2.07419926332857
2.1529547279776
1.85747962450144
1.63509801369803
2.29004487155216
2.46674532554531
1.84261692925801
2.01174804205406
2.38529124985834
1.84854563243406
2.32678968963141
2.1520978086603
2.3334837673696
2.45810108556496
2.0548686649994
1.41169378036515
1.29143670981765
1.84282202801612
2.04690668999428
2.38669683296213
1.85946838064993
2.25600974531395
2.0406304917822
1.4378353156919
1.79978536778423
2.24117258854465
2.15084447812131
1.39750852164742
1.1072505388363
1.65556748534538
2.18214396649193
2.38208286774237
2.2444150942838
2.07393710395789
1.47379606108415
1.30919712619809
2.28833856506134
1.65690155321091
2.16014193481481
1.82169726872881
2.31003511462055
1.86184219997139
1.96458510690529
2.16429099852182
1.6712569808275
1.93690052550995
2.22375103818722
2.33006965845401
2.1154909943577
2.07436662342672
2.12286105911256
1.16727491083883
1.35853650293857
2.25593603823311
1.93836331246738
1.81157648938638
2.18344362105768
2.02999920528715
2.08942777760156
2.09294683909437
2.21065395783697
1.2585748087921
2.33258072793137
1.55253114979797
1.62039817341186
1.71833976436682
1.60515883135454
2.11392834122888
2.29630695559128
2.23587087256056
1.70739687221146
1.91334907807904
1.95860187378389
2.27675953649119
2.15523376281055
2.28683418551368
2.45125399046402
2.47987873808692
2.46080068060547
2.17656520639349
2.35411169483447
2.37771687724649
2.3855170259602
2.30333277067348
2.3263916458508
2.35101600108139
2.08306939515366
2.45286309524689
2.43522476828579
2.41500157039395
2.46106199246907
2.24438913934109
1.38915419886003
1.39237529886311
2.04979642442739
2.2397193011428
2.17199771319459
2.31104295466871
1.95190031765768
2.18237701640997
2.38394313779459
2.29910728865977
2.11656104569348
2.30968607307775
1.34039054507486
1.42964654456133
1.69725330053694
1.98964263868008
2.13015673025543
1.38030234903223
1.5120969771429
2.23114465777601
1.99187507466833
1.85074153320106
1.87840882339051
2.00279868321346
2.04667911006831
2.26445227425247
2.29182654994325
2.09270718071735
1.89515408500054
1.89547049228368
1.95201945709072
2.22199926274273
1.86804377450866
2.19900313927386
1.9965828348233
2.17267587423327
2.20913555788636
1.78600728647542
2.08943110347423
1.62719679944871
2.1796304025717
1.89855835395717
1.82034513856111
1.76242370083216
1.5157654607738
2.15071093111489
2.13108425531071
1.35448587964512
1.83529194915268
2.01627936611796
1.85940150926619
2.17545369120919
1.40011492363562
1.25767833880069
1.46072250267155
1.17274281731459
1.59715537231529
2.41860708242865
2.08721716273171
2.27050766045151
1.58022017239122
2.34562683191
2.42436907862338
2.3039316344909
2.39384475748459
2.30243166311102
1.58324914744236
2.10296401005936
2.14855791049988
1.52278338849625
2.15075280552705
2.25305623130636
2.25252036889799
2.27115204282468
1.74820063695113
2.08865551787733
1.30109612536974
2.24385546380387
1.85077449702158
1.60258271200636
1.99619937663004
1.68800999554014
2.37028194485375
2.39702082721535
1.91907069817923
1.41254058593573
2.27383990641284
1.80520716202062
1.73851717171536
1.55843457015756
1.68925218382414
2.04125344311341
1.87400863485715
2.11034969455211
2.07306691767183
2.14318385448425
1.93786675890711
2.30609436985927
2.16708340739627
2.20993953847411
1.86266993399572
2.17648115210285
2.33161318697365
1.55712388814499
1.19529208913976
1.81489632814313
2.10364594558206
1.92763900303056
1.72896212443517
1.67595549780635
1.32545928189551
1.31838008755259
2.38521440880807
2.11396238200537
2.12483005737961
2.21398438217703
2.45332686920289
1.78424936549907
1.82573061213619
2.29664381647182
2.21050020520461
2.35010411131653
2.2982791614904
2.3832251305885
1.81447024391408
1.50403902824162
1.32723461947722
2.20560747179308
1.84235884680701
1.40385227969914
1.38677735648421
2.15518658434525
2.04065548715184
2.19018786834924
2.45096645547604
2.05429537921475
2.07998061391432
2.27142928528894
2.05146005630521
2.37736831978771
2.06368119965043
2.01059476829146
2.21137415257601
1.17366635479963
2.10274139740291
2.35703909494927
1.58701339834797
2.33876288778988
2.10464890305654
1.62186709595646
2.23658110650924
2.40227590688337
1.42273089645707
1.12060950272702
1.22371390538354
1.92325832094252
1.27729035000141
1.73664904005301
1.03653067362061
1.08761272607735
1.20637563833825
2.13982149095307
1.14436402241607
1.49297377281044
2.39332657154655
2.27677803145697
2.46528695266059
2.13051086096501
2.44157982154282
2.43610286393167
2.34211585884325
2.47464339698369
2.27924407227248
2.4305871425475
1.4735641592006
1.33936217927319
1.79023790664239
1.80254576055396
1.7565045972145
2.14625589543892
1.8122617980435
2.45196005702473
2.44542133661211
2.15102436991951
1.8614119667826
2.25370444650708
2.04612490633524
1.41726005341642
1.931186278425
1.54382400901455
1.97408230698951
1.96556107050384
1.99174208080411
1.74270017423616
1.54683561640576
1.88524571657288
1.96056509885627
1.72543909550504
1.97294788635086
2.2616504439713
2.28307101431304
2.27564072931152
1.82852879889914
2.27141997719837
1.67226540961581
2.27360834835131
2.46679822161133
1.98227172544842
1.58284748995457
2.27676373232349
1.7155516650134
2.12095385156371
2.0280512777286
2.36398136012584
1.84815197122593
2.02609829351301
2.32381022060925
2.16074545794368
2.19799372912842
2.10676686528785
1.72323048279769
1.20249968614325
1.59168742634088
1.70442381393874
2.46548706255042
2.43332233487793
1.76157067730085
1.6753262126929
1.89732547504964
2.25914361521781
2.10900757521115
2.36927066753415
1.66436466439148
2.15253343642241
2.27803592139202
1.44248211482049
1.49585064019829
2.19933096972394
2.1862195598731
2.47883428839961
2.42868240940395
2.42246069976338
2.14728010582527
1.52231427013805
2.21507030017621
1.94181119994981
2.28532490316195
2.20577636559202
2.28981851445305
1.73711968880567
2.09829632068981
2.21759625339992
2.27251010851608
2.15179736817636
2.0655198498193
2.32355719881043
2.2068673741999
1.37932354170679
1.24440821939795
2.12006478199629
1.37687769363719
2.22831429475954
1.85538200279287
1.58264267570443
1.93877647778446
1.90154250204902
2.08570129335155
2.03110536671248
2.34387385097973
2.30652113857977
2.43938886996132
2.28478104273229
1.89639020879268
2.16191173554998
1.86591778548344
1.55937864475186
1.9093129246452
1.89599856856052
2.37640311153469
2.33249202501669
2.33143333432677
1.80055119154644
2.2191155568903
2.36929395378241
1.57927542879476
2.38667292306114
2.42783197295339
1.88017561542599
1.84470688861241
2.26306914748533
1.26203769203244
1.58118204465339
2.18144847541141
2.35447764519481
1.62547220431547
1.51799862159851
2.10596323249701
2.21899434289505
2.30701949880065
2.05864583444845
2.42200821260996
1.70742869637445
1.05578111327626
1.2239501422579
1.07192130233823
1.0130646359887
1.1832699443547
1.31717110223603
1.33213508007352
1.23498659291607
1.11451382819042
1.23375603976441
2.34864238194078
2.30658614312029
1.70377024192358
1.35559959326269
1.37754529974334
2.47078918072205
2.4548301528318
2.18854565897926
2.44116042729691
2.22539291071731
1.53853192372774
1.13483252069673
2.07281090387466
1.87860734531882
2.16979640337685
2.02827450123063
2.30969632420283
2.18550154190835
1.47872154594112
1.82122696425418
2.11832764869792
2.20091918614845
2.08135077343808
1.91664149324644
2.28465073039832
2.22208387193776
2.13799378058941
1.55412914423626
1.4340725835875
2.2438557207893
2.40058366366862
1.52795141581549
1.64675851856309
1.71282953469872
1.4723316324614
1.67110055219753
1.74538711528044
2.07839153819771
1.13672308028062
1.60810013684629
2.38486089081252
2.3720819033005
2.13908284784566
1.87274242796853
2.20954291426392
2.40158492454233
2.14186320705587
1.7346884124788
2.11723608370226
2.36216273127451
2.22973608226245
2.29542938977803
1.89958135891153
1.62746010513364
1.42918660565558
1.25520977924423
1.57515251155884
1.80490791698601
2.098882268349
2.05654840421413
2.36696213265838
2.4189410819961
2.37971880551833
1.82190962189194
1.24318577347598
2.02950982283529
2.24008575974974
1.58660787674435
1.71192325860467
2.16022637832743
1.60225873153406
2.30233493360874
2.38695342025899
1.9267392421243
1.23877093835221
1.61075596668812
2.39440272656417
2.05972025645498
1.61716402374751
1.59075891094742
1.67277215976751
2.02895514829579
1.95496902114647
1.28306148740896
1.03099050652172
1.31647561588872
1.69152553520694
2.27065870804665
2.28171677598708
1.76953731367784
1.99198810777426
1.63356972161861
1.33933345441419
2.43744707825917
1.81071604486165
1.7119306714097
2.20025560086538
1.93529401558057
2.03047723360853
2.35829614300212
1.22549682893247
1.63356128638118
1.70816120806599
1.01957844014204
1.03730469340434
1.02275514031676
2.05815318397458
2.34776994535892
1.74788733263659
2.46131821467307
2.47201580327566
2.49550067205974
2.39038115695329
2.39934633708908
2.48470465208998
2.44479448468552
2.48624422632555
2.4461307443853
2.13006978526618
1.24970805292001
2.03299739855132
1.65734774153414
1.12756099906736
1.84743151920864
2.38003801905549
2.35844886099532
1.66004867115927
2.08087083891954
2.49504656684804
2.46730797179586
2.41322528927959
2.21006486215555
2.45900520595683
1.9628143580382
2.3727075165703
2.04762327215141
1.62703687296433
1.83278106596674
2.11654952399384
2.05433891074308
2.01229619327905
1.78855640171318
1.98224333284441
1.8248391277111
2.12921217112493
1.82841672837575
2.10375167622704
2.18046305957164
1.26583038158495
1.23004689377198
2.24775085757785
2.0953297788691
1.64621265399852
2.1259410695129
2.32585164038528
1.96639068303293
2.37549132201721
2.15996495187659
2.17119505082213
2.1954087810263
2.19710995102926
2.13676485840325
2.33789796902353
1.15644522240599
1.79806645864824
1.20563733933714
1.86593654841088
1.72495159265411
1.51107230379044
1.97302064479517
2.34964132504877
2.0372075371433
1.9982427788277
1.96252906185514
1.48216832179202
2.07473207253258
1.67749074570931
2.38103298450621
2.48588179230071
1.88405693744399
2.42934537628088
2.40549473349171
2.44109800171253
2.07356760857578
2.4704812320641
2.47103039512263
1.72718479261782
2.28174231122176
1.24074999081622
2.32636037327509
2.28053978158183
1.41130997108592
1.77790412607036
1.46999500680324
1.83322239890851
1.90307077250733
2.20950065784183
2.39230126054215
1.4763984306822
2.23027343847579
1.7602857187009
1.1463582897303
1.35539966136304
2.29755320005405
2.49237187447458
2.39032133753902
1.51320160894105
1.27926105017153
1.40592185894991
1.44523823904849
2.40477056983324
1.6908165970655
1.20045229411517
2.14642180279227
1.82501989126357
1.82306837874033
1.67310661544162
1.48581149805225
2.00431095372195
2.02511691656908
2.03280541017686
2.37437210332867
2.12035876857428
2.26068174220463
2.30821562836759
2.19983332528292
1.65648838000253
1.56972285266096
2.03507155531265
2.05825871319847
2.40023987809006
2.31052127277979
2.2309232464243
1.63863502286208
2.05246378000958
2.43739547402194
2.1784078053754
2.1284103652708
2.29090415992867
1.79336640744162
2.00598617073146
2.32360356807093
1.99096806278208
2.40419279454315
2.13697558500341
2.13508334045843
2.27820078612864
2.44655141442709
1.90271040129855
2.21095777166523
2.06741986039025
1.63075890402768
1.57950965356788
2.33691122543781
2.2741829010072
2.2818394550426
1.97606537219905
2.09627298760368
2.45300245747301
1.36379428322386
1.46637578306345
1.70939743669872
1.98831054577684
2.0810297035604
2.42472057510493
1.6705346865084
1.82730049145786
2.39283535019825
2.24375642142676
2.39897711947009
2.36877282051412
1.92784096352938
2.24506201664388
2.29684912491274
1.45501068108208
2.4233740236094
2.42094118040718
1.87752077597756
1.71532685703914
2.13937156446182
1.96858210816136
1.74251290967578
1.64096846555948
2.28176138068188
1.68483437353894
1.40823361520673
1.70815538559468
1.14959796290645
2.40568179163497
2.21686491215216
1.97309343230975
2.28342724877428
2.13224536840626
1.49606553560488
2.23248238805517
1.87254347495217
2.30131697113406
1.77402016601991
2.17879715080006
2.13753269888348
1.91898808255827
1.74137903114101
2.3403542644819
2.34351497451179
2.22456809831546
2.43289832759726
2.26936879509985
1.81251454430719
1.44751983892218
2.07086865803556
2.18141704386587
1.62015885227388
2.14505797434258
2.0829384936877
2.14764015466803
2.01076737018229
1.28594153005468
1.56670293220468
1.54357145973227
2.15888846343662
2.22639620575649
1.88569883229502
1.47464502997259
2.12269545379323
2.34046602598895
1.97339173218086
1.42773911885509
1.72923804244825
1.7592487115912
2.08635172516807
1.80704980284939
2.24659489054436
2.05032703242521
1.48106836071941
2.06623336484997
1.30929752534049
2.45306980630378
2.07332642389835
2.19301573496182
2.29317772884963
2.00764433294797
1.40634006951651
2.01480451947989
2.07558259890214
1.85687569373512
2.3143343499555
2.10955571581655
2.19545675874322
2.37046787285875
1.99236129944021
2.40743014503384
2.45438777353868
2.28158228319622
2.41692487326958
2.17548897599157
1.97872917191372
1.86778398001857
1.86285938787556
2.19775225245313
2.07234108069465
2.1019754627937
2.1203714555764
1.05325218059521
1.96521754341726
1.85498389722356
2.09185099958543
2.38150826707528
2.46837098149585
2.37724120541827
2.03898881371316
1.55075517985969
2.21985807758109
2.38921288902213
2.05064692597496
1.73595597672946
2.23069096800038
2.43272976243852
1.76342621522195
1.12916289786178
1.08809167327932
1.35065144874936
1.33535527907402
1.34346818671295
1.70559189986708
2.41656035076466
2.01946610548764
2.38828935911374
2.32028006203396
2.28010984068149
1.15610786392024
2.39023820458805
1.30696726049921
1.64703477284732
2.05530262019351
1.05825171449176
1.42022891807265
2.36216771567825
2.42190642740531
2.07250669178598
2.1959877342885
1.27182800414711
1.018751015555
1.47652154411808
1.58609584079596
1.98303394410981
2.28782687968926
2.00893525175699
2.48218674163885
2.42854745202766
2.46179209503174
2.43707494916257
2.19522449946664
2.15189960456386
2.3820675708438
2.46386865837676
2.48471068822928
2.48649384924786
1.9896186945745
2.28437206877514
2.17517471473249
2.44952387516293
2.39725413074676
2.38554690064336
2.33615188218389
1.92906339299155
2.30752229459207
2.48326821181638
1.37560469838475
1.83661868358197
1.27248313367513
2.07189699277974
1.66858361665764
1.38485508503851
1.29667942859041
1.64293933182217
1.68159324778359
2.17211763672341
2.22040777938148
1.23108022127053
1.08745818289674
1.55773941978818
1.13166660467109
1.22229428969315
2.26563970704547
2.42934833976474
2.45273136503917
2.45165672082444
2.07310489667872
2.15181579788946
2.36413483545365
1.64763979554801
1.75103151913981
1.37762955182472
2.07992192977065
1.39342137326425
2.25037188151018
2.06250122268604
2.28226567045576
2.04482808563788
2.43082860122038
2.3214110301556
2.4228159976278
1.38917201440511
1.42106007519766
2.23173847249547
2.45116215958519
2.10180150694337
1.37681483913573
2.00875514417538
2.29501671640196
2.28937903048775
2.00130241814281
1.66967134587088
2.34152360134738
1.69323617791647
1.92523441257009
2.48394095443231
2.0427365569583
1.70540372331314
1.65409196180141
1.99432231245332
1.39774171799231
1.05483558957947
2.23230857361144
2.31682259081448
2.24301845115409
1.70919077098397
1.96623847752546
2.43964551145167
1.79526730718509
2.22741226297498
2.07269977768105
1.50645881168193
1.27853198494551
1.87527204692651
2.03210192578071
1.73004035845386
1.33638338282455
2.18799558863397
2.13062304970093
1.84987175956668
1.80223924036647
1.74696313099505
1.41911599624966
1.71119370482589
1.18279068567164
1.27961079114864
2.27720626480354
1.55579332354764
1.35327698716336
1.63269838103731
2.25437661605446
1.6725744866884
1.82340627379574
1.82904648464219
2.0964054683139
1.70113683126457
2.15557428459854
2.10513053707317
2.19178676127367
1.93739900602526
2.25140569094235
2.22785040194244
2.09917168556648
1.95247604806739
1.83290370432476
2.01263166533998
2.22918113668491
2.19485924495809
2.29713318057408
2.30793894426866
2.01710633426291
1.92987120307921
2.1039879380103
2.21429535288986
2.24347299035656
1.91371110218256
1.85049807065274
1.59858403233061
2.27527086012799
2.14601610957987
2.24700308549356
2.11203537519774
2.45101014216288
2.07277817416026
2.41677934469052
2.09335287326401
2.17435689136268
2.15371038517772
2.2372596570453
2.29479551645086
2.47534067804016
2.08700340164988
2.18223954960049
1.7557312828929
2.31616154069892
2.46481553494168
1.79302422145234
1.24788167064363
2.01947061838012
1.72110311064297
2.20243955506871
2.44332476090141
1.797471031454
1.46339922345516
2.38425257081677
1.97609138746509
2.34920620762045
2.38555642457882
2.38966967932225
2.43381685309185
2.45488038748313
2.37738958991761
2.4235932343968
1.83895609595586
2.15386619012342
1.53512004319644
1.09471163432223
1.49200466726471
1.55597754356287
1.14088708924333
1.9326346630078
1.80004260994675
1.8341104537187
1.07711532646186
1.20843158960988
1.32043619458951
1.32935001957635
1.33417946850337
1.13396098183078
1.39153822760966
2.33017644221785
2.30627807185914
1.46883683962396
1.43982254191298
1.05654170267875
2.0649479685154
1.69116686772279
2.25889350457145
1.86421339808888
2.36635456427201
2.27859686795964
1.80572066549262
1.35838307977114
1.36427780477055
1.36086238466211
2.28415118385654
1.86855968048001
2.45234848577993
2.41795615636115
2.20621371663394
2.21857260301696
1.87438300644986
2.47709092448262
1.73834759107013
1.55993694548264
1.54750601567173
1.35633394006214
2.27963634099635
1.72713195824176
2.33615014121938
1.55847470522183
2.22005171542396
2.27361277339811
2.02805410857012
1.23119427497947
1.19007864347217
1.60743614831621
2.26656261051358
1.45953333882988
1.32792052495047
1.22917723773649
1.14170950867577
1.29947339985317
1.7571082812524
2.49064272940647
2.41158560098163
2.06287962638564
2.23360543616123
2.46302456766417
1.98131054084084
1.50216642076416
1.52344177730721
2.02098128858461
2.18623252199782
2.47654122512151
2.46177488359599
2.34842159566487
2.24806448155475
2.21281410584535
2.33552112011082
1.66199402413994
1.73450502459262
1.51401547583845
2.44980623902768
1.85461872758027
1.4577022378111
2.02312971762508
2.12814444428406
1.92489976578502
1.48023965340173
2.16749797136993
1.88160030387381
1.64146448159943
2.33344140641974
1.88301865360668
1.87710794931507
1.95695001563483
1.712104624913
1.77228826529051
1.98741185313093
2.09830822096643
1.86200680536677
2.14277261765287
2.39348229097036
1.78700302210846
2.37762806811853
2.37007786263525
2.4275421806831
2.25928755357729
2.38853919172439
2.26213884157695
2.44967251370217
2.30268170575836
1.52980349803896
1.18980551257534
1.65786438631255
1.94880788449237
2.26637246687024
1.72236127201101
1.60261796714186
1.63126670699529
1.80489946460653
2.19093935577349
1.87191500058907
2.17667707952241
2.31863513186229
2.39725958059787
2.32935310512628
2.10924416271313
1.43070731580509
2.1049390522785
2.07464874143686
2.36562294316066
1.75117992054753
1.5717694023855
2.35410362335131
1.76508581520749
2.16565923694089
1.94158541481502
2.0147577781166
1.26333857160446
1.28391896535629
2.27884428904366
2.27302390953547
1.81594031159054
2.15523260951807
2.26411762867444
1.93051112903103
2.1782596376328
2.24515187995707
1.90432474850745
1.70879089921226
1.95657822066277
1.43055444373411
2.23238004732614
2.20595069743021
2.19112437814003
1.68609391782909
1.71181387971252
1.7629710361865
2.10143879371146
2.16415166836575
1.2409389193625
1.57312065183542
2.1134626434913
1.92866393100451
2.26665232288947
1.52845789778474
1.6311997677715
1.55935127978254
1.08962637932386
1.01556228026048
1.66973349312215
2.37991859959218
2.13657943070634
1.33714831119173
1.15057510357134
1.25598582157577
1.00404814717735
1.00518229436243
1.34858635414627
1.69358671497481
1.32250076968828
2.13231255088967
2.02588540156471
1.77574055716381
1.11535300763998
1.56490748221437
2.47514592911591
2.45505701650833
1.55035466620363
1.75501276847734
1.17907049491634
2.32961124591613
1.52122553231921
1.67495085219273
1.89779283349502
1.94903098818262
1.90115408987592
2.33462170152049
1.51668786044508
2.1707540437596
2.31872543133864
2.39042110946175
2.0133972534955
1.62657340795734
2.34835044379582
2.47045196786844
2.34759504398613
2.45435022977675
2.27669679254648
2.11376863448321
1.98747552311282
1.94026848972845
2.14855108570876
1.98438465286286
2.37797121255493
2.2014274017338
1.97321741702984
2.03889852369171
1.91464543337726
1.56892834222375
2.03841165360683
2.06934395916653
1.59065618785679
1.33784036751077
2.01469965614155
2.19373935314913
2.23301473045999
2.00513091746039
1.90799688550932
2.22417863800504
1.6870854359547
2.06626228766532
1.84443257431202
2.02013433257331
1.34844355730839
2.30976021982256
2.18002013117139
1.66914718156461
1.54120279056509
1.26744063569922
2.03699158107678
1.27172849184813
1.65931690677585
1.61949536269146
1.70860253531377
2.07495685430264
1.92268090729943
1.73101632258424
1.93234592458351
2.29621541336521
1.27699850197241
1.64667289381221
2.16644680628154
2.18946251921187
2.14680005342891
1.70653365902278
1.98876992863445
1.94791056980813
1.98799703281025
2.24694582336912
1.96860225650161
2.26400831639022
1.71056885663168
2.2190808327755
2.07316246004982
2.01306277980368
1.35795590607004
1.71457042354985
1.97854795008825
1.99158599868339
1.96062667403275
2.09699486035712
1.9526473679942
1.6992923227418
1.77666162270532
2.07269602519605
2.20220705158663
2.19116123255652
2.02405794816469
1.75234130562888
2.34054078856854
2.16305195806864
1.82668579536791
2.10718226494827
1.91909257871724
2.25222665267642
1.9930875679779
2.13626297023167
2.03793322996157
2.22623763579096
1.90021372420929
2.28833868783431
2.05344645244322
2.21137775106869
1.84034566582515
1.85516656721796
2.20121441832586
2.46140390418239
2.22206345745278
2.37692825469413
2.28225786734956
2.39794672725471
2.17916201593312
1.27504121897665
1.96091616423157
2.31938026036198
2.45869649504729
2.43454342219965
1.90845937225889
1.91554568349067
1.72729510949525
2.17142258132542
2.35206820710118
2.46927606876308
2.44745733785158
2.34200759812891
1.4644166233955
1.50652643961457
1.95224571825411
2.44698976734623
2.39709235091688
2.06155010830116
1.57488509822477
2.12062391791419
1.20409125211811
1.17044573827386
1.25836231979124
1.58131293592452
1.08826567094837
1.04647817339891
1.05118412196993
1.31858660098042
1.87045893598369
2.46270611467425
2.46771582932802
1.45663621600232
1.63748080714248
2.16359348061425
1.92593943197246
1.15388477655359
1.46748971474959
1.2272149873854
2.06913300408434
2.19555896217252
1.90079120358098
1.82165115839138
1.59910833773708
1.44065144405938
1.85374687460709
1.68949458170732
2.23800413640136
1.97726206077278
1.9163734583188
2.31097193740888
2.35805540244997
2.41631030104736
2.24062100911549
1.86987469533579
1.38862066320889
1.19669174490349
2.46788416496589
1.87493111361019
2.29646026948745
1.73081668026923
2.0187086789786
1.80026068719877
1.8998794607314
1.60575098795878
1.93980334861695
1.60046374206912
2.11627240547613
1.81366336671246
1.87846399495401
1.55283220198859
2.17995639205938
1.56152037334623
2.18403326669045
2.44188749378247
2.47684816384538
1.89349510304458
2.37526260577795
2.13747154554282
2.0307979094304
1.81594049930975
2.42876537232815
1.55963728324123
2.22648028408279
1.27081074389461
1.68141559473001
1.6120140739902
1.81108495091699
2.44716475776796
2.37514409173285
2.39155816756194
1.8361555174663
2.09293124142484
1.77599857253692
1.44240042572239
2.43680788593593
2.01257513336906
2.06265296314924
1.86601760667472
1.97664693151836
2.25645305258538
2.19841880812618
2.20443899833769
2.22053782683218
2.35109380558346
2.45681712910294
2.33133190019351
1.30489772909954
1.8786435983601
2.08657039055111
2.35431141881625
2.4360236249656
1.94558195167668
1.96079573026482
1.54202750602247
2.08051390625911
1.6591071961847
1.34996826530338
1.29065605329046
2.35618628896454
1.33977666018966
2.23445025824551
1.43628030290025
2.14129621672732
2.31826522815091
1.539959031157
2.21924855603033
1.7412174352208
2.25849630008948
1.85726328570562
1.5248681255226
1.87289777760875
1.6450864236704
1.68656425264241
1.56623402084199
1.85494694741113
1.93246303532069
1.76994410699537
1.73062533505145
1.37524899082663
1.74793260485154
2.16474929715601
2.01957081750331
1.68022174987366
1.4791302210918
1.34223340603379
1.96510336906939
2.02014542327283
1.89310058129952
1.9614570065457
2.25123762217878
2.40728534833963
2.13955038788906
2.46690101498813
2.14196232888856
1.56296106198782
1.50795813963518
1.84417271947924
1.60951957098967
1.65946286190546
1.97280810159376
1.52429436395211
1.94179740934666
2.22168906549139
2.06328182167139
2.0399851486419
2.41103414103848
2.3566482228375
1.54050557669755
1.91239053222199
2.07469667373342
1.58021751979845
2.22820779687765
2.00808631503339
2.17302312095839
2.28282606766368
2.28949546123732
2.23087117935708
1.80023786806098
2.33053595606581
2.16643297905912
2.47743235171427
2.4803297356311
2.3714586963386
2.24166516961005
1.50214518170987
1.91580846211284
2.19232241732931
2.22160678650487
2.09964999817923
1.72805526815987
2.35656868943293
1.88963409259419
1.78033403831953
2.22046726033688
1.92862452835845
2.25358659531811
2.31646753761507
1.75236862484368
2.26065049904888
2.27458027262171
2.38078551750016
2.1713235746444
2.18375089007584
2.01060809395777
2.45449045892443
1.93080672296362
1.97410563819223
2.05450733854327
2.30900305681438
1.62387928578262
2.35973209366962
1.88871710508786
1.69577819031738
2.30195195577171
2.11868672355315
1.67370946753687
1.9165981761065
2.05992603916273
2.29028465285355
1.93842321969952
1.16328100358419
1.90678815081157
1.89229835852079
2.43199050670076
2.10856020303232
2.06215898387816
1.82847594476243
1.52144405705276
1.7150523882977
1.78231762318791
2.2180953023785
1.77894232771389
2.3731979301324
2.34974024507021
2.25846214572108
2.02854829992159
2.0031092707604
1.9095526741826
1.63705528700046
2.20700163143411
1.34015376979049
2.09181392163099
1.92342621493525
1.50265896312204
2.26445445645423
1.84659864107967
1.70456063160821
2.23989688557702
2.18819496159577
1.93313924050049
1.72198991128321
1.57718874412628
1.66266135095726
1.9379315846585
1.92801561368752
1.89497410507808
2.10470158152824
2.11088374141726
2.0270078282852
2.24696963051688
1.87894076969459
2.30891103292604
2.38970521128925
1.76417229695149
1.77094273828256
2.30667583814221
2.10663821072899
1.55455611715178
1.53845369480542
1.25549996282978
1.85611350508272
1.95799570178456
2.20119553724067
1.95185993634511
2.39686062774172
1.72481548253697
2.40353119811933
2.46799700856645
1.86854153619378
2.05729428633492
1.44023610206533
2.47333219200898
2.47995372208232
2.47713191530624
2.40162475359059
1.17941068907363
1.29108520094159
1.05611888519901
1.02311965715838
1.02477468874687
1.06696944773217
1.24384949221378
1.30067425146704
1.15578227552017
1.76254517816924
2.03391086034841
2.36498439685514
1.70695797000724
2.20298591285869
1.70073996273574
2.30716423254939
2.456913917979
2.38454857853912
2.44648666803383
2.43428613772397
1.98502435763382
2.25174840921382
2.07231722939507
1.18276384475518
1.04958078463731
1.2574377736211
2.3147316430207
1.14343332156781
1.04591664067436
2.291953956966
1.98129132882233
1.69220598265265
1.2183488161267
1.74190775375433
1.64845478240673
2.24765414305107
2.09218744671693
1.51668610257135
1.64173295427892
1.69273804018024
1.74272209492617
1.75601999402194
1.890536084577
1.99859025279278
1.30189721482026
2.26465503039484
2.01784167632418
2.28052510007158
2.1176902679837
1.65501898712976
2.34458912045874
2.02995097110462
2.1267221461628
2.13349948911667
2.27605822558049
2.08554432022256
1.22476070213198
1.69919234897839
1.93713156235197
2.0766248323811
2.29854076540643
1.81071110667247
1.98355223073756
2.22393944244748
2.12049079414299
2.10322392548824
2.35350973804525
1.5815991642559
1.94097207696257
2.14755764529542
1.68138865865225
1.80227646918839
2.05652165042019
1.9157335133709
2.12859893710276
2.06520155215831
2.29349440970904
1.89867026944064
2.06891885325373
2.28198803880403
1.8875078925152
2.03286922412636
2.00691759300127
2.30329602922924
1.94130671772973
2.03090702055143
2.08687461292165
1.97847796633097
1.58279129032351
1.56085490315007
1.24179528045455
1.73595000979954
1.7527092957006
2.10042738052071
1.86445932084741
1.83182410910624
1.95054527517025
1.46882574962859
1.70797562302507
1.45665237010042
1.70423057553162
1.60657161847388
2.09969601519482
1.61619012899426
2.05644156714945
1.77545069112007
1.80920283403962
2.07606580672227
2.09424788617954
1.72317120263512
2.02581945860895
1.62967262535344
2.08573625907505
1.4077247626849
2.28098802586792
1.9588595304802
2.36695836891985
2.16306054908899
2.34605095766846
2.41042880314499
2.36050187699418
1.05602359230809
1.35400171943288
2.37574257882368
2.0849310526269
2.05537438409679
1.02813341442662
1.0915993544209
1.46136582510819
1.59335235703552
2.00448967791479
1.31157314664603
1.02678501924287
1.24838334956933
1.35660711016168
1.54470108711828
2.31355176106419
1.85012520417893
1.63165395760525
1.16995807100307
1.48638999344124
1.5639595248128
2.39655105597565
2.38704647021988
2.16081354859305
2.47708900266196
2.4850816423873
2.31087761809547
2.06420029817463
2.16052995027351
2.22914743771394
1.32916790353979
1.33752349427634
2.39032742603852
2.37112343857435
1.82306991553407
2.38677319929556
2.17426004637517
2.45285804283739
2.03023073004391
2.29747750407763
1.19966304023655
2.26821054777986
1.82668435834341
1.3284624638804
2.09666681429842
1.5943279778489
1.61076935244616
1.39529810409606
1.34034258018554
1.26394318970613
1.3421971623134
1.2587004130334
1.80106436307955
2.09406881150285
1.18949426770823
1.90910399766436
1.51679853949246
1.81819083248101
1.85872623107236
2.3056051075343
2.21660208178723
2.08866595759973
2.06709159806497
2.20628714757858
2.22133788512871
2.18752828419583
1.96240461726926
2.1959582858232
2.1601955661496
1.60324485220541
1.56161047607968
1.93802572357605
1.83205875969209
2.00603812225048
2.21024570506809
2.07941531185768
2.33316329647863
2.11293120567253
2.37088577824451
1.93982317626527
2.26554683013289
2.01140856178917
2.17663891254137
1.84097898256395
2.20206238729091
1.62623327853155
2.23881851601371
2.16634664602589
2.20917810083973
2.34193134825764
1.67337763543861
2.33424518070736
2.40678928073788
1.66777793935913
2.37627785873893
1.98734108734803
1.75069991432347
2.07097893817052
2.13279360051463
2.09698589875284
2.09093905098727
1.59490921874561
2.29324196844381
1.45252079908311
2.19116938136156
1.41532771245082
1.65032368828066
1.96363190776783
2.15877367982449
1.9310914585136
1.97533726174775
1.85805966092625
2.27998750955093
1.94247354248479
1.79822101768577
2.09331337219313
1.56352058056706
2.2108299335257
1.64740876857867
2.38375753525924
2.16940249224892
1.69206011286587
1.62869317456457
2.2502597162431
2.08385727512864
2.33536240664657
1.97563071553289
2.3736119336671
2.18019992208033
2.10007093240525
2.052980913139
2.1416224874746
2.16894887320107
2.02790113757248
1.88986983667835
1.99285241182144
2.11704805855803
2.01604204485417
2.30732220651214
2.09025520156885
2.13317764174326
2.10460799155471
2.17438314888779
2.16398926604791
2.19863614397171
1.67071608313235
2.07510882828741
1.43504067087447
1.61911536457836
2.07107411801866
2.10791467653115
2.41448519445639
1.79390127875658
1.58159565276237
2.37478771840681
1.90209577765684
1.30935606155824
1.21328604660118
1.44092685294839
2.19610320374808
2.15084708365519
2.0869359121925
1.77952753875251
2.23663444943631
1.38297198923835
1.49400755348552
1.81510584809122
2.099036558909
1.8477801737846
1.23658325022457
1.13491097179578
1.23096312298576
2.07849824190951
1.66163765709188
1.79080675184554
2.28290744806844
1.64716787164041
2.40771362319742
1.36136153008369
1.40276243265192
1.79041815807407
1.9480269308194
2.07818393440544
1.5281794184588
2.07556143854411
1.57042682049606
2.18618991337941
2.25875427035687
1.68442900987934
1.99355891311993
2.15361208351218
1.78588919806282
1.69802747642491
2.18215729764639
1.98328581740449
2.37586750270806
2.43588737330433
1.74409199832972
2.392084759444
2.1050641721121
1.65534569897683
1.03367543583694
1.85719625186462
2.13007139778006
1.3629276262004
1.49322055735445
2.31462168042602
2.48794231919273
2.37281263888576
2.32732684216677
2.3385151817623
2.48577558513584
2.38006896261342
2.42286663914144
2.34415757122722
1.35651622967921
2.37314071774413
2.09074355949319
2.3437971794056
2.14347679052115
1.93196094958097
2.05535173951015
1.51716902712771
2.28942120907498
2.18851856441883
1.81035656951792
1.35423184028167
1.39321051419882
2.01041394594391
1.94972136606587
2.11477802551394
1.3484043162329
1.60393629868624
2.05237031044399
1.30732062499974
1.3925888032607
1.84709890007288
2.30302351571033
1.96670736323833
1.56510598871736
1.85164065534992
2.00604683664354
1.84411305900382
1.84592722978256
2.37403084184337
2.11635063839912
2.21067204264813
1.904649548724
1.64448481964553
1.8199051378225
2.12057261421699
2.31804837241186
2.27126143286145
2.31870269758187
2.13328148308907
1.96443011980681
1.28206850599796
1.78245567414493
2.43971983863107
2.33397932563201
2.06181747219345
1.83383656804081
2.2824942146106
2.36301091694684
2.1674742792931
2.42377749109115
1.29759439722357
1.11848075096204
1.13203964692794
1.41182717635459
2.35894292173815
2.20237815961451
2.16157053932359
1.58667662175414
1.49922317940867
1.86925057745527
1.54696413924192
2.09000430532509
2.22085555329564
1.48080325346912
2.27419572200166
2.05227348185871
1.63542936825489
1.56655246595202
2.33645888410083
1.83183258871085
2.0240292223439
2.29277290307841
2.29342019412889
2.43830597348917
1.64081619153006
1.46152532146265
2.23841419805075
2.1168009570999
1.4589436853659
1.82907875931716
1.54574266089395
2.04943671198695
2.05280009059646
1.617820834861
1.5707314946876
1.95000366005651
2.0388722929094
2.26914043933418
1.81546175192807
1.56298797496201
1.4301146386658
1.80648225707008
2.07130373558675
1.81013687297013
1.72134581349621
1.69075490360136
1.75895877419855
1.69008889482952
1.52764992354018
2.25110891836575
1.99294117032285
2.46437967954961
2.37244877668579
1.77803125279909
1.66257122279054
2.26487110268243
2.36841982088416
1.74698977926774
2.26594846442856
2.2217283872969
2.2975095007651
2.36854616079354
1.59649818295061
1.35347225677838
1.79866543111647
1.85392500858385
1.60733305328068
2.04530146527688
2.20238931034689
2.38046312470947
2.35598744220794
2.4865234631062
2.37101422248299
2.35728646776392
2.34450851995443
2.09097845938093
1.13816542086153
1.01965790586869
1.1097246671768
1.40162942781062
2.01440860153501
1.79565952399996
1.89111389898773
1.56172817883348
1.48950956211346
1.98654925259802
2.3839165030615
1.91043856903304
1.8892150001373
2.06560011413377
1.61860824855582
2.47413729407223
2.09045688431415
1.2684880765424
1.82462105996158
1.86361252400201
2.42253399686389
1.46516352278667
1.85229847821161
2.32232728649696
2.34230274841516
2.01454312514174
2.34797776270941
1.30225411508169
2.35997407592077
1.45060385890351
1.44487476453826
2.08269407436911
1.39484877318344
2.10655136797051
2.43118266007474
1.74554493427002
2.2928320077324
1.98297243363421
1.72545446210962
1.59152847323677
1.57673954428554
1.66352280871197
1.64287714260287
2.29269814186826
1.65495680058187
1.87038706732209
2.14951273474468
2.20028847793701
2.31316251101228
2.2306009507838
1.89341899055813
2.05269596916544
2.004148697111
1.90543010858263
1.85849020051384
2.15707892031068
2.41715391129973
2.17657344363395
1.93401659242517
1.78145968339113
1.62363290496731
1.79077442034041
2.01887111468549
1.43507213348675
1.19852596515769
2.25784251921029
1.65113650247256
1.57409446554499
2.03890399677767
1.90982009724021
2.15388123788561
1.4973394586608
1.28746010472374
2.07617695441086
2.15867595467512
1.81090981804926
2.05098096058808
2.35970298316778
1.7695572048788
2.42743988634983
2.22181523154329
1.54132011665572
2.01703992410888
2.18408468093098
1.62514526816766
1.38512286305588
1.61038627974035
1.92638683914416
2.04649265080161
2.2313043519058
1.7015022131265
2.21277836722388
1.69368598396095
1.87147009803805
1.40600298629771
2.20218354400379
2.25381652995677
1.76759365892887
2.35057976492168
1.3913191417845
1.68248288523935
1.40107759562191
1.31935497570311
2.3746119004142
1.97311434266489
1.45156146611729
2.21455609384546
2.19667717694079
2.09727853368016
1.97791875493052
2.40090872074575
2.49220609910414
2.34527414657233
2.39896460261556
1.49212752942814
1.90758890044278
1.10843121285409
1.31639948779826
1.92992580965888
1.78465790009439
2.32142483846394
1.27353043458117
1.51529329348176
1.92993096131542
2.08948892568142
2.32930085937027
2.03457437417622
2.34815068824409
1.31559264985493
1.85482532846219
1.94814393142428
2.15527154560514
1.4511127524506
2.063958994481
1.42499219842374
1.9859900090256
1.78543518829021
1.4447252000258
1.70374866360698
1.92472104453435
1.73238868145294
2.00684745368376
1.91873010749755
1.41376437557684
2.16896090750621
1.30718553440309
1.65913691604476
2.20316721080635
2.21186080226215
2.18113761976822
1.99820034704525
2.12843246699138
1.62598395479762
2.15330497001371
2.02810338126846
2.16932464482367
2.07869601775723
1.86849791212507
1.90770444065183
2.27821728531712
2.1995499385462
2.20909586881834
1.93867268323194
1.57067629680159
2.36480296503332
1.51087898371331
2.03944932704291
1.88927247517248
2.08943762462664
1.86799202203322
2.11384414857622
2.35044066412882
2.18438614350131
2.09043761890195
1.93288008207115
1.44495690508508
2.31017946573891
1.97184868773727
1.81534289028344
2.38760514902902
1.9303784026309
1.78518426610176
2.13557394307497
2.17751439018662
2.19103672561194
1.95033988615916
2.09910447515355
1.74350266277021
2.41632049855534
2.0102715272079
2.1012748765647
1.84734071556982
1.43607708711222
2.18134691626299
1.94876464803186
2.03341479471866
1.76320297430008
2.25103454845128
2.10774444416958
1.92598270977815
1.88331211848873
2.27411742624208
2.37035129168919
1.69871357425706
1.88874508298415
1.3634810509385
1.67666930575605
1.94874063088433
1.65780680128202
2.25258786220444
2.46879658013661
2.32227707303041
1.51570201848003
2.2473193621082
1.29885372975677
2.154893060579
1.55741547867629
1.90337240736844
2.22941274798366
1.97073486887474
1.9614883802985
1.99632221940007
1.51844469363947
1.1506589070322
1.82389108332217
2.20455503417642
2.14649105436405
1.92226359622313
2.33381110576144
2.0890630618545
1.80150247775184
2.36546559522094
2.38891033296026
2.34050071925585
1.54184439943459
1.67679245281717
1.84589291317446
1.84571990852471
2.06833866819821
1.94492242692726
1.70480500042579
1.98412917736581
2.21291266759115
2.29299399953507
2.00329603715531
2.40061748604824
1.69309499337044
2.17574406660607
1.44835151653202
2.02357911547159
2.02354870645259
2.33761730028474
1.49072470175879
2.01379668501812
1.52802708307454
1.3566594655781
2.28079899758685
1.82826566088319
1.80220794333788
1.86527745643357
2.13462774846504
2.13377919832739
1.932134740147
1.51699933193923
2.05743320546519
2.2234604972757
2.41122764742303
2.12598802779157
1.83167967653713
1.93161589284357
1.76566935887335
1.35551975087487
1.75400054424782
1.27093500694905
1.31291610799226
2.02077958234083
1.89921178911061
1.96136742663392
1.45407862387813
1.45394277833576
1.89802159688218
1.3718509349827
2.11308616068621
1.08238353507054
2.1626662320095
2.30749927407586
2.27019130456881
2.42460742862977
2.19643399172489
1.74131543098979
1.27579742877814
2.14761583363774
1.79518272421252
1.54639195801433
2.05942421482907
1.29812107066217
1.49117880964713
1.61412805049173
1.72360351303481
2.1124598824984
1.14393514244009
1.72741557305115
2.15688890459026
1.91564847809349
2.15637296295476
1.84138872294555
2.39010962486564
2.14871092802284
1.41820736732622
1.11235165982733
2.05108236419473
1.80475004061478
1.70829433330071
2.03965275097204
1.52941724344121
2.30498487559369
2.00937869411584
2.11556115576309
2.27955697184095
2.20875153624949
1.82213238186891
1.55691722584708
1.25767076582691
2.27252540668971
1.9848870514198
1.94590952946655
1.79901224724633
2.34859806562342
2.16235309303819
1.6193634292107
2.13673541986521
2.32372998852236
1.94376785026011
1.97996439228344
1.87643321199579
1.63709297523532
1.51668563010234
1.90949023478703
1.8239600171658
2.2125475495272
1.77776788998384
1.37232519361829
1.97924144155218
2.34321935621386
2.30820305629978
2.11796852696839
2.23558418073279
1.98171343690068
1.80590385706976
1.46083732964771
1.94844914300426
2.25046403407026
1.36008266452266
1.49087767317237
2.07714413424895
2.05725193000596
2.16202330810471
1.4252301846438
1.92290005146888
1.90296526564107
1.75126189682756
2.06287665276257
1.79452031744827
1.68825768653774
1.48431823031803
1.1827585073839
1.85113620781571
2.30747486821257
1.92718652526814
2.05312096372131
2.24100029947222
1.53409782215209
1.87808470172438
1.94431342645783
2.21736528107981
1.47696087129149
1.6317137639915
1.65150050811072
2.08625777899064
1.55169169754449
1.67483603643289
2.02435773522366
2.08016470521152
1.82201276324262
2.10410138151835
1.45305641508304
1.99847619625584
2.10222636487456
1.52631015059325
1.59287110332342
1.32924455926259
1.26867628347107
1.88075762212379
1.95910654112102
2.28675870519578
1.66247404016967
1.17140098861876
1.99334115763326
1.93015829982159
2.11696189353313
1.84632370854099
1.62850694183236
1.82371285588116
2.28910261837876
1.81718778860021
1.86721024894192
1.8501784829836
1.92940779135232
1.68917198903371
1.43191298480623
2.03367911984372
1.85690265298501
2.10667812765013
2.13125214713352
1.28238536149313
1.49790876667093
1.60214633234389
2.37676030610014
1.50538903268978
1.90619856659916
1.84523534675015
1.94725404082066
2.39055503313041
1.95432521980878
1.4139569355252
2.00545436647466
1.9866948568175
1.69228133638421
1.73795137473623
1.47878605133155
1.7923300928338
1.96651104192235
1.9953508565471
2.15381343023289
1.53981607211808
2.35276012691888
2.24149655191597
1.7883889169991
1.66060267145945
2.07053595541315
1.93377220780416
2.15247911061468
1.68397963837186
2.10861312983097
2.4252276025933
2.45844409470983
2.2975099791241
2.03142882611228
2.12716849338697
2.20673623586826
1.70795602540823
2.22174877143933
1.94954248569659
1.6145916937735
1.67516520017098
2.10861358294709
1.32004657521284
1.92223375216634
1.92449390809789
1.28143344440262
2.03036377998941
2.27474903955642
1.71951124944182
1.4553998602894
1.98381095424017
2.00947838259635
2.18934923073654
1.7358714390371
1.71742050983507
1.97006976686872
1.87384145641141
1.48445290056368
2.40442320558242
2.229787898347
1.94496330470803
1.89686141165876
2.17077927519816
2.2327951375987
1.90934233550205
1.9620875619043
1.72545479765638
2.15576115350512
2.45916504503599
2.20255230546759
2.33054055561587
2.39875406235445
1.87228208556771
1.99015957388443
2.34155824275009
1.65669801507199
1.72227345926308
2.45149600209286
2.45615775323676
1.66789977238159
2.06345917229138
2.41352318004567
2.45749611476725
2.47959353756915
2.44729036882954
1.78580791291518
1.72488828168799
2.40637197198895
2.13409835376155
1.91524785400605
2.38578176287541
2.4249030611755
2.21720775874902
2.46105198872922
2.04702638341485
1.59255291997013
2.12726222097259
1.48691071433486
2.33920392622316
2.47019107749084
2.17052448178659
2.24930065409688
2.04898275919473
2.23015462176245
2.43410661444015
2.3323275289127
2.01335796313933
1.86942161356723
2.05934804035376
2.18277272156105
2.44836197418888
2.04907576123216
1.68947044738742
2.28990626340353
2.30145464738512
1.78223854102434
1.61492550525183
1.79178635864506
1.12774402424712
2.19615856333759
2.26293740358431
2.4364129799635
1.90023816094596
2.18864826920963
1.49018922676141
2.17782605012188
1.69608252859124
2.24534180247824
2.25527271315766
2.23596604318307
2.18902704661444
1.70500428936165
1.4136448333188
2.4302844455887
1.82103600894117
2.14077332205445
1.71878058345141
1.33835154915547
1.9543795541631
1.28885318454585
1.87311739060892
2.46910297554261
2.32254837731834
2.00756771831507
2.29094387343305
2.30674357102638
2.16807804404683
1.91784276094487
1.48372667682851
1.87207222049071
1.52617835446086
2.42452196242463
1.99412394233817
2.36062271834396
1.52556575664615
2.42471546474824
1.67366191940918
1.31116811126072
1.49043147856747
2.07594119080776
2.34975718578053
2.3369127326698
2.04300828054904
2.04335726023314
2.02555740813032
1.5260915850469
1.95530242251352
1.56094466841854
2.33957244484126
2.18721718481306
2.44697809279469
2.25774697984278
2.30312712547429
1.60639931836007
1.24478135840237
2.09657544367583
1.53061008091315
1.11189789770096
2.14684431327996
2.49707450860127
1.61855909001719
1.65935373507445
1.88753257294459
