1.2114
1.1932071189761
1.55362657004268
1.1471824969576
1.20280378665497
1.10666673400654
1.09946691305055
1.53198318691277
1.41142048165715
1.88648790038529
1.98660015509019
1.50189694259771
1.13109255285599
1.28260182825153
1.22050873778377
2.21739816521026
2.49729585809528
2.49988283047327
2.49969940128938
2.49931273714688
2.49699152659796
2.49804898108831
2.49987848051285
2.49938995034233
2.4798868774621
2.48975297786573
2.48646613056064
2.49825122244986
2.35644923729925
1.65344928633697
1.3537559323839
1.6244831651678
2.01840197127255
2.43264066869903
2.4685349483259
2.41216551068643
2.43823405227349
2.44057507411594
1.18871225309051
1.86631278012229
1.1831761069175
1.79590176045148
2.03607124985095
2.15546369545942
1.92192134343672
2.3145914206519
2.03200331567388
2.47071665783562
1.15365758187825
1.62189638282131
1.31245382746984
1.09187255360282
1.03619099536174
1.40519647545804
1.92778414936388
1.04804016801272
1.3161322227009
1.07581661087406
1.22635705559071
2.05649667706791
2.40944981150955
1.71620081838205
1.52889253035038
1.47523793687189
1.32979309302312
1.48021158587496
1.5331149534952
1.24671180377118
1.67051237817005
1.24085027237006
2.30431052698718
1.76064743134184
2.14583384930512
2.02909445453652
1.22262738862432
1.42532326525639
1.86106261707
1.16596816586514
1.92607220043451
1.3541984261617
1.04972599414759
2.34577074548573
2.34262062681369
2.3308089981271
2.35290129088972
2.10354496429196
1.59100722676413
2.44067641246235
2.3244057895753
1.68899063065548
1.08434975243081
1.0384950599234
1.05268189270279
1.04416549977145
1.45171618371413
1.36781482569535
1.26923458751084
2.17542683639962
1.77843541287144
2.28089165820832
2.48446583337159
2.19786999713194
2.14410222254379
1.61677095239471
1.44754452046911
1.05693822783115
1.11785900399013
2.06389744827246
1.35277380677079
1.36991601221728
2.35687965589389
2.33564150855633
1.04256328778465
1.45086651611105
1.5358161479979
1.65230838665793
1.96531491526614
1.96051697589078
1.95999236312667
1.7049775633821
1.92994611246742
1.4582496851866
1.25659542215397
1.91716117175751
2.19471368332802
1.90248049697221
1.9361763509554
1.97784469487657
1.66806781302419
2.15293401948071
2.05929882865396
2.12070926458699
1.40629938850277
1.79451996561783
1.60725930719185
1.88174646257486
1.96741787019971
1.87659012576666
2.11645855382826
1.76520230469507
2.20695054395962
1.88841018542838
1.7620275013958
1.82327651913778
2.2045366842076
2.16772897956002
2.15669824486258
2.0895300423473
2.03960247856121
2.0079594245037
1.88458789180694
1.34414160631734
2.08919370075248
2.12555264956302
2.07837143041803
2.34075048350557
1.51950311084296
1.96629475856208
1.77451445650243
1.81166683014845
1.75798018553306
1.72440723667282
2.24048253877943
1.25223150547368
1.96258070505984
1.95365314774951
1.48494346314065
1.38945439078044
2.35672841624661
2.04540750391236
2.32519715027507
2.22969075025002
1.62760492664884
1.56416322836726
1.85754220598697
2.38719302059377
1.98550810503324
2.07557275836295
2.00063768007935
1.56367389767791
2.07412635603524
1.78967398936482
1.1936876268062
1.65727411271252
1.96421438670399
1.50835150096415
2.19472724421103
1.51427843334203
2.25274301316885
1.58312301326452
1.34280935027687
1.69418819831226
2.15104194760593
2.01634389667227
2.15996805875998
1.57866646974709
2.04746111119656
2.23582727681278
2.33367436436816
1.83308428558161
1.70543815827173
1.47594385804991
1.69690209703632
1.22457499563607
2.04916551249846
1.96173369310592
1.98434833279101
1.46665418029744
2.28002511714122
2.26978520817561
2.31645710673736
2.43568124253173
2.21080939478837
2.06566082777167
1.88590373547758
2.29166247647961
2.34138117634567
1.70443160365931
2.01802243765285
1.95875728079039
1.7815903973697
2.35299137476569
2.06548136906924
2.27531477095949
1.82825210723018
2.10575798610588
2.03934095871588
2.08535923000753
2.33836948203612
2.04522938392543
2.06580520690857
1.97194079942153
1.8730117323663
1.78038589736133
1.68355620469626
2.10339166006356
2.0863530933843
1.91537570020033
1.43945044052752
1.82201016333446
1.61676906714594
1.99785197937959
1.80651459596414
2.17607258617816
1.85230803072587
1.96386724106867
1.92421509231578
1.50500738441319
1.93196936606499
1.91483342725528
1.70180843815971
2.11297451000417
1.86482147806654
2.00244458741539
1.97242383972213
1.82932101306429
1.91110902372984
1.55176969040916
1.64070697223517
1.61992288497291
1.82028048754281
2.03435582334194
1.6029772568873
1.63096079570443
2.12503887200819
2.17646418690973
1.72688415920726
2.06331107860042
2.21373593050886
1.58546188381346
1.30215848570373
1.55783676585442
2.23502135320489
1.34126676716829
2.41356653050421
2.46776496758814
2.45328775950715
2.4060909795027
2.40431317123696
1.80046521932141
1.63880549833295
2.41043619917685
2.25132773818638
1.87542887914428
1.12245977093453
1.15489927659177
1.56712971567914
1.41499181478034
2.18335025156534
1.83774215695744
2.22797127363184
1.9073057873307
1.79848441521465
2.13234190279796
1.62785782276833
1.49593041221062
1.57348069497127
1.73782092918261
2.05917313051533
2.22067515536967
1.98934882240336
2.31241393563568
1.92675019890362
2.14538698758017
2.38615106009191
1.98428403407004
2.09904114100912
2.35134513396111
1.86034927834719
1.75605640512335
1.73553040265997
1.38871725447968
1.83023654952896
1.29171317994524
2.15474507231051
2.34370294544318
1.80973754481829
1.98553516776354
2.3095608726451
2.25401947206897
1.46713494179793
1.64837627748075
1.75235301568774
1.8153827848533
2.22116267028871
2.01230561798546
1.78941877520421
2.07250808644026
1.95828725257573
2.22327999951198
2.13989242408252
1.76696676713434
1.65850849318923
2.11054025413356
1.68226591509092
1.77217395606288
1.97493886277112
1.9714857171953
1.87468858312411
1.97948692245543
1.70064860061137
2.20618267583443
1.77186587110453
2.39116700803851
1.87165225849281
1.9289758151383
1.76957028380057
2.29865620234494
1.34461766652511
1.73396209494378
1.32630719266467
1.86654875149458
1.9316004439191
1.61330072719033
1.79891262702383
1.76961669367804
1.73222124387281
2.0273468260507
1.77509675961559
1.58281314753941
2.29517646414331
2.11972770683572
1.42907103459832
1.15173088723526
1.09595442877839
2.11816712152754
2.29403585305677
1.82296514659705
1.15013439830008
1.28522549479836
1.37816876133711
1.34076018389017
1.76526583857191
2.37296108559183
2.09150570611939
1.8732718760201
1.19956659232034
1.67965411888011
2.13551641608218
2.37908169274278
1.70711697091598
2.12236081162538
1.24712448866383
1.65234521734675
2.06837567545087
1.93909262386422
1.96354122846603
1.37783043268765
2.42641098048846
1.63419433633633
1.97075938139836
2.12913635622107
2.09075057578766
2.0859311382842
2.03502631979614
1.9853826754946
2.14940739495749
1.89490247932274
1.74393417631269
1.80917679986866
1.69903431016638
2.0171926262517
2.13062601202352
1.74464719809212
2.10133816209333
1.87170366560327
2.06155353843427
2.08729909144471
1.65963771510366
1.66874296508313
1.70428907733927
2.05288942866248
2.04360857460388
2.08658290816899
1.44535606613269
1.35186000692802
1.63059712618734
2.16615372026785
1.73063084339009
1.45623698393037
2.10902983621398
2.21469576824911
1.90609195237005
1.66589859628596
2.24805712390866
2.23941004111143
1.51019950859466
1.34313273631408
2.10510211960321
1.9762401609081
2.01615833792398
2.23987574874151
1.72211552610461
1.6548391260374
1.63187302174543
2.2333133243628
1.55848919663245
1.64405864534082
1.44937965358765
1.72736049705897
2.23719903471576
2.02039676119787
2.09876239600123
1.93099405039841
1.81483499099298
1.92760395672477
1.84683537333847
1.96126131011058
1.59343723570517
1.87655115682701
1.86304185315824
2.30051742057632
2.00214179625516
2.143092354577
1.58383070196777
1.53519832983051
1.99816430583339
1.86575034143399
1.81987656527143
1.28852022028678
1.38779165098073
2.12635252123596
1.79674589847262
1.37855463493066
1.80612829234346
1.38238598238927
1.67231898515306
2.01938745833377
1.63659519911399
1.77444833860512
2.09730130659033
2.1364260659337
1.93598531935502
2.05672176125174
2.07049596043507
2.01705058352097
1.79260680055842
2.15549225534911
1.57736916281767
2.21373474105289
2.34202688891226
1.89859989928723
2.09434492937463
2.09228388150407
2.00176803504315
1.94920691514555
1.9910864076641
1.72961936949852
2.08141812227851
1.89220836840805
2.32975905134839
1.6999187526426
1.89356980698645
1.6166405684899
2.00052338534674
2.11846150547898
2.0973409873845
1.76380669081524
1.91244996216824
1.99077747027685
1.94501526487995
2.00185263722349
1.68840733690624
1.85186823419561
1.56431360114838
1.75781079840083
2.10488448148242
2.06565842094683
1.80966985198557
2.20078969040437
1.23364737610524
1.6467420492664
1.54575169751954
2.08416816697739
2.06547289274152
1.93919342929741
2.17492161225525
2.09323581424093
1.8065665444395
2.18289542932658
1.85559717087888
1.47920910413697
2.11595941700633
2.19920734015719
2.05481137708246
1.53871152301668
2.05182776532796
2.13083990755992
2.01643368816556
2.29878245117465
2.24931363802753
2.16860861498724
1.54544618476431
1.65308929491978
2.18893105345652
1.83173613908601
1.70718166757067
1.5128875866769
2.18849886847376
1.4703978193687
1.64735123682772
2.09660857093639
1.77079472388155
2.2907800309781
2.0401732831082
1.67166265634917
1.63088033163289
1.06776572414412
1.0738433982193
1.57914420708816
1.37280296135023
1.71277563691905
1.97359236542799
1.80004398525436
2.2126382446587
1.99042523806662
2.15549177969669
2.16582898053597
1.59910678615288
2.01260830443883
2.3564605133454
2.30393109805099
1.59454854708805
2.17055864901183
1.98647195667061
1.6441743285686
1.72901772821086
1.47206540676099
2.09251254354765
2.10423384108839
1.96809239901487
1.76299679216014
1.78599776956554
1.3791322606285
1.22528478855416
1.98730148313227
2.03447242541866
1.70586305807394
2.13200619798102
1.73349060892102
2.21886863459786
2.16865716584191
1.6933281415461
2.31803060697294
2.16923416251775
2.13352999882651
1.38289404338262
2.0140522720972
1.90437046599835
1.86880263610816
2.18438397008981
2.16120789759677
2.13593273772216
2.08391104193912
1.94784655333376
1.61124314696825
2.11711998127594
1.99457157103946
1.79864978085452
1.38543832879115
2.31633095925429
1.8797347916712
2.06103740891167
2.09179822336569
1.99014496948248
1.8592507145495
1.1260344739782
2.00779970204206
2.15958092568521
2.14846177166312
1.41015728852171
1.56680902672031
1.67347200630277
1.58008644383528
1.51901895133941
1.24300253737098
1.99500554309378
2.38375400975606
2.19918336074755
2.14499273769968
2.18008196860582
1.48022103998771
2.2742913686603
1.73698666836637
1.66611694006247
2.36105369547759
1.46916969737526
1.67839154433881
2.06741822871384
1.99303376732468
1.76410399714749
1.59755718836843
1.46287479551352
1.91952228248603
1.82325410420298
2.30914283215053
1.26510661435357
2.34211200090593
1.57348870483307
2.09250099918847
1.41824156938518
1.75251370192366
1.47534377119567
2.01170580317145
2.37071597500535
2.23971376401458
1.73344074081744
2.29460760976848
2.36181765905729
1.47798694406081
1.32989880958027
1.67249666114854
2.04940803431311
2.07907166449277
2.18446996525374
1.40944878205688
1.80915343605489
2.35365140807023
1.83356984652706
1.77691423162744
1.46123121574758
1.02556118462126
1.26191782375737
1.36902779217551
1.22337748380948
2.40730501353301
2.33267499934725
2.18764123713854
1.37983893709927
1.59389823499001
1.64511731568824
2.29724051917126
1.53303625356783
1.24999736185803
1.54622210172708
1.40229648770573
1.09836117102286
1.24023890626388
1.02973344952847
1.13924504999195
1.00585235538883
1.01775170061087
1.45040346859318
1.08835659358055
1.29143919510926
1.83486890972742
2.3283788149698
2.48815134726581
2.4948721561493
2.49911827745854
2.48454139732422
2.42738971019468
2.45154866914346
2.46154260742698
2.4804267475222
2.49617468860091
2.49899956092437
2.48536628672278
2.47740407570445
2.33068194692654
2.02683242433855
1.45187266161114
2.12011923271632
1.94113055750466
1.55365628438345
1.2646834189229
1.2621503638437
1.04776104988591
1.2629204127973
1.26019791751128
2.33544790109679
1.89174204238879
2.05207040085446
1.75549162462648
1.8624952252122
1.89445740264409
2.02771903662189
1.20072266330494
2.38341020463116
1.96433811312895
2.41724669397988
2.39967914462951
2.28273814182889
1.59888918598792
1.76366336326832
2.04253407466147
1.3159404749875
1.89584385198836
1.9196828225141
1.64930631636954
2.14264512963354
1.93563515090635
1.51130001745744
1.87708533086505
1.85644997925737
1.75621178892032
2.25115018569973
2.21658735210749
1.99049263046288
2.20507020670288
1.93840950060543
1.67931804934915
2.20508788612804
1.89557819314368
1.8816237391535
1.88928406167371
1.68957900640034
1.96044805440011
1.2425727775262
1.75447804065995
1.73683538801286
1.32066710805057
1.43819318309546
1.47695597802156
1.83757188605336
2.15336169170864
1.89112817012298
1.80985604362222
1.73619968605299
1.3421769471193
1.64998992086809
2.18891338381188
2.34885998308143
2.34340471571212
1.68230974360145
2.07077383211829
1.21253707543347
1.94063718560469
2.07172417374764
2.1925733461481
2.32860076807579
1.69606707006876
1.41802653330509
1.6961994791409
1.2649218418574
2.01609891237458
1.8464301093884
1.96041004028707
2.38953132828687
1.25090898466565
2.0306340169635
1.32700565866233
1.71443922978602
2.08497479471411
1.11872791758245
1.75894906472013
1.21855520864729
1.55160728546156
1.4946691791986
2.3456824218185
2.2542544332362
1.67432890317586
1.27374671945651
2.0251999092794
2.45706524099378
2.45058583074048
2.47080250703393
1.93268401138406
1.20184707659497
2.16194177310545
1.41589017393996
1.80672766981878
1.83470991220092
1.55182417796367
1.82975686359762
1.86519227025358
1.99770895244243
1.62646077500792
2.38536175962887
2.25849871571664
1.89826763339388
2.01665951814512
2.04849452091666
1.7454521032644
1.71777762068688
2.16471949808453
1.66889056024938
1.89503709349608
2.14902604695066
2.0911744164789
1.64592425084452
2.25727481434285
2.44205205815407
2.21194051615819
1.38699077410088
2.01388966918835
1.54705398075331
2.14706016716452
2.28062957231667
2.17362928704097
2.37750521345756
1.91172671597654
2.44707309364007
2.46005681055777
2.29468639267083
1.95415343082002
1.80605423995149
2.26108627714576
2.15658477581257
1.84321079397167
1.76137306902042
1.42252664839746
1.76462478077362
1.71727425356465
2.3658113515415
1.54529884157979
1.89711782424739
1.42670137575478
1.70569733621504
1.68220910070251
1.48303205383255
1.8784732283789
1.40297499523668
1.82028873515039
1.59493738703211
1.59868857398474
1.85243599636488
1.95884386827428
2.10330764054957
2.01957660484401
2.20470088572829
2.07289970369856
1.55531227856394
1.57667369283868
2.1861354746564
1.90961635574371
2.04618259650034
2.05246953757595
2.09667162325956
1.66222990833555
1.33405399741841
2.14767393236273
1.4660113625878
1.33181434727278
1.28433053991901
2.11303954946845
1.68544610756478
1.45709512748191
1.63680690035435
1.85826325242118
2.19419202911135
1.43608965949693
1.63179130742581
1.77643017394853
1.69166446181304
1.59562690111755
1.53398334819184
1.55599639094265
1.68163108539047
1.82749353310539
2.29811940503157
2.16360274411349
1.80585993037342
1.57325570521874
1.32689381756826
2.45324741814408
1.60849941870925
1.8105512513134
2.03603523724744
1.61489012042434
1.6074976488523
1.91840062943971
2.21967861848177
1.76593493735036
1.99299659715296
1.65194388833788
2.04310180887179
2.16957680449087
1.61456481825235
1.95964776289842
2.05460592597824
1.71027966825062
1.80212553632531
1.50851371849024
2.0656048643709
1.7016767103095
2.16980121503996
2.00052433396292
1.92964773527529
1.91162905998615
1.83312032141998
1.56589142847413
1.66736474586513
1.32451332834879
2.13316962474533
2.14388251600642
1.285953650028
2.13996987068397
1.47014617652404
1.88602277855461
2.0911534657887
2.00234091970556
2.12905005253946
2.09879265091426
1.9191424786183
1.39480286535628
2.2079272600686
2.0554077713912
1.43193945234635
1.37372502851716
1.74937161069906
1.72225869437645
2.04198735026407
2.32626240199131
1.91790107362488
2.12946358718659
1.488593349655
2.10993554149409
1.4941633623019
2.03423299068595
1.98839469262682
2.44243324905172
1.48632552587485
2.04372933893595
2.16979501282219
2.23731492651014
1.94006758333364
2.33758426985852
1.53983024635383
1.96579863214672
2.01066238949458
2.30215821654723
1.76366224157838
1.46166545894172
1.18203013996933
1.94142158723029
1.88347418125979
1.92617653740373
1.45085337349712
2.3304838051905
2.33347262042906
1.82877667964643
1.36288719880799
2.33156224758395
1.73246043558984
1.10051819442302
1.48232160682526
1.54254285841692
1.38863424222126
1.69715682153047
1.42323602705053
1.27183396074903
1.33554907455511
1.77351314353879
2.11327205205889
1.96079962334008
2.42277143752438
1.80505799570649
1.29280645667388
1.15195450094169
1.76832867012079
2.09104479487105
1.59511960298826
2.34905344775947
2.42775951621842
2.48976971897282
2.35193343513183
2.07373059761365
1.5317199151778
1.08931313045399
1.1155470763407
1.12909053280363
2.17692876412538
2.27911992690234
2.35593999174185
2.19276887503491
1.95311100864354
1.49430855026704
1.77154003574933
1.91166428306385
2.00404405781718
1.51650395376841
2.13420875711196
1.3937224037998
1.02211462031993
1.10263770967909
1.43798385759235
1.80512017973048
1.1628067017752
1.12388697797107
1.19023848370908
1.60730728234083
2.31303333003502
1.9323740502597
2.08262460027833
1.25737894367109
1.35795590657689
2.40715009811728
2.35734606993043
1.91260439486517
1.88427300513493
1.83353729996386
1.55478051003972
2.20806281325083
1.49571844424885
2.35481312334739
2.25811566441501
1.83737293867586
2.09806465155869
1.98445376536526
1.66676478102188
1.51507195330992
2.19727665953902
2.45676317384107
2.27222578478395
1.21369397399128
1.57231352808638
1.59828322627919
1.82971624533012
2.41546670377898
1.66243610387026
2.40526893183116
1.80265495029605
1.74552726860529
1.82232063822661
2.39976866659249
1.94840865507317
1.62720027353711
1.6541535180747
2.08049309660384
2.25140591816925
2.26726854122281
2.08893010441409
1.58510144975671
2.0609797669262
2.02435473178691
1.5232529445289
1.82818551182865
1.7894993265237
1.51200807517766
2.34035410888455
1.86450079236398
2.15933534764286
2.25611901295802
1.85893524293819
1.99498583028991
1.81224210965456
2.19244232218277
2.13381257456086
1.66159933428476
2.00927270002031
2.23299004421369
1.4580493511326
1.4346834548781
2.3642675402934
2.07061338426764
1.27686660507064
1.59487138719727
2.09890056347477
1.38248899701365
1.74488042977498
1.8099713146227
1.71951955758736
1.20095792152417
1.71853741825914
1.86030358568704
2.36375942546924
2.05270667658215
2.18887975869461
2.21914115976717
1.84171696431375
1.93751746406537
1.65750456461467
2.04848562569074
1.40063527433268
1.25518971199931
2.03496609784807
2.00017243817926
1.80996720667301
1.5595280961117
1.98468330630257
2.39519969692257
1.24478349388547
1.57633837398151
2.0696964714724
1.32833337174538
1.60770223285124
2.32134186702189
1.49135638164575
2.09599196689226
2.3023875702777
2.1134095602914
2.19575197972604
1.82013669934884
2.2568206832019
2.17554827346465
1.85324380301827
1.46500220318503
2.05474129380773
2.22222325526461
2.25374062913048
1.28327906097052
1.8631744580911
1.94988277839358
1.21498243117488
1.40797346804304
1.82806728680899
1.2139024770109
1.20280830566999
2.31009251398323
1.03512648544179
1.34457172901586
2.02770876422054
2.15161609468545
2.14977644522308
1.25965730826886
1.54458924800535
2.17420428721639
1.49580929541812
1.51642226904002
1.32937716957614
1.61599850240052
2.10121009454291
2.00823517193621
2.17008485602176
1.49747642687874
1.58011777106403
2.11990091838036
1.69079088305301
2.21894588026545
2.40471112175338
2.43647052534749
1.4330041246591
2.12103186320203
2.01805266583467
1.90739324121743
1.90686544114438
1.45130952788113
1.558665664096
2.09141745088815
2.42854549901124
2.2869347164773
2.18109851312931
2.11877396787338
1.35441695585531
1.20064253806437
1.32238335268123
1.49456986818762
2.20526648899621
2.03631646453701
1.430382376321
1.95957262973382
1.78099034340355
2.07803673730465
2.37500550598499
2.37463407171945
2.12375129839572
2.25772484612965
2.10081987592381
2.11666481554548
2.1401905187751
2.31402189052832
1.39036180692
2.33686868832879
1.79231198107463
2.25487628050221
2.43935580215497
2.4591684713768
1.95027715905155
1.49461660503152
1.38734032018698
1.43909624989429
2.35752815367846
2.41658507117782
2.15105888653768
1.37764982404398
2.02013618352544
1.56746576300202
2.43341659765886
2.48029739575919
2.10469569728391
2.11832443054516
1.3640791639377
1.62215999316004
2.38773183675803
1.65998603341844
2.13091602613116
1.49042302841096
2.02129418423979
1.67883884607363
2.18450180859289
2.16694493452634
1.86164876910902
1.85407580166699
1.42779620682238
2.27254797100643
2.18362842282631
2.1455894249419
1.91334083056605
2.21844089897191
2.32807005753768
2.30701291524388
2.00080476660691
1.60114568904812
1.83052262884742
2.21333616120688
2.28822356916296
1.84547588365222
2.0345960054642
1.85462328660772
1.93887122304889
1.74105131806778
1.53795736691938
2.0223821190731
1.71136616139825
2.2165828755485
2.25220913898094
2.15302686022767
1.96874996299639
1.31842815598112
2.26639930200063
1.95825247223224
2.01400829708854
2.22127245682071
1.68219093061806
1.966597933542
2.09305489688523
1.80807738077683
1.83550382110853
1.77111581389472
1.80102913905035
1.49124661984654
1.8020358639037
2.3406025749955
2.31915790192044
2.26244187061463
1.82684434599425
1.69062292477722
2.09244575484041
2.17737899115649
1.78445935026001
2.41780860297075
2.23537874031691
2.06095719237114
2.24555981469722
1.76197706285653
1.26807182754363
1.73189728210409
1.81950408031832
1.650278268472
1.70977668636663
1.598194234423
1.66401694471426
1.31369281111875
2.01005220014173
1.72958034573983
2.27290715913599
1.81023600786391
1.51819521853183
1.99506379418606
2.24051129473631
1.64158386108135
1.69713370050774
2.03533726801988
1.64417913257189
1.66849629200185
1.25259310162758
2.22805840645919
1.80784732913125
1.95587389283625
1.59942251978493
1.68796502391992
1.06939002981915
1.27509444722226
1.52675407968437
1.75385476848445
1.26480509303911
1.32162095243193
1.54584136616097
2.42893568657752
1.73697093316205
2.19865864129926
2.3872244002126
1.98405703117903
2.22832563689708
2.21314014917592
2.22010146607509
1.91390342436668
1.84263814759487
2.00915468842011
2.30825886323811
1.23992446744911
1.41285158933203
2.23099729283037
2.401027573477
2.44924682671557
2.05600264437494
2.48167343999782
1.4028083415091
1.71857208578403
1.68681253727849
1.98784657726739
2.16282835451928
1.9452752954162
2.23017044725584
2.43772510301056
1.95468992022164
2.13768138575068
2.32406427629621
2.43301334231344
2.32065061715691
1.93670532564781
2.39324886002801
1.98006104309679
1.67314208095909
1.34380731209908
2.11150565783821
2.10934418789235
1.95204136428459
1.59674274528449
1.7932026293134
1.78825170947073
1.22105958269212
1.1076605751323
1.27010647807628
1.89972567728881
2.24341970851992
1.14064859795304
2.29581213062659
2.27202566727082
2.04085828560172
1.70089219666825
2.02830412175307
1.86441887017701
1.92945741895591
1.78306728562911
1.88054659880162
1.96481875259247
1.83530427088817
1.6015245210813
2.43017124641694
2.0166246687659
1.71947901885537
1.58744253763191
2.10849438808073
1.69147377630779
1.55011466026985
1.69311642541689
1.86478352506068
2.21642000249254
1.67746318417428
1.68525253994124
1.85645422862145
1.50309107506577
1.8253564607152
1.58734530348178
1.883981630416
2.10106271634474
2.05171448363263
1.90891403146198
2.43183460407996
2.30605433084844
2.33024669570079
2.37439991147326
2.16535940311845
1.1315984709331
1.93217568876125
2.2913706016985
2.08008450538879
2.10085070780675
2.42384828885627
1.18547646575824
1.65149706843928
1.83032754524818
2.00087285315505
2.41274083356014
2.42390896341764
2.2516447290102
2.25976274325779
2.44152532764749
2.48350737782367
2.45338159496679
2.22656438315503
1.86734590126992
1.48443110970569
1.71420626581729
2.10306932834943
1.93327913372654
1.96404676416345
2.13494374866996
2.08896304291297
1.76924260898029
1.84463819407895
1.72014002266032
1.53202140394755
2.0177613826066
1.58586671359726
2.17824596405654
1.93403720287622
2.20158011599565
2.15597326510484
1.97021439599189
1.74181237878383
1.55711772987086
2.2129572648125
1.3211357495221
1.52530107718545
1.91550069952195
2.16961120826493
2.04932066794995
1.89587297314873
1.36368927773392
1.83699915283947
2.01742492684463
2.26817982211347
1.69568906197189
1.69408242374194
1.62312584440169
2.2760803700109
2.01703341612645
1.17541843907159
1.3811852320958
1.80159230594788
1.79599819597225
1.7151973396954
2.27357774396189
1.80195767409197
1.92577496256037
1.43872829028293
1.1755014015064
2.16759465528138
2.30937310671731
2.29535288497627
1.62747130951413
2.33949076802615
2.04783167439513
1.36982552326864
1.30331352459634
1.37228568984955
1.97439991905272
2.31121209411793
1.90390850998619
2.45977042745639
1.93009382779162
1.88646674082015
2.41844139227756
2.07498637139767
2.41468724777901
1.47688648834455
1.68148354440642
2.06596953217038
1.84583295273384
2.13452055773665
2.12161567904221
1.87642050807492
1.70547429966728
2.34446311080163
2.06978268742579
1.49132349277088
2.19628122312952
2.01226477795314
2.07930274855273
2.44043685364904
2.43866341056852
1.5904263078335
1.62430205258322
1.87499336854407
2.01035156052987
1.52687508319316
1.9812382308676
1.9698258454874
2.02812251452228
2.05856503569032
2.03654613674266
1.61749101148068
1.90729659077933
2.22311630268469
1.66069332742167
1.73694887446895
2.06022422849236
2.0942810966094
1.83558453214071
1.8654674090303
1.59260829692659
1.54352935072354
1.46194832378929
1.37693423138274
2.19140593637579
1.97514030782508
1.68006692578453
1.673830296678
1.50231030424552
1.89490822584692
2.0671677108086
2.28562177075286
2.24961430082242
1.22164934431894
2.04122661018708
1.98171263979556
1.90573428870188
2.19616668480651
1.66371999124934
1.2091192281592
1.1296797324669
1.54163977117343
2.28895688504482
1.49329672860449
1.34782327762356
1.4714223902385
1.06808906828632
1.40069226079413
1.98941208356096
1.30535836143674
1.56620297110521
1.61353912753115
1.48872169595829
1.8990145373879
1.85571984740358
2.14599231747801
2.37163352408995
1.82102006237043
1.42736926754555
1.83253938964544
1.87356933374117
1.9712954057314
1.86058481294358
2.09421073670151
1.60033908868946
1.70562676434585
1.83777746768777
1.69861519514408
1.38877062123046
2.24264763622125
2.15176767354051
1.99427537341581
2.42347174964909
1.74626545857038
1.30174669732587
1.74414697706341
1.09634037437778
1.59515121399795
1.61594913753355
1.54097187874697
1.25427043899076
1.32704707705301
1.84829323009118
1.95274019911284
1.17883441299279
1.12113490335834
2.13640030313247
1.27697831978732
1.87249728405063
1.54119545659217
2.4622807190991
2.0881760891589
1.95302203300478
1.51421434255188
1.83977494661458
1.46717458427886
1.09420791375545
1.32970966978569
2.14880394761897
1.63484553517111
1.99054052553741
1.46309697886565
1.88478559479819
1.196119141052
2.1823580771945
2.13850401715672
2.2214025577755
2.03790331138544
1.62457233084969
1.92613337085713
2.35198284542429
2.08543096643287
1.46887009298536
2.01901735345944
1.43321162896039
1.71906753639494
1.82811357004299
2.11367465896718
1.86837172937178
1.5676968898435
2.0515412594398
1.43803338316446
1.50141259098356
2.17840936560764
2.38331997470056
2.35851196578899
2.0010964470448
1.95505112073597
1.37491599314382
1.59746729213029
1.93994797461798
2.02675639913152
2.46476238032066
2.02241485589486
2.47205273195651
2.23634204599472
1.92903374743794
1.78608000186776
2.38319856172729
1.94974352606659
2.11026528765962
2.25898755301813
2.18848089548676
1.17491336803732
1.37777992300325
1.80043136440299
1.46701698838703
1.31331364274339
1.78131330831075
2.18734372847216
1.63579162049318
1.63281212300301
1.41215560472286
2.14983228297145
1.70773977027568
1.14864682246094
1.45686583964433
2.16552375930416
2.06610719983292
1.61688672525344
2.35089592876064
1.60171347832989
2.32315394602
1.59955959778839
1.29125574438393
1.41005917486397
2.18714848272782
2.10163391050394
2.0240017085096
1.42725217691084
2.13035611797862
1.62448421314323
1.42259471859379
1.63556491957015
2.0564911865361
2.17816473561851
2.24080851812235
1.43106563361932
1.66589681655192
1.71916512136404
1.20530145631663
1.80978495997955
1.95975179339989
1.26879750719918
1.52173008261594
2.22300237962851
2.01832258821635
1.9157172382348
2.13086007120853
2.2738583819687
1.81060766233137
2.00915644113494
1.7693795445293
2.26253056255027
1.47567875792683
1.18850009704772
1.16344344794972
2.28067803739252
1.81486250263401
1.55649442900628
1.57129139006737
1.93027901038805
1.5093148888088
2.01150492707617
2.16165772982536
1.16995962298408
1.56235718163608
1.80770838405595
2.39425176005106
1.46653039275441
1.59105807889363
1.24974854274603
2.42107573376274
2.46891257202187
2.41746771877393
1.97171370960835
1.95843294761944
1.79668360499111
1.78406631156659
1.41843846454774
2.20145324338981
1.56282976279399
1.90868480671424
1.37204458763253
1.43356135645078
1.99321949886938
2.26398777673038
2.37295230936311
1.49641295877435
1.39930908896328
1.59518009309597
1.97472648189928
1.91510553793389
1.48848667806948
2.24381525510415
1.75690904477961
1.59424168157872
1.97634681610923
1.97245978977155
2.11607736913784
2.25518574258663
2.07526876861427
2.26116850465595
2.41247331666409
1.93064564496276
2.24623776359298
1.94984341347432
2.11402947721021
1.83057076366804
2.00513466276753
1.56907615163477
2.14805853804968
2.28585324368928
2.39206168043809
1.59360085387681
1.92183746345822
1.65909179103772
1.83530566460039
2.33666093519651
1.948061063511
2.14370422987243
2.00513121383448
1.95886820974165
1.89677220123178
2.2750794592278
1.73047758059694
2.02540467712148
1.38187879737487
1.23235254591583
1.24263516057789
1.82683111070794
1.87979594552225
2.19027411824294
2.47345623883441
1.89777135005776
1.6582348813881
2.40718101553854
2.32252644829065
2.48372183805604
2.48636589215584
2.48427625146182
1.53690915626141
1.22893570236324
1.4315219502532
1.95883788151596
1.65500509752064
1.95248421013044
1.79273355903713
2.24111851164882
2.47276974127113
2.46651346719368
2.44477148173909
1.80165835986728
1.98555624850859
1.97951613794302
1.59874194218906
1.16691568066169
1.48245555958037
1.99951538516226
1.55506679355698
1.92910783888577
2.05125703374279
1.63898225673056
2.3066498127947
2.41922158775554
1.56474434488816
2.3806463965452
1.69750195325486
1.83174569184356
2.06328278276786
1.88855447252475
1.58050306807005
1.88016565327246
1.9758296223073
2.37088290162134
1.71093300856181
1.65577968994219
1.19893705770576
1.53450031179325
1.44507236492898
2.36306031207769
1.69924833182252
2.14761549247513
1.92995982858172
1.64611559959572
1.66831859420624
1.70189486770577
1.73959617423995
2.42712544229863
1.51760483926838
2.22518334591153
1.99230621756228
1.46439183253134
1.51884669496499
1.30027744145831
1.3282165740839
1.97136662415796
1.69909503213059
1.8443343900049
2.23832111277567
2.40032310057203
1.97328007791476
1.30925885297578
1.0352032186037
1.0252077482884
1.96632623778494
1.96696883243365
1.24432546981613
1.15012766873923
1.26831701791122
1.67847813571697
1.44405752991087
1.1926455105044
1.00770288723892
1.99859964631076
1.19033586304569
1.26675064727211
2.10834286558949
1.50659366585446
2.21960137019467
1.50968586375427
1.14200910976946
1.23764890982599
1.74597276334322
1.09193584369325
2.37480188478326
1.61822602513254
1.66248607155121
1.80062123072501
2.15161941367453
1.69517750340315
1.15112218070095
2.29750633541368
2.2917136119871
2.38680127705923
2.21049523944249
1.72274470553804
1.84518884408689
2.00000536310759
2.28218327612807
1.52435967245957
1.85100007545807
1.4881059446604
2.31884442875318
2.11562935522873
2.02683934445679
2.04599389237666
2.15484833206262
2.34224899375191
2.43004668110839
1.60963993636827
1.55703075491076
2.04517725726117
2.14236785112117
1.21679852259687
1.32348711675068
1.98856552080821
2.45136651590321
2.355560118592
2.17450924942087
2.44384324407274
2.42519619816356
2.13459548940009
1.59777309387395
1.11599605365284
1.65847298875976
1.11113003059358
2.05822086241752
2.16549377168603
2.18999179906951
2.08044775156246
1.73641696488004
2.33286987046616
1.89869408606861
2.26814942889157
2.38179183323036
1.98644376919956
1.39884678607976
1.28974037783883
1.04980363867751
1.23222385551241
2.28252876619129
1.90130360322247
1.43320291524526
1.69694193649947
1.84185600456126
1.88192225370145
2.07435265092245
2.11443470904067
1.92928451012567
1.61534376161124
1.97106524078648
1.72300295700418
1.78915720243005
1.95561859169142
2.13064183851241
1.68353608426905
1.54821302839035
1.76680291210212
1.89189218315752
1.69880199277745
2.32001811817236
2.21784931724607
2.16662005263292
1.92295454606646
1.9208677656689
1.42348561770023
1.89071874495344
1.51259165368507
1.43839990966939
2.44691791317154
2.08741739624716
1.59729199396898
1.80746895349291
1.35942459096767
1.19690759231324
1.56968812397228
2.3395590109433
2.23889861783599
1.33090217028094
1.55273478369344
1.70962701596705
1.6241148715012
1.28806287742632
1.46432682584228
1.18520210604243
1.99242950201463
1.86258913505078
1.37678365478069
1.78547600397595
1.68828430104959
1.93181830933116
1.69157444535909
1.39649862196795
1.3056664750416
2.07259754014575
2.31749792943164
1.80352105772624
1.58794471150203
1.81614883182306
2.18790555940826
2.29563948216471
2.14728723319294
1.58562287242467
1.6332622884868
1.84994697577855
1.3310002492338
1.47490930376125
2.2062635766897
1.8602021202889
2.26067196413636
1.89101738218101
1.48895270517184
2.29066291853107
1.98578622002795
2.26655594129241
1.47390514978372
1.09492898960508
1.52638172915587
1.37285828706113
1.89198711486872
1.49883003245753
2.00114291530816
1.96482998430052
1.77714081614565
2.36611150076531
1.92003634127294
1.87082161456522
1.62741592501038
1.9546925011318
1.89132686203603
2.03581964978333
2.03999988201876
2.08708274398258
1.88986662559124
2.22838176126946
1.96740556255174
1.65727088111824
2.28048875729272
1.88542279548273
1.4674613777716
1.31276126469293
2.35533343210022
1.37870393342599
1.76025833898247
2.06218619164232
2.22122088498048
2.25386601564068
1.72727370188615
2.0922042582439
2.24830706386826
1.73449802057018
1.82175015496852
1.54061837789079
1.77417197534794
1.37475097952245
2.16413108238971
1.79513548649134
2.23121663295004
2.11585306860466
1.53059853992239
1.62792400265336
2.02359695439515
2.02047849562522
1.56648191206096
1.59333709982633
2.2467639445784
2.26001872322994
2.40182446489092
1.67218510795924
2.18992519927302
2.1712373877524
1.39227125916681
2.18502288233503
2.41584021070782
1.55103455531164
2.28333434308509
1.24192854428375
1.88380818275715
2.27278747437994
1.74923498195016
1.92316604617534
1.56517770556006
2.0640435489268
1.62299193281221
2.39019760720083
2.45413116042531
2.11376026084073
2.11542880500689
2.22264925956311
1.69053594898634
1.42673065498979
1.32996521091759
1.93369872610278
2.33970453519641
2.21150106100909
2.36872694933282
1.70541197041431
1.67914286185075
1.89395590752448
2.02857674690708
1.45482228804533
1.24332653013635
1.19786615068948
1.95287894645988
1.66893878073911
1.83815536047828
1.86478561484855
1.71177372012964
2.26001489999033
2.1118989045858
2.03753161566572
1.64708611159467
1.95965967310574
1.75553573446317
1.3115986267579
1.40509425709779
2.03961772027519
1.1398660433942
1.17077477389101
1.38864922312101
1.46815093644696
1.96771233677817
1.70923114252585
1.36079378709545
1.350455715091
2.2227138146062
1.51629342589338
2.12580440315046
1.3886192227446
2.05440223008672
1.96490388461833
2.1438086642672
1.56095704015954
1.95126972041589
2.15048511686782
2.10151610881931
1.18331180281456
1.70105462801814
2.03528468102804
1.78376032090938
1.80874509697228
1.54654598861924
2.28033880653068
1.40073078417988
1.67613714483316
2.12880482531414
1.55101453679883
2.15068474820241
1.78956393299613
1.87677330891345
1.69515558024577
2.33371691506938
1.88957334571633
2.15242221379564
2.47577389161289
2.45609469568283
2.41618400292254
2.45433145002407
2.14386840037557
2.32127362363853
2.31118656328126
1.70451179331856
1.82833323005163
1.49164640918786
2.10689570238753
1.22120212288469
1.86616516320742
1.71534375286203
2.03286421421399
1.99914560255537
1.64475526093327
1.73288492314486
2.18517945118908
1.96194383092765
1.45398824404236
1.8136663017694
1.51239600953212
2.21760728043935
1.75390701144181
2.36071412909747
1.85163456199465
2.29231293233377
1.5754557021076
1.20917416250241
2.12923570380386
1.48384232722356
1.34952341959578
2.45783501586241
1.76908632393133
1.86005612853163
2.1424991772084
1.13712101030525
1.97154842131575
1.74433613107981
1.8078868138517
1.91343863441465
1.37303656852261
1.84457414227919
2.20099495084817
1.14482501306405
1.96195245728979
1.83457426112801
1.22410388375874
1.45464945574759
2.28118123823588
2.27692023138448
1.39946567680192
1.91767577115324
1.47144954796319
1.13267236516781
1.40021587972397
1.27660615077594
2.45518489344839
2.49106138632725
2.49221022897005
2.4934937305141
2.43914530862693
1.81286017685243
1.72944431308745
1.72372246537005
1.83240921759744
2.20533369997908
1.61448381134877
1.74900607322053
1.73307300400797
2.40369333762552
1.65541861986212
1.40931127505735
1.03786833263653
1.01329263717607
2.10586754047923
2.26053520589288
1.97152329040299
2.13401862024409
1.94944870052483
2.46267354159505
2.44353875335064
2.4957687960546
2.38190745681651
1.98502664255146
1.81946607191151
1.78672820606371
1.81661584768561
1.25220703799449
1.61967821786369
1.7807160508519
2.39324316069193
2.18540157193715
1.48670366413585
2.28511484311251
2.3426194046255
2.06094908033099
2.41109273538621
2.30085755295478
1.76989205789976
1.69581771953146
1.84038223814324
1.89081281099482
2.11693998706931
2.31805944670414
2.35635192279635
1.17019007343499
1.96459043122876
2.42718969238424
1.4929102721331
2.17011287206185
2.08527497812339
1.38191007077579
2.37231315318503
2.43091640531386
2.48414328444302
2.4759686825715
2.18138090417256
2.14584500352663
2.33617248871631
2.48893679509558
2.36559900255484
1.86038308918807
1.74119731248829
2.29398717736689
1.98034052755701
1.9947905098948
2.03867833716552
1.98828736239513
1.96587181320564
1.53259529340294
2.26041187414216
1.50499037567968
2.22860646872532
1.4596278043003
2.13030137415956
1.93772717276962
2.06333250001625
1.93714786920817
1.96643506257986
2.08685326382965
1.624233951189
1.7615000837049
1.57402081291565
1.13865270676875
1.81010697677801
1.45107302502282
1.44981998904442
1.49667133992767
2.08426375535797
2.29324141922853
2.02203548854317
1.8836291077127
1.95810512891267
1.60738906551274
2.1454649810817
1.85615428669436
1.92341869940038
2.06525002248795
1.95433284041922
1.65797195546379
2.03593392126626
2.04693003360188
1.87853622987661
1.68976078617795
1.61717117733313
1.40073669958638
2.17483387464695
1.61122895974933
2.09754994957012
2.32277367747711
1.86842304288304
1.57150332631783
1.97654119116467
2.304514056913
2.26324397199409
2.2063029102394
1.6713202682845
2.32409015676356
2.22241525719183
1.81066736323766
2.01106952792187
2.01700936711941
1.54718702716487
1.76520217247821
1.56012846774861
2.4610614889043
2.1887390257531
2.40241087434531
2.01204061881616
1.66961932265054
1.56807675416101
1.91444502456627
1.68942454527862
2.02913237632994
2.28360012573825
1.80845784324812
2.38494699738238
2.3501020974421
2.38551890603688
2.22757154309075
2.22618500751861
1.9034453062164
1.78623126724527
1.69231497013311
2.43084819204552
2.435786135148
1.96117987981173
2.35061846978415
2.45349623005918
2.40241578243277
2.47953099392728
2.37665288317017
2.48194396562938
2.44752233900697
2.31100731906371
2.41424895553058
2.3745872133621
2.46573163906497
2.35732502082828
2.11696437348132
1.71428194459275
1.90672538708106
1.02328028863476
1.00454954802865
1.01265460244763
1.10561805732282
1.09616602636589
1.1403563349023
1.33250192035707
1.96027102176645
2.16235008636628
1.40104205899193
1.68626639824716
1.61771024940005
1.40606656985638
1.66763991986116
1.1387936971347
1.61385273562163
1.19369737375258
1.36415650077539
1.639537677334
1.58799001418738
1.51556674281155
1.77579467263589
1.89582346507423
2.17276879111806
2.37635394154798
2.24485746661425
1.51892717567839
1.34225844390724
1.85590587282064
2.27706722915896
2.006381393968
2.28396721582834
1.73286575434122
2.39502429439319
2.09741411686948
1.8287837031096
1.81803339444971
1.36709715494734
2.34280359592455
1.82132321908271
1.51901751667104
1.65130319209631
1.99181926949767
2.03980096259759
1.24151669743583
1.12205153076422
1.4184847038715
1.55347155795037
2.44460682551813
2.26592039257163
1.92176224712277
2.15807544062626
1.8091444180634
1.62071915421087
1.24227705934088
1.842850950278
1.90886045557912
1.89918139680575
2.41009754625036
1.22467726393559
1.00245718413925
1.01572688015259
1.42210353270206
1.04760156746131
1.06092044637796
1.01895920600487
1.17412517412733
1.27392648083952
1.40977129014499
1.22667052907417
1.92524333143849
1.74812516171841
1.55048936527731
1.58797900711499
1.80460217445476
1.14722229924332
1.68934826950839
1.59470071411762
2.34116637144719
1.50530951097523
2.30254064201939
2.10475356748728
2.33829530865015
2.02234349214733
1.30876340569429
2.1537260754734
2.00935654021348
2.31546993071091
1.86655411776434
2.14798324298282
1.76874024587464
1.79987220598616
1.93536266977076
2.36907169832494
2.23592908605701
1.6338960332266
1.85198902537986
1.53414579854829
2.32707809032863
1.51418533523058
1.49747662906495
1.76296131884167
1.61744982564065
2.33412888205542
2.27317183382427
1.38596608381685
1.7138607692539
2.43156697603199
2.15291034751031
2.03518475097625
1.77303400408282
1.41830562596947
1.7794551003228
1.30431248878855
1.7604492083793
1.4346575289146
2.20882556706031
2.11928020478777
2.33392532542045
1.69311345783273
1.86870961001125
1.20200000820619
1.97318197290837
1.84018106342604
1.83197776379859
2.04451695903756
1.97849927018683
1.94043074461505
1.87515620601773
1.78393508745629
2.44071104652605
2.03960112904955
1.86971103715459
2.04946517841554
1.24544078746418
1.94027945631815
1.78168494789432
2.05604546769294
2.2405989971082
1.96338019816885
2.30426039353414
1.95300425981977
2.16582074870753
1.47122373367326
1.79700161733847
1.47657955103482
1.94225205754359
1.8899908671543
1.86580073213705
1.50891964957311
1.63275269593871
1.77061850289828
1.47932970268068
1.97861307597824
1.80781421473213
2.1508236224489
2.0209523247294
1.59678429406307
1.6726790178996
1.74740681483274
1.79253809070849
1.29441064207115
2.08907898175811
1.95883543703018
2.03727325257153
1.70043554007149
1.3868734157721
1.6883940571272
2.27102363936178
2.17152083685277
1.47803491255447
1.03086050016583
1.34788268390931
1.47230776005366
1.63396383833308
1.61061238220503
1.69946575622899
1.41113706713435
1.37710980123944
1.58515361214541
1.05646029040336
1.20024717907457
1.27854291717058
1.39086251241241
2.04477930325387
2.48525515971866
1.2887551776309
1.48774807018428
2.16777050945877
2.10845850464681
1.81066508095606
2.32243281769689
1.88776044781575
2.39389801518331
2.38269473570558
1.45380428564344
2.27743803675975
2.05677790586972
1.62642730733701
1.75573253075839
1.89050883542648
1.61122626725733
1.55735479841414
1.51939252243653
1.78563069989149
2.33750904370795
2.26932778818759
2.1319209939016
2.36475495195705
2.37447630486216
2.09142351797759
1.92422188291094
1.61755853978658
2.36472276669859
2.19343451929736
1.79095082895745
2.4157137946713
2.20286138610319
1.92960805598051
1.28471730794619
2.06436826225016
1.63510946219734
2.37572050291124
1.88185685414308
1.3846398434993
2.28118126670174
1.98298547029885
2.26723695308341
1.80758123314756
1.69729969292087
2.38774018385889
2.21189907851094
2.1429519264162
1.88156233976073
1.97472750771363
1.68186531014404
1.88226727807284
2.06306383896803
1.45698901565152
1.91244561861959
2.02216153048783
2.06159789731814
1.78786761119568
1.71828122781686
1.98642055951442
1.54735212535232
1.52368962605176
1.9299310026681
2.12785789725645
2.16421852662669
1.55958435814647
1.35242712448368
1.39459900868296
1.90564013843002
1.79520916085961
1.89989921349329
2.00831361485522
2.19572432582461
1.75182311322843
1.53063072998232
2.21080469453635
2.05488972908339
2.10368169462308
1.85496603332933
1.97792445277112
2.03067290843841
1.90711634095523
1.63820728070999
1.79214511840431
1.36006993097895
1.69269961931061
2.1740464389181
1.87649023838697
2.1760289249254
2.22131663950643
2.30367014855661
2.05250266041215
1.44888812189647
2.26468888192481
2.11231435376967
1.839069268835
1.75646797129447
2.34287976278626
1.96161703400579
2.26128620164911
1.52338508467081
2.15616631724264
1.85886270527725
2.06170059649635
2.12671388579847
1.91283646196812
1.78946513814107
2.10199655045136
1.66630145991228
1.35938672443121
1.84592481946662
1.72728643877501
2.35678539742886
2.34352762386946
2.2782135874609
2.24986765418882
1.65570869773019
1.17794489253006
1.60205624381955
1.4580971768254
1.5031290945163
2.05378629794
1.84079541582108
1.9725916481677
1.18538926913061
2.45004160798526
1.51984709728494
1.44875097484089
1.63954367864043
2.45199199024811
2.49281164520964
2.48762407682796
2.24349836936582
1.32841451666018
1.80944452997794
1.66638677481134
1.6312479291429
2.29549671723713
2.46594672509595
2.2189776572136
1.77976055781568
1.36827306464116
1.39505362251199
1.98210801601915
1.34547695803007
2.06542078771235
1.53294756461176
1.16391539162161
1.06287181823805
1.03213334194194
2.03027329232941
1.73285676111072
1.88120856432259
1.85849234631284
1.36859142806073
1.78531327853705
1.8865503793755
2.08183313180892
1.70442901704797
1.66418073932151
1.49731241382867
1.70854709375536
2.13406319822682
1.58223125103338
1.73751383281373
1.45796701403005
2.15249801331921
1.67845212079149
1.84906185462151
2.23642240740713
1.61847902425704
1.92391153734842
2.33806393458738
1.76454660101642
2.04734495046789
1.79772079240355
2.01267015751335
2.38296900856655
2.42649293099763
1.73124030458228
1.51302432091227
2.16986400564424
2.18025998502791
2.06965996638188
1.82909534312776
1.56985168248836
1.99366881777987
1.57174644610931
2.25232025196354
2.04624866752121
2.11246128508499
1.47896289084908
2.29491931067754
2.13239603406146
1.4193587624491
1.84145055293482
2.28934763479223
2.08292573237727
2.25615188167819
2.33050145676607
1.75886291692876
2.27672577116585
2.30861209638027
2.13695897022505
2.12345559336959
1.52595301741856
2.15052623864187
1.78210962574267
2.08354446090417
2.22066927564549
2.22227957161472
2.00417312447898
2.28410681718351
2.19375868695602
2.00230901613845
1.61771658148363
2.2622903690292
2.27386287096133
2.26683961281414
1.16508158916166
2.2734641614874
2.37372073490269
2.24643114895677
2.35385766132542
2.12687513311764
2.10297993951047
2.04973188884326
2.2063954639347
2.25385989025019
2.44306411767639
2.16249058899073
2.1193810798162
1.46448451825199
1.54239173817117
2.25835066619392
2.46837888844373
2.46901071859233
2.39461470592192
2.47483393924961
1.99541580667759
1.31058649859121
1.24426865184989
1.44649112541786
1.54108834354327
2.20863297370855
2.04415883282814
1.93761711988293
1.9822316715844
2.24134980832669
1.73820722191043
2.05691329600563
1.69441619643935
1.70240748455144
2.01952712821795
1.69203645980251
2.27222589549595
1.75416923602014
1.78095123353996
1.65296197803353
2.16513786627278
1.91697524933329
1.93302655032726
1.97098121793407
1.55521603705632
1.92125335330728
1.79915425849856
2.14317978747307
1.59873355519453
1.43049244429031
1.04784756044234
1.51534570509104
1.46934063375369
1.15083693131588
1.77796059747742
2.0558730646446
1.4662527337328
1.71363983443389
1.93699893508439
2.04236924170435
2.16439313993583
1.84445692747715
2.07960529954705
2.32282871367594
1.7668305355706
1.74967663071944
1.71776927946284
2.34633522662541
2.26779846334477
1.9949840006194
2.30724053812403
2.4220538711939
2.4481947520805
2.18809116113499
1.97473733442996
1.89271354070401
2.1300336209543
1.60327329505086
1.7580201612822
2.07273013675671
1.99648601812969
2.25091325114833
1.63310095853188
2.25007229180888
2.11471940311684
1.27163596843711
2.31714141437012
2.05219782031357
2.20902219537215
2.2040419741454
1.92690004595706
2.18049500604107
1.75785094052118
1.9997036932246
2.18752401096865
2.31925937219367
1.82372602558413
1.84533637642932
1.95701535920215
1.49282639189376
1.73721250085589
1.94329222287093
1.91001274738055
2.13900533384818
1.9032999954992
2.09077614517542
1.99788297166947
1.9118227107741
1.81286325364921
1.84567309975077
1.88625719155176
1.7747789281495
1.75334392759542
1.94766676669616
1.99881845319172
2.02945993418569
1.30816681210691
1.29231468497573
2.13990423294839
2.14820611141651
2.3074295936738
2.08396585489654
2.43886442484457
2.38181088983228
1.88926151956127
1.46514903029078
1.47813681001042
1.77724809420601
1.10953041265007
1.44925900885612
1.94138389371847
2.27097861527683
1.90676355147731
1.9478897786579
2.12719569488744
1.99665699883551
2.47254128344677
2.31920954765001
2.28836763322117
2.12739200908114
2.09982159137597
2.07654226120769
1.85148738084442
1.9342486686518
1.45149350068102
1.956972049551
1.92396360570426
2.08512023015309
1.50308208567615
1.98978904562381
1.28975786368453
2.00544250606331
2.18505824098124
2.42612882510702
1.26088214769018
2.22703410320724
2.00227937125842
1.53076187059331
1.72147549999152
1.43459849536479
2.17155388895046
1.86205611566298
1.46209685306635
2.21999468210777
1.13712202082574
2.29916486146696
2.02293979733998
2.35053162591388
2.3221070584581
1.74276773423979
2.04041958110812
1.23409656754062
1.50885210878019
2.04048857993282
2.34754172901265
2.44806189850546
2.45624958824685
2.43878873167898
2.27370807702045
1.69141447278128
1.06662960794721
1.33391072796444
2.41569280726821
2.28016982640575
1.62992154437837
1.3020169724646
1.27608533691966
1.50820525716445
1.26654286357246
1.00882145854961
1.09689172617107
1.24612923083197
1.38588520957946
1.58065149349624
1.03857622374812
1.69870632218519
2.27576107693634
2.39938707366043
1.23913927442209
1.73680131582293
1.6921341353722
1.91893680944105
1.61405598530983
2.48424669632203
2.47453483529233
2.43285639104935
2.48230912227458
2.48411836853804
2.44055160317501
2.26552275942824
1.27806480288727
1.87383377821258
1.43777195029295
1.59306160440164
2.26062364720336
1.90018377231198
2.39990088177653
2.47052107185831
2.44900610550299
1.91603195001122
2.18401558081217
2.02842023134402
1.91973944762595
2.32317998214056
1.54192647479356
2.43731453045737
2.19069366944549
2.0855118417829
1.70023765954727
2.25830213391878
1.70843706144689
1.96425342354398
1.97381357127229
1.90160068138459
1.72565609807279
1.95281160839407
1.62464931065599
1.71919828362741
1.73343698160688
1.43404425408871
2.19788976049165
2.0296729326759
1.89765449605285
2.10830227799691
2.18747070677406
2.20851176384574
2.32225501169168
1.79587125680067
2.19443153988802
1.85416844615232
1.82705571840427
2.29645633102392
1.74171013117697
2.29149504995594
1.99498164485201
1.48366356350619
1.46631306027536
1.76758148412544
1.6075553975566
1.7648960317077
2.10132120661677
2.01736191808252
2.33950224740234
1.69100702435303
1.52965681016587
2.00337433453162
1.41629245058394
1.92947074015471
1.76006432117944
1.89531986316275
1.55992903574314
1.89805853865815
1.93184587399663
1.91346140751032
2.1283384911857
1.94312509955807
1.92454270940984
1.8711032300879
1.51594300649518
1.97372958730978
1.52570259067976
1.93465023527268
2.1927379140831
2.04571861564869
1.33559298469435
1.66665203790301
2.33386340542707
2.07915480191738
1.92164486658329
1.67610907980651
2.35279620349453
2.10945234454019
2.00549674153338
1.44284869127082
1.79347376704025
1.59788096804366
1.90934051716531
1.89335937784593
1.94874141703424
2.28884032258358
2.11810983623455
1.57433290944153
1.98109088781397
1.81319542422112
1.53189883077745
1.56924908242419
1.23402883743082
2.18833024826501
1.77918425365275
1.59829963575294
1.50603228193854
1.08932040751178
1.43126575208958
1.03445827318533
1.56628750204341
1.0709046877864
1.44666067100608
1.46169184658023
1.25073712970479
2.4733305667153
2.49919719869025
2.46781303567075
2.4364374061594
1.57182733593316
1.57862023070373
1.94611689970977
2.13148588200568
1.9753713788477
2.35796218869082
2.2618903717873
2.49342141536037
2.45189230433937
2.37831629387899
2.46608917353617
2.44850370526588
2.18667761581752
2.36435659224088
2.23191892014269
2.46720761683896
1.31022891387696
1.01299664157191
1.10610429037858
1.61628846911049
2.19167641731072
2.26343049419551
2.15602233332657
1.87749346904751
2.30434534976075
1.85737584221435
2.4523313271658
1.79700936950135
1.11849721096942
1.18773403986872
2.37007131341704
2.29571438455479
2.21034719800947
2.1502573420699
1.49901265532708
1.50418718574387
1.58634435974705
1.24470068569299
1.74481735504634
2.14673107625513
1.57887667867481
1.75465363343998
2.40228283701222
1.59891072556538
2.17418229614138
1.69938627318987
1.78754256895012
1.8921369827117
1.87888676292406
1.95095822927836
1.78798709377629
2.26942400288126
1.81524055488099
1.70688459374266
1.9780154757159
2.22418465058756
2.23776149175088
2.12794716832043
2.05740256216052
2.12993664144383
1.50015834844711
2.43733296413467
2.38385006806556
2.30272727423387
2.06008263047307
1.36651367947154
1.60859077257391
1.32407157893381
1.61780943607618
1.78934337098944
1.29401896356295
1.80785376235309
2.06221746730852
2.3296888084205
2.25178052518667
2.23595897213819
1.56350088460775
1.67998734768489
2.20868031312919
1.46460078916456
1.59892644252855
1.15480600037329
1.46183638577779
1.46234743000836
2.03769523693177
2.10676366485081
2.11469763415514
1.64897634058118
2.20737260142429
2.18145108463663
2.06612444000703
1.76468091236427
1.65523458671209
1.73612159700462
1.79223245582029
1.42045289213811
1.58048270522356
1.65553976351859
1.5479139950888
1.2893126576325
1.69648884046566
2.15974417851986
1.93134967079936
1.45763483444178
2.14682865767628
2.09252656064954
2.22447689931701
1.80953983677474
1.56274316006662
1.9497351864843
1.52755598990455
2.12810518370175
2.19244259682105
1.50793176331136
2.01204816212549
2.15538103119528
1.41263964952731
1.32109669598202
1.85240656551059
2.04873817317873
1.37506877308561
2.02467492425539
2.14827675868859
2.21969799859613
1.7351747010329
1.96490910399852
1.63699887566717
1.19266938424787
1.54419926133644
1.77978387117556
1.68548942093719
1.97675361949216
1.59641078300689
1.30310788363097
1.67119314968392
1.87220509474983
1.96832190443105
1.65866345043108
1.35990959443795
1.35543986819171
1.99389373746378
1.49649021963584
1.40634362788722
1.66982536965733
1.73945154560224
1.94806647488945
1.70311492539142
2.03413650397955
1.84391401747537
1.21223162129768
1.32626289696371
2.10763755937259
2.13870919748969
1.65294288200183
1.78818807440211
1.69802107152616
1.83952526445613
1.36592796129742
1.72368769713997
2.28704758444479
1.54775531502621
1.47249741270896
2.38506952783681
2.35852895088937
2.10773186810764
1.46316838789999
1.57889368758295
1.63098649558511
2.00714395450286
1.40868405933899
1.88665953939949
1.17987865898375
1.10102630514311
1.59148216434881
1.86362689282386
1.7938162361047
1.16435883199763
1.80972849021879
2.01432392874492
2.26214916597435
1.6903865522587
1.9588585181442
1.8075972444722
1.48872614919016
2.39693947172964
2.23445813405019
1.9145744751975
1.69946409617416
1.57523480568474
1.75654082974991
2.06915608356637
2.3433751563229
1.41105947945291
2.33030318497814
1.80441561584371
1.2407696351329
1.07138807135306
1.17531231674557
1.24822218595248
1.91306712726478
1.80348973157949
1.6615521121122
2.16123364678695
1.09886450877132
2.13614393390405
1.39339220605441
2.1748212211189
1.68952744977827
1.44442072648084
1.49635430227988
1.87238494662624
2.10921497494618
2.07872614756232
1.55668004368344
1.54990254160704
1.9843144954351
2.13082259366988
1.64631403217389
1.96172720320939
2.3992491419598
1.99480796033622
2.11986928854894
1.96756121503398
2.34521161536445
2.12624235847155
1.92994165938303
2.26927951795969
1.47356057985261
2.02245385763835
1.07020042715638
1.61189855250885
1.42791004322078
1.92383455854076
2.35176223533685
2.48707711795857
2.46521193181453
2.47955664137876
2.48926128141145
2.48664999765211
2.454107280847
2.37022015871288
2.34911851194656
1.87035405468023
1.53371364097217
1.85672796514838
1.89828901592123
1.47030827757649
1.78865319940021
1.64581189444796
2.05274500357578
1.35521626691384
2.42171404172664
2.22112775934664
2.08452741166807
2.19249288790752
1.25444389404062
2.28270447552353
1.56787086148027
1.64806708907703
1.69006444168946
1.51108755258075
1.23170719693557
1.16763192243534
1.49866401316052
2.21612084039095
1.6577996324188
1.70934652964591
1.59874680389982
1.46068806652812
2.16130572744903
1.84636974533356
1.77584798439042
1.79969811758102
2.19448085296117
2.26377107948536
1.70226181131894
1.71085125334701
1.49245863292263
1.70994068741626
1.90193919428259
1.26076995027061
1.68088207616801
1.30499571973198
2.21165987296186
1.94841059882811
2.0790448651967
1.40270905650793
1.13969835224875
1.65592923690767
1.13399802507652
1.97745383459877
1.78236298089706
2.05698517651434
2.2965531399866
2.38148333877916
2.40144253326322
2.35193322450871
2.03118614844195
1.90436903340529
2.00766524302457
1.85927375017804
1.37227425848612
1.3219659436456
1.04670218931051
1.14399184271473
2.46278074322571
2.36428641180099
1.99443961583433
2.10975956888786
1.71180705257059
1.43775454128724
1.53697886300796
2.30691728991546
2.40778645350107
2.26416808700872
2.34046520759455
1.70748050955938
2.00104771526937
1.29765778500771
1.34413503738976
1.41047757254617
1.02656247344602
1.85056920277558
1.39993325129287
1.71626376519458
1.20028911002019
1.47931290993749
1.68006890500413
1.79884153477093
2.18399360891827
2.10579748659389
2.24107774286144
1.79995396597272
2.18385001505171
2.23632245883731
1.78384683755751
2.06946545199694
1.13301024571533
2.0232360326816
2.35457391574903
1.63311937694647
2.02850223360613
1.55914752132752
1.57720402490826
2.00065882139613
1.62287428351685
1.59548177670345
1.52324577515422
2.11484785914137
2.01495557997386
2.04996971472071
2.0758811750499
1.88378495249881
1.75204614153381
1.67276338031156
1.43908634518931
1.12552017571846
1.60028356695099
2.15452449333449
1.48012634987289
1.58273160782199
2.33541724421467
1.85072221292591
2.0605264207301
1.37431771779259
1.6628971336013
1.74035872880138
1.98785492743503
1.93046450177725
1.8784609844211
1.5428612970348
1.30695535171588
2.18500038542352
2.08167524382338
2.22184632011288
1.7897073248697
1.35651250494931
1.60162470048361
1.34668096433304
1.63869125690138
1.77163905175503
1.92620269085023
1.46055205749776
1.92743217462724
2.22213854024151
2.04309346044228
1.40787374722754
1.98258302244503
1.39328033648201
1.1906167888403
1.45076114942916
1.80654281903135
1.69548564505507
1.79842989177582
2.22070442597255
2.12651785707304
2.19269505418729
2.36039661617186
1.59447037937897
1.89990284175191
2.03147350882931
1.75465344605464
2.11947940370983
1.93687719755327
1.83454122742312
1.54872776757624
1.56680979263083
1.96480571732462
1.35384439024287
1.07217709124325
1.72272355843964
2.07077000506412
1.62513152689618
1.90344032354113
2.05591024073691
1.93478403029987
1.96794915447455
1.89753368943429
2.19890830701238
1.95899285921283
1.79956183214449
1.93557652051305
1.51851337204634
1.59513673406439
2.01476116215909
1.30407266553324
1.68017631163967
2.20911678347022
1.71453776213968
1.90329242491621
2.19907302547158
1.58127529022742
1.78636570760499
1.41551915302162
1.80097421990051
2.43278910514411
2.34360784307314
1.32757893810368
1.7794038045598
1.9890755794192
2.20830130657324
2.40886089622499
1.42286634269152
1.08661660623957
1.6527877630936
1.39380954020737
2.33953282605195
2.37019801151768
2.07276983333023
1.54102400645182
2.02398901159828
1.56919188473852
1.91372158202178
1.9768038283659
2.27711125866246
1.731064106276
2.0820582783071
2.01290211488457
1.56823712469965
2.05301076856011
2.04104363747689
1.3709571874469
2.23177005560473
2.12309691098282
1.52167999445619
2.09067692238891
2.31877262705185
2.35663863881558
1.80231820679636
1.09383971691223
1.41607526342119
1.72816822768323
1.36439925112517
1.57323945321748
2.33600626451021
1.99479759717145
2.04230328397483
1.54489764091967
1.88290041779108
2.25731586125212
1.82624127918369
1.72680143553805
2.22482828722711
2.02165197153092
1.89731686883851
1.7068785208653
2.12950594930119
2.14882864710359
2.15785052898756
1.63237548456161
2.02279520116541
2.38173177514033
1.32567552589257
2.19882265459338
2.20211420672117
1.87623711455736
2.38063645818875
2.27645308754538
2.01736927172815
1.90016715029034
1.67571701026612
1.77744478125055
2.07271431529013
2.43727265115295
2.16530004881984
1.9462875156264
2.02989819426563
1.46867104768255
2.15253928350144
1.45215219591787
1.89503427176785
1.90354106374515
1.8211133502026
1.79303062776863
2.1634365775179
2.36239412943315
1.89125448438
2.12371908010948
2.28821512066477
2.26969456622754
2.15246600931711
2.4198659221647
1.84009991574183
2.43788842348999
2.24830009484193
1.76417716588806
2.01662400994452
2.11738840186005
1.62518857441518
1.75806772964752
1.8072543149147
1.7736931028479
1.84134792422883
2.39780519528736
1.17012709133132
1.63333572180116
1.48555691963511
1.6904294677666
1.39371517936088
2.04116255687538
2.30053133805397
2.35802879132383
2.10642812239068
2.16219827868911
2.14469260590543
1.65213136922349
1.72448020601868
1.80644581762638
1.79270562892116
1.69938876624507
2.24966444965951
1.68252724596595
2.29364782383859
1.80766273346935
1.95296763820495
1.45032508078596
1.89250296704387
1.81036824113349
1.68173981829745
1.48328475271895
1.81135254981102
1.97828819511213
1.89488682017163
2.21622463505313
2.11488107710153
1.95226637322145
1.80838938516625
1.76410600592528
2.27955154918579
1.39756192355108
2.35530499772634
1.61526217016215
1.2670827542017
1.80860310185292
2.3025753445012
2.14266453945171
1.77777585047955
1.90217153128274
2.2243344098527
1.71997842588622
2.19372182694596
1.54248494088775
1.88555712103578
1.67364606937961
1.35244395899867
1.86948755369943
2.15669448527375
1.68543477217976
1.88270584628887
1.65904414870223
1.66059674780332
1.99720370522305
1.9823705973904
1.72568092390318
1.5482420320679
1.5684432656474
1.74917044130608
1.60445865958649
2.15188712292579
1.42255931767015
1.78743125775052
1.79956176670773
2.22541997698134
1.10496752594491
2.07075558516626
1.30428118535251
1.39757193563362
1.91676182339875
1.23209752253226
1.16855873421822
1.14090390787455
1.45230317296963
1.94833221162911
1.81976210118076
1.47409737018351
1.64099442909892
1.75341470670552
2.00428749346101
2.1506620597953
2.19686101136468
1.72631419549473
1.57588175303945
2.21545344727424
2.08105570369929
2.10056498336032
2.12729637868255
1.70448276559227
1.63662715860597
1.85032441806322
2.07389664634714
1.3905326428918
2.3672337604934
2.34515324213786
2.02410273586389
1.67752132937793
2.22776745929265
1.622919283973
2.07630340693375
2.24450980064766
2.00609008070083
2.23883780327703
1.34472281766205
1.85869007223892
1.80490901745026
2.19965020049087
2.39302138912191
2.24405555560198
2.20871456077374
1.67263792348258
1.82488083120602
2.202169620318
2.26205409802784
1.80080359848714
1.64604987673572
1.94519475443699
1.95098815572679
2.10646165397752
1.60964970091105
1.85003461344942
2.29154096983126
1.73232328487417
2.01491462477269
2.17587617691371
2.06551284094617
1.60797358303775
1.53593660452525
2.0804240111313
2.44067765199227
1.36363292050568
1.30218632625932
1.88695184730578
2.27639828539686
2.01264268008354
1.58602614943271
2.46496541401429
2.22810015227065
1.99260494816854
2.07560764532736
1.7223657886595
2.10725202648904
2.2925033799535
1.98946633129442
1.53264048432534
1.45982032232199
2.0533672278086
2.11899270434018
1.89295483288356
2.09827411270609
1.74174525520155
2.0693593490618
2.32560883914869
1.43603670609899
1.49545707727553
2.10364264475484
1.86030574389891
2.3070094677068
2.04753670231105
2.10106965167078
1.76691807678016
1.72251779503327
1.62438412863042
1.71944775135414
1.89674289504878
1.51325245392675
1.6750067951287
1.44576132301117
1.74897849241734
1.89425936434331
1.85990365552458
1.39517057403297
1.85122717301778
1.76274522289862
2.08615949537075
2.1411035454495
1.48084004868459
2.06672592669245
2.18939394821326
1.46969407558002
2.12531625322313
1.95130635912695
1.74534997334505
2.26013696593941
2.2065348461443
1.85713473341452
1.28598080958616
1.94538102096814
1.94883508764556
1.75310322762049
1.24664787536977
1.93606164867237
1.8123676730353
1.94762244666008
1.52138779073591
2.03607118430294
2.24428570652227
1.99112899621757
2.06048047172472
2.15900692401862
2.21192054852846
1.60244248929312
2.44146962797084
2.17196090000702
2.0361400600618
2.31915162813785
1.81959024162565
2.23693845737587
1.77260280939793
1.956122304026
1.30231565838908
1.8976170831643
2.3140807995621
1.99371305010037
2.07091483359385
1.74536360831169
2.18375124230177
2.27555594272487
2.21278014977186
1.51276785155753
2.26716665444526
2.39501084424726
2.01873934639465
2.0634217484576
1.62055274963055
1.94327546338397
2.18795215310129
2.27405321100954
2.26001285966303
2.01578102466865
2.29160758644813
1.99990488702772
2.26654629761875
2.40389505957281
2.20343205357034
1.94950973217588
2.19298582145574
1.92454992711168
1.12628085089589
1.1326117663074
1.87448561259744
1.96933568369755
1.64700498155081
2.3015446096338
2.1295307639058
1.89633170181743
1.91919602632687
2.132735491232
2.16181717010388
2.08060156433651
1.92228448542047
2.10755356608399
1.66108733716019
2.1435818944554
1.43519627743337
1.71487689547562
1.6233040916662
2.02637029185602
2.3652468385922
2.29763688132538
1.60711338521275
2.31703487978484
1.9533919994972
2.10729168749026
1.93630380669443
2.19179149131722
2.09013581103641
2.20440670736535
1.26417912630701
1.9767404650278
1.72684422878091
1.99331099371303
1.87602775884871
1.52984632393535
2.42648112800611
2.39670574823896
2.18390013642947
2.1601596335763
1.46313033924737
2.28359214415815
1.83205144293033
1.35766338571915
1.64717305397861
1.13828227237174
2.2139804473591
2.38024300424218
1.46948553530401
1.36983116932917
2.32969642440152
1.85494614888538
1.53546815140319
1.67393845367917
2.0254736481771
2.31547565052112
2.38819506638008
1.9870851675133
1.78212608856145
1.44812137279121
2.40661885957288
2.38042800872556
2.35631371079219
2.49517747115434
2.47208761015526
2.30022132994618
2.13006013994723
1.62974637196943
2.29934274305798
1.63079189484936
1.57271054865787
2.34880524632405
1.91127494479798
1.58725538247122
2.06444699655437
1.77883725974707
1.37779978888634
1.38552540413124
1.72056867004345
2.29734369205693
2.39803638358369
2.26833392481686
1.87110031413185
2.40863715817841
2.46126637001148
2.40133797648241
1.74246722952349
2.1007980429031
1.56568277162992
2.44037220676643
2.35350974902404
2.27291448794947
1.57585377933045
1.40412863276592
1.33273578885312
1.43051080865795
1.46757440195394
1.34102857360383
1.85040892856675
1.7722145645432
1.07117433190298
1.06594949871902
1.07406060110519
1.2239106849929
2.16459837481624
2.47031920292865
2.34829982882762
1.71775898656726
2.06225393752951
2.20479751256615
2.0688280250319
1.78372570131106
2.09784466501355
2.29198886614261
1.98350623540008
1.96827108104421
1.60976104345397
2.1117433951997
2.24392506712847
2.44686452216339
2.41522679547738
2.03844006940715
2.13668478695075
1.6681361792828
2.22032061406354
2.08843206416039
1.38083550596759
1.33524041764612
1.44417744880751
1.74416710633553
1.95105483355634
2.10872543634455
1.7998941113904
1.88034681342268
1.69630481879577
2.02496454700328
2.32230972410587
1.29690165842015
2.01661450657212
2.43530505451584
1.41127878072574
1.1589015887472
2.10782302747472
2.0229247092554
2.28737745041074
1.40016919762732
