1.2551
1.36510797357867
2.32687882248864
1.91505802838334
1.98480818764402
2.4699887045887
2.4961019879682
2.47993795325345
2.49191470792221
2.36446714531755
1.71509995531589
2.46226267483126
2.37694133518333
2.48414089273215
2.47666161404699
2.40926547247022
2.49732685034942
2.46074740735751
1.46668580978998
1.2937981029858
1.89495443035528
1.30271012889303
1.85415001372124
1.25591832719115
1.18446956465194
1.13426124372752
1.05166267440967
1.31694475262291
1.48864390421977
1.56628062797289
1.27545430381749
1.17568126451352
1.28137380615717
1.52576680248527
2.43576154613281
2.1759162739411
2.3421039365433
1.10432965455244
1.06570395884165
1.33522832946918
2.17208522586588
2.1587928072964
2.2022693363854
1.40265858771699
1.31757819293151
1.0528618032947
1.19233314511205
1.83234615272608
1.02432835026416
1.02189308370054
1.08686200717068
1.21879628726177
1.43341297311572
1.3344280181027
1.63856179532564
2.32534885541884
2.2050301628853
1.21387434703442
1.07648103638873
1.66991327651161
1.05841344544389
1.02551196036631
1.04429694069871
1.25713203590452
1.92477474155291
1.92216126250322
2.30879006952409
1.92229836040029
2.30170039483181
2.44666905206733
2.44661581182425
2.28262728933529
2.25663035976459
2.28883954848976
1.87978331699318
2.05425909108559
1.19842781291068
1.44170894282642
2.27403483432237
2.23562618675664
2.33759034101016
1.93915421081649
2.34660297259973
2.48576298243177
2.08239357482947
1.88183895956456
1.42716059931708
1.57754573154171
2.18740029775348
1.22649721669552
2.1448057714125
2.38496443280797
1.34734717471026
1.29541913044558
1.67233270854095
2.45531533913471
2.45910569649059
2.44344425786931
2.49706543507099
2.49870443616602
2.48056594858877
2.49374089445214
2.49102799068322
2.40212731901149
2.40541910154214
2.45252526259772
2.47991641197191
2.14501674392757
2.15408071048651
1.69973976786121
1.98200119215938
1.92683297420296
2.34280478227581
2.25613614201744
2.45026758358085
2.17783070972804
2.02589101451676
2.12323609059206
2.21936698158272
1.65067122285826
2.10593628276011
1.27406800407512
1.18774759025913
1.51781262988285
1.97799447318322
1.75432730474936
1.60495119392528
1.88774868774574
1.62909728079237
1.89103077679056
2.01244424565615
1.6776994415696
2.32585010793442
2.16432435712081
1.89918807988546
1.48915591228781
1.87431393195554
2.04265108455599
1.83466895996911
2.02520124384272
2.02167858375841
1.88675672915046
1.6877421250657
1.88809454662149
1.76179306348439
1.99758942570556
2.05130037930933
1.75304069513035
2.24514326160396
2.35384914913705
2.23160908310668
1.61531253412448
2.09735191650777
1.65288938246475
1.88545718988289
1.59138332298949
1.55610030331834
1.34072109278845
1.58123678234101
1.48397432897887
1.57466773107553
2.25275250185659
1.33671924536242
2.26257847116077
2.17047839838918
2.17818136437182
2.37538385994284
2.11500847512708
2.43435177124418
2.4873523686284
2.47854252924347
2.47309689242944
2.41979514066324
1.88329903954912
1.70515340325753
2.27851768601009
2.09089877323805
1.96562807956051
2.09997289966583
2.20088533946868
2.32953545477236
2.27965171285453
1.87823049379115
2.07814037309205
2.10369565783244
1.91611027640097
1.95689754630891
2.28330597479551
1.29493734032141
1.9825253258248
2.38114371742387
1.91731517033662
1.55885134053961
1.85568328294627
1.71460721040542
2.097432054662
1.95478058374804
1.98774786065053
1.96292106099218
1.5460016244801
1.72940235026682
2.029190520376
1.17752040313896
1.32961838039787
1.59889124255498
1.70574590889965
2.37150849472992
2.38422856582823
1.94233794235186
2.252557485326
1.63583584169683
2.14259781868364
2.37726420126122
2.16657065996969
2.11478458312085
2.39918128522867
2.25735019419246
1.94648429472269
1.77565741455814
2.0914052223947
2.13609895774775
2.31092590337137
2.21723468391987
1.8414489408756
1.97740710605015
2.15483947557871
2.06580333339486
2.29775355427742
2.17297572079765
1.70683840795742
1.73077848101271
1.92676515890226
2.03807888915489
1.94464669096505
1.93034319813557
1.91955089622589
1.84071196061931
2.00835509767641
1.86731470821159
2.0250538572226
1.97000813588705
1.73378547111706
2.23657635573385
1.92980392818619
1.83959298530851
2.00004382217766
1.80421192202194
2.00671235589839
1.93187688147916
1.80709309598509
1.88436142556989
1.97360199789077
1.66902116362833
1.57479615319692
1.43909305405956
1.84551453104814
2.08850119711434
2.31825994989604
2.02960391133816
2.3820259671036
1.8656865943643
1.81395573621484
1.81946149116678
1.86166134384661
2.03819731338323
2.07151726156441
2.3400590394437
2.10843527930758
2.00468996664447
2.01675818045957
2.40095763159248
2.22611313517632
2.43220972818272
1.98526542619154
2.11407104162053
2.30303009750244
1.6370205909
2.25109516875311
1.34505110763004
1.03769096118602
1.56206850837384
1.26822391538741
1.20473117402467
1.88755837313229
1.85384335427026
2.10605750256716
1.63878110305598
2.19091646169723
2.08032730754348
2.10002978968376
2.36794017033875
2.36220684740813
1.9243563440617
1.9674273719936
2.3430551605899
1.76766978978719
1.81946807951691
2.15394962903131
1.61435643245114
2.28910881686162
2.30413857503191
1.28073780697953
1.76569514867916
2.19805129362985
2.1391008538335
1.99220207565824
2.10834707841832
2.09293396798489
2.32376715483375
2.06155136584157
1.82624688276021
1.65284200564226
2.18523483521044
2.18573985467652
1.92496190681363
2.02992947233103
2.25980061971975
2.07833956850191
1.48447273952136
2.08208806289016
1.86741378752169
1.9442023343405
2.22407728886986
1.89594766460098
1.4419664846399
1.92851449450168
2.1735027421143
1.671498384463
2.21647907522188
1.53503307383674
1.7447129998426
1.83109652003412
1.56450371205578
1.97503227582027
1.97596454834708
2.10418654262761
1.9156730593934
2.10449856312302
2.29218517866369
2.17125007074128
2.03920982438672
1.63588916490011
1.93526478843779
1.88189493854203
1.96134071214468
1.51915520289024
1.85814636071111
2.16198909072207
1.89670026265516
1.80186672433057
2.05038152081035
2.25321579994551
1.73234747464252
1.82481224952255
2.377455005189
2.4494325401337
2.28862652673745
2.32559393427873
2.03536218828708
2.03939835939579
1.67353297650856
1.46332451107406
2.31741756518098
2.18982490466769
1.92301344601905
1.8995280682008
2.25469668201235
2.34765055138901
2.44722588703168
2.46800392396134
2.02154478923345
2.33847716264581
2.10461213980736
1.42318492887957
1.70749426689654
1.68348286485356
1.6119946113375
2.40084378721637
2.15402188211147
2.29084465696822
2.16996243571092
1.44447020190072
1.91881757737042
1.25896112654057
2.21742262939127
1.64841913873869
1.70674035696705
1.87572005237576
2.30916114684283
2.04934893089268
1.60820409140509
1.867880532721
1.90941276191809
1.73227209144419
2.16495607178781
2.2484105867702
2.13233833357407
2.23407582986335
1.90285289950121
2.29111441324422
1.78600699289021
2.2848212039204
2.00467748082774
2.17310057243715
2.22545445467811
2.03462268258503
2.04576495600518
1.97047997370317
1.39347489663565
1.87725558707438
1.74487718861992
1.66887069816865
1.83471452513649
1.9327949494152
2.28986011330172
2.3033043225693
2.13861889042408
2.15852956189413
2.21335372644984
1.07380646118593
1.81524493066177
2.3594760409598
1.44949456840713
1.25748963497542
1.34648502840582
1.85238090331846
1.76135180483252
2.12075114110563
2.06224072251614
1.95349570091378
1.89112808908254
2.10829076298911
1.83822188350967
1.49837350281444
2.26416843584908
1.78640909708323
2.05377889396167
2.29898566062832
2.34305420193074
2.32948746668437
1.9901391668904
1.87683484818768
2.13776406924537
2.2366513435504
2.07390362013136
1.8547757103166
2.27089169985487
2.08480212546199
1.77551814875828
1.94535630854735
1.81125859918307
2.16446122630618
1.68040122362241
2.34839005404735
2.06100109842232
1.96580103354479
1.80766681730358
1.67036020259582
2.22526095077737
1.96959327587958
1.95385659469737
1.97417831103295
2.0079366777122
2.4002726081279
2.26094510123544
2.2369685526865
2.09247701190421
1.91181151142561
2.24383128453869
2.06535520608324
1.88092506405448
2.01763791980138
1.90721245256428
2.24863055941169
1.71964330749687
1.63684900885361
2.25401721366583
2.13373556728027
1.79270235663621
1.72151522739154
1.94117790052884
2.16748135096902
1.52199558242221
2.13278371877234
1.88682520984471
2.09345574561283
1.88164975734791
2.18859637367257
2.02772958472177
2.05522887329824
1.62160706684252
1.72645790715877
1.65317048006021
2.29303765978032
2.02835953215448
2.18288662984538
1.83849929794957
1.91436004103593
1.46322202400233
2.18144723334085
1.84475942714142
1.70014983810687
2.15093119630244
1.86639916199348
1.66146312037669
1.87172007875982
1.62857642576728
2.00242632942151
2.33822967124612
1.60333973709089
1.92470725936561
1.67938237448513
1.52553007603659
1.71562430091882
2.07398101632051
1.95038946447292
2.15190179787975
1.89417145989242
1.97547521291888
1.65124879384672
1.59271404011847
2.15767981827654
2.35909837054259
2.25161944310625
2.41214741183656
2.27944201514003
1.81822712709674
1.96663639519668
2.05802320717923
2.0420514102502
1.62766722525386
1.96318810059216
2.08134136369508
1.98091613443888
1.9589781303686
2.04087632310501
2.36056471385934
1.77524546025411
2.21400564555984
1.89556074852504
2.2475239270875
1.90269486931989
1.33890059224999
1.42349534510933
1.58820502787021
2.22255688146182
1.5356270737122
2.23179745393101
1.41753422438366
1.96236907751799
1.55918769782075
1.91829094592334
1.74124406653713
2.38144567466732
2.22412460145291
2.00345242320906
1.8151328766529
1.50327207204721
2.06946780399091
1.78898534006918
1.65027029016829
2.1190278038674
1.95028677536818
1.8145031485696
1.97458832262186
2.09967816856053
1.86310351381179
1.76681582728512
1.67064745474253
2.32221294091845
2.06156494368082
1.9005809813707
1.91622272793005
2.27519399334248
1.55650453578285
1.44968024523254
1.7469172233935
1.92974632152173
2.00711574256293
2.05671946897337
2.24844117898347
2.30196583075784
2.18352565650237
2.07742185027626
2.18345770719912
1.67392216797289
2.23691440764014
2.19324326137349
1.94182843021973
2.01198028302368
2.27073294014198
1.81385597835099
1.78324897016948
1.77148599030725
1.83188679256797
2.05810398437966
2.07927796518374
2.05538321594913
1.70668772830256
2.02088510737675
2.14815550916667
1.95182596288093
1.19406996164561
1.8900656965331
1.28437703356716
1.27138403079041
1.22712076810651
2.00526442881363
1.46063035664309
1.05249413574459
1.8922502640035
2.35878561495425
2.19555712096096
2.23572142627821
2.13923013224338
1.79969608497453
2.31621198752863
2.05287751148729
2.39375084925223
1.9644654469914
2.35179172770691
1.32166432568348
1.24672311800705
1.33453587200171
2.10555183153211
2.10319370868193
2.20311814223172
2.21861219529115
2.2263095527792
1.41187862113128
2.16312189765029
1.79495940342289
2.03955586117209
1.20750750280569
2.0964142259575
2.47620581769622
2.13081056941986
2.40803134287912
2.42409469469406
2.30778686444283
1.8311832292314
1.27067221425535
1.55488592280375
2.35409120225333
2.19882321848827
2.00851751180709
2.24051838695429
2.28367846536533
2.28611479935441
2.11305681433908
1.09223481911113
1.01303169792941
1.07215428419531
1.18001559721473
1.16207064615989
1.19552758992756
1.0644742150504
1.82151958679908
1.6895664019901
1.67946057955456
1.83094839024575
1.83015518318413
2.07779307892646
1.59878714831155
2.1430816463835
2.45870905756404
2.49443081499641
2.43086648144064
2.48981846038286
2.49750990274522
2.49924557659614
2.49983880055427
2.48374716960722
1.37328834516689
2.37589894073223
1.70862483698714
1.39275989312965
1.55965179059057
1.43334074329815
1.22004317656686
2.17149947118373
2.45796755870245
2.47736424127578
2.47973912403515
2.49319163596438
2.49887246166305
2.49573588460738
2.31824685388871
1.98641130486537
1.33674757342357
2.18326345017197
1.62008081216608
1.80610636040062
1.24957436293259
2.02204008746242
2.34830423095031
2.35096128997277
2.30077773439619
2.28643121057939
2.33523912724026
2.38277023918238
1.14493260935099
1.1960301791749
1.82133461243305
2.39793420253147
2.33612545570918
1.36458034090144
1.08105652911331
1.20545852089828
1.9990045380694
1.75144646351728
1.58671362292689
2.17932174721228
2.21707470904937
2.32659931954973
1.94885443864552
1.88716771913959
2.13212233558259
2.27970971487673
1.92233405425294
1.75371878451912
2.24619544388232
1.95644803227366
2.28223881924142
1.35555060536856
2.00834235969652
1.79684431409459
1.52397287259234
1.23352153777066
2.09445265756279
2.05769426003839
2.38770142980804
1.93466517447342
1.72966561733751
1.80695024076942
1.25867472867953
1.73648838188977
1.77516150933769
1.75027378605909
2.01066148211498
1.61755195478941
1.82238016651194
2.02214653425443
1.97531184660487
1.990059463731
2.00992602073184
2.01357901748218
1.41373363410966
1.71731100239857
1.94320218171183
1.88214214524999
1.79530637530174
1.5795081891973
2.23598433478498
2.35545142643455
1.66057614006086
1.72241314379552
1.86596981057689
2.15522335152488
1.96297991944913
1.25515021270699
1.78629866013322
1.70078315726212
2.13049501504787
2.31494145868782
2.00174730296045
1.9720322530753
1.81033893972467
1.48132623933931
2.18876550449375
2.38004458445944
2.29443370972231
2.01312406485061
1.5538333052322
1.49376003696645
1.25664694383424
1.17258605117671
1.353450343153
1.27152168408496
1.70247674181822
1.88982805332461
1.64660788763285
2.12058443254765
2.37232056482551
2.06502791151288
2.35208959885965
1.99482143097213
1.56747543693526
2.06356246794653
1.97869409853448
1.41765102561603
2.2599091355365
1.52623339284781
2.43279009054227
2.12505057667346
1.96736224115469
2.00081476914721
2.35814082036902
1.49785007797862
2.05608823249584
1.77531462737642
2.14410243730869
2.09227330748701
1.9149253303751
1.72058047434008
1.96809317900214
2.21473112058367
1.44069143768349
2.23898996359457
1.80188847460056
2.23227022705728
1.98278437934319
1.86358608313894
2.31415769523381
1.90146199242582
2.01557633847071
1.5470444638812
2.2878385941385
2.13745841168003
1.95273407583141
1.78882390377671
2.15234033314972
2.21697356085329
2.24490351661693
1.60144293095089
2.27909299862504
2.40646240856606
1.88302545362583
2.13502501266093
1.79919300678919
1.96150016583968
2.30758690849959
2.13738321462036
2.29124807449466
2.39600272855332
2.27409314176154
2.26598606583809
2.25079639670884
2.49338835870408
2.37899199716825
1.66849469202956
1.88574727866691
1.28215215630425
1.25823007647862
1.51813244495058
1.63158572802225
2.05412536030896
1.48174343381726
1.68816089952641
1.54692632503102
1.88695003316115
2.01239508967095
2.1443966667689
2.47227024491942
2.03282787469746
1.34290935207179
1.78866335474885
1.15394756730215
2.03720497203856
1.84179495113124
2.03122580549942
1.94419226275459
2.35612002726531
2.14168310032964
1.967515604356
2.13601766195576
1.72894854734244
2.03348426901213
2.02066873253783
1.56656536515121
1.92888426037007
1.80501598029819
1.1763637405423
1.85152955433108
2.26841852819628
2.03430955257961
1.30721801687652
1.87736018800934
2.03915107786184
2.12624110055361
1.57875186463607
1.66706924283564
1.57537849432763
1.93667948270962
1.5582257236859
1.36012317610474
1.94178204039905
1.84817341555421
1.84901317502117
1.57119393933145
2.35897876642797
1.71076337738206
2.46053522049229
2.27237311894895
2.29553625049567
1.55624495556178
2.1494656975145
2.3216439632168
1.49343966906606
1.98071577516816
1.94033246195703
2.12691965711596
1.67478774127877
2.35472998289413
1.78339099895873
1.67868542874584
2.24785362166079
1.85655709906736
2.01546902297168
2.13667874047053
2.41373823151897
1.906657262992
1.85744968906042
1.40667834795581
1.69859368389171
1.33839101059954
1.94484720795457
2.13878110150808
2.04121979153309
1.86978871091883
1.86021492533954
1.75574392442911
2.38166340228279
2.06518183079448
2.07860097419818
2.04202657711272
1.53036408193134
2.34150737396333
2.37201857497551
1.80101479968021
1.93092201868883
1.27631444014949
2.18340391271736
1.86412829852275
2.26091961707597
1.57129550320788
1.20845606518953
2.08902698273381
1.83237231813924
1.64148484827089
1.91496422431768
2.14584121284394
1.74117843666193
2.0703525568093
2.25429362172648
1.70690345983542
2.27498201149175
2.06089186356757
2.23683159214294
2.27600965842319
1.78849362917597
2.33657221108318
2.29265929886648
2.24922495360696
2.41129367422313
1.97843768170069
2.28595487897476
2.2414017587448
1.81120646403568
1.87735355949497
2.07271117373649
2.04639577511648
1.82912406267928
2.27308838918812
2.05984943967468
1.69862980526883
1.81613760266407
1.58118948690804
1.71856068861198
1.44892798293642
2.24064351875153
1.7028607744781
1.75443264000578
1.73800140265038
2.45753920937345
2.12440900778348
2.01098709095164
1.7572393435883
2.11537915823114
2.36131296077672
2.33252437620128
2.37940512779761
2.48404683811389
2.42129980772604
2.31346793318543
1.34721067614445
2.08187644711852
2.256631010129
2.31595105110389
2.30855868776667
2.0058637969709
1.02283385683802
1.02041064864991
1.12302104837844
1.02908930582796
1.07124389645703
2.47049366850525
2.47573311693728
2.06042151789179
2.30541219969487
2.24781673688369
1.41863684027484
1.05160421226953
2.26782398421235
2.37121431049967
2.4973616286382
2.49842634983551
2.49243483731635
2.37022455675461
2.39466229219598
2.12257377095564
1.62945964467915
1.58144091251662
2.09751857429304
2.20467837865224
1.58687210696857
1.638023732421
2.31578106058429
1.06639048330228
1.76112984738555
1.36860882560263
1.9633000651264
1.65787748409264
2.03547452561828
2.39912494072293
1.72179853039331
2.00229143046392
1.86151880906426
1.26358401212879
2.25294031239868
1.65056544068603
2.23767708346264
2.4123009527316
2.46671206458001
1.95737247727822
2.38657336582941
2.23082755442286
1.46552574924694
1.74835058739439
1.12519762692762
1.4354993424343
1.11030991265731
2.10567186220805
2.46335300821575
2.37190206271579
1.8454015423493
1.67368810132205
2.36129833297453
2.11390387342382
2.05812875257523
2.11033298325284
1.63551675778006
1.93369372060293
1.84939266933514
2.1994434743619
1.9061809513381
2.3283315300309
2.26365038832652
2.24606221344163
1.61643215177895
1.80471712053412
2.12015809681277
2.19265595877215
1.4167060545839
2.45512907251607
1.77381900991457
1.8764753179685
2.36477426893071
2.03412929306674
1.62577610907218
1.73233134836047
1.65834172559914
1.88850677022592
1.81813386532306
2.24880631026382
1.93956675050056
1.16317481058727
1.87439431908751
1.9030167439475
1.4175019737973
1.85823099027552
1.23252911599149
1.98068703363337
1.85678250044686
1.5168342500466
1.64727760546842
1.98168964057507
2.45144900531108
2.48209279463476
2.1665711666362
2.43058128097287
1.73920448067062
2.13414365614408
1.4345433232792
1.37375409975784
2.12076192260791
2.28946949749583
1.84458111862523
2.20446109249418
1.38676476656656
2.10756002305183
2.29071940685815
2.04189838378284
1.68335538497652
2.20529754579072
2.32770643093373
1.89778567606802
1.63294325668383
1.58417330909472
2.31070805063649
2.47335366021422
1.48819868845879
1.85417011037159
1.89619741710839
1.84763967529373
1.90978733262675
2.29036606750246
1.82588934552641
1.41185368188511
1.93271640840967
2.23645384728533
1.47259677105466
1.30956315662587
2.17066257020975
1.5610822445252
1.69202057501633
2.36239825972913
1.81910905366883
1.9524931603749
1.78958931462815
1.64758714640771
2.36343346946491
1.72105433829412
2.21468690530654
1.81587567379589
1.93886880058652
2.42056190784209
2.43489447871574
2.19309699017619
2.43636704079727
2.49428887973421
2.15311510808767
2.25223108846176
2.4427619294957
1.2409113027257
1.36764906666051
2.24362383788858
1.26743803861745
1.33502963593913
1.12043988814929
1.85671584788493
2.23778169405454
2.33327576120556
1.79170054464124
2.06410620148655
2.04092535300291
1.65833373276103
1.60901122146255
1.57644800662304
2.23013512560274
2.03870021936519
2.22974349053706
1.55277302381347
2.24274408176088
2.36888153291646
2.05294541291833
2.07995108264088
2.42280330871452
2.11057721962264
1.40370692649158
1.59499354534466
2.25224337646085
1.41060683396554
2.05741408643808
1.89966932431346
2.0486142349152
1.72181661167072
1.77407713125311
1.70993480985664
2.2413014073537
1.66619067753861
2.27471164986425
1.81044179363408
1.82414892165797
2.07852348495853
1.50130674116318
2.2396880640442
1.89216051624332
2.03785176333676
2.38799407934112
2.37488259298876
2.30497131990368
2.43114777079415
2.13942588240028
1.29383014949557
1.81603473054344
2.14450231585899
2.15738141615607
2.35277296352823
1.85522787488778
2.24523362144279
1.63023855693121
2.04995969575376
1.97874552931035
1.69203992214447
2.31823203376869
1.06726797703156
2.1423157577549
2.05670098226736
1.53029044891068
1.6490945931782
2.44528305666172
2.4663532305879
2.4133530865173
2.39659280575193
1.59351682156704
1.74120449910637
2.11905290159714
1.87711307762569
1.94499568501569
1.74172602700783
1.95852726787686
1.9062100045279
1.9836202088175
2.2492280853133
2.22160524129452
1.99073531868271
2.35371468301255
1.72398837942966
1.48307214910014
1.47865896581785
2.35575177166419
2.37412035225427
1.87472234254015
1.63612699664514
2.16406040142147
1.95435942015476
1.69312616991466
1.1211584802239
2.30756936409252
1.92046593101534
1.98043138666757
1.73832772633552
1.69315726471151
1.60863730083836
2.30138203767895
1.61492341276282
2.40148034354989
2.31868681525647
1.56435853254783
2.05169226922384
2.1161429309639
1.79793229914988
2.34275624135367
1.97264560549047
2.10230721361391
1.84112796473085
1.65862052542859
2.22748594647233
2.07313993688508
2.25537035980727
1.80720969858326
1.41547409009218
1.81022493699808
1.85324653939301
1.58869057438665
1.72065056817506
2.3381859053686
1.94403829878923
2.0023959815669
1.69600856080273
1.38448606132092
1.51682635708942
1.9930183094065
2.34692430104801
1.69245474899283
1.4263742336772
2.0306887695699
2.00896775325725
1.62326133461129
1.99958618038707
1.24828349130451
1.26621494786146
1.45543270528371
2.13733042712769
2.35508333684743
1.32888684427026
2.0881119274303
2.21067776918312
2.12375962977078
1.85344802115154
1.93234157744039
2.37556723628816
1.68677884119318
2.126966812682
1.87704079295761
2.30212236312758
2.2588484691136
2.18784016453033
2.21284123966017
2.19867780208925
2.36991866768841
2.46714578106687
2.31897410219707
1.37710152989014
1.33028164618923
1.55568475635339
1.46424500271448
2.09450169493799
1.87719072261739
1.86611906662197
1.05482401473649
2.24461154953146
2.437610397821
2.40677579343211
1.80049541659486
2.07068892395852
2.33341387219449
2.07369064384931
2.4455109092309
2.43486808044497
2.0539379391127
2.13697012221027
2.00137881608798
2.28950696872482
1.91444793235772
2.40577880470075
1.41101469153738
1.4628708476162
1.66860836082069
2.08765770551184
1.76375804698749
1.87509544891303
1.79818104265724
1.61054095356405
2.32262642569678
2.03412105562151
1.86966510646816
1.49093973800674
1.5451946150064
2.08101017437558
2.25810061991146
2.41884870601256
1.58053598059973
1.28763055653229
1.67746135114587
1.37611391035376
1.3475490495632
1.90996395648168
2.24337335245141
2.47476213422725
2.44121371780815
2.31166802330412
1.86336190762419
2.25733704554055
1.96980371764793
2.45208753525956
2.19902512869745
1.30237213259096
1.67107566897874
2.18112758252855
2.39825917600549
2.2786903229011
1.55195627641518
1.53841054904798
1.57786177562404
1.48943564672309
1.5839637908987
2.43342004645555
2.16528570845799
2.2314165003516
2.41049013018581
2.41539414265163
2.11888241218524
1.3547388770879
2.33623661040539
1.88226651916755
1.20412013064194
1.22797275651758
1.83408340500314
2.02096385201807
1.83108372569673
2.40648075557341
1.83553412541688
2.19709423778759
1.63934631127178
1.65447493426755
1.97143753074508
2.14288050786813
2.14847001818594
1.96362505324795
1.68464337835411
1.49360986301511
2.36603961983466
1.27962707455961
2.39845065344456
2.49100020386058
2.4291414225369
2.460169352241
2.3639299371208
2.29237849792918
2.14376353304131
2.29733264238138
1.77543097564877
1.68287368155133
2.13139778509115
2.09633193371569
1.91379923131824
2.12651401137925
1.63911037404426
1.31624977780831
1.91479843767229
2.17963234496057
2.1607690542162
1.60187118965831
1.43213299226844
1.91428148666729
1.95456121088924
1.96816564071523
1.84440840210661
1.19764200389606
1.90984702421145
2.22135604286433
2.42971137125747
1.76994725355209
2.35914783169755
2.32073939397496
1.93553440480338
2.4119300394974
1.92684931670776
1.97986381908107
1.99812828417425
2.02979177967488
2.27075965963043
2.047222215754
1.96923905245474
2.22867684728244
2.30846122797273
2.37098004589309
2.08255926052414
2.29275013842366
1.95517716050763
1.46356061310473
2.32324450781225
2.32395780366686
2.24083945278228
1.82356235545692
1.70641840789589
1.162747251682
1.37137036245902
2.21614285999089
2.20063547842202
1.83329174686443
2.38313375926975
2.04860511350542
2.4811409575836
2.464325264001
2.3503883193902
1.81651103355447
1.77660244191728
2.23977371996337
2.01938090154073
2.28157303981129
1.83474181703875
1.88451801202177
2.34166051315775
2.44325292930335
2.28864036668099
2.33088380564074
2.03957254361174
2.40886512503319
1.91858549307157
2.15681902696739
1.61568549388808
1.71365225876384
1.93621747313088
1.9058127544661
2.02256053819464
2.2540525960129
2.12986131315323
1.60954241901331
1.75223555815321
2.1514953059685
1.93743203471087
2.13991873920192
2.16257874818573
2.22033231262635
1.92829108146378
2.29193388727702
2.35104150559575
2.26170974930355
2.24664728541248
2.05057653369771
2.44150233033172
1.83582312124
1.91111162727862
2.36521417119894
1.71138086608928
2.30857368930013
1.72434283838425
2.24753145957409
2.11790139282375
1.91700729761387
1.79803210794555
2.04054863004663
1.57310772492537
1.87212172306046
1.62867667952056
1.3819949389251
1.87300819218893
1.49875486430897
1.89609750115216
1.78860102799539
2.26053805153533
1.86753816793296
1.55240457401395
1.88768114481344
2.22064297420709
1.44295148076867
2.07885985135088
1.76769602509904
1.94659391256414
2.22242793247373
1.41834645853031
1.15234213131983
2.16156420805687
2.17840357693833
2.42675015715944
2.31867796719288
2.44606845925286
1.96939740294074
1.63873618076991
1.70864716685376
1.24593776266324
1.87923085270997
1.84912412720101
1.69598608182686
2.01646706745301
1.46123037330539
2.32460557912745
2.30082676342485
2.4076741451985
1.80989361142313
1.26420733455961
1.41397296433292
1.41609816936029
2.07022286828448
1.95083634307444
2.37195691187741
2.18040830311833
2.31515547288127
1.42816042623291
1.37233109733767
1.88396973103187
1.64898191025207
1.53123788320101
1.87000220546815
1.77045133799556
1.9281119629468
1.59295527562105
2.05299898534479
1.95849062510914
1.94083261654647
1.55716646219972
2.18375894289639
2.24026294889816
1.7901347768028
2.14738474079291
1.56212699407468
2.02078048475745
1.43668093502669
1.87846396286204
2.18549895679418
1.32436692297997
2.06466745049915
2.31109815605534
2.18346984936435
1.63874005875304
1.86624804980786
1.64816817025387
1.94883144285313
2.18968442305843
1.86262130891162
2.25796227611817
2.2097215779346
2.24563210755142
2.05595648143324
1.93033750852261
1.7308303160763
1.83826345213187
2.30911993416667
1.60862045759414
2.24146239113698
2.33258275881525
2.31365007956843
2.20934409018397
2.40270674934873
2.19042039911719
2.21144620069718
2.3124684744106
2.15141987350796
2.10861165994252
1.9253531677169
2.22161727772007
1.23930685632353
2.3835303713529
2.19676636925568
1.21888935831293
2.12235979324757
1.95695002884006
2.19839763035625
1.8901646684852
1.93596278226461
2.09330047610012
1.73244335078482
1.85704035048264
1.95448697910869
1.13462209834034
1.56142811257253
1.5304326020673
1.42936156493327
1.83716434865642
1.82239691828865
1.98556971012076
1.50076886386144
1.89944245585891
2.20475002446979
1.59337657313683
2.17571300567951
1.71204864334298
1.11873488478261
1.7404049418818
2.3516109677489
2.45637160081822
2.23395284190266
1.31527584203656
1.72279198566373
1.57348177662728
1.85357698079231
1.71677495426845
2.09403381480467
2.40461524693349
2.21746417841773
2.35768998778586
2.32899044159959
1.8440018724322
2.23284624907691
1.40125735485789
1.03485018769956
1.02662372241088
1.10095051503301
1.20982521073513
1.3448662001777
1.4803315436254
1.83255506712399
1.186697449014
1.42246758955493
2.10080882416716
1.63636891628919
2.3346240732718
1.98593619964725
2.08625052954074
2.16448318097457
2.29518086411999
1.97500447720765
1.81515582908644
1.25814663884134
2.09480240953783
2.29965023282514
2.33534167724404
2.05140035881856
2.31749814735706
1.72431646195537
1.90804989700982
1.78676623958971
1.22832963412405
1.83951699996517
2.16921471959572
1.76426165412267
1.95731102138932
1.68894049660882
1.95466003233572
1.76904515875083
1.62825531265237
2.18811938281933
1.43988243150889
2.12982422588473
2.27321840468788
2.03628489902575
2.46509115508704
1.71830346542482
1.75228877689901
2.34004360173387
2.25182553766375
2.04993046781415
1.89088189754725
2.34685761589022
1.73942052382507
1.94288483367592
1.6925989368349
1.1184672197925
1.31610145983125
2.31196894320986
1.88056969549194
1.64024185135177
2.4630560448009
2.30038239619964
2.32406436366863
2.04269910998294
2.22969898319599
1.5956794965713
1.78998690667938
1.37107237908924
1.85227181676313
1.66132700847276
1.5726652168872
1.24267094550811
1.80043578261207
2.00905843291563
1.18723923991115
1.99024151150212
1.9976939098842
2.4598644644717
2.19110191281567
1.99939916650738
1.26003235328593
1.27377521616784
1.47274965551749
1.31541433793696
1.94052282603748
1.43706585954249
1.44123680659574
2.45783822584221
1.16866656840697
1.89110498135144
2.26542065811683
2.0536208701678
2.31635941334275
2.04152636128805
2.35663531854667
2.46703515557528
2.38756224158022
2.17363841194734
1.98834674697886
2.40051654555884
2.40281234146459
2.06294236370607
1.77548650877553
2.25694939950992
1.92563670316049
1.60378444531364
1.75405548978522
2.04293949058471
2.16689458234923
1.70867792785324
1.57685535743192
1.1816291416757
1.09113023845017
1.74538378493973
2.3908462360014
2.34501870964304
1.67950678896529
2.17227271642617
1.58050182797646
1.71840894123948
1.34253363616165
1.60908453472486
1.68528614360134
2.20770520951968
1.7787908743053
2.45362835650789
1.99238806793163
2.17024204126119
1.75820760743492
1.65384740508581
1.18088426864305
1.43113194126285
2.07098672271886
2.26392160857656
1.12264871902832
1.30003669052941
1.92285531756434
2.43450945833153
1.47677535268012
2.4274233843792
2.3152816507939
2.30759773601459
2.29781504299905
2.06967364639337
2.13091684998046
2.42771080459371
1.27434249581868
1.76766346610482
2.16021923832217
2.33527850630957
1.52242340721307
1.82854747018237
2.21868445801643
2.2357044286101
2.00404541901758
2.19024504307926
2.27147763829652
2.44150082708626
1.49737021736054
1.27036429693691
2.27864377931518
1.76992454107441
2.37071826861828
1.97271624722455
1.94191818557688
1.22827249694093
2.44796014804293
2.06145654795931
1.60107304322598
1.72226125906266
1.62981029110945
2.46851913127902
1.43209541751608
2.11672984073119
2.09933586956562
2.01248990490125
1.69956807729933
2.20757351938738
2.01730571967715
1.3231393069143
2.31602646900068
2.19393573216298
2.18432783256386
2.30231411658625
2.48228600993371
2.31658940507403
1.3916027815399
2.30181089917182
1.91511372944004
1.83018307110761
2.21541091109756
2.37387021908463
2.4485800355564
1.25673424146017
2.0957818977829
2.16281547061615
2.2448926775508
2.00029198186003
1.96715479669157
2.02970902651948
1.58685258312207
1.73221384093882
1.20923640421999
1.08482550980751
1.35864461954647
1.95288782781834
2.06234134628729
1.7634690895834
1.92982745479596
1.09277529155836
1.08279994216833
1.2480598065391
1.95066905374116
1.8976717451186
1.24642043180139
1.61602277493641
2.32549804300914
1.45382894050691
2.21279432861826
2.33506546890771
2.01997778688577
2.25946688347329
1.64426314704461
1.72096080754706
1.83820905550668
2.33645154410946
1.73851994998195
2.31886414207953
2.19354187959672
2.40990987514785
2.3990369480769
1.9100775356807
2.23073240756271
2.00469039843155
2.18769949897204
1.26263128780121
1.73010256437395
2.14941650882388
2.08870725326402
2.02165779110926
2.04199215485623
2.44378887261496
2.4313396931621
1.75494928270124
1.62178266202025
2.42778888156757
1.98627285496425
2.0179755663132
1.55197653767799
1.63210368119842
2.45265343799443
2.47832455069349
1.78133287414306
2.35508898853903
1.38959372674047
2.12422012849267
1.50888397546532
1.63653917609074
1.72957029721314
1.09642074393739
1.15512740425627
1.25067852295943
1.60515249626774
2.22071647399331
1.86540704899154
1.96867089490578
2.16899186807897
1.95609647578396
2.20247165212126
1.39551925463568
1.83706733302385
1.96208124804805
1.85439974212286
1.3966627317538
1.94567609322467
1.5600087980175
2.00236496246492
2.01448515312717
1.86846918623755
2.12371299361218
2.05282935394348
1.81860211940561
2.06115368932178
1.84821096208798
1.83615253979943
2.31686290904901
1.56900218803205
2.29296896705222
2.35173352931637
2.08509025375232
2.46014279528745
2.27666223497413
1.81031436473403
2.27048680920652
1.63551419145265
1.88678402536271
2.02294553647389
2.24492570454804
1.82011965930201
1.89275858062018
2.13416472195683
2.22518028529761
1.06869347599963
2.15129253054874
2.33744045036774
1.74412580371029
2.02754452319826
1.73771059019988
2.35638228175205
1.92994318046581
2.45532099988935
1.77701538770908
2.30488111650808
2.31666852630555
2.14905744407499
1.51375277057186
1.59646851297166
1.91068297728214
1.51435026160702
1.44403811133028
2.00459040691926
2.0012651615817
2.03524008912316
2.04687801939682
2.42278487252214
1.98048239386232
2.01649406804527
2.03487852585793
1.85927042205654
1.7206428127556
1.51426664044482
2.06838544644477
2.41107554674822
1.89431473856251
2.0997047863654
1.50257359133634
1.2568114171887
1.55116779810273
1.29986435472705
1.35148647353941
1.74317804939329
1.83670795517038
1.564028276525
1.10937836784703
1.49848686530021
2.29351772901876
1.81378323984272
1.50976556304666
2.19670065398713
1.7726743492581
1.9486985541587
1.73830886111844
1.26494470805874
2.20356796516928
2.39627557988206
2.06906571764778
1.75780229752888
2.0082349385781
2.10735136398298
2.05228185652192
1.56482497623873
1.85842216706766
2.15664098361442
1.91625989186681
2.19911164085103
1.9915644535947
1.96718248733418
1.97842278327157
2.40780958600923
2.06752814793205
1.67416322640795
2.14505054418445
2.33375644456241
2.08011831662435
1.79801889088839
2.27899525810495
1.91543870540424
1.61574349162894
2.01711226860643
1.88760067559196
2.06297274872255
2.08615716964022
1.73355206769733
1.78244678318753
1.50133112072556
1.68968430512679
2.1265276210896
2.02789259982786
2.33391364252228
2.19793301241712
2.30973596961092
1.33051984098514
1.75089072490301
1.55885760425648
2.16905405584205
2.39662118844749
2.2562409614955
2.41188507025931
2.15655657039692
1.87635194401392
2.10763549072276
2.36342635190243
2.20406727146249
1.74751054037705
1.89482162728825
2.49562440913216
2.48510848457225
1.55096341518853
2.00927748984053
2.4277453684781
2.15975255460018
2.06298145989068
2.3259219962694
2.21129452266847
2.14484783907025
1.73232729871658
1.53384025730678
1.0774379318288
1.22866114172126
1.75351514274015
1.97816970381776
1.94819036615005
2.10788909033559
1.6520498856014
1.93526984639901
2.22832854689084
2.36404980954677
2.17077154289202
1.89175926262222
1.65049438063153
1.54366300686874
1.57886087542992
1.93162827530733
1.36379743735782
2.05089249301897
1.92533167480869
1.37163911640429
2.26539422951841
2.26806909856519
2.04477113161077
1.97101064713679
1.38377421094963
1.90290729520187
1.81925896468884
1.89371479663542
2.12852398163582
2.11865105595589
2.2205713110146
1.44582903789525
1.92420165030163
1.48899530028748
1.69749458844368
2.4066986113204
2.2588086547735
1.8806849296213
1.89697973523447
1.78196998082491
2.06560979966073
1.91131996565468
1.99498340948965
2.14594409291807
2.34505055176376
2.0252793538665
2.22057439073628
1.90703877937075
2.26869947493217
2.34824726837164
2.40446255782759
2.36280596303208
2.08607302591486
1.92621395231961
2.27983100114089
1.47695397756227
1.92163385817101
2.14518237568277
1.934528321627
1.38964723170199
1.91355886742844
1.55794108813546
2.22011842647236
1.46988495090334
1.70886229514217
2.41688949180108
2.45113915655709
2.19879519485273
2.27187276296721
1.64854090657563
2.3788982106394
1.55231964355093
2.48489159722812
2.46080176090108
2.20139516520822
2.35590072967917
2.48126146763374
2.47348123415083
2.41779413803779
1.85377480069312
1.53658672132704
2.03955779479273
1.737115622149
1.77122141246698
1.07194910941105
1.48091072137842
1.2102699224969
1.51382532381889
1.23725404181335
1.09359193886427
1.59612426988701
1.90234834864468
2.46992275634017
1.85284807389684
1.95886978613854
1.39499188110299
1.83947791821998
2.3507030189595
1.66233436694328
1.6744667169877
1.97736879380129
2.11745234616057
1.88444652713094
2.08122167671267
2.06565718366186
1.25264090773541
2.07927419789171
1.75155559762746
1.28258274035766
2.22255761437516
2.34209720549765
2.13035201508416
2.35397816348836
2.47011623255646
2.46290843352135
2.45509981426647
2.00770579967484
2.05691386722175
1.97567051016973
1.24723805616255
2.33127134316184
1.84083048593128
1.49860326806119
1.25010386943345
1.21679345491676
1.29294764753731
1.57914633331388
1.45902571806245
2.20131983562642
2.34909885937194
2.41660280480578
2.42250469760705
2.43511573121811
2.4396238923043
2.46872318202918
2.19046882044476
2.48357757357185
2.36480637630225
1.9318873249679
1.90979964701144
1.91485786118638
2.32570593489619
2.42738001575513
2.42922842164766
2.24746390207971
1.5889108852097
1.99124415023079
2.09298559625027
1.65677057066459
2.19758194695484
2.28163828828762
2.01951725007007
1.27890951522953
1.81784562324928
2.22110295131781
2.24838009018693
2.15537269353901
1.90026244922117
1.94883930746158
1.83002884943662
2.17557434144136
1.36108111813972
1.27360183603991
1.70189182231426
2.15319316670481
1.60975724262182
1.99746206255791
2.35501978039598
2.27431517722223
2.04508957075314
2.18919639460861
2.16549408935327
1.75990111867522
1.97104120543027
1.52638965955902
2.32171806226947
2.24763643589174
2.38699744865975
2.2377879107559
1.86203195541199
1.27018048345767
1.36455610433801
1.79854956474674
2.33286554793739
1.42141770377185
1.82942337113382
1.79222307052387
2.00663332584471
2.21948591199313
2.38422119847183
2.03808844748908
2.42514481357458
1.90637359793637
2.29889508157421
1.57757162411459
1.3963049746686
1.91982810748655
1.79271577016752
1.57925253062535
1.3695514807763
1.86820435847268
1.10371903480793
1.50751373111317
2.22564878863022
1.540489709608
1.43178983548715
2.39190444695088
2.3123054804906
2.09835161806787
2.11161140751651
1.76470725962927
1.82080267715956
2.37151257725197
2.3680070947539
2.22231280116557
2.16205767168942
2.27087960011245
2.39676451126989
2.36904945257654
2.23397715318686
1.43104273461971
1.19227817903742
2.17792934825771
2.26070206605752
1.41650640005626
2.22497458820932
1.98359070341636
1.85676032938412
1.83308607185552
1.91313555640242
2.11645892767728
2.05585806199981
1.65154759741122
2.22811509067174
1.93671454611507
2.25478006990867
2.16942569665626
2.26247395986501
1.76591606060623
2.13380935166159
1.86250600748204
1.98521994147724
1.86600698199239
2.2289428484763
1.77376732821397
2.06630296254088
2.3536590379493
2.03561693574885
2.23953725450263
1.93742636474796
1.97640833391416
1.57789236906557
1.4877368179388
2.31015960522667
2.42636935397055
2.36662638652394
2.22083504358082
1.84377393884209
2.37668433066992
2.26152724100121
2.22178732513778
2.43787856618948
2.30118490645685
1.9870297690199
1.91286362394616
2.29728475444876
1.95074919431862
1.93810858554857
2.39554315562073
2.02950722987381
1.75326643227597
1.79646450221618
1.67350160694302
1.90718834760742
1.11263608768116
1.24382260264469
1.77999145319778
1.39289032291318
1.2156451530813
1.49630833116442
1.16395317309956
1.30040939896113
1.42095595582367
2.03165297850728
2.47392087181917
2.49588374991219
2.49077358706432
2.49742088515464
2.49892976496616
2.49665499169027
2.46865454265578
1.99210944188309
1.50860190418464
2.45537348359831
2.48055246197982
2.48531218975129
2.49000004955338
2.47604390090946
2.46408908917294
1.81561665661328
1.10455117018196
1.45019647527403
2.22518624759253
2.14083190490815
1.9140316775842
2.41667722817596
2.33502486215688
2.06094270450384
2.04706695024121
1.41401370380455
1.2419168786887
2.1637473968868
1.76491158601487
2.21201249395684
2.34995796501732
1.92271238738937
1.74356304861272
2.363469922265
2.13353799489025
1.72166617042473
2.06217965609909
1.91710058960158
2.30405723258959
1.70136506578234
1.8933527526337
1.22436336605965
1.82842466474024
2.00530232845145
2.17643854947065
2.0702856657942
1.97160047064694
2.42116776859187
1.97158971126399
1.44407535532543
1.63154389743612
1.99111933598492
1.79611953930709
1.95956578467702
2.44909474370775
2.3969556863378
2.18796310774881
1.90988855361044
1.72524249343189
1.42525486242085
1.84164405468606
1.72976814211172
2.44812446202138
2.17753051357577
1.99744398006453
2.0765818778011
1.50369979245887
2.40761893382448
2.2098031781401
1.10357559013595
2.36277965766952
2.09308463664955
2.08871768939587
2.45539962708715
2.21496099754888
2.38097734371152
2.13551483216599
1.81238238562092
1.67975513474111
1.77439212338485
1.41403576773851
1.42116293885937
1.23958283963964
1.52006153975098
1.21364615268085
1.46499475375122
2.36403337033584
1.9786237768155
1.51931220840049
1.89531696009646
1.93872076838445
1.60570138485525
2.23801676563715
2.19132126052055
1.39585755121824
2.21315388564075
2.08532510861621
2.06347934869654
2.10987036439506
1.8516706385314
1.83844747120825
2.33759593366633
1.51829589082879
1.7945081372582
2.05690486240519
1.97464622375254
2.09224359196097
1.96659150437415
1.67739197247469
1.98270363780341
1.50455846877485
1.97783987500442
1.71615448169322
2.29845072702587
2.28857258597429
1.55290946234691
1.42467271401269
1.25752048510837
2.26158115588828
1.69379685852171
1.66470188654945
1.72749185840658
2.20533755245537
2.12002166496069
2.24512385475002
1.39786057577542
1.73265659659717
2.03432153845154
1.99769286311527
2.02402854931652
2.01838306977568
2.19417649622205
1.3982476108143
1.81216044108072
1.47219197197269
2.04557547326203
1.60222599826796
2.25255566727097
1.83080160222435
1.41343944173794
1.17103488544903
1.33160572071277
1.87205843942825
2.27778657112038
1.27983813241186
1.46006642554137
2.27187299764514
2.08815343761534
2.0549986299635
2.32020447134221
2.14856096176523
1.72724549666032
1.9794845743867
2.10188285888844
2.10356849442871
1.58473386577915
1.12602868156889
2.10399338930373
2.08675587641458
1.76696254059744
1.47913172038937
2.29257093062473
2.2111966014101
2.11182231440091
2.29242255072962
2.294022458986
2.30583562736963
1.95177966641879
2.31192987196738
1.63351113255277
1.53594298813347
1.33264705168747
2.26344093835601
1.11383704363826
1.08288031618242
1.03460214048477
1.43278356795068
2.07114832927919
2.36199500804975
1.87191728205471
2.33944407735013
1.97955037211825
1.75820040924616
2.47251287636479
1.61647196801444
2.35522071895063
2.1812512070065
1.87917297155132
1.79236112158182
2.25043397759258
1.81900873143645
2.47714122992053
2.1275260054247
2.01215928240815
2.16976550817587
2.22046147577733
2.40611845752985
2.3217848828978
2.45529241321571
2.28890147300757
2.14289746165818
2.16546860344626
2.19320321687953
2.40052915161201
2.07631352379917
1.76942301898589
1.71229697469742
1.62855879348817
2.23032607498051
1.7477814480053
2.40954159068835
2.4527497058379
2.43734949046241
1.89065610604813
2.12030548062291
2.42294530249687
2.13177826200826
2.1853425255652
2.15111467279368
2.2377913229833
1.98509871039906
1.82214499734421
2.05441991019135
1.71782955390904
2.27927722271705
1.79197197086165
2.32712292718706
1.40484638152271
1.51711454415583
1.93382740376356
1.39989734834334
2.12022121184311
2.40639152530017
1.55699387205772
1.90699033327035
2.27710932936692
1.90541984168489
1.41603902888359
2.17258135061607
1.25412331476911
1.44542137162221
1.53697738869019
1.49946413901092
2.24398566866926
1.93090943884898
1.34459682850601
2.04015850987824
1.32974493432135
2.06307074102305
2.07517799009735
1.75461986320915
1.79459424022096
1.66084524965437
2.13568666144843
2.28975416379531
2.33625406157865
1.81691192997139
2.23417162701117
1.9717015290366
2.2107919393757
2.27705975409374
1.44361174407514
1.69912419476401
1.54736638624274
1.37224123066567
1.80059734676349
2.43453802202795
1.61948731703147
2.28691605811037
1.94632278751299
1.83010316590188
2.16210276522374
1.76886938841735
1.8286264864894
1.95107648106454
1.73516708825514
2.01624316981463
1.90448175050516
2.20612967707249
2.01986112236287
1.82123347767882
1.81201329031727
2.26620849625754
1.74908800982781
2.47690626786664
1.92145683567699
2.14300562239567
2.01329857992708
1.94307903220608
1.82558633979491
2.12107169460192
1.75750075830654
2.28089114056964
1.74252138547427
1.96420020258002
1.7210954173577
1.96277547233948
2.09173387354559
2.30784389940338
1.99503794465672
2.19562059623306
1.53724091280932
2.05200690413053
2.25386702867898
1.79408940972321
2.25065658137268
1.74693053704688
1.74642746977679
2.26841330934616
2.43675229919953
2.08059753383259
1.33032275563811
2.34376977506743
2.34545590433415
2.36013691690843
2.07444101855117
1.95691517327047
1.35173000566223
1.09409429362653
2.17834076771616
2.42614753433791
2.30133257254649
2.4461137201593
1.64755847809168
1.35158812127328
1.30775946177418
1.94251238236984
1.13694120021201
1.01518235222836
1.00435059241224
1.00427387972728
1.04718135979328
1.4876581121471
2.21302275412685
2.39859991776126
2.02402800112304
2.0270756246803
1.98217276286846
2.4623055118109
2.40354870326427
2.00406819038046
1.75251710015944
1.68589063102198
2.27475637449215
2.24663459578846
2.21810888284558
1.70687456649455
1.52582251178521
2.11665732375997
2.22167840534622
2.06758792794438
2.3925625935723
2.05707652124553
1.25743266976799
1.56900137505502
1.11524647149718
1.50038047097523
1.50859463589351
1.40655805390963
1.51402230514501
1.4814492019193
2.23977293839854
1.10870986810697
2.29049060350692
1.73272699549071
1.7309450566426
2.47177025358679
1.96542884582171
1.62892321460573
1.95265105370381
2.05641126043356
2.2200759587381
1.61483126494909
1.70604427777092
2.05728632272673
2.38454549636517
2.19783209056478
1.41190585456694
1.95433863015136
2.10042472799206
2.31136156570974
1.64951487021352
2.03329952054311
1.8623635454479
2.37768986416059
2.11017782398053
2.18271556062896
1.51965993647562
1.6291522375347
1.63182835227031
1.55411943123525
1.26003428485345
2.34684190255311
1.45307509643144
2.34985611667902
2.34734534171474
1.23143999404572
1.62133788423086
2.01379334629966
1.83333585098461
1.70813757935354
1.27477569397625
1.83050733073851
2.21076256335721
2.0888389625748
2.2957949685694
2.39597837493681
1.42502531048363
2.06175978262151
1.98958269696149
1.75974423777499
1.9998605285841
2.30759970337893
2.15015661678287
1.82117275386363
1.72932361849264
1.87308455674279
2.10841914942035
1.65339896459482
1.92833626058781
1.46290852516792
1.60613306351484
2.17091678823775
1.67699044967163
1.46615780896903
1.40481434103892
1.73646784275233
1.3477623193251
1.66969549960523
1.36747339310308
2.07899197240733
1.94116030128904
2.1231374750326
2.24400065639569
1.41901808041603
1.89073464934526
2.05562969735478
1.88870580944782
2.02975636102537
1.65138224190921
1.44185757081565
1.84866152180601
1.95406935899691
1.79971976196073
2.22254489577821
1.96553215764908
2.01203193693523
1.68741381722302
1.96631262094173
1.97367186976726
2.1102098323382
1.59814147395977
1.43736405168804
2.13932313910161
1.42185994276047
2.00267797665046
1.63999718255775
2.17566791016943
2.14916096268387
2.15750733495463
1.31038734266953
2.33458887387853
2.48016873365437
2.41116631020462
1.9088625554816
1.53860572557375
2.07120390866688
1.59286382779378
1.13142360461847
1.60940861281773
1.33226832931387
2.05455066592236
1.97061256551383
1.93597004850982
1.31221852012199
2.06423327753966
1.42232604539301
2.01380970434776
2.11153880705049
1.48574946546276
1.91756118453143
2.03101282382724
2.425759716837
2.34529406317162
1.65205118486474
1.77196301788423
1.94342474258352
1.86096372438353
2.25796744878023
1.79761110237336
1.57444914095694
1.43835722475783
1.80936898913609
1.10410900381353
1.21296841913994
2.10401067185982
1.85315780293607
1.5294721172473
2.02627132705018
1.67403939532924
1.97946385257984
1.68361427550245
1.79231009100703
1.9104054620169
1.968701903362
1.98248855465611
1.69991960991279
1.84295626910941
2.29507977506148
2.29713736774299
2.46040406017129
1.60170415769014
1.69468393162319
2.25351746437469
1.56255050803955
2.18574666800442
1.84057523415656
1.82989513311591
2.05516982162083
2.23398447936742
1.86640821278473
1.90906138870809
1.82218693742775
1.90991844049557
1.63158745890003
1.63715760781613
2.1783968271863
1.42511320114888
1.43423236581343
1.90842816213865
1.56930571531515
2.21503090360168
1.79138211479389
1.72586115381502
1.65711806623051
1.57749840740519
1.84600945417971
1.96482296476082
1.92523614493153
1.94116352027759
1.87008206268319
1.40567505591499
1.51442276586632
2.00235198265689
1.95473478142296
2.31383792339601
1.87334313824023
1.5486657198181
2.20239377027138
1.72949552199674
2.02047562467722
2.17039810055948
1.27551118291566
1.30693496142171
1.46743827861812
2.12243774077586
2.28974237780014
1.84811440477482
1.65003984801971
2.02900194868566
1.36058808272159
1.48187575641042
2.07180984032675
1.66354263242956
1.3439565983793
2.0293704348794
1.69521320619252
2.24642607514026
1.84409367202615
1.78096888221846
1.80542987627886
2.3009984207626
1.82534052310913
1.46230770318681
1.27746629687677
2.17085636412157
1.61474431995022
2.12668734915219
1.93862294466396
1.26121791571212
1.67744968493668
1.98621806648889
2.38703702404555
1.92455805066465
1.38189106438632
1.59157053222016
1.49663005281632
2.43626786729944
2.40693970174281
2.04693318425104
2.26119457405772
2.12447785743368
2.39428860434013
2.40110582596808
1.8250083065071
1.173553843027
1.29552321514734
1.24937216522389
2.05069721469754
1.53362666447723
1.45711364040102
1.67369023374697
1.5262397939675
1.59405721142437
2.47849012660067
2.19202900677149
2.32837595591638
2.2365799262809
2.19493420683321
1.37256549456799
1.66325179948733
2.057449168483
2.2090051941332
1.19453205151889
1.67582927847676
2.4147833500046
2.18270152505971
2.49656147839935
2.44426285156612
2.48762406181115
2.32504288246322
2.29898510376809
2.3436868282836
2.44210667523488
2.47650223176549
2.39773934428179
2.45373908001238
2.32701269743414
2.27433685298188
1.93132418129738
1.93741320486995
1.72163631975648
1.99997279614115
2.15881706420502
2.03811245821734
1.77340021421984
1.63148180128815
1.71993472459133
1.97168544919572
2.29605086243598
2.0348563546887
1.62316456735381
1.74480731342433
2.27427411647728
1.79266921366139
1.65975803168884
1.65665140364277
1.90952825630601
2.22469732978585
2.32727867013936
1.93018585299912
2.11203643418752
2.08658449551103
1.5516400085089
2.12656144262137
2.10240031879962
1.81694924311391
2.0148731648848
1.3552449450355
2.02546110560721
2.00939714440969
2.0899951714036
2.22516523556264
2.22069838575688
2.22444944903943
2.34085289580109
1.93203843714887
2.03882074701451
2.16562026890082
1.82087929871415
1.5353318049525
2.02601102907807
2.13341731513207
2.31235045391185
1.94359594599051
1.515909854061
1.75593945184789
1.65074227814756
2.18856996462301
1.89315792463892
2.08071826581494
2.12669610679038
1.37138807875669
2.05343184362867
1.73062620477052
1.51992937212992
1.81449118910996
2.01293766070802
1.37690338300157
1.55834409194357
1.7394755908126
1.77790730928329
1.371160549258
1.70726388657145
2.14966342079435
2.18707097930657
1.43392580561168
1.91704560190159
2.11893185275586
1.68897925820337
1.71264684457039
1.76371742022976
2.05652121702011
2.2728734919765
2.03736462713189
1.94490963931138
2.36238992455389
1.61801871656203
1.79592114072926
1.71150576040115
2.13703979916632
2.22586008269924
1.71627327888818
2.4150590137402
2.27296434103116
2.02943808334043
2.01527774093878
2.19785662310937
2.33139659048894
2.38541260960106
2.48354694697062
2.49671432462021
2.4965026817144
2.43998904233101
2.20954336754333
2.12905310265346
1.8857052358104
1.82454533987278
1.80371387984948
1.31232431869044
1.26171920144683
1.01271669787879
1.13901706554451
1.2776458508936
1.32223516137818
1.40775230267859
2.07984130473256
1.69012638910167
2.18697849212983
2.33850780704505
1.79005313687653
1.87837866297926
2.38137361314713
1.80869301043894
1.35026845022189
1.60976273492411
2.18994371568444
1.6560298890818
2.12374156884739
2.39588599836927
1.99800784249927
1.82272132941572
1.89296917179619
2.11744211891918
2.40482063662097
2.47563250074137
2.46223276350267
2.45607434673103
1.83741774547095
1.57925908824831
1.58333005873164
1.71870354150112
1.7713307135785
2.30985588700569
2.28193223055546
2.15707110620775
1.59711543708218
1.67087049436765
1.6665409210559
1.47108931543093
1.9138406202898
2.17493155095071
2.24280153371261
2.30173302398835
2.29673636529357
1.70309854318116
2.29747417154635
2.28939461008746
1.9675934973929
2.30310554905081
2.25320843249312
2.05615827716594
1.97939284058536
2.29205772712498
1.46378213692949
2.03007358408952
2.21888682359437
2.11362074160594
1.44774389268632
2.1349074353715
2.20966259648575
2.12876873820978
2.16911918584651
1.99504356232743
1.43816537202945
2.38943705946894
2.20579053824812
2.10717124797545
1.7057954536493
1.85632179612027
2.3356238687369
1.84449567072186
1.58459063267039
2.12847874361577
2.34658790651743
2.1693633152771
2.33705147295601
1.87370254432873
2.20552710287398
2.00518921181626
2.00573206821358
1.97792770029311
2.13783910884893
2.20236048663482
2.01625336119716
2.11527800549423
1.45832707708189
1.72727765735226
2.44540641017921
1.88083758765265
1.94264173543092
2.44742261346509
2.31448162740826
2.03378194209501
2.27752437806047
2.31767794516239
1.64063373335182
2.07251886674228
2.03434460856269
2.30571299763199
2.34734651507374
2.18280662481863
1.79779944112909
2.27355800209389
1.92169653651706
2.18671704807155
2.24836398917371
2.31833324950992
1.86249270316526
2.23458971965696
1.9222619356466
1.90357463466904
1.90280605186157
1.80904192763999
1.67644243142258
1.76940726689955
2.18176207313563
2.16273457558549
2.13245375622026
2.25833907069735
2.10921622008655
2.10279447529021
1.9180379421939
1.7620494674678
2.16255317450816
1.83753831466769
1.71809736372384
2.1578204607582
1.79513474161145
1.89118661925729
2.1976410256822
1.92395892903368
2.25785461478877
2.31075480249976
2.09127747479589
2.15667842153856
1.72608976478771
1.42759657577871
1.50312911257293
2.03659795564407
1.45746997168486
2.15873263417761
2.30696522315539
1.47361064580378
1.29293711235039
1.84409404436668
2.05359235281457
2.16227638978954
1.40828321003901
1.92959354472158
2.20657563040351
1.63538252810472
1.84784754116418
2.10828729567201
1.83722261832791
1.61806432441779
2.26507249087541
1.24224130760515
2.08671250511048
1.5172557428779
1.45804206849872
1.83784299727004
2.2020956615063
1.49928516974099
2.1741738296524
2.16223222970823
2.09973713965776
2.29643338347095
2.11438421463025
1.60294805985578
1.72509896737764
2.105493103115
2.05022493375062
1.43375936176791
1.9406761445713
2.08198647675646
1.71556077478191
2.45109700525604
2.15911955872615
1.62626440299692
1.48640697804719
2.29328909193252
1.07653592233629
1.38852503612993
1.95172649928942
1.9143495705966
2.23139104331228
1.73002050359296
1.92795324459993
1.16928015377391
1.71994456722584
2.26692138905399
2.20139993499992
1.74103622665326
1.55067997137655
1.98300848500491
2.05944505307636
1.65859496926296
2.43670118970607
2.32848646926161
2.22712505034
1.73370728076047
2.08384009783722
1.15510711014744
2.38670964487929
2.47743633522417
2.2246838839772
1.97614536372614
2.09753426729064
2.02315932828038
1.79635728836435
1.18330805544191
1.04005257249536
1.06124411686681
1.66909717621996
1.82520485434547
2.44066067420413
2.37152378762297
2.39926255031749
1.88484294134469
1.7636998158492
2.2825966860971
1.53243741519792
1.55622263372434
1.94631227634697
1.42985792975953
2.22613099636649
2.24842150008436
1.94773023333348
2.42717522744216
2.37939763625704
2.47245645966205
2.26411554412957
1.71879103126946
1.87894582436154
2.02693973477625
1.70793059495055
1.39956853246431
1.31249516922334
2.22308147066465
2.08203475134036
2.27505892528799
2.47578720077179
2.01218424519387
1.76800780501901
1.60378345207635
1.57909819683532
2.42544350053898
1.40803471175736
1.48644946954303
1.1960648346999
2.09966348697245
1.62279385736743
2.27949995176333
1.73751307121086
1.59900681183807
2.38157126055882
2.42957382991604
2.39075947540595
2.11354686220344
2.22686844596583
2.05723888715378
1.73336016089645
1.81828158806605
1.85770759303957
1.94726661590902
2.12340918813022
2.29684334848567
1.53402157932701
2.09534875294784
1.818882474177
1.81429500763123
2.18479216004462
2.05446124236224
1.18496881955446
1.29219563358715
1.26904797915224
1.88371056440191
2.22972201901116
2.22492898216683
1.72639589512692
1.97062640550685
1.87386443118125
2.17247789763271
2.46632822813813
2.28191292606082
1.89894328373623
2.22552332377662
2.41908335722224
1.87628631190927
1.82047531671535
2.13055383887534
2.28579309161099
2.2421858514664
2.04266925073998
1.30933612776356
1.66588079363608
1.18466462324661
1.88741103671187
1.85369244892369
1.84689123407113
2.12180964326593
2.41950276698003
1.60910850756086
1.4296719174727
1.39421703131055
1.24090601296541
2.25383956922945
2.16260723842452
1.87101027944329
1.26509929328541
1.87166333656416
1.85377764949452
1.21356619896658
1.08134260403024
1.20914140893619
1.08077201687965
2.08203301023278
1.7148973446864
2.38013316808878
2.06856923841042
1.61022224487767
1.52975254386515
2.30698437520892
2.38350906163718
2.40826832914562
1.60003409657092
1.98374133869132
2.30835915555998
2.41058568594132
2.19960439043485
1.85738301722658
2.14735987095396
2.14786579601761
2.33268460990856
2.14727344029047
2.09354673460164
2.27383287637723
1.38961135819935
1.31348022544047
1.86571188702149
1.85904966857453
1.91179214633954
1.52980279145128
1.80127800716061
1.74215208953711
2.06334799768901
2.14437318712764
2.28292049556536
2.27663319214983
2.17474160969067
1.84681335188227
1.31954247704996
2.21384702769701
1.55545738383577
2.10344017618602
2.41447647708608
2.01569484009288
1.40158633437881
1.21909503315973
1.84226635796333
2.31682459796196
2.29254119008369
2.19449962708293
1.3653402475564
1.95860370537862
1.61191622561542
2.29690852414512
2.04353677564192
1.24271694320184
2.16439493607071
2.3105036349452
2.14270884271073
1.96184165365313
1.39394877757147
2.29898324421688
1.97774233253399
2.07171765146423
1.54956254757954
1.98054756205186
1.63511283721505
1.76608483096481
1.51224607186442
2.3490655982831
1.93420765973451
1.9782037352949
1.72386502852685
2.32731365957264
1.75323190589547
1.71894573421459
2.04368021212935
1.64755844313934
2.02216131808871
2.2023770786
2.06413612618801
1.53684475512553
1.6895199663638
2.45056985746481
1.76638000571754
1.97459071934885
1.93650263352356
1.91913730932216
1.84892828135898
1.81560473093933
1.54237936331625
1.14787824056425
1.72847088446371
1.73452475124455
2.1029506614617
1.91546709782373
2.42994628651328
2.37933657362678
1.88704057594171
1.32887941529975
2.08098833488446
2.09143840467382
1.69094341268398
1.39172483781441
1.21944184192385
1.47157956609603
1.99120826130151
2.20571407185859
2.095747483202
2.00838399456438
2.00701969918418
1.83410940355045
2.42252417281989
1.45499893792442
2.11198292792209
2.3339480502695
2.15008141787257
2.01089498170808
2.40533608915232
2.26386868703187
1.97958199684818
1.88130795034092
1.0600354758231
1.46264498872205
1.41918727872432
1.58761245223676
2.11448748664147
1.75237070747559
2.17587588453259
1.80556695609542
1.17894995312708
1.31341325527312
1.91991142056129
2.1556980025166
1.94849884867073
2.22397568649437
2.39828463757047
1.71923264790815
1.32830292870044
1.46660898087925
1.89753610460957
1.84229742254652
1.64549684166462
1.25743267727686
2.03079492101143
1.84884289198887
1.96282146753125
1.62728687851988
1.62067177955025
2.23035844312172
2.33115239778107
2.25551635755675
2.20463501891785
1.78270322906495
1.96298178650174
2.14681527388367
1.86010323724711
2.06671936726452
2.08573259686847
2.41080101959301
1.57535979600184
2.03577857560883
1.85974241216447
2.21747555395954
2.07460415394598
1.84929164601471
1.88431081412724
1.96083062378834
2.10280096168515
2.31285513912589
1.78955582633157
2.03093023937603
2.2910495654824
1.44699450858973
2.43033925774033
2.37014268432004
1.30538127283246
2.01235123156631
2.22591864822401
1.9432980967027
2.40379441055371
2.25245801667343
1.25625824882846
2.10021824176296
2.30596938857453
2.2235811961084
1.85741438732466
1.55267904436998
2.27416237632141
1.58671291348836
2.02063313921305
2.0664811755804
1.67503053852391
1.43970869889849
2.0073424822403
2.27829914926598
1.94801654192273
2.14988720545644
1.50183859834934
1.45412804652507
2.07540528909884
2.02317638032473
2.0065130126497
2.01353388727314
2.40887363430834
1.96091542116146
1.76192444244593
2.05274860526911
1.61835998137285
2.01720163621703
1.43726627843264
1.33695597215542
1.57065394105205
1.65107667945177
1.25648738154859
2.22617623817847
1.66345323022098
2.27126925041815
2.01729017139403
1.58155388527675
1.59843229946958
1.92337558045082
1.82583735014218
1.51146258577058
1.52425007172729
2.27675920303203
1.82069699187952
2.38408156625692
2.20283897211885
1.86050681348498
1.80507466720064
1.89667044014228
2.32514970279038
2.16296341660114
2.41060760206866
1.68403687661491
1.75191596227005
1.44586942065375
1.72588168209309
1.50950203380319
2.17180347256883
1.86869499378025
2.24157379681144
2.18499063309201
1.92158509986922
1.96301825653314
2.14090857035899
2.47722559727077
2.40763425338128
1.94890764380774
2.02290396840447
1.77150375865235
1.85630045286748
2.12296489746243
2.15793105533398
2.2720656822885
1.18465386737249
2.38035355123443
1.72951381333632
2.05348964478888
1.94842585058678
2.29289423633006
1.54905040271175
2.29205575820043
2.25607433019897
2.07893483859944
1.43627078611109
2.16021006695064
2.02102083168989
2.1121259183954
2.2037295869596
2.27903446612173
1.66972231133192
1.89844287713846
1.27704708499568
2.27412419458912
1.87369328594919
1.68124552961793
1.96851145061348
1.83149996588939
1.37121200031575
1.65756784444531
1.83463825436446
1.78274134423902
1.58450474575818
2.0044290576727
1.85262965579672
1.88554998550934
1.15919582194434
2.2155221644776
2.29966028538071
1.80341286289589
1.50192455579752
1.06637543980619
2.35085730517934
2.41061198997064
2.41417153016169
2.36835454014438
2.22765526650649
2.46315401399751
2.44355523636995
2.39493258104854
2.37631703239912
2.28998932443151
2.25538148208209
2.39185948837712
2.16790132610897
2.0269061431972
2.412602496165
1.73323858095923
1.23579460088064
1.83304386428548
2.05103966234281
2.4097092088686
2.10701274050126
1.42570888387858
1.45430605344984
2.14075832414588
1.80910340691827
1.550922547388
2.35780216460285
1.44155758410362
1.38718804064876
1.66222941499287
2.09645414003168
2.07917954773444
1.81617201899836
2.10164906739316
1.98230486817798
2.10878968763867
2.04176305952036
1.97668247686575
2.38842728724206
1.76805833358583
2.13148631005991
1.36416016358871
2.30401779114325
2.01466947415981
1.64112305113931
2.11551326653662
1.81346089275796
2.22789814678257
2.08265120539583
1.69125190140845
1.91114037913215
2.03657214210705
1.81708226214549
2.09773373840966
1.23093040570158
1.84393640511822
1.67404739081831
2.0612966866195
1.94153502084038
1.16529326915894
2.00782589267816
1.47052194944827
1.99926125266329
2.03199473845519
2.28848595206716
1.84765124683933
1.74623211312398
1.6267145726337
1.41918498796567
1.38465282765641
1.85746863420463
2.28147213642627
2.30137592058709
2.28934901889447
2.28621512013741
2.33791131335688
1.87547689713342
1.42441562442083
1.95844258194647
1.74389611243155
2.13021223361337
1.55243148338938
1.20002914279197
1.90241463381394
1.54309712815386
1.49711808366357
1.56072233872562
1.52988289084238
1.81302382337424
1.32283054706949
1.80924457081666
1.93185894573039
2.27061129556054
1.82249018619911
1.96189863971938
1.74847696228072
1.91230432883552
1.61152253095304
1.63827229523451
1.80227262668861
1.75312890177251
1.96265833082428
1.89102152300636
2.02003422139142
1.91771384161288
1.81168980040728
1.41197053429853
1.72765119092991
1.9421422043315
2.09272866728537
1.64343020276839
2.18557204167806
1.8127195578484
2.11639704445376
2.05958309625866
2.16109852640672
2.16838247046129
2.30146957086445
1.9740146292509
2.31268454944892
1.72341179801404
2.20804202353017
1.76045518352602
2.24705529311271
1.62461599987992
1.9951948286879
1.85063772371321
1.79186663601354
1.49157177975511
1.75718305893493
1.79368302967233
1.19999221343191
1.5616568327923
1.19520037339625
1.54232602685645
2.405262010654
2.45004811717194
2.32032218052095
1.97472405528882
2.34713234156429
1.62291341646777
1.78447881833655
2.13952216597094
1.41660093195017
2.45257221392434
1.9345915266284
1.97396606814808
1.82699857295342
1.28869671481047
2.31453998404073
1.91156037060911
2.04397949076038
1.69837232992759
1.51599011940455
2.10547700642899
1.94213474800751
2.19067280078202
1.96050990034184
2.24243945605161
2.16534741262377
1.13551611024626
1.75126057446365
1.65301459494719
1.31675019324009
2.20562238104137
2.30606447310479
2.39401491381749
1.96589107429632
1.64593716682907
1.5798219122267
1.89306229629865
1.9530055843071
1.89755459123947
1.59507147839915
1.73606621027092
1.63300622746828
1.68363072636066
1.92263791419274
2.06983199361536
1.74557243367077
2.04960721364777
2.05840365511471
2.35791445389237
1.95863725959977
2.37402982917935
1.96221644064812
2.20638909153259
2.12222622785751
2.04461458485618
1.53005087869178
1.57875788557797
1.82724078724843
1.32488556204306
2.29651321369089
2.09783375548957
1.2843368870331
2.05486910299991
1.80475958475966
1.44566125376002
1.98477673283895
2.2717976995224
2.31555817232747
1.649804432357
2.31872757264619
2.12885150665342
2.38079437176279
2.35941834760277
2.25692450689974
1.86247567263167
1.43600344944015
2.21575709055093
2.37906455910275
1.99159120887466
1.954588158445
1.49658455458231
1.9495510898514
1.57404016576563
2.09337817973231
2.40295082664727
2.39816220122551
2.2356925289932
2.40796366179494
2.39468223678678
1.61118571256974
2.43161940871301
2.44962687259272
2.49016557178938
2.29868521883123
1.79229248133701
2.31181564398284
1.88957783587592
2.39886013214012
1.68768264918444
2.16843097187989
1.93796003249484
2.11403873226167
2.14780598553682
2.00145548605763
2.35374129163429
2.01480527219344
2.02052865839528
2.30929345705699
2.48458204668732
2.44722446258739
1.95616294495141
1.34043368455874
1.40841095485411
1.566614572936
2.3742660055063
2.15871927331298
2.18726952069027
1.45766513661417
1.89597554848723
1.43362893961239
2.12882580282233
2.30940880126562
2.34858073157383
2.17140146087384
2.47960937573991
2.44562287755672
1.82559862915922
2.31162662948224
2.23793970338001
2.41900073375061
1.4129410363227
2.17825671193367
1.95810034668316
1.43321987312451
1.91568690510499
2.49369452307885
2.48450572123581
2.21803949820285
2.30475853022219
2.16849551889482
2.2273295706301
2.06417150616383
2.46399217576188
2.46401800018494
2.09965643646554
2.16154024619137
2.30399481605181
1.69426697815564
1.54151906055973
2.15757775094553
1.66852343172423
1.97789873979649
1.85895466115769
1.96745255093157
2.22622107871822
1.99061579810772
1.69121371147565
2.23338082559368
2.28656952160489
2.43084604492702
1.40523456218184
2.03641484165319
1.90395521635692
1.49936615275866
2.04664204587718
1.86142363960095
1.95055148401357
2.06996474202216
1.56707020614248
2.10353871558907
2.05350196209317
2.03491869999826
2.11113415106957
2.07944739497909
1.67823034651898
1.86992868724502
2.20236537106252
1.74547589521442
2.12309998188523
2.46644484011385
2.07549228776451
1.45945385341342
2.17958071665805
