2.3843
2.48455776252328
2.49894762311571
2.49470627884766
2.49696553266091
2.47607311705211
2.47184317238049
2.177375873481
2.46257644975652
2.4132090541787
2.45702256318752
2.4872950999853
2.4939863563166
2.45460535418421
2.38393022429115
2.46779916904044
2.48336868429688
2.48069279878819
2.4416617970283
2.49688828862059
2.4688738949613
2.32337369195561
2.41745597199955
2.4459970619267
2.48396196981355
2.34143297094934
2.46728491442192
2.47443824814505
2.49763497728192
2.39940083197475
2.14011701302314
2.26350475711531
2.48910547267881
2.42037562832813
2.35235644676177
2.41840847503418
2.46202335646758
2.41917871041949
2.48314087439307
2.42246051757986
2.45558178539054
2.42559078124663
2.38699667712826
2.39874951771292
2.48083202066299
2.48545218720434
2.46319650320092
2.41642231928383
2.02625960482606
2.39591495501248
2.40758604891289
2.28238465061109
2.40754825370994
2.19804020117681
2.38122065921284
2.20526186693734
2.32362460172152
2.39418524930936
2.36901150736959
2.43691231880751
2.35709287368459
2.46024696673028
2.42628137918437
2.38068242279516
2.3823194012257
2.40801272820634
2.47440639123409
2.42290450121718
2.48125740839754
2.39516760300792
2.35814417902551
2.48064427120604
2.36870427758552
2.421024734771
2.32078308873683
2.4920957666894
2.43848903919481
2.43934854822386
2.44763166436608
2.47320363501367
2.41621909879005
2.37700884299623
2.49157459266185
2.39933926531769
2.48863110923028
2.46554088903515
2.47025211363628
2.47005657155163
2.18446555629529
2.46536654409162
2.47267580046492
2.47889519404393
2.26026910916312
2.39176057904094
2.49412825753426
2.48196351374816
2.49294504477642
2.47585783087679
2.07418706704535
2.45398527352976
2.47831251902752
2.32622535246239
2.48597834915515
2.13046344106271
2.36169776618511
2.45194225745729
2.1999261164179
2.06187352704328
2.4615999894175
2.49020203632165
2.42175420850863
2.48688260454758
2.40840088708924
2.33806952507707
2.27700064844609
2.24867812997276
2.43806932007662
2.40705807649926
2.39764098722376
2.43882258593335
2.08354030956955
2.38373721432177
2.17581332804206
2.31475100398668
2.26985537077774
2.30721378016183
2.2701860942809
2.23411419672316
2.32332405430256
2.37302369310481
2.39972800653125
2.36401443335562
2.01760288199904
1.81002531304933
1.96354231479442
2.40801765251882
2.37017386258188
2.14263625048216
1.92555606874933
2.39520001130675
2.08530100115925
2.34296804620387
2.28063589168777
2.32466775313286
1.98806136518061
2.0999292298859
2.27366281515082
1.93913536256881
2.30317983415664
2.41206128435468
2.41177508691555
2.27901858255824
2.10545029191049
2.20635243386966
2.33976252491234
2.09421835975224
2.39234998053515
2.1314140856248
2.26290639615417
2.02715059120999
2.23688415397421
2.13417623614128
1.6291938884491
2.39827559282694
2.47684471486896
2.29566960272932
2.34784152545258
2.44745576969038
2.48360049173226
2.33846672865759
2.3709447034358
2.40406483613953
2.19121044495786
2.28612107933561
2.21074508584825
2.28197934287213
2.29514875128739
2.48503191875059
2.33744727746022
2.44727998185333
2.48885094620712
2.47316128293163
2.49124928718216
2.45634487618409
2.35336278381787
2.44081642617538
2.19514459055002
2.41376410292634
2.37687431293816
2.33615278774344
2.26382348590332
2.37566647563463
2.28381966427043
2.45462700810714
2.47385745348981
2.45362981219087
2.24899258666074
2.23117106255906
2.38728062710281
2.3237607501572
2.45654902525518
2.30187502324052
2.43752759850652
2.44521847317099
2.33880325629699
2.04140862133141
2.47420106972687
2.44206255959896
2.4302731557796
2.42953554141105
2.34324633114574
2.48778932865832
2.09818432841252
2.15536363162688
2.37157971746223
2.38989127289525
2.44029610986174
2.44051836806104
2.39665858005557
2.38414821519475
2.16250346268537
2.36863259869622
2.34522421337781
2.1886724822243
2.17294866264707
2.36530445042452
2.19215222486982
2.27370179403013
1.92388072211573
2.29021698254661
2.23004752079849
2.24209485680963
2.18810590483002
2.11738036454505
2.11947732371192
2.01149510679773
2.39405400964344
2.2742043855839
2.27475983556314
2.02936533544298
2.28340392335927
2.20851862990926
2.12553659011494
2.12563139041912
2.20972975035112
2.11399271480651
2.01635379450531
2.03922730100806
1.93302614007715
1.99779619232611
2.00039349744382
1.831800909394
1.92862964798332
2.11522832995216
2.13438339377128
2.15927408241826
2.31093359774864
2.20837226681447
2.29316186354535
2.44092647750992
2.38851689132817
2.40762190628242
2.41872247339468
1.85826361743968
2.13660972316807
2.0967350047711
2.17661829627509
2.21229833477341
2.01746364278662
2.43257391080245
2.40001863812849
2.19626610268074
2.29998987194299
2.44404037742654
2.12380981690884
2.43062401878932
2.28460142386831
2.42430548177956
1.79562943896169
2.38142422261249
2.47371463993528
2.46174904193192
2.25992717544911
2.24550762182421
2.37706186602922
2.42063965893673
2.4113390518473
2.33964801374369
2.30955190590098
2.29900880837267
2.30198189232144
2.19720844994546
2.38136400295007
2.28466748371259
2.42784291325244
2.33553739232716
1.86502623937704
2.34434815627295
2.37503350813968
2.31696316927521
2.22171668706359
2.42388193654768
2.36711350881674
2.35613622943908
2.22297185024251
2.06089591697156
2.1587652259832
2.38442196839732
2.33701824320131
2.12730068396844
2.42853916735083
2.31452457121891
2.15760927048047
2.32010202659679
2.28094268198936
2.37998462437114
2.23660964922327
2.25001549021298
2.28706036154384
2.35505482155003
2.3824831106428
2.29230203669539
2.38948720358264
2.32785374978503
2.20397063537088
2.24632743827
2.27204981149814
1.82164655506517
2.36525557682241
2.17380037196566
1.93069612140993
2.11512853142845
2.1986402053568
2.1436662622422
1.7891201895735
2.15669659735383
2.12772214397359
2.45312095011173
2.44113160356334
2.05205055962049
2.38162010785015
2.36830177526395
2.25449512117533
2.2457822911373
2.37476408677298
2.28814855242317
2.30321518624772
2.27293281982521
2.46026729767965
2.34283127256151
2.39514225276472
2.43216983625615
2.4335620490202
2.43543577986043
2.3936221417725
2.41835627670602
2.44574043213383
2.34592302928403
2.18213466006116
2.26108502475675
2.24043866094599
2.38616664036349
2.34078219835471
2.41803014868088
2.2348054471659
2.41406706566368
2.35261447155323
2.35496467245119
2.32969700398184
2.35336591010217
2.35432816334853
2.25468601925101
2.41843497423371
2.44335899228289
2.40779981431408
2.45368032063333
2.43854002469064
2.41355145539654
2.41923535156259
2.3171450184186
2.39835261016219
2.4281528142309
2.46735552049323
2.36439907165468
2.30874776004972
2.05849279802805
2.19008940481062
2.36326667138916
1.6147170281282
2.21804928197561
1.89517614462679
2.26215845985549
2.04077044233952
2.3911705289054
2.35214173034014
2.05135130248885
2.23350595022176
2.18509884169183
2.24355068566524
2.26606758639888
2.1600728674302
2.05446135571196
1.99821959465985
1.83558655895982
2.23516232374259
2.10356555002529
1.89449482516759
2.33456614407054
2.00861193909966
2.23878065046253
2.17458813726448
2.26023956349394
2.26601417734846
2.05481672383795
2.28712108447701
2.19938372472999
2.2619826555111
2.36631910035407
2.17400872722982
2.13377819268222
2.37659628873781
2.403859020669
2.45609388417191
2.35715853339298
2.32424049083839
2.1017246362726
2.34302107050019
1.93953291397302
2.34873621469045
2.40151408709054
2.37627239124169
2.3472689377477
2.40854462554476
2.33360697076123
1.58371301905052
1.85607312672082
2.22301207885482
2.29882783800211
2.31364046230464
2.11868025526802
2.12058011635243
2.28460459758244
2.16022156449926
2.19381610647316
2.18395839973482
2.08267141176706
1.93700525162877
1.81740309714459
2.11661700935651
1.93007576685343
2.01072717431106
2.17535677225256
2.18538382446079
2.30278940146169
2.22007551596614
2.43226442099754
1.95413756003598
2.36735739965501
2.24137956917635
2.32466704500892
2.4155081786536
2.4560064429055
2.45472195150777
2.29788819766434
2.07756146517745
2.23778875073819
2.13768342620468
2.08422357428966
2.33462478784394
2.32056367639703
2.35800570436538
2.0483187033924
2.37208727901902
2.13495742692334
1.95296971611957
2.17337135907433
2.07495309848516
2.2122882442418
2.43105446553625
2.20342494082883
2.42833860639124
2.32926085659913
2.10087467017015
2.14087505223613
2.35669391418629
2.38577572904486
2.39435678653435
2.29144447237296
2.29423346708962
2.37564350506286
2.38182463818042
2.44154345721958
2.32218668767314
2.39280011885581
2.18032824620176
2.31913774956184
2.33668387988842
2.33074091404975
2.24382512221447
2.15632638923683
2.36647941798404
2.0369400620757
2.04820461209374
2.26700202046739
2.00225309919079
2.22375985904324
2.26543240557272
2.28081292809994
2.15301865272847
2.32569005285266
1.85414993246187
2.16539896690904
2.17732226333423
2.26797381319455
2.04236171368794
2.34909192736498
2.15533325113615
2.22008728282111
2.25239832143616
2.33522467995512
2.17178771693434
2.18357323751583
2.19478586352339
2.12571742818213
1.66933824042314
2.09111987956139
2.4449768848943
2.20085060346571
2.41446077987975
2.47083481044706
2.34699692246765
2.39367767089045
2.43371152638395
1.90066106412443
2.24615893119423
2.33525856176194
2.031344243214
2.36410349700396
2.30294926163208
2.37590827224676
1.97889684396791
2.36573535830184
2.30294577634456
2.36379898514184
2.16245846782693
2.41389449806339
2.44137601956107
2.35346747408204
2.27174954449897
1.66649864834776
2.28713968417903
2.0592141645892
2.34700037931179
2.39994456938987
2.43445008747536
2.4319215250331
2.10111389497381
2.26838013634755
2.28959354537143
2.00167571102885
1.82366371695479
2.30634675519967
2.38335575161164
2.18943410855405
1.58941126117253
2.30491722849373
1.72203788311909
1.58712718040116
1.68996415704022
1.80960194504742
2.00422350764734
1.74480909695447
2.09927775441978
2.34438434473679
1.93854462214358
2.00043503970375
2.18082556899361
2.12524694795347
1.94720369710391
2.03670646121014
2.25278030700208
2.12511530739033
2.3384866329013
2.15923948517727
2.2955593597658
2.26949520633132
2.3044442557608
2.17910942600959
2.12801392688368
2.1038254152023
2.25977595053328
2.28170841875495
2.40517899559629
2.01740151614637
1.88762149437126
2.11449578847901
2.20203123752918
2.13536655224767
1.83886894531719
2.11184311431185
2.05311993683169
2.07907486225997
2.30992956415939
2.28653451000717
2.49020777727491
2.39517269837434
2.41570929938535
2.31515052873922
2.39825958380963
2.49135764517624
2.33970846325082
2.33488102210949
2.3643821321765
2.15062790004993
1.9402661702351
2.22956402700459
2.35312671507546
2.41094669064938
2.4500438489648
2.4156619160125
2.46679906881093
2.38415395924455
2.24921714515357
2.47296426003142
2.39201771080169
2.32992791720388
2.37992074015492
2.35549243753537
2.33992060243733
2.46571396597795
2.45046640575137
2.47267052990686
2.41220089808454
2.48133268754162
2.46472365626182
2.45581625922886
2.48741784329591
2.28873152387554
2.4254361503951
2.37202402097389
2.43407585528496
2.29768953838748
2.35352603372714
2.42946845664874
2.48016657207548
2.47109094762855
2.4534519148662
2.35704240950806
2.38216653091988
2.47019335184248
2.35718265883957
2.4422067593843
2.45177109583074
2.39494972883914
2.1769142207323
1.85265339526384
1.97123287841607
2.41862701582613
2.37622993611339
2.4244663530422
2.48748597824393
2.49269266325565
2.49929494476033
2.49802994244104
2.4774794095744
2.48966946633777
2.39202181716032
2.35954634898573
2.49567249442402
2.43530404498926
2.46824892579518
2.36793194907329
2.46662919244232
2.19255097738208
2.44455694542883
2.37409019972255
2.43488922828185
2.47022274279145
2.45392849738306
2.4462976258816
2.49474572105728
2.09991538736639
2.46623531712826
2.48797541448225
2.49256731450908
2.49038222120847
2.49780902665425
2.47161583237003
2.40583255177105
2.36249946828563
2.42461324236109
2.42653861785002
2.23758229145793
2.43010542488214
2.40838072406683
2.31941937213483
2.20688757032326
2.48522243735556
2.45168525382507
2.33076426853938
2.30931646829098
2.48252737204721
2.45487570529157
2.33750498283501
2.49416823488488
2.4854450807868
2.49186878900473
2.43954961402125
2.39614851382629
2.17193014115377
2.46455776507055
2.49057031698065
2.47332935351662
2.46514484149396
1.86958850187401
2.31984024937333
2.29542674216023
2.10242256334674
2.43360214197986
2.43251733379102
2.13483365144217
2.34445853460648
1.86110289597831
2.10666410267977
2.45691455553611
2.48543704177778
2.4865841071644
2.37688064801876
2.11405095087415
2.38582904697826
2.03534806521072
2.47507238581974
2.43680137592893
2.44385783561375
2.44836034407071
2.10361240652045
2.08811634133931
2.18774715149095
1.52724859583732
1.58074709149968
2.00627933903502
2.26934876521819
1.97632483638921
1.98201584458037
2.15119479400064
2.28530249419094
2.25600981673527
2.02962580932459
2.46572315156613
2.06841162448882
2.24314094310019
2.43066493696623
2.37690229190183
2.31106056658801
2.27657661289769
2.42649822657253
2.32976361337232
2.2090970824521
2.42143452867763
2.34622554469159
2.33967468180606
2.11792795799917
1.9849543901002
2.27294156711546
2.38202322446058
2.40737189080865
2.29987550570426
2.31610373671646
2.45801590366943
2.39392582209332
2.01777968762159
2.27692242316717
2.18536127669922
2.43165852385479
2.43881837172071
2.3349400009169
2.35401151583284
2.43370652446033
2.40739319167055
1.85309237487961
2.39355270389594
2.31019308438882
2.43718146148906
2.39082750721471
2.36050779834664
2.29920177996636
2.48036582775549
2.49187081179315
2.41391084324375
2.41703934473861
2.39569583540923
2.33847666976855
2.18217505969179
2.13636286279635
2.44438529733962
2.47028124798488
2.4527236447908
2.44473402541665
2.43111392865309
2.20936214224571
2.37724497386729
2.48200091334473
2.33443908129915
2.32494314098379
2.28486503779434
2.38244189697923
2.30114221267059
2.28622665474504
2.45947289654499
2.26894981365676
2.29749120213669
2.33986826072495
2.3232358170534
2.3312489927711
1.97285320547016
2.10541388090443
2.15789172341463
2.34124840167219
2.2215956885801
2.28054007221237
2.20997697998297
2.33791337391784
2.42453893873326
2.24299991507062
2.23927473317369
2.4077559804311
2.27960988143676
2.41076461404682
2.27580644894964
2.44802249369252
2.29637955680845
2.26845621735906
2.24114426246872
2.34289841098164
2.171940115463
2.34590074207919
2.40422810985614
2.46801428005954
2.43016717116184
2.47537211896564
2.4707959443111
2.41765607273675
2.37932421530753
2.26853472286685
2.28422593658837
2.35708777369717
2.4128865217527
2.42189770499634
2.31970010362372
2.06599665312844
2.37471591131014
2.47658531762527
2.48254018607079
2.47495653181525
2.22775693155718
2.36786227723404
2.35247184836778
2.23980671458582
2.42055502532037
1.66366737137136
2.27427551882889
1.70877588468348
2.23591724737176
2.15264995880872
2.36078997115115
1.94891496102023
2.38045221316261
2.20657620500224
2.02291471393598
1.80023933673675
2.41931263793134
2.29169905843141
2.31590418379279
2.1438784851327
2.00459542302238
2.31215997363588
2.34094479047986
1.71091791721975
2.18440268019314
2.34207173417998
2.3576350611533
2.07833084246138
2.04848406109139
2.2033300081287
2.16377053818344
2.28812035415967
2.34599715607756
2.00958097952601
2.29694573679932
2.23660254669848
2.30000689207918
2.37048336914203
2.34406974808279
2.38047634135969
2.45416972158568
1.88822521508476
2.35192555251328
2.01486895236526
2.35392692443151
1.94154238420006
2.3221322143602
2.34839984484701
1.9668849536575
2.22601288923774
2.08495700401841
2.14827443812173
2.18496239417377
1.95306600937973
2.38584174519259
2.40612662951023
2.38532792104754
2.34660293697023
1.82503384783206
1.80826656984913
2.37786554620045
2.38578954607694
2.02850755226635
2.26656654443263
1.94598650623727
2.23045692826507
2.27602053685946
2.03250695551005
2.32712053098522
2.41723703311825
2.1071104536937
2.41537300727941
2.0907369843323
2.3543175278507
2.24664919846497
2.26688390402605
2.4198127338097
2.35746159357965
2.26778665580679
2.17764949750848
2.43841494853691
2.45094123116151
2.39244330415245
2.35089763706464
2.21338502752749
2.21114111169929
2.1500055271063
2.43795110247386
2.30021445903311
2.18331568432244
2.34814770859209
2.18146898856424
2.41175259945282
2.24595622592162
2.17388622134057
2.30674190259007
2.45184625303114
2.4597028471279
2.16600651332822
2.34929975571049
2.45454281202609
2.35960886416336
2.13791037108055
2.20224018317984
2.15455808559081
2.43872752590339
2.46612549626344
2.44953018225809
2.36380426045269
2.39888993050774
2.40508105261269
2.37830818661292
2.26607311859522
2.18207434384517
2.36652588414265
2.39656635380804
2.23903790120087
2.22571203913722
2.46514967505412
2.48171120932067
2.47764774567031
2.33192148612896
1.96561479875488
2.0397169514366
2.40067097571493
2.43859095411905
2.3105201045922
2.38508788824958
2.3005158005678
2.48388414451273
2.48301025319173
2.36666876447874
2.49633479613613
2.48763669039875
2.41815131053674
2.40379650260572
2.46075274491247
2.42571297460871
2.40748215768099
2.41369329928519
2.43744104380271
2.33792570565751
2.41205215063376
2.43241852968867
2.47249645449656
2.47339199866594
2.45669863321592
2.43645068641958
2.33177790436501
2.41772196423591
2.33403746058471
2.36200409289843
2.46714812478005
2.40330038098416
2.42863962142326
2.03740526744274
2.42182133869189
2.26171015703883
2.16881106152543
2.31735587671624
2.43211744907859
2.43651395222409
2.48934984687098
2.48249645131455
2.28664479071563
2.47585376113564
2.44986558019837
2.46275420061015
2.48275830170976
2.35641607436574
1.88672007866367
1.69023208227331
2.2657577778444
2.45907329007533
2.38434192103104
2.43777130261172
2.17453042472754
2.43019668450575
2.36561653901428
2.44958265137509
2.3926287425943
2.34232593168764
2.32383692008084
2.41533891330689
2.29917232871
2.38710006159961
2.45667990757643
2.36724568295417
2.44778173420137
2.31375263104796
2.10939570461241
2.40273598358545
2.27160203075249
2.40253901940508
2.08648528007043
2.44996516611982
2.43255037772459
2.24451298761762
2.34097626899894
2.21106511825087
2.13644406841197
2.4011920004327
2.39497388001204
2.44243375216756
2.29936885978126
2.43302905737514
2.33435502030143
2.44674487055351
2.41845121758749
2.42939302964906
2.24873256422946
2.46117914410468
2.31737749378586
2.31763134978705
2.27422576432666
2.11095774641806
2.36446595508184
2.27612157860494
2.32967051642564
2.11324669755814
2.32090680999459
2.19785458434915
2.32863577564522
2.31178277683815
2.2353114905532
2.43812050789327
1.98904836138447
2.38620693609663
2.24990219156159
2.31515506484956
2.44998464542041
2.40333260151305
2.42354973401348
2.46863538279233
2.4466328981126
2.31144229599326
2.28032525966854
2.46549777624723
2.38029986226399
2.48446092258125
2.34906406184847
2.4176957922225
2.17178954994073
2.14594697431386
2.29385420344239
1.99955248508375
1.9211131245397
2.39434616801762
2.41506881327379
2.13642760112833
2.28504454492136
2.41071774870936
2.37636997287106
2.38269221257209
2.01972275957453
2.24357730489097
2.27795063643801
2.33919194978463
2.48486682337477
2.26964946448628
2.48230568679508
2.23405215239329
2.16817994358167
2.43566399066915
2.13149138387931
2.31934815929669
2.42148966183076
2.43139991880081
2.27084521686319
2.46359758957833
2.40050781080823
2.42462874653547
2.27429077451435
2.35197985914714
2.1614608816646
2.42577760246492
2.39648704745204
2.35490858665391
2.47504141556562
2.13175270108207
2.15422768678372
2.31834194839176
2.26394698482852
2.39685764334657
2.24528339234169
2.39980407999591
2.42762986285388
2.43999795387273
2.42430228684462
2.49119809165907
2.46234460838897
2.30706422932173
2.43278036985862
2.29188072874944
2.12031756539222
2.15809345564578
2.45609350272359
2.25407528201356
2.26830260698131
2.3112244349144
2.07187743269053
2.29719460397485
2.41124159060895
2.21959218047412
2.45587628166458
2.38539974294344
2.43663881965205
2.43102541930117
2.36567220438714
2.2561012504605
2.46357166598542
2.44042579379123
2.31792526098465
2.45295745705485
2.43104794938461
2.46602822753496
2.37275821268418
2.30845994362782
2.05206321498112
2.28153311891797
2.38913281358723
2.38068158720865
2.1288981045159
2.36432609944063
2.3793747210711
2.40150727588563
2.15665359175658
2.42380085508724
2.43664313731057
2.45807892005896
2.32245439287347
2.09307089174267
2.18291032852441
2.47278093206229
2.34495500162771
2.22261886130594
1.58399540924657
2.11922254672218
2.26609901222696
2.38025680132052
2.40766863752989
2.45155426195166
2.35603425849883
2.26793021662976
2.23202185692883
2.20474213646984
2.28260726460335
2.1170406074362
2.35884988745273
2.22084192171827
2.25236278286073
2.42588515401349
2.34483209482001
2.33571349661544
2.39027393750694
2.23532998866906
2.35720194390781
2.42174105917148
2.48106877620025
2.45513394268427
2.34148875568303
2.32524542222921
2.46729303591566
1.95367618332725
2.27659516843181
2.34864424740186
2.00886129867259
2.40985426078859
2.32946870990849
2.04467118553346
2.29775519006481
2.20085594350001
2.15784866953582
2.11101242506029
2.43204583875634
2.38561060076734
2.34611714217105
2.26803159835688
2.29372605469183
2.2812098716849
2.27801837567726
2.45767924648177
2.45911753403976
1.84006922727227
2.19593926026715
2.31736639847509
1.97474926045049
1.69732417269418
2.35552878126043
2.28223917917484
2.25665091026846
2.14789231368419
2.35537770052423
2.19795095697381
2.41232169591123
2.40855570598978
2.2189272245521
2.08143261584545
2.19438311621794
2.03077127002371
2.27303897983182
2.22452883795776
2.00459356828417
2.25512526519575
2.22925636984362
2.26479155793636
2.24572214492533
2.29320076460091
1.96643992649633
2.20122619485432
1.78453508271683
2.09672562879278
2.34263405082973
2.45247765209561
2.39180365171604
2.40416131622248
2.40028340536403
2.37069918151576
2.35479065398173
2.33867138667361
2.43045738495713
2.17077993840675
2.44998124371584
2.25682517196841
2.29880185578623
2.21993322272391
2.32011166709488
2.35205259707379
1.87927153659089
2.25748493338289
2.35732322291372
2.25408532237376
2.07331349596145
2.27646745847643
2.12777905988447
2.18899739066253
2.33460915696581
1.96822206069788
2.1174478860968
2.32285138871973
2.20518960085451
2.2593782005104
2.3678925883576
2.36676721257077
2.45981076281475
2.37828871085504
2.31681050693222
2.21362890646111
2.40579277153481
2.46762451743169
2.46271251195068
2.48758513726307
2.31816609718856
2.33725879169746
2.20935650993603
2.12876067848499
2.34176102375678
2.39081441952842
2.36221015376121
2.31925352887799
2.4484374968157
2.48590300791302
2.45619327118896
2.40397879134362
2.34484283173307
2.28566324854342
2.49328002799861
2.48119851070495
2.36512541265351
1.81241348424487
2.22545625188627
2.40330193416857
2.48726679365154
2.35778373080633
2.39054822149045
2.48835877474046
2.3225935778936
2.45873828926796
2.47935739602984
2.42912572841537
2.45744437237373
2.37747491122557
2.4110023081585
2.25892696668764
2.37221884947325
2.45001752566747
2.45069519666051
2.28893337576413
2.46540387214674
2.45931877631016
2.49278925776825
2.48988498253326
2.48184721175092
2.46570193556077
2.18322185866281
2.36541681942939
2.46204599395466
2.4903741823676
2.37450525690893
2.48372292612958
2.47445370571442
2.43767123686016
2.43859468903438
2.44545628752584
2.16159717083321
1.99951278992731
2.43223133807161
2.46755203512737
2.458939563866
2.47365287232627
2.48157264873804
2.46806260714455
2.38921873436195
2.21984199776882
2.30160169786185
2.4248398147314
2.45259761702019
2.44497428055772
2.4206720194916
2.35758895398226
2.3230122144977
2.18194305883561
2.42954768590183
2.40785050793347
2.45639178598878
2.41456138412715
2.39769817538335
2.3588868827525
2.43127801499266
2.47361941157254
2.24502397265391
2.48094855856595
2.43642917865752
2.42939640228391
2.42104897920671
2.35425251683588
2.31413365724804
2.31123422268989
2.3361545411314
2.28077554515008
2.30411037840065
2.49379363360503
2.46193538360918
2.43615013643613
2.44806155655337
2.38055859253833
2.37537829461742
2.44254441568279
2.43547740789001
2.35483184826556
2.30137167064299
2.42353418660865
2.14352302179724
2.45611056732129
2.40391801509827
1.83895901031745
2.09189521821574
2.44884678496473
2.43781784813358
2.37846633934228
2.41391812110302
2.31950694863292
2.42342118721087
2.34782991562446
2.27983756005247
2.18351880625881
2.17233664510526
2.33026434947457
2.18970572073099
2.39788167694257
2.40946683018916
2.4653946171119
1.77587420478159
1.39840829211675
1.37998411205818
2.39240573015774
2.05430106618295
2.39419969857217
2.20244698171929
2.38747120682884
2.29046811702795
2.38613312593958
1.93342233023384
2.40635944692531
2.24682660191427
2.27203196772183
2.34826633537329
2.15784979080263
2.22201765477837
2.39091051778691
2.3330853098292
2.26456570783268
2.17877055040938
2.19790934225192
2.47264579893487
2.36719239129496
2.42839588737135
2.39570514247007
2.42759119305331
2.44313508338966
2.4112505455819
2.38819917675857
2.37599868487819
2.48186769096947
2.32667044123573
2.48254384837297
2.41764038867146
2.22275165257856
2.43216684184912
2.33317004020929
2.44086292080555
2.29361832003514
2.38408849084228
2.38211673258938
2.44264501418317
2.42598182761704
2.4791465928812
2.4095886140085
2.36459892892264
2.29251092425798
2.32107067064242
2.42714480684066
2.32097472034527
2.39846055136312
2.06337514328788
2.39394827419927
2.36742366582373
2.04688091027858
1.97720364179202
2.3493240617279
2.24303504253278
1.61399219821736
2.28863428475707
2.10802827229298
2.22587771181535
2.24908370562886
2.40516048143039
1.93524335571639
2.20028191719
2.33450706817669
2.39062079258734
2.45289168695014
2.39804991934236
1.90361470933447
2.29363589475164
1.84477069565792
1.88898882796372
2.34129066368349
2.27811847335075
1.99939605074216
1.9342676262561
2.17687086920612
1.80581045414215
1.79847243646232
2.23684607166001
2.2410516488154
2.09204768913158
1.96752203805823
1.92393957360157
2.20913347508149
2.30677007669987
2.18018928152852
2.23447107880783
2.03185614051497
2.40997315526737
2.37300144496628
2.46166355058337
2.36105876175281
2.20966665395844
2.28651196348613
2.45940737224235
2.4564585478852
2.3018099892401
2.38302608675207
2.2872976432335
2.38859955383607
2.45948075415081
2.36199407505224
2.42998336269004
2.48169389257031
2.46953214120651
2.37577647985404
2.28186551270428
2.13506319008295
2.36546347750937
2.39717567731055
2.25063377500613
2.45549617499229
2.46933860140875
2.39046100345485
2.44907310910727
2.14447080430282
2.44790389400041
2.42594669209886
2.27440116092589
2.28787825625143
2.21562255956079
2.41669057886322
2.2214374367429
2.20402068057328
1.97877080502623
2.2586242403813
2.17277763571296
2.06714073519046
2.15899214644378
2.28595820973816
1.90664806689143
2.21259081875388
2.29139513571256
2.25444447354446
2.09622429481601
2.14816176492654
2.00758933531025
2.18908183393148
2.38752608103055
2.23264187354559
2.35865659696038
2.33479366068195
1.90528352710449
1.58409404685995
2.27168252138743
2.28182824497005
2.38074133361398
2.49528899618205
2.45568410941446
2.45462456724207
2.44923586785176
2.40688263666505
2.42887984426349
2.35695741344088
2.45490109221193
1.86739993230704
2.28712315306638
2.382784407567
2.44606779272388
2.41247989974139
2.31973888217588
2.44459243828273
2.41519056380147
2.31710888007598
1.43562549871545
2.18488477079459
2.21440200117358
2.30381185466278
2.35198607558793
2.33663260680151
2.29139760476723
2.39116368640329
2.35246715578883
2.42673474172577
2.38931236813299
2.32711247237513
2.42997800573344
2.40334185244143
2.36864128662209
1.78529865637246
2.28257082571826
2.27316045846704
2.45529589564683
2.37280748590155
2.43552105416193
2.00448500142657
2.1903986848848
2.47833206657545
2.4861666657432
2.48274495146853
2.45663857155279
2.48370092947999
2.49285611972479
2.46791331554221
2.15167645132878
2.2338252763648
2.43984474534224
2.42195053892668
2.4828362978988
1.980072802002
2.34101681291852
2.42807915776036
2.46242849343345
2.02818919821711
2.3821362583254
2.40216993039283
2.37744558584654
2.42046455414676
2.48332651094723
2.37836065089614
2.31244396956513
1.72264172379339
2.41738926627233
2.4430954340414
2.47568143991669
2.33525703071596
2.43874250342329
2.44562601379359
2.48796829706357
2.44828953643445
2.40016416458532
2.34947096916669
2.28985752325969
2.39164156095941
2.36866103991055
2.38326934804279
2.35716514509544
2.3901981494045
2.40298260558519
2.42791376100463
2.39442727819679
2.34425219964238
2.39383867406204
2.4406075178597
2.44099276425818
2.38693324571115
2.43704682579073
2.42422985283744
2.33417422031709
2.26078450298223
2.16295759888444
1.91809646199401
2.2990719885712
2.32652471790104
2.35972752246512
2.43491495653429
2.43696573722416
2.23647495185403
2.39589614473801
2.38424077319863
2.43568528781594
2.48450850201705
2.48825752949097
2.39514615646593
2.3185386561668
2.26291853072388
2.49272219836731
2.21281520328735
2.20383941290108
2.46363366758582
2.38925857625062
2.44158790925257
2.46585671982003
2.47388876853164
2.3501708556769
2.38200162950803
2.37827672220021
2.3132633709841
2.47041741896649
2.46124589629013
2.47581610972557
2.30096082534051
2.29052617884282
2.20015694611351
2.47679072549582
2.45060967104198
2.46806397396789
2.29134392113239
2.43434915518204
2.44930833010821
2.37897165162941
2.20010884884336
2.31748770518057
2.28611861274775
2.42621596876891
2.41496143578533
1.95958196730555
2.22880485926386
2.4037991161026
2.00791122110122
2.43025712132851
2.41519099008824
2.46290655536015
2.43689041129152
2.41418306859873
2.32451740786117
2.42206467989157
2.48921504472999
2.40702840981712
2.39261458573549
2.34492752676089
2.39067380240745
2.42737502408686
2.46078840989532
2.46810750287167
2.44728409546785
2.2609497642545
2.30986777995331
2.37326329988731
2.47109854286476
2.39429969088285
2.4913443346533
2.22287104007886
2.39906700621449
2.3985560520342
2.1152397452787
2.3633318612841
2.28845866934175
2.31922529189637
2.34317624103552
2.19443565998295
2.42657763861837
2.4422582030991
2.31738120595505
2.27598293878677
2.3500619416482
2.28292563074012
2.29683642776106
2.28173253759729
2.15349688555023
2.4516447280589
2.27148142307692
2.24426741902891
2.35709980971481
2.42098695557077
2.48385395236286
2.48705485444323
2.38711791683495
2.41923849386766
2.38064682580497
2.32767841325996
2.40068680514732
2.48820553789052
2.30562124772085
2.38245309785919
2.32418539841693
2.47935302356021
2.36912755579357
2.42810515926152
2.35406472822499
2.44816548538474
2.43296353151234
2.40206010385108
2.45516854565438
2.45704590841208
2.35640750981936
2.41622020710237
2.16045562562459
2.39575770533461
2.17080440181104
2.43837252632439
2.34060736747052
2.46322482923982
2.45097375596764
2.47542630192229
2.3916210513887
2.19993653514702
2.42972107170187
2.32129290696867
2.32899324831562
2.15254713613694
2.260039612378
2.33288346168092
2.2956434375585
1.97347194476991
2.15444579632606
2.4594100102044
2.3925720129914
2.34673681073515
2.44745489598634
2.45667329516368
2.33559684801443
2.37900947362333
2.31796286161333
2.43995092004303
2.35628683517685
2.44773184580386
2.3370290675389
2.35594918285257
2.36645910070899
2.36986203821256
2.38226323877084
2.423505688218
2.28803015961461
2.11940602112358
2.44472295806262
2.40096694226986
2.45272897722258
2.47547987616765
2.24462742314579
2.39055457322721
2.35876325452116
2.4904473292061
2.32883456131887
2.43273292962091
2.34752638294204
2.4582627972174
2.26678709762845
2.43414222428366
2.39382962677829
2.18882744769557
2.05042933469215
2.47544597179094
2.4334805511688
2.38639689551899
2.32393798182591
2.32102553301362
2.44590762293384
2.48025096198807
2.41072806263357
2.30513626400068
2.44177330755135
2.24367565295453
2.49683492116214
2.39626565518994
2.48780018685493
2.38888235255342
2.48623346236216
2.47799074189228
2.4623432742921
2.48086899272488
2.19202147181725
2.28677499371514
2.43082483511338
2.45691732390451
2.32396206516697
2.45198912220946
2.467113766484
2.32386308609927
2.40801153453514
2.43104467885282
2.42763873287826
2.46527244320834
2.30555535745704
2.48302734300994
2.47423864827256
2.45386157137883
2.44608634546372
2.43129413391767
2.47679410103555
2.38293168297789
2.40515538444386
2.32317928732703
2.46262908669258
2.44828112600327
2.49505602785053
2.48504262048089
2.47462358042843
2.49991632030367
2.49817346156622
2.49862655669972
2.42030959877444
2.38024159350519
2.25094152968625
2.41844838329027
2.31763733866648
2.46189792527233
2.47537624239672
2.4855242029795
2.48565149507464
2.37130113631228
2.39231411047973
2.46519958664387
2.38748728998859
2.49030978166762
2.49077741288528
2.47360903625832
2.41223604596204
2.29608481265669
2.4110834944169
2.31922957152043
2.4620321953451
2.44819688745581
2.42906829177877
2.33764426661106
2.34417420199158
2.42139250586475
2.23989894230882
2.28788058104031
2.40644597373646
2.29027880217664
2.08767826920596
1.96478925960074
1.96406079095127
2.11875489686637
2.09599924534691
2.23509404869371
2.32489032810467
2.45615601904495
2.36206141065744
2.4531389101011
2.41230520297533
2.33156555097481
2.10878081588463
2.45405549594314
2.39996394826122
2.39965328599756
2.43054479375926
2.25306937523542
2.29577510699312
2.45038313499384
2.44117379195999
2.49563958828326
2.4057249895662
2.42089131147216
2.29304227929945
2.47961338231084
2.47576769527496
2.46977126574752
2.22804855086909
2.31600220777414
2.07404807509263
2.40177461441547
2.43221280722855
2.4293583283498
2.47094820126716
2.47794239545882
2.373934415817
2.3396669441122
1.8795291798854
2.43930430795155
2.49925149630547
2.49455617235094
2.42875936127496
2.32144874275777
2.4549878513535
2.385056390151
2.45976008848069
2.30345435826905
2.33482796014252
2.30616034249244
2.37146863200713
2.22428993039643
2.34083659797436
2.48955411852931
2.35760890962646
2.4499344453905
2.39295248664305
2.39592417174594
2.37484915248203
2.28386956640853
2.37014655197107
2.47482610796747
2.4674913990164
2.34156972435892
2.33707198892105
2.44106614862197
2.43040183602154
2.1301664158274
2.34126823016137
2.24612894748336
2.34808771844922
2.27848261643016
2.19325620638177
2.01812382369163
2.26778326135116
2.34331977058499
1.93608558905021
2.20100232548619
2.25994709462283
2.394116785401
2.40951230937572
2.27524270584024
2.14056857548616
2.31865767679495
2.12008191105231
2.12019980837798
2.42025702884364
2.12976521030985
2.19818571358537
2.21793074887316
2.45939265746474
2.27670670796603
2.1574755063905
2.32741908505412
2.14648889218147
2.48902892555674
2.32393344475848
2.41829025331767
2.34255907624858
2.42389682240941
2.41012964050682
2.45031500201078
2.29238581749017
2.42699622564264
2.14003951091869
2.45153686811361
2.44125965292712
2.43017717024251
2.21290758321749
2.2401589648711
2.38775833847145
2.31341196945763
2.18602995327321
2.2000769383888
2.33318138585944
2.31314004099658
2.31239653009506
2.37171831278523
2.30128128708811
2.38752452733297
2.36780131393863
2.44028942591532
2.38317549995678
2.43032635775377
2.32691351982622
2.41467598736296
2.44982542695543
2.29839574991841
2.3602120265348
2.34388789073818
2.09408735933189
2.22159926468801
1.92292329121678
2.24384534023412
2.36900557891603
2.30400356428564
2.20155269712673
2.19184955846272
2.34260654400232
2.24483094456096
2.20684921945329
2.42319914364585
2.03310719356235
2.38507629064386
2.18147698568902
2.07838915228075
2.44433377601255
2.18939542578296
2.08910045573543
2.12613454799276
2.17273648120662
2.22664314680957
2.39546826631054
2.35379580892931
2.42736155997426
2.46962844880174
2.49580682323763
2.30781805289191
2.36051097076556
2.44704953686832
2.3418477020112
2.38811512811929
2.37904166466364
2.21759599542369
2.38142650154601
2.40358408309683
2.34942209998815
2.41551923647911
2.43114986182785
2.44065210106147
1.99625718691613
2.14587654416436
2.24500914765664
2.42229322341286
2.47867340460421
2.39447165846639
2.35520814557516
2.41665627793655
2.3944047507176
2.29529839422958
1.8553700647753
2.4544586637227
2.4422549963383
2.32405674256538
2.39897485184617
2.4127082916368
2.35103808361331
2.42181032978903
2.48098460675775
2.4590454886858
2.46633081824804
2.47130939900301
2.457384332718
1.96308152010675
2.36553385292636
2.41199054039898
2.41371881383128
2.3727717128727
2.44822996389407
2.39600457360418
2.38107375946841
2.43081068074075
2.45291220796732
2.42980312608658
2.11654960160455
2.33308126413821
2.46439116852467
2.32044377797976
2.33112552659295
2.27911529184297
2.38405526213273
2.28080961443965
2.41868447495445
2.47269842119881
2.47631289320838
2.09434853364278
2.28387755124822
2.25902550316078
2.08814486054629
2.15370798898645
2.26769102704449
1.9694072724554
2.40892651346908
1.72011715865658
2.41313048771043
2.32211493389824
2.07863876241422
2.42875533493192
2.43045641057932
2.40576291268353
2.41747726097406
2.46972888161739
2.45732057269011
2.47884103740414
2.32338682284178
2.40638702808954
2.48671703487762
1.91963523737123
2.15254345148376
2.18212305499066
2.35073564804763
2.38045667705774
2.3042927989101
2.22627373393035
2.3114293379665
2.38987104063847
2.47775514989257
2.27456921921144
2.48518788106575
2.33156863904933
2.4151915486987
2.4777301677561
2.48695914830168
2.46034069307665
2.47020086835733
2.47587655095129
2.21303261275321
2.38769137223575
2.44525917498703
2.49225042651519
2.46841987676226
2.48997659584067
2.49210287512581
2.47102285093946
2.40658019681651
2.49322385129197
2.45869180516155
2.42743452166757
2.48344426646054
2.48722894082194
2.31924435285727
1.89125973883202
2.35714367692487
2.41261310903759
2.45999160748699
2.48439612732509
2.19818247840747
1.37430027896
2.26812146080116
2.4960299495824
2.47296787916898
2.47872132949698
2.23587461360355
2.06674955167111
2.33277074386287
2.39515671137635
2.42480072757726
2.4386859633655
2.35838383455875
2.42378380567504
2.47323742590044
2.19901463506804
2.46566271841869
2.35173234419095
2.25233156816692
2.46375194054881
2.40891097113213
2.35524311148392
2.36071775363154
2.30191426263274
2.40657661204532
2.4666924336571
2.46200735661425
2.4702375433623
2.26576321662169
1.8448320221098
2.17854435614286
2.26492837580787
2.40835744675099
2.40903237098817
2.44961599021325
2.41502344229429
2.41932241504186
2.44220512800547
2.48001956861435
2.32786917820876
2.3737861130917
2.48068815016072
2.34832388896249
2.45098090070516
2.48205913268923
2.38695913840138
2.25372462978194
2.30978931934789
1.88337266651787
2.21639064204082
2.29564534173634
2.48505446216329
2.4829924698049
2.43098349892851
2.44579670108207
2.32914031581043
2.27068839011519
2.159926873984
2.46012050369469
1.70886696734177
2.33066220447246
2.34083587125537
2.44711312929129
2.4174720465874
2.37239630446566
2.31842919649717
2.17779889465299
1.9690070204163
2.24231447100962
1.73266114350681
1.22908609202
1.15875588105296
1.17372897679291
2.4674610162876
1.78698534828652
2.40694686406297
2.43326984736046
2.40353029985922
2.41882295299418
2.29948670863256
2.36642055319337
2.10049515886267
2.29563467345262
2.02579770920285
2.18619334332509
2.32186815156241
2.32967920407904
2.39360721003974
2.2916422087679
2.32009520383155
1.53979333905875
2.15943041971114
2.21921443703272
2.0900219180276
2.36943881378166
2.41296578460726
2.44415344298158
2.46756541897068
2.44995509384085
2.3993556272527
2.44210099000289
2.43576364359623
2.23340472582819
2.30918243989349
2.33287009085714
2.43872539812186
2.38859766622405
2.45075599624169
2.43889818480906
2.42568708675627
2.02596848225572
2.44318851131858
2.29641144513917
2.37399830112352
2.38045778593533
2.47399000660775
2.47402974029611
2.45575240516158
2.35654930092882
2.41299116894158
2.30702342954667
2.3575977118428
2.44932736798775
2.46638412738744
2.33321915237183
2.40709008846604
2.46419488237141
2.25364268896787
2.05814917328895
2.35776344219495
2.36779215230679
2.41220216906518
2.41397457665785
2.47039609065185
2.48362315551113
2.4535844256304
2.37368432005045
2.41885725854186
2.4415511586736
2.4305660199223
2.47219716344365
2.3910462010088
2.452813491192
2.30205040004922
2.40907771645632
2.48266949821344
2.49634150791477
2.45315064337123
2.32867301038498
2.3884739024074
2.4874079755172
2.44966029644438
2.28982265151708
2.49201135136726
2.46724143250273
2.46537699518338
2.46795290539299
2.46602418312752
2.48477764923808
2.42311538961628
2.17983941734957
2.44155633962441
2.40372345868053
2.38628026803159
2.48652787287128
2.48575437618738
2.46515248090589
2.48027298888154
2.31874687089343
2.34577413914452
2.46322036545982
2.46254991068903
2.34493807821729
2.40285425778265
2.21865047219509
2.36377873837295
2.40433511376219
2.37454110543932
2.30530308189244
2.45855929082902
2.33768565428391
2.04612693645343
2.09913105225137
2.31259631706581
2.16798173139141
2.21665519399611
2.39796086842351
2.41087201822694
2.2531069861478
2.352491147727
2.4866260756893
2.36707189059553
2.37495860982933
1.9063954260821
2.3839589735868
2.30118908646104
2.15606638280886
2.29460980192662
2.27721200753435
2.42306402560443
2.45979526289477
2.33328929934752
2.40629781515259
2.43208323516695
2.4261985652418
2.32822350544682
2.39801607022126
2.45044969069824
2.26326894188375
2.35756744885794
2.4180344056063
2.34761645854397
2.47704896558899
2.47450566444964
2.4673089923487
2.49435295843459
2.48515189794175
2.39379493077864
2.43870404155303
2.21147871072175
2.12791382803037
2.42840895377615
2.48946845532182
2.49240910456867
2.29755667081756
2.46812505118692
2.40127175966917
2.45339308500987
2.45181636447866
2.45185929744106
2.28673421548513
2.36939844079806
2.39090391163142
2.33852308833954
2.42454876888431
2.41126406059706
2.14611773703666
2.35541510796945
2.3592612722917
2.32389462701572
2.26878541877172
2.3539395821404
2.21677428488493
2.2618669033188
2.26364604300855
2.43231098998582
2.29226302830588
2.11449792634259
2.20475978680153
2.37026897459974
2.36038121533103
2.3618822582838
2.46170141694625
2.43638913441645
2.42628595124248
2.27069551288626
2.24008582987099
2.12372053972265
2.42787371962691
2.33769143102941
2.22241422449256
2.27088217414923
2.26505538169947
2.41601616971624
2.23497333871505
2.29271636377827
2.21644350741535
2.35075458098382
2.32273159970822
2.16126501503779
2.13256155316444
2.36259178492839
2.47084656100834
2.29622569034165
2.44207756773631
2.23074908875537
2.40766787676161
2.31316411953768
1.95296342057704
2.17032202027848
2.39573083725174
2.43826719213239
1.88053038380133
1.69242760378345
2.16938739815351
2.31432592979316
2.22388139544867
2.39935764879209
2.29296025713727
2.40492090392241
2.24974838601462
2.4228886785183
2.36032502676132
2.35826619129266
2.35600413684059
2.26645091488748
2.30546241797931
2.32814127476134
2.18750790547291
2.24811315033065
2.26944140703504
2.24997894014069
2.05574981248818
2.26233230563379
2.29289344555857
1.89494835796722
2.14771477258852
2.30213423016905
2.16086235178827
2.32945180984795
2.44328305153753
2.36889275876936
2.4222669199213
2.32326610198273
2.29410020156564
2.02182024884694
1.90458995048454
2.09024888623187
2.23377462208061
2.33104134270396
2.35547539739267
2.45801492234913
1.95512722977266
2.06726061553397
2.19671052404128
2.35509618719344
2.42409886279148
2.46848668705379
2.4752298266098
2.47586605409782
2.24255372493433
2.31550460460835
2.39090471905513
2.41676841428194
2.12057913934047
2.4449017481617
2.39483576534854
2.48142147674845
2.49052777814574
2.49500134077632
2.45198742791957
2.4454380623416
2.4144723298279
2.32389774439397
2.38873650786242
2.37692345456794
2.35831772043233
2.44760233018523
2.43043339379089
2.39578127365106
1.92776079772186
2.31028618304771
2.13790274525441
2.23820229128681
2.37808019923362
2.41401680931905
2.36224801961382
2.38549787745591
2.43953656647827
2.47719458441695
2.44428891079976
2.28942827870854
2.48975062902605
2.46455198647195
2.34326614719291
2.44498092022566
2.45509847133771
2.46649789046912
2.30541269345604
2.35736896396703
2.2554932747585
2.34959850288217
2.38521325394545
2.30458077562781
2.31865881484389
2.45445593115044
2.38348779210767
2.12492473036905
2.3568220496448
1.56398426699013
1.66779379893548
2.45944302504255
2.16367179428084
2.36455158793894
2.3282837191566
2.39256730047328
2.15520838418986
2.31425561065343
2.30724988169007
2.40618890432039
2.35928996292038
2.26026614053304
2.37014881777851
2.13829461166872
2.40670471968552
2.28802083937991
2.19820714203289
2.38300410260654
1.9133057442511
2.38423771402301
2.39382387298346
2.25323784525324
2.36964562772084
2.35005407614702
2.1010357418165
2.4317388252358
2.44724846914549
2.31436110504149
2.41548485926805
2.38665666019214
2.33500402080346
2.32486494803985
2.26423739533347
2.36581378239581
2.33760227966891
2.34264939857289
2.30703469932289
2.43992430157312
2.39069275500101
2.32007751455533
2.19753171467249
2.32152942380949
2.22007202012995
2.24721908884035
2.31683143412336
2.30657075652407
2.36097737599539
2.31200153339047
2.30293698634794
2.30705372705664
2.2707250713355
2.38796692498734
2.30745405058216
2.38380150577501
2.42048657211541
2.01782200714807
2.1825140251301
2.24428167243883
2.24567419606865
2.04769038488997
1.94342078865521
2.2628534022343
2.26660344560265
2.34729855518865
1.83775972195945
2.3497197097575
2.02965711237143
2.26187298135621
2.17806743218777
2.28418565130299
2.31565623865725
2.35417269063921
2.24076785641412
2.1953620364255
2.42033146716277
2.00920172717282
2.41418240148581
2.34723626244027
2.47516655681699
2.41795601158882
2.35369299802681
2.3828146051934
2.46801238433875
2.3854309942663
2.13487471512423
2.48857426898115
2.29259834862849
2.25227003164835
2.3229955003499
2.38207496650298
2.30776355569603
2.4240165000789
2.49256985160019
2.39748115949073
2.38406261520776
2.38101762755572
2.45303060022105
2.45721844356674
2.4875377139579
2.47023772941874
2.41913605223202
2.49470592040157
2.44860836466666
2.37138951739569
2.4830152566138
2.37179819788251
2.42927423733621
2.30336560850486
2.38330477303895
2.4304103574493
2.3861528367011
2.40931609833478
2.3521167154913
2.4502500274732
2.39936212914441
2.15250148357496
2.39929043360815
2.39238175518303
2.40871004309893
2.40832414365781
2.37385121651723
2.43302394319688
2.36067878420562
2.14956409891875
1.9571437056921
2.36753338638776
2.4335885708774
2.37121699665096
2.41514529255043
2.15914321178793
2.40483633674114
2.47672174515415
2.43137774177154
2.15463919869576
2.4268783686643
2.14004175001811
2.24679341842473
2.40574564198254
2.34011967189741
2.21385984006626
2.22070468712673
2.04319791406764
2.36346013360516
2.33858158435932
2.05792272238882
2.24688562136062
2.37236000825375
2.02465538083489
2.2203991318231
2.21997694594367
2.40485752151783
2.30819758788221
2.30214889472847
2.45139066748895
2.28897693085714
2.43058334407847
1.95662700384073
2.34806845958718
2.4562350590749
2.42016453230883
2.18070437114219
2.237325538258
2.41872674004547
2.34905928463485
2.26975014175232
2.28561102840353
2.3153551562224
2.38707213803763
2.44699069919597
2.38187301885701
1.53779679963848
2.38362134755545
2.46375427356773
2.45946616409223
2.43576927436603
2.42551102922304
2.37960989078877
2.46969515795711
2.29204545280532
2.27384706268457
2.39052188283532
2.44779268834663
2.36714634914931
2.2774729233053
2.36269627946303
2.20459217397035
2.45774450343193
2.4090609374702
2.46152831610181
2.41432964906275
2.48262657339137
2.45911173582626
2.48525235629924
2.48580870883978
2.47914540549703
2.46281786782505
2.44797745440976
2.45137009818552
2.4501470614348
2.4025537686651
2.41711921247534
2.31195970298044
2.34035906330088
2.38164354718278
2.45453115978508
2.1717515777019
1.82392824446652
2.05763271050564
2.10502587546159
1.95128651715741
1.99466275479989
2.28909061795588
2.25736621287654
2.20859873998636
2.08948628133466
2.24426466743423
2.23198353980865
2.39092306648366
2.22886203260005
2.3000392526368
2.45642220403208
2.41394978436006
2.37372847045602
2.40353060204666
2.38655398703542
2.35045872998446
2.46153349197919
2.3351262215273
2.28670146861764
2.45227519392738
2.41399440517081
2.39148589492723
2.34189010785871
2.25660134559351
2.2605281417508
2.10390504332864
1.95852363356341
2.05068164778268
2.01841910907187
2.38122992458697
2.35100172368087
2.3713724964031
2.15803595870846
2.02691758269851
2.37606479302695
2.42893832884636
2.21484327245781
2.45993287304769
2.39061058700213
2.44126156052946
2.38633441473966
2.2130140969285
2.39453277435049
2.4421009916985
2.34267359910648
2.37829472376729
2.38701562440905
2.29670272479611
2.25608402498939
2.41561393211395
2.38657426288834
2.31912486092823
2.32307074815152
2.31794693216164
2.3026763966603
2.04568046720406
1.92783772703722
2.28623998635916
2.12403443747476
1.56252174210162
2.32037275190023
2.12038672720702
2.37235177522147
2.05208556575502
2.37300534926347
2.26611220402105
2.32594649261418
2.03968811432179
2.27724166152841
2.45355839496983
2.27394792131826
2.33427033689609
2.37361743896555
2.26607413622929
2.24867522322084
2.29281139773411
2.0824629144415
2.07213802533476
2.05760275794948
2.05173038684459
2.17207141371176
1.78829768499515
2.23728847346647
1.81487949259164
1.95479872140437
2.13567888686737
2.2998780917816
2.19517375686234
2.2283712737964
2.12492964961702
2.07192356185932
1.77205800716892
2.26339125243269
2.37737654515006
2.18767658425102
2.29628334941598
2.13656112901234
2.1616985845248
2.23940988015089
2.19841375798345
2.38018721759636
2.25214492148291
2.37012940054932
2.47667332635556
2.46447920120909
2.2063512447568
2.40147088204159
2.18516047473566
2.38823429608083
2.28662489466024
2.34821685491035
2.37788177503627
2.24964394945613
2.17666309373865
2.37024463120143
2.40162379803287
2.27305700046926
2.39320505566933
2.30828269438561
2.16937959167
2.22450637649198
2.28543711239776
2.14234822784243
2.18906008182508
2.37344847144061
2.23950471163629
2.28057690506211
2.12934170239926
2.24194646396654
2.1766772895827
2.24810529170964
2.17024996377025
2.37149932431095
2.28197774557266
2.32330743984619
2.26678442444755
2.20851644170582
2.40352164883023
2.31350087689168
2.39917641059383
2.41056854582444
2.45447493391074
2.45456821570271
2.33218559365298
2.48147260622192
2.47823396719101
2.38674937509204
2.42832738802308
2.46406292444468
2.49640730711866
2.43520849788631
2.4541842792733
2.3632655777044
2.48638765226456
2.46281916385307
2.27509001337448
1.70851452340099
2.34749436476842
2.40905048905242
2.42402741903177
2.45305395207888
2.48497539617339
2.29335810627213
2.48336072288418
2.44161142875753
2.3142601311611
2.25670500075245
2.07193747969874
2.39187629992875
2.45907985229986
2.45850078310902
2.4251025125757
2.40767074082385
2.22986727759099
2.48815818234722
2.44508044786065
2.38331579993367
2.38090726572813
2.47437872013791
2.47025018900046
2.43256714978945
2.46884461583085
2.48830301662484
2.49308632180609
2.34611119726819
2.44655053752434
2.38538240957527
2.37184153433438
2.41154555681847
2.28103518431473
2.34712178138711
2.21700453807789
2.30422183675201
1.95975765489076
2.33716499388806
2.39859666017805
2.4043762140159
2.22154562499743
1.97927239170035
2.09551456058021
2.11501253775015
1.75935523330821
1.92869493036748
2.07050790881298
2.23409621448891
2.23094936294259
2.0154005114111
2.0025478038473
2.1403457881474
2.32077685258368
2.13621938961994
2.34115650149877
2.18441447523891
2.12047130494618
2.39817259843426
2.37926690231271
2.37040273986742
2.06139203896758
2.32989691282892
2.33490733040228
2.34655888272487
2.19863071456908
2.27711454447318
2.40937979329893
2.4295775973484
1.74893237914633
2.39936785372371
1.96228449382804
1.91108674632241
2.20431522348001
2.38392876553947
2.43919252133335
2.41923117828271
2.38965202759156
2.11001554929803
2.44171741844019
1.98865928226808
2.16859138157074
2.24913066899988
2.04244442628678
1.86261014591959
2.24792451855636
2.39608832858881
2.17927516285626
2.14460447568053
2.15327153967876
2.25497249436565
2.37928725034937
2.36617028902665
2.06804406920584
2.12641958762651
2.22103976778187
2.23066565751095
1.95344874539864
2.28749899784853
2.28191347485695
2.25129436177789
2.30969211181841
2.35093320698188
2.4261727855236
2.34281582501661
1.98003502651194
2.31516222827295
2.28007835061666
2.46233500150285
2.42597932385068
2.46575838074208
2.4129450751331
2.38089625619195
2.41334709761746
2.40169736660298
2.41027260979639
2.39969143725736
2.46908258711272
2.44458509011735
2.37685833382603
2.44893547099234
2.37201539505227
2.33233180012155
2.39391701533068
2.45163747461182
2.49436390969079
2.47343451007255
2.29188694747412
2.48216795568456
2.49476557635744
2.48608214810963
2.48616071215549
2.37685084503818
2.47809907837668
2.49456986829856
2.47364039681211
2.46612932716867
2.46730898851362
2.47406877518719
2.47984029766114
2.41844858182565
2.47888163066821
2.32113465786829
2.44301245900372
2.2541662003486
2.37357628978089
2.48504938155331
2.4854039928069
2.29713505184134
2.41964089935541
2.47425388474719
2.43529638013494
2.39226853748834
2.43268912236157
2.41664902925512
2.40340296835973
2.40535825394492
2.27345398473373
2.43062810711091
1.95243123693292
2.37190678251695
2.46682930775963
2.33519993177045
2.39837075925509
2.44063995619008
2.02473084410519
2.48876232058421
2.40079719216708
2.40760617932312
1.88909942924074
2.32340828669911
2.36811289075035
2.26912059052623
2.30584507940617
2.41661022745625
2.24223295752108
2.31828568053845
2.19018934127082
2.40058644789558
2.42591443494587
2.32392951115621
2.38921300962157
2.3795350428656
1.85417710932693
2.26152267604047
2.18835449645134
2.26562813910802
2.19927481079835
2.18174174889238
2.27954387349314
2.25982905527964
2.02950992293598
2.3876931565687
2.38595925610315
2.37428685433441
2.42637982077196
2.35957619243617
2.20052348742823
1.98387390539852
2.26368815688673
2.4406236352692
2.31254993928897
2.40714670581559
2.04959924006415
2.1685098716021
2.27851700832468
2.16235271188532
2.14449256011126
2.10924256384653
2.27527788518773
2.42478763677534
2.1788912304033
2.35016209443855
1.67881147696309
2.13846406992918
2.19232049374315
2.25345244766997
2.10361805212577
2.35595277079792
2.22991295674632
2.28138015493641
2.42675064377838
2.46512716851216
2.44352638896225
2.42036400843714
2.30597140174361
2.38935255768864
2.38820244157454
2.31273258393063
2.36755075083372
2.42551498665573
2.35816064367845
2.4366003713078
2.2839569540738
2.24751269810696
2.31364660297885
2.28370756210765
2.45157049209665
2.40239389176019
2.48925810911443
2.39613163241109
2.24404286815186
2.14764583115622
2.26304152819043
2.30949244380755
2.2515031260147
2.20673009560659
2.04061602225187
1.98307414309327
2.26107647889322
2.13887236370418
2.2992588203247
2.24723634266125
2.06783847795043
2.3149439619165
2.00070496817402
2.19542661166895
1.85061015252334
2.27963622783603
1.96670550616462
1.70136168059858
2.12070288323442
2.20582140206012
2.32164395566274
2.01074677531709
2.08528592829418
2.22231614596153
2.3754040832435
2.17923108327407
2.21858108239909
2.20998176040936
2.30968380577355
1.93412062311364
2.36542522642204
2.34747687117941
2.37475782275874
2.42684303773836
2.1372133309748
2.41538642386844
1.9924085032223
2.29632338771729
2.40463719148143
2.32816317258061
2.1477025703441
2.10486051165065
2.22295753293779
2.36921990531329
2.45036789161397
2.44859634308811
2.13445568609055
2.35024759478024
2.13010925595352
1.73696600439252
1.1027190879022
1.85054470873301
2.372362832372
2.45352362075328
2.33583404577376
2.14785745163561
2.12878721809369
2.23453740709288
2.41719535447644
2.41096835559737
2.1372684349983
2.06339848127323
1.63036930850585
2.08290804298699
2.25152226535578
2.46072026405555
2.44469828190909
2.46046855272031
2.25897843792764
2.39944909267094
2.47012291821696
2.4524783526743
2.43637269017424
2.45821931800497
2.42357072036429
2.42176966056806
2.38442475345843
2.29002521104455
2.46547251957775
2.48745574710452
2.39385622851865
2.41679833941459
2.47246587484334
2.4002397541913
2.41289046500863
2.47268668692412
2.38163540419601
2.45638593793221
2.35206193993459
2.48135550310044
2.44173636883119
2.1234410688547
2.25468896726279
2.33344028737137
2.30874893933288
2.41456488872523
2.40588933611042
2.46489595113855
2.4021505527078
2.34609762321792
2.32713367314813
2.14412166488707
1.94211961455349
2.25217983929553
2.27989323109253
2.3661781511521
2.41018073945099
2.46533101908049
2.44367147619542
2.40012746722714
2.16504849110774
2.38040137449947
2.41796157533267
2.46468361616849
2.32306466685039
1.83705654450211
2.26821545439136
2.33272575961489
2.38200437804781
2.26925274947161
2.39700512545246
2.46269430997846
2.35358022686068
2.37680790956725
2.34990649256909
2.3161822114279
2.37086187154717
2.43667416503406
2.23792958032017
2.33356286387596
2.39338601739879
2.18670967119639
2.22743280734209
2.36957213128177
2.45983692317273
2.26305329726981
1.96609199679145
2.43307914775596
2.43771580877754
2.48725311762934
2.42455365709717
2.07536575116856
2.43666019237342
2.46587671067405
2.44994026707632
2.44432010042389
2.4230242371844
2.38075485913012
2.2916369116453
2.38862541880043
2.35369810217533
2.40337236882684
2.425996302048
2.43373959740683
2.32566665221913
2.37239660898155
2.46690300192716
2.06515322217293
2.41332763621757
2.3654004044237
2.30099104891756
2.35686066058513
2.3615932146335
1.95877787659612
2.33373411402609
1.72617126434784
2.34626267060481
2.31452870818461
2.23265171689108
2.18234602018049
2.43125044475969
2.351439839939
2.37826378257313
2.44366971778158
2.43043710085145
2.30588698035672
1.52371885388805
2.24247539221869
2.41634008144718
2.21456145922037
2.27891498455526
2.19040235279816
2.11650576794418
2.42597572688568
2.37300539092021
2.4277778859589
2.13485571492126
2.31822653881663
2.48249985963172
2.373155626561
2.49034054264479
2.41085911484616
2.25173337068613
2.23271303383219
2.40219558802894
2.27934368398085
2.32424545641267
2.15122642047791
2.39809566667708
2.43444875040825
2.34305907801861
2.4502333516748
2.3942585246013
2.26215426147994
2.42224393288582
2.39356386060528
2.34346577376083
2.32577554780005
2.19052236233735
2.23356768897111
2.33615034404862
2.3337042081075
2.37025306417276
2.40736790513616
2.33354492613203
2.47096721928799
2.47031579049715
2.47316855644965
2.25673096467941
2.17630132372895
2.40510188170266
2.44305456208174
2.46198165528521
2.18619764151773
2.33715867614236
2.44666095565345
2.46672780489069
2.35201133903415
2.38121532496848
2.34905815497539
2.3321655797081
2.39047790150354
2.14971491632179
1.84977497950215
1.29586191650379
1.5632969879044
1.49779769433423
2.25939188709126
2.20388145928287
2.39451639152321
2.43583061118733
2.23203725577336
2.40277947068922
2.40747004158572
2.2720758608286
2.4002355980454
2.3930652460722
2.18364414417022
2.46485498632863
2.48970022908036
2.49412863834446
2.24146114233579
2.24623909642922
2.43234326772036
2.42787109114111
2.34229723431798
2.41160276081405
2.44560304062507
2.21178881692322
2.36121262769773
2.08067749296253
2.16931450387396
2.42148909384901
2.33588459052955
2.2048931808208
2.33023505913419
2.33258341371112
2.23000427012656
1.57936302842384
2.28969431971954
2.00998803389564
2.21874328957058
2.23486863244973
2.21470555501335
2.07912073062837
2.25765652078188
2.21623358346793
1.95038990008688
1.64208316784882
1.85103438329944
2.34231949845443
2.27716790045406
2.26236583285157
2.30663492627296
2.25837292538113
2.35195584423594
2.37526310679882
2.4244491986091
2.20492917911142
2.13748665184333
2.40236548198721
2.3636892281248
2.26716580441418
2.27854358624347
2.40919978702153
2.37243852541519
1.94777094706614
1.8566854777894
2.38374124800023
2.11101282822668
2.08834027880768
2.33213036457991
2.41413891668469
2.13396878356965
2.17300166677863
2.27593460436214
2.25693051590439
2.34344522608539
2.38838831874812
2.37512132381226
2.21598633976628
2.34370835751553
2.42778741302386
2.35760146332071
2.38932707490746
2.26936689651158
2.22923982477286
2.43995138716184
2.39511284493862
2.3374719282561
2.09001964333357
2.44039791404481
2.35322714621536
2.40146235651466
2.44607005607824
1.91204566120312
2.33082037554201
2.23203720242419
2.36025136352519
2.44938663631646
2.400214674089
2.43796225880152
2.45172480271338
2.22498083566068
2.30166678395652
2.32525529195629
1.97122310349129
2.41202144226294
2.33070235785406
2.36465810023896
2.47441310317518
2.11673107800157
2.37153687372402
2.01815602290008
2.45438316610353
2.02230850038208
2.31668105820332
2.32767904031959
1.85751288490329
2.19423438716719
2.13247867890532
2.21999631377921
2.46187273358493
2.12029413603962
2.21206496715595
1.97012248731263
2.03056083869572
2.1880852304602
2.22800584813072
2.24849737413486
2.27302401270186
2.41827495368044
2.26058768312861
2.28561137838534
2.38144395719789
2.38941106905385
2.31685895332001
2.17456710207155
2.31251445785733
2.30981335991967
2.34776742332975
2.23382753709867
2.3640110306706
2.35296362440534
2.20946455320014
2.31752906125184
2.3480795876813
2.06212213634954
2.31606709461767
2.2969269197627
2.40773878983778
2.27390317954667
2.46406736319273
2.33588884387871
2.28416812457545
2.44209410832041
2.45101787058736
2.3996146664244
2.1557234015501
2.24220365682372
2.26162362959196
2.4584380187451
2.35581922932213
2.32641163662308
2.06333136952705
2.23193886326347
2.1477652763679
2.03079814442364
2.06329339242621
2.23869092743653
2.32223636508694
2.27222183669934
2.12069211587777
2.16140386433355
2.21133157482025
2.33718893332845
2.37309781897984
2.05629802709873
2.42580004201716
2.37607909127786
1.82459121318622
2.42453794477992
2.32797388151297
2.2967338363431
2.22567530583741
2.35881540647328
2.14951980915679
2.36849421177147
2.25590123459065
2.32959673856411
2.32927968537414
2.21355101371882
2.28885958257375
2.23648497347337
2.2051937199208
2.32818809337528
2.45710212237267
2.41330380290348
2.4306849024379
2.40055059089838
2.39351347863673
2.44135301680139
2.27197833977711
2.15895534747835
1.91373658178468
2.23700412528196
2.27593392620333
2.11360565396904
2.33883450317105
2.34084929390422
2.4496675635836
2.37215831608413
2.10043767730528
2.17819546853344
2.07689047427369
2.26148837907957
1.93404883019243
2.16086527273328
1.67396896759371
2.19638263091469
2.03014852843189
2.33547887530313
2.25153307033027
2.42555819114225
2.42481068830537
2.27925390766786
2.45611622947698
2.41344773364726
1.99196542716535
2.2446934061758
1.66446536636643
1.98420823542959
2.3719080885961
2.44836553270556
2.44038049506437
2.18721012537093
2.4291986477462
2.3134664608052
2.292570874329
2.09686171552322
2.31820316536204
2.24996907676431
2.10207609020493
2.26155036227972
2.10972303508113
2.16926345931967
2.30674285899756
2.19161462867937
2.14657499979616
2.27916598999227
2.32003106850963
1.98444705775459
2.25686492684604
1.5699410247627
1.58800276575277
1.84873413668494
2.05389724763555
1.73429855712094
1.89785207554448
2.20515655816924
2.31301056765868
2.07227357385084
1.80968128623059
1.9728377190273
2.14231040179144
2.35936788300337
2.3889968466458
2.17565099662326
2.45255656609548
2.45971058630472
2.43976980781738
2.48470400923899
2.45213277850988
2.33279093545953
2.4767656720526
2.14044981294503
1.95433513373455
2.36137287648346
2.42676565429294
2.44810288355742
2.34457639252944
2.47319369311503
1.71988262686708
2.46091661234979
2.29576211543375
2.42395432577965
2.33883995422715
2.31741994468504
2.41798000313974
2.46069895776341
2.18069154251782
2.44433351320975
2.35462092862948
2.19041629777464
2.43411907098471
2.46239050679402
2.47281607726167
2.32823552463771
2.38617266065679
2.29537372794827
2.17217619194775
2.44603793712017
2.26133013138464
2.2622786767821
2.24754116394456
2.33319695264221
2.37995231482151
2.29007999747515
2.39393368032915
2.38023550750363
2.04573467252159
2.13692435755844
1.9393091527124
2.25183639357956
2.24673482761974
2.25621901318016
2.29943718452876
2.37163655837487
2.17785483524677
2.14066718225064
2.41996518625197
2.37728381427303
2.14780296145586
2.32312420202585
2.31211151179927
2.24165763866864
2.38716127823253
2.03544908510149
2.38325007551736
2.32435048827341
2.38513304079618
2.47489880111294
2.47282976684233
2.37420586362175
2.4703787401497
2.47394247402067
2.42114721320677
2.44124241097376
2.29179476910264
2.27773547638222
2.33298506203087
2.27653765925917
2.36203971362011
2.29160613343109
2.32330660048413
2.38362532502853
2.4080192423307
2.37474533393997
2.43670764372535
2.34542040758599
2.31029439849128
2.19155115320514
1.89980844670832
2.1378238844583
2.34942793961899
2.20499658602721
1.72852134872782
2.11178575129606
2.34368524072336
2.36304215034781
2.10426430874326
2.03927213967264
2.27266380324877
2.23151497998704
2.20784784548241
2.11085086015203
2.23191724258476
2.06113763253583
2.01264580178947
2.01565421133628
2.31321668438178
2.14474140085186
2.13976862726544
2.30095239593031
2.09692443986206
2.32439958949141
2.33862713620849
2.21858967778596
2.23416051857399
2.27283074919896
2.37421112011098
2.27625303733151
2.36180196773818
2.10984304540283
2.12357431102842
2.22617689591021
2.44873187944542
2.41338433517308
2.43191467981941
1.78591545081381
2.17616027800852
2.23407536369289
1.92687360958982
2.40257930018204
2.43080329769548
2.47376247812388
2.2603649085604
2.44868126586605
2.07682200894232
1.80398070128634
2.37424710371137
2.39939859067152
2.40974021704686
2.46906608561243
2.40575407560091
1.51153470558856
2.33241617546584
2.09366409199621
1.8167510043443
2.39406128625401
1.76708805942781
1.62559327077975
2.080003080854
2.05111263485335
1.84018739435517
1.731512412659
2.44484326539463
2.4074084703083
2.33333170528839
2.2569785485345
2.05231833040052
2.44131740678072
2.38058626265757
2.44609230624413
2.47550590343661
2.47700172568644
2.3624327894433
2.40501113719789
2.36666371784459
2.48067831654803
2.44262116922028
2.44607437953166
1.99321294512149
2.33266884636645
2.29323765710726
2.45883468424344
2.38857933643906
2.32552545836494
2.42797467483546
2.40228680163653
2.33006848216921
2.30189708800511
2.32541456844083
1.94366388462522
2.17731673614795
2.26337288803401
2.45874944297218
2.43369745708629
2.32118514005048
2.14858281135932
2.18575502014918
2.30137271767026
2.32355203846229
2.42122431940885
2.46370468984947
2.43742073592709
2.38556635778356
2.45163603003981
2.42753916841589
2.4561213127595
2.43035512776165
2.42495281677486
2.44478185741071
2.45691612723618
2.25588859851973
2.05739805383213
2.300913429947
2.2886224415449
2.46716084866199
2.33251891159454
2.02603477458783
2.46269651983298
2.4652786644523
2.35958507409725
2.29696789021237
2.35519966356791
2.36147823270851
2.4008400570876
2.41659592972358
2.46098010624514
2.40422212233628
2.43220589853567
2.39490180170535
2.48334145163924
2.37469633229222
2.20938563445651
2.21990074223904
2.47580546998346
2.35464039110528
2.46272822116103
2.30523020991787
2.23835941779601
2.44718848190554
2.45989065301253
2.20059216532667
2.38116110749183
2.45709433419973
2.40489384663545
2.41870409466026
2.47612965032037
2.39419855433208
2.39750174773116
2.393870979524
2.41577013897173
2.46033982510455
2.35225612689287
2.40732099960591
2.47893965177865
2.47424598528215
2.37459688821483
2.30040473605552
2.44541038142267
2.46758233463896
1.98843637917609
2.48338367415462
2.47193293517275
2.48323663678197
2.45079946254138
2.39870186765376
2.36949872763526
2.49175477570357
2.45517897495241
2.41074095008707
2.45837645656139
2.26532366993133
2.48962414450101
2.49212455181095
2.31239425528831
2.40403511901761
2.33444103205369
2.40365958163912
2.35544221100957
1.79799402750929
2.01048149400768
2.27237021372912
2.46899955254265
2.30892790435488
2.24757296372029
2.35557564304796
2.31862613035258
2.41242173309137
2.38839970752629
2.4267539967371
2.27388819861992
2.04170498548574
2.21192311837527
2.39206232448864
2.40502418962198
2.28786699324634
2.21922026548249
2.48191591706924
2.49264033905578
2.48458321026002
2.49298695902954
2.40744278193848
2.25208498313727
2.35753533566008
2.44362214341764
2.3278594237097
2.29572178038128
2.36195916210387
2.36268465927647
1.92504840834732
2.39781478463847
2.34286308266907
2.38061882905025
2.37319141665171
2.42671773120313
2.47775470414038
2.49250339515456
2.45154725710538
2.38300822164529
2.45854365355206
2.49386326470252
2.45336888068801
2.48705480157793
2.49210456119466
2.3843991091961
2.40781148561147
2.33470158843071
2.44976728851102
2.47731042928328
2.48743796605496
2.45599171544674
2.45457938479908
