2.4999
2.49982967304383
2.4999849140859
2.49999594321434
2.49999710542729
2.49999401267001
2.49999965682867
2.49999710467401
2.49999792549812
2.49995752755787
2.49999391826934
2.49787971407607
2.48208250981603
2.40709162206631
2.45734055451575
2.4976529666029
2.4998866623554
2.49987326748207
2.49981985984034
2.48694399309679
2.49112842011965
2.41736186316245
2.45472177431203
2.32053376657202
2.33771484592611
2.23857307954092
2.33181090459651
2.49778724410752
2.49961914223023
2.49863283986271
2.49983894244508
2.49971473650928
2.499746016523
2.48452825651378
2.4510749031603
2.49925699817106
2.49636131707598
2.27255515768723
2.26353506643477
1.65294078756678
1.42087821642027
1.54151701983959
1.35005611610741
1.05709851153613
1.13910809684796
1.65737166519677
2.35579745205739
2.32614162154701
2.33265134860036
2.22924677748925
2.34507028212391
2.19082677316912
2.42098641257999
2.01091307427727
1.69500226093462
1.74142254029652
1.66613539083413
1.64232001118183
2.08779537973114
2.04933219892127
2.4602434981693
2.33347894028217
2.43044586973666
1.60069119251622
1.68554656685178
2.31254723095311
1.57603223353823
2.20099833897593
2.2532088164933
1.7257947715823
2.29460564834703
2.45934899454352
2.10051709961817
2.09955051250496
2.43639349608023
2.47391706238713
2.34473262754822
2.04965180332769
1.85707441344893
2.16695961518943
1.22125227253365
2.32598712392881
2.08949563253561
1.24953233743145
2.07634930757797
1.83405861173382
1.40988871573737
1.43550925860746
1.28232688887223
1.4768394196277
2.21485076323037
2.34558356538344
2.48612447969593
2.45768834001431
2.45811531159007
2.19239806418754
2.40261885919485
2.02746632744557
1.5649561481163
1.07747515196928
1.39709897594144
2.02979255866239
2.38592857922427
2.30120442060775
1.87022863890755
1.78183242877024
1.08986458434821
1.9742828723286
1.77509532871855
1.45382575074586
1.58201148993195
2.33888965047419
2.37697693669813
2.40981825676329
2.37815692019949
2.36620029896284
2.10961173021623
2.11815380267523
2.09511534093503
2.05087793606005
1.9489646891449
2.08217625258264
2.22144068332378
2.10874501205631
1.65592066966393
1.90120919768736
2.25500443163834
1.55100914790237
2.11166921015581
2.11387246817521
2.16731205091159
2.21991427698966
1.9330379743866
2.01684582682271
2.43907964471899
1.68545931067686
1.99969882870116
1.75356317441484
1.4485435792851
1.99487746493491
1.82961056713375
2.00257352576976
1.8207125645256
2.29977870304878
2.21799521728832
1.89310045483879
2.2913951383063
1.88322374790497
2.43546671522608
2.05251481248996
2.2230500327462
1.9359553595406
2.18578058001037
2.05805618200779
2.18346996668713
2.02526127934599
2.23902570200804
2.1697417687685
2.01283678870735
1.94948070066907
2.06874747674852
2.16795538339286
2.13831092546298
1.88665674774289
1.92492726391837
2.22969100462476
1.38904716238705
2.10914284938759
2.34901740515702
2.42481202377414
2.01594543956297
2.46432780503871
2.17991022117027
1.74356863890465
1.75598440236352
2.05532996679981
2.19142603033602
2.44836497326144
2.45709886275111
2.28925054651448
2.02266656373306
1.3101712960403
2.26841994937939
1.79527746353049
2.13571290218501
1.91626570137581
2.20464745447221
2.3819710016777
1.97315834813802
1.93599023759256
2.10233022283348
1.4120680373292
2.46468599981017
1.28370813560505
1.64401391058303
1.64956709011722
2.24490600706418
2.31705202073793
2.2262561438385
1.86433798867151
2.15386891083801
1.87597917447077
1.56763216936068
2.06599498367934
1.28337327660235
1.47315641696586
2.38648806253207
1.86992072028132
2.48804746454115
2.26947872300332
1.1130458369107
2.0201093047433
1.92787059888986
2.35965478385588
1.84795136626163
2.28510253738631
1.74012009301264
2.3114590056923
1.72611224033459
1.60985834784646
2.1303888796845
2.19242502887642
2.38376514680023
1.93167328270357
2.18023300655192
2.00557494225148
1.97136054082434
2.21861764617406
2.12654494622711
2.10122401058156
1.95380063246097
2.05713105315239
2.09309369631906
2.05713351020869
1.82682554762444
1.91324316680728
2.31616175348168
1.99737299964451
2.04648643516762
2.22776427837944
1.91582108639769
2.04115640515282
1.87888196953952
1.90654889249655
2.19564266775217
1.5955693294875
1.91182866571936
1.61497462070841
2.06268145412725
1.99449336474523
2.10947856452279
2.06343607786074
1.78895698205691
2.00829347465938
1.8418476664446
2.07510142833976
1.8363767559746
2.42643690954209
2.26481265959396
2.10192242835489
2.02719641802675
2.21912396247219
2.19832186110042
2.2243990835757
1.74653644025808
1.82064963017284
2.31979138616177
2.22098586654858
2.37187914020699
2.39392526633648
2.18827988804023
2.32225690120312
1.85072006659531
2.24094939202623
2.27220688814969
2.41536313363174
2.44149844504489
2.42556027795814
2.37892129680191
1.8673953195285
2.3401574803252
2.20858068643385
2.26357094297048
1.78130932756662
1.61141658942553
1.36815493221255
1.57444314890815
1.89308643087295
1.99753014339371
2.23498558221339
2.2224776820016
2.3504956740417
2.33666974556402
2.35689183075608
1.54895993828293
1.97679945578274
2.26876707287005
2.29172108906084
2.03263737293237
2.39348314071027
2.38159751057957
2.03645515948171
2.37066956883586
1.84108299970028
2.1287720377842
1.74474881156897
1.97796835259657
2.33519162745048
2.10630271864337
2.08971863121262
2.20662228306248
1.94878339796024
2.05516772104903
2.30190264383532
2.19386042014438
2.2910437162163
2.01909487982707
2.34569890453399
2.12922379675113
1.78117299108646
1.49785808133381
2.15694687933805
2.06297118970967
2.21048627714204
2.38456269437166
1.66612824984434
2.01050520564817
1.46168102781582
1.75430437006557
1.50754704068133
1.93666626892565
1.50601272119507
2.04284147155069
2.25991201095933
1.71676833104903
1.92859427533865
2.22294574933416
2.2510505191527
2.1595548084919
2.15221466390122
1.92764405876311
2.08232348737449
2.03477927932586
2.11144264464175
1.92204770064883
2.02431861232776
2.4015246965765
2.35188432799685
2.40477542429976
2.28190380080722
2.0061094702761
1.45558033763219
2.10971602293649
2.11281105449651
2.38034129733718
2.17189868803832
1.89869221506554
2.34438727017977
1.9187075548825
2.0435480988341
1.92223195621935
2.08159405363405
1.90042015808088
2.41622537893897
2.38173517876168
2.07172419937613
2.05036873314798
2.36970779771617
1.96042870132582
2.33234124949053
1.95804137205107
2.48025595648966
2.46576493136101
1.89755934113262
2.33302906244733
2.21690234103378
2.25352412249909
1.82463645596289
1.96107861751842
1.85576151693506
2.44189622804659
1.90156930608837
2.40784733355235
2.10744920903668
2.1374009321638
2.34041030278254
1.81977005249508
1.89188259329402
1.63499787395911
1.99925011607698
2.03780512106987
2.15040101946914
1.90396158702495
2.25688195266946
2.20673557332682
1.69580301940006
1.83896582261656
1.97933674759168
1.94188930421257
1.97559060086368
2.06878265348782
2.15185952584955
1.72406430372091
1.75151235347144
1.93058803879209
2.15468259369262
2.20197985099968
2.11163118641453
1.97825714933227
2.26192601025109
2.19791293441666
2.32731687462928
2.44517046046383
2.38212719999058
2.05713259903657
2.01520249939788
2.22204821006821
2.23593076399099
1.75295647149368
1.54719832948496
1.38104915100856
1.44094523964407
1.88205616520027
1.69944265385789
1.78365044994885
1.60322529435461
1.89489048783328
1.51335525686853
2.22737031946725
1.41173311796753
2.16527632827873
2.14126142058704
1.70242884655367
1.22336868945055
2.19611217357916
1.66775888584427
2.15072909906251
1.90402901380222
1.940390840678
2.29897597417112
2.1405245528454
1.98904868029019
2.09580944394438
1.90542981807558
2.15439222181317
2.03650087759574
1.86706402161054
2.09357018896592
2.02868628970269
1.88020237220007
2.14329669667937
1.93182044880176
1.60162757708647
2.0847614517425
1.92108938634364
2.24214187989614
1.6001464389422
1.44460587902607
1.75107863362024
2.16422319469702
2.08034484508058
2.47728117857356
2.2623385087829
2.20295937765958
2.27958905254021
2.17116636125533
2.02193822765982
2.07745595263764
2.1597638669885
2.42559201874704
2.21307923894824
2.3414325804335
2.3255821166896
2.09432562030521
1.95979998379894
2.01404607627312
1.73932565187384
2.04443709379157
1.82196942212083
1.7599245483705
1.60514603467341
2.31528027948894
2.33410243763754
2.31912133466363
1.66293226336171
2.05863866247418
2.2152624128424
1.97667331074336
2.27724134371452
2.05489260630202
2.4143062814466
2.27859568816971
1.95841644828284
1.96656804442263
1.47083292881742
1.3365426460609
1.77629658680457
1.4143269510438
2.02794073863965
2.37437287923742
2.23960614302319
1.90879498410582
2.08267918385757
2.26910054934984
2.11106398596511
2.33332403918785
2.29666800830889
2.25691877962107
1.39952449393329
1.89713846224524
1.68902394420299
1.9816331596808
2.17673238511433
2.04790242508289
2.03800454265971
1.60127686228929
2.29862968984809
2.07778629684838
1.79741091810784
2.24795668035243
2.23217458173139
1.66538117524253
2.13245850496704
2.15161512907735
2.00363861772605
2.37474460677869
1.9724573439222
2.15829870486185
2.10185245716686
2.23492902506436
2.18022942400917
1.87900191329863
1.85491408196757
1.77270786675181
1.87024665016814
2.05339627088629
2.10825580306737
1.96239150560306
2.05607212830627
1.9932038430324
2.40805400108831
2.14137265050135
1.96906403431904
2.16847551131257
1.838407334292
2.26501534899384
1.38451728920142
1.39934976455271
2.3348392477104
2.05781105453034
2.23841800215948
1.81513197075935
2.26717305272041
2.32597386159542
1.98299408677727
2.40068834146043
1.90946379595121
2.0629805512488
1.53614067929986
2.04707523998629
2.33617825545398
2.21528171644742
2.4081044358987
2.28516129281972
1.84226511612239
1.999899326736
1.87746868462353
2.0425674033535
1.98305145212695
2.28770144655626
2.22470540764535
2.23670552380131
1.30790532709455
2.14256962874699
2.24865725356735
2.15870532185113
2.11485853391145
2.44925985477598
2.13326519612277
2.28239648848027
1.5940641833381
2.29691190085188
2.16134969189077
1.98981098630178
2.10538062418852
2.45423596556412
1.73350404199649
2.08974630187505
1.72844096536586
1.97180066249049
1.99556375641718
2.02514465403231
1.93992596194053
2.01881634864647
2.09319394683881
1.94458228111021
2.12553274560796
2.21298390192035
2.10509179503499
2.35724601691164
1.85756049045627
1.38531631170967
1.14563456585098
2.00756014150412
2.31507768168011
2.12223374409619
2.44421347774428
2.46742090427027
2.38384404107888
1.54890362466728
2.04406926920187
2.20651823259963
1.99606436575718
2.34704329021677
2.45552140392007
2.34467715558066
2.35179294886628
2.02885705372999
1.95319053773478
2.19181800881364
2.21867239419935
2.25039642690283
1.18538533663263
1.59415977242738
1.73351078265363
2.43038681108327
2.45525409729171
2.33198866066824
2.43059511899446
1.82984661084623
2.09347216695276
2.40040088833466
2.40122708080455
2.48383989190384
2.49367839637211
1.76424120692403
1.61011332006463
1.5467463665061
2.11518207819187
1.31190050400526
1.59804394642198
2.03900012787383
2.28269573486174
2.15831806588302
2.07216938063791
2.00783049935005
2.37353899974794
2.37226484956673
2.37532673231644
2.18358845864545
2.0715404896482
1.80435403172263
1.74198031046352
1.72321028214205
1.1890786180291
1.28918230934383
1.50469103861438
2.35999261236435
1.72663981107378
1.16961431499763
1.08392113750993
1.5600316866342
1.58774765240388
1.54430980390482
1.78037469831919
2.41723083146019
2.28141148992815
2.47339552012728
2.31558877332095
2.42489344048109
2.42632581424894
2.18779265538171
2.14896157834235
1.98150994128571
2.4500588218397
2.18998077397897
2.48354020178032
2.27982800158229
2.26436979454704
2.36902031616882
2.4881732764856
2.27201963960376
2.11506529826237
1.83714436279163
2.25820212293603
2.46884276335338
2.29628931784161
2.31593616764088
1.82173594595916
2.39188664722592
2.46248800741722
2.4872688923793
2.31675685154567
1.29989946255606
2.34230395232427
2.43382543771672
2.42622815248921
2.47369913029511
2.4661152891908
2.48870896054439
2.48947479381999
2.42295870310117
2.40801090458603
1.64864250603061
1.49630143528962
1.56401894022067
2.09607701810962
2.39256296421757
2.48030176270435
2.47087537087986
2.40904222865271
2.2208973849213
2.43718159149624
2.39515175286035
2.34420284426996
2.37235561041036
2.27013391809945
2.39188482826769
2.0593454879768
2.12759898303121
2.27624572563333
1.54308804638529
2.35572965051451
2.15147932314999
1.61602610835495
2.36231189957237
2.34037403524192
2.25673196764019
1.65910643714714
2.26704580363809
2.20288351701831
1.87952114373423
2.36083245718292
1.57104360441401
2.10670701854941
2.27366724622416
2.11306377803554
1.66907081204785
1.92712781276441
1.66223103692341
1.61055225748589
2.00109953256444
2.3240211840184
2.1681534395667
2.07034942313707
1.98554262484371
2.18281165933467
1.83741418855659
2.26923849684651
2.42088257023129
2.35481159328584
2.16123514452919
2.29678628883269
2.3677972486227
1.79448872739475
1.98880123995305
2.03275438798653
2.04869179872769
2.39351606864557
2.32877794542938
2.43380477500605
2.01750395419474
2.44294238539383
2.20557759016401
2.45420107096461
2.40304095999241
2.12082716046964
2.4531917919544
2.46651791067615
2.26714018205745
1.88583367208255
2.14212127102075
2.2671048772639
1.32610293611322
2.05438149456934
1.98151010914831
2.00470969579985
2.41274365641944
2.45947003440975
2.24916726649731
2.44937016868144
1.5588258623834
2.1711313217925
2.46377678011919
2.46569769528243
2.26759312298343
2.39130963433156
2.33907476113719
2.28700898878403
1.90764592256866
2.2352902663205
2.03168010078851
2.40560138753202
2.31777753683035
1.68482220899212
1.65184120333811
1.9779721606262
1.63670327449899
1.36103300187029
1.76630078224255
2.28486094973907
2.08488568376791
2.0769576129643
1.21875363441238
1.72098434174343
1.20960892279308
2.43213989247853
2.35808762224531
2.12148828245106
2.16055429795205
1.94392254380607
2.01690309507527
2.13005338765278
1.94746696584446
1.90341019163149
1.63597920201946
1.97803877763005
2.09968058015226
2.28177162637335
1.80636752698377
2.13154113521758
2.27376743923606
2.30547601555926
2.10359940707614
2.19347890933631
2.02108768370652
2.39224071740051
1.52835175694187
2.13723138485792
1.8702628920419
2.34190151133766
2.33448676611839
2.1742066466299
2.43455037662936
2.31194915092435
2.03692369167619
1.58896545999925
2.39281467466658
1.80228011004912
2.35407537279075
1.82709974086116
2.34676614383537
1.8292581487416
1.46047543657929
2.38972504056015
1.97562356097224
1.93486630567508
2.30244029347895
1.51596531032289
1.4348431958379
1.65127209703227
2.28211211709882
1.88843922228313
2.31674321342328
2.43031211932881
2.19913788766917
2.10453912108799
2.14825518422705
2.20467267133672
1.81157182151468
2.10815808171676
2.41314474844661
2.01509283164214
2.36141022577586
2.26587564699409
2.26294468315977
2.39419416702031
1.85583126374417
2.28835714618081
2.17293015583185
2.32294039204169
2.07553254920324
1.59119252591115
2.11844419591557
1.70252593653467
1.37891330751772
1.29035382279472
1.29346648881129
2.28595361453228
1.26663341137372
1.9284590118842
1.8485631314027
2.04612153241099
1.79926306487515
1.82981994724058
2.32109111112277
2.36378648437907
2.27399930546234
2.06373967757303
2.02563925559028
2.12488542217641
2.319326836501
2.3226234873421
2.14534092121712
1.95370638258177
2.4218683124002
2.20545472159443
2.25081352192259
1.85891515926822
2.01817560213112
2.26427584333104
2.2235402006333
2.00732864481572
1.86618400335299
2.11647292159759
1.91740948409527
2.19878886741947
2.02994257795057
2.32086319347152
2.19531557903299
1.75869503995594
2.0649163917449
1.37094811243603
1.60892067095079
1.56755114714808
1.95822999474029
2.24299629593832
1.97278780517491
1.94839806941411
2.08228096779942
2.07840651336203
1.62173491136303
1.66617336103572
2.10494706723588
2.18109433748908
1.83679294898345
2.02644678438365
1.82103199720208
2.32567230535596
2.13708540487977
2.07427558023068
2.32090832420502
2.04390396328421
1.92915050447693
2.24464980405424
2.10058884072937
1.76706107076328
2.00080504508038
1.67029613814677
2.08041886280289
1.9680646776846
2.02389943487113
2.39942002990019
2.3762200091001
1.89252372211069
2.00197143408697
1.92827726498767
1.97992395854297
2.3891189619864
2.23676079291107
2.14020539391124
2.36839436575383
2.35769230084322
2.18195626481546
2.09919004786103
2.36761445318948
1.87479172270218
2.26660651513772
2.19317511848385
2.30332765321373
1.82850975550903
2.05330339234302
2.25510956347046
2.40398616986512
2.16970237228373
1.74887083070181
2.16160452225359
2.07814273194753
1.69968930330946
1.83254790891919
2.37986543655069
1.356139361847
2.30919010522319
2.28841419246824
1.74122830596832
2.35017755303776
1.96440904055221
2.05508010310646
2.34204510998525
2.43180589136904
1.94161429488297
2.37579698067015
1.8365449782684
2.39050302061714
2.42204938051932
2.39805548830343
2.47093752028052
2.39047969386169
2.2500633220001
2.42978226984564
2.37018390957211
2.32992383749912
2.3812902709385
2.47711414220521
2.48255968940703
2.49345969584532
2.49975076077181
2.49456507259524
2.39980156381843
2.4420732655853
2.46491766721693
2.28482055066303
2.24934786989757
2.36260265013526
2.1594259177954
2.27429096572097
2.23159275712696
2.30981603710097
2.20204794742531
2.10983430390914
2.13328956781296
2.03845481197211
2.0980283030388
2.32094978559658
2.38692852507178
2.32414803251107
2.3563138695089
2.41059542184305
2.47345149994231
2.35390589824287
2.27198279744218
2.4536339776973
2.46531803653896
1.86750384150298
2.252787491519
2.3835567945834
1.81511361709066
1.90377422551254
2.31203997634768
1.81474228087608
2.35510439288231
2.34846193698029
2.10508679096835
2.04046717231984
2.37949413783611
2.3613882589356
2.31690697654865
2.41996688360395
2.39334157955589
2.22693227571619
2.20647427665389
1.89800080956801
2.07953162343651
1.94356317248957
1.93162934389774
1.31383442456599
1.25820776792059
1.46250052490762
1.77326688367633
1.62842259140846
2.23054107190049
1.41659866143764
2.37473301509846
2.27387673919928
2.12825056667754
2.45597360228595
2.35915372353729
2.30555426044618
2.21586751461029
2.26806399447996
2.39672038464162
1.94386147810735
1.94462385687286
1.90797943848354
2.14222054292271
1.53853472487195
2.17574766166452
2.20888101160783
1.84646665218323
1.39487466217808
2.22208193780722
2.09997632678343
2.25574241399122
2.06710265349619
1.9148520258612
1.71329821152123
2.23423668783273
2.12401389352517
2.22219359744062
2.13611949720423
2.4203435273379
1.79515854569578
2.13853184067685
1.46871081523611
1.55081090337114
2.25267770387709
2.220930866293
2.32359674313593
1.79872110357743
1.70544123784823
2.21700168367333
1.99647438607077
2.12079960942057
2.44444903538688
2.37411909967677
1.95785803455259
2.14262664412708
1.77398310477451
2.3458977919442
2.0476385751477
1.72308940899918
2.0085252606066
2.37910888465905
2.39871263104399
1.46280317011979
2.09717428132125
2.4593905500083
2.20958886665273
2.31000189544044
2.37691904903806
2.22026415149293
2.41576454890606
2.15927772936978
2.16812861537671
2.37587430140972
2.20854066648693
1.56541733724044
2.25268033449394
2.20080997235423
1.76328633495975
1.77214201706145
1.7483581960195
2.09146840635048
2.32089493760458
1.9184934089794
1.87892602029826
2.14792058162576
1.63139995042316
1.31785662860502
2.18087251790626
2.39121141681485
2.25065561170666
2.31752757922593
2.36211449634754
2.25915915231038
2.44943882171687
2.4524009724114
2.44547251746594
2.22684165761841
2.15110682792179
1.3364048810051
2.25725508389801
2.0488787410534
2.38509922465296
2.4621817405746
2.37024994653257
1.76067155908131
2.23216419520449
1.87266803424818
1.75883740969459
2.32593205748171
1.96615869776704
1.88027640339296
2.27662956854263
2.26340727960969
2.31392438637854
2.37477834888703
2.07842204208477
2.39868439145039
2.21014453930742
2.37870274242634
2.37412817360764
1.89275766409819
1.47898349042858
1.35418581465465
2.10668859832039
2.41733276414188
2.2565914218665
2.36563386864693
1.70740825325624
1.93104500817992
2.00126652640571
2.18445418873288
2.05063454120189
2.12379245407408
2.37188017139309
2.26203696882484
1.66878033311433
2.00208608832801
2.2305601872152
2.43797616652202
2.40909845456152
2.34118060957766
2.16185780521671
2.39066253904984
2.37072015930903
2.06117942538726
2.30773767609933
1.80777320545143
2.21649519755701
1.47182639621545
1.85948651904314
2.38584344469242
1.99939833645367
1.98859387960437
1.99198433897116
2.27681550824351
2.23901732005152
1.24994086076291
1.91009802938029
2.25070963076659
1.8384529208517
2.24157888489554
2.45855689009992
2.44613728755874
2.190234391907
2.26875193495589
2.40200542356229
2.28475185752853
2.14328328057462
2.46865604064978
2.46035894412105
2.48769137925731
2.45909384674023
2.40195934449529
2.12164040829671
2.42823418845895
2.37626219687294
1.90346382511332
2.41022508847828
1.90220450968089
1.98477582675191
1.87854187368043
2.30678251464556
2.38263523595401
1.79900083861298
1.95289179348653
2.21364793758191
2.3576333242044
1.650424237366
1.35864671984755
1.67068979283717
2.37421213610972
2.27868271794005
2.23331917828932
2.17108121268644
1.56577751101747
2.0791865668238
1.61543512255078
2.03284708863495
1.8395647031192
1.88767199353742
2.03487788073338
2.34807005821517
1.73953899945943
1.86972373727141
1.63638822621843
1.63345950667654
2.0198908034488
2.24395647811137
1.95777294947219
2.02282434044285
1.75326744162014
2.34709534550767
2.03425166177275
1.67120450716601
1.60488565671053
1.982476223328
2.37507153295639
2.36895484381746
1.91577932239921
2.19709315672683
2.13311434353786
1.74186922769378
2.23400141568363
2.37343813597859
1.56507751005072
1.85512107045937
2.13944116748845
2.24622585107127
1.50129563544077
2.0563219741738
2.29013146588762
1.95793119939712
1.747141821581
1.84208509988065
2.21941084622535
1.55315667853547
1.74351332436513
2.28962132655584
2.00056824620121
2.09226733837742
2.25094623233236
1.82700950566214
1.68285365438696
1.93703880810795
1.96032018275395
2.1550213607357
1.9259799951674
2.33106604713313
1.7362598313256
1.86271491364505
2.31657575982931
2.16467190150792
2.40214941358951
2.30010393781363
2.33249569420414
1.69107250230963
1.94517794585031
2.24662002444509
1.82714670233248
2.23899570938507
2.44364592495138
2.26729678755308
1.81470919246992
2.14500549338373
2.41743623814018
1.96785881346966
2.24055260340205
1.86835146900294
1.78014729904641
2.32443627803697
1.36902605478079
2.48268263687444
2.34724729680211
2.40323000964186
2.02586748184398
2.16904363706537
2.35700211222387
2.40295888373543
2.483692323173
2.40804717805151
2.3799711816048
2.27994553022293
2.37985712762801
2.32853474622845
2.47910204500886
2.40605627012011
2.33667995980566
2.47051103932793
2.07298906001682
2.3872576532454
2.28248216317185
2.3649259629533
2.11728079512117
2.38566371382846
2.43982131703059
2.22648790140415
2.04222920550434
2.27235534560549
2.35277452556867
2.32858180607411
2.30649542368125
2.47314804506942
2.00535895930246
1.61490351042557
1.51117540428842
2.33216539677681
1.78478374875065
1.51592516172496
1.83302978684002
2.44863332247882
1.27612836455232
1.12328863396675
1.13466584743249
1.07154844543319
1.26123174764324
2.05138895671958
2.17895389107728
2.19570128726082
1.4800204089728
1.98275773770681
2.06676180448531
1.98632624730795
2.38698973078922
2.40105146495847
2.40699894785553
1.99004351281839
1.62035949433298
1.20422859927609
1.09518458194758
1.45248944096222
2.33830794046436
2.43061088833613
1.93365340028443
2.38908009851888
2.1222305997406
2.27750414650134
2.14144762534566
2.23439692178489
2.22384619410691
2.45850702218773
2.32763855402725
1.93149027814913
1.89259456090528
2.02410916087102
1.6192521923055
2.43834710559429
2.32024834652517
1.69147855342977
1.9355698121142
1.75051662734548
2.4838156136798
1.74908236927636
2.44110467195391
2.47856315697072
2.43061596858414
2.44338438745508
2.4843620118264
2.10305294949789
2.37260951863805
2.3927504523838
2.38219746608406
2.22011405909306
2.32884912931896
2.32446197710252
2.40432220400641
1.97541605991979
2.27593142293745
1.69158147656169
1.4048708206371
1.56607454501213
2.00781563908864
2.38191137666016
1.93475602507114
2.33827926132798
2.33071504668325
2.43838372005976
2.44877170812931
2.39385355298817
2.39366261662144
1.28250964463511
1.14072268767894
1.10966110939479
2.21583430785878
2.05955092881117
2.37576400778103
2.2073928992001
2.05654165238492
1.53678307248937
2.00118383156105
2.21110933757803
1.77677297561902
2.42574967772653
1.71204909497244
2.09098308269864
1.96795124752296
2.00805388050012
1.59969648486527
2.12210294960707
2.15849224239763
1.90205417272557
2.36930220895752
2.0093485509279
2.02043965827169
2.1178723257744
1.87931565498341
1.8378460770903
1.95580570029112
2.20818741774755
2.1428912086403
1.95925488791213
2.18195346044596
2.25734082612844
2.4082386470143
2.09798597709213
2.02961938201298
2.06365998930601
2.22904053460183
2.26752664047661
2.44928788375057
2.44441827736318
2.4780871424519
2.15735407512586
1.88447300321952
1.51714939605498
1.31641900394917
1.75683163133406
2.23379365330755
2.48037585795357
1.80476014842636
1.3635895008563
2.33295250109835
1.96345148607264
2.01362670950054
2.33985683286359
2.35443704386238
2.19953622939971
1.71431330542323
1.88691345755541
2.26760724738186
1.66013246450883
2.42271677209223
2.34500158443661
2.24515523958363
1.80825439471222
1.86982624783664
1.88254585480528
1.36467425802784
2.28595909385809
1.92293368792921
1.62055213823026
1.36140174526862
1.89981006040933
2.22962247293413
2.2862466183548
1.42559162285537
1.65767173532263
2.01521550701841
2.32685244074508
1.64436616276703
1.8960370874932
1.81085088677189
2.10507828824822
2.1748220920268
2.11373271349269
1.65665626941926
2.02861281966722
2.0617940467135
2.00044021232557
2.33148587476017
2.20162431268116
2.10077841335408
1.77546567424982
1.60200439935582
1.8079334000253
2.10371650644877
2.21513167611129
2.19307446442383
1.82113323731794
1.6663062691175
1.99313019113172
2.03735269153409
1.7853055998433
1.71890139627455
2.26149044416893
2.39719495110453
2.10184987335977
2.27514611699309
2.27138945577887
2.36269198320751
2.48205330317233
2.32832919289449
2.24227667100766
2.19041901970966
1.64601186592344
1.83248685175857
2.41377219195947
2.40733229443717
1.48167886728988
2.29794042434702
2.41447837954297
2.45257920851573
2.39327305665225
2.23942579835957
2.27983343327474
2.00265874836869
1.87086840221593
2.37847826054867
2.28161286755164
2.20987403032531
2.19104281318157
1.8870703469588
2.36109050226019
2.22092799298631
1.94985397689662
1.71083361299631
2.01836460871895
2.08859851709817
1.50359526480385
1.98871713288032
2.24496030103578
2.01632925090601
1.70058512576241
1.9593262984205
1.70833977062053
1.97628562454299
2.36567710453944
2.38756016118522
1.73111434860105
2.19772244955493
2.38311944148265
2.17768252198277
2.42141125257
2.44815436706096
2.06999498213862
2.46601467848069
2.28139025366338
1.60877272772565
2.09276086594741
2.32708000399889
2.38755272256844
2.43557863354943
2.31911451298698
2.19046112258626
2.43245436676266
2.23902075293755
1.61563376030882
1.61772475726174
2.31610994147096
2.43906837458056
2.43040768333357
2.07894029496244
2.08267316435404
2.41566015929499
2.39663602875982
2.40701677708206
2.29989245157969
1.69281310183166
2.15802199189239
2.12065904680706
2.43040169973162
1.64805440450633
2.31427542041032
2.28456822390934
2.44709139491033
2.22851999990856
2.12030974938273
1.26267371949099
2.41249830814756
2.32208776941136
2.28092520202728
2.0026273508743
1.44692076473885
1.36654189451771
1.08307257485339
2.02467354593427
1.21725833796258
1.91105508657603
2.4555339175022
2.00518182718977
2.03106429805103
2.42596397171168
2.20082461597872
2.41329296920626
2.4568575721224
1.92547816980515
2.45218223488939
2.11120002588257
2.22053809783683
2.38474569944788
2.49114121848805
2.44324693535076
2.09281534710452
1.44141573737015
2.32879684013516
1.3833726215968
2.31198204508193
1.85932126042707
1.99128635525141
1.85458371399907
2.26269607233872
2.26601978701742
1.44681641485993
1.33414192228804
2.40199668852955
1.88599560884504
1.81798799853626
1.85371508651386
2.01043161716872
2.25450086157685
2.15893982385467
2.12888453054833
2.1341254692559
1.61574831576449
2.24904305165873
1.76575842734957
2.31735406189155
1.59500799514998
1.47929688463346
2.23620923188495
2.38511464346085
2.42309718783769
2.3407035601656
2.43212139431426
2.18392736010178
2.33678871452496
2.14669712320609
1.46081394147864
2.20002356439018
1.65415321582248
1.90735436710332
2.05332477935432
2.12298701326865
2.12853115442551
2.4230344406683
2.17151858367035
1.99571657660917
2.01612227955614
2.27038127291065
2.36131784028117
2.36580841149551
2.33511758046277
2.46971508613598
2.44632334229721
2.48903175583492
2.46653812318007
2.47923906834772
2.29154866472012
2.30733003131456
2.19437701844654
1.93240406081085
2.05258703491214
2.33920621746087
2.45769289583475
2.39313524153565
2.33703941287719
2.15303459763815
2.17130350432111
2.38529043276241
2.10832020645793
2.49766972799303
2.46047569257454
2.38910627500748
2.12012374439475
2.0249908009781
1.51426447193149
2.37381304079492
1.95028971579174
2.20202460404123
2.14799813822672
2.05819403695193
1.6211496763933
1.48911530444866
1.55744231535813
2.38730526059512
2.07381646093522
2.20726139308589
1.85494594347756
2.07299085017352
2.09515106326704
2.2922736905781
2.27745894469737
1.70168122587829
1.07569731370534
2.08359877523692
1.9608931006295
2.06174041621619
2.10689729645981
2.28855164850989
2.24382372186526
2.22083671442666
2.29557038752306
2.36098217298589
2.43557745611231
1.91157448170616
2.22620334204761
2.21975486822074
2.13935585115768
2.40094612904475
1.35750665284095
1.21828019434222
1.17689784315233
2.37302337159662
2.25436354436384
1.95765197183463
2.14216631433404
2.17874545890383
2.34185990786977
2.28076938212068
1.71088977122453
2.08692376885967
2.0521178053041
2.23090942820787
2.46070009344477
2.40928184448302
2.40625107545456
2.41433422963836
2.35368712405444
2.13814914436114
2.31750253749656
2.35438426589235
1.73134678659168
2.31903574116888
1.21186955866719
1.78707688250742
1.97089666058938
2.39944233024012
2.42483190610963
2.08220679991041
2.18508252415194
2.45131637919485
2.35834451254967
1.8496810162487
2.41482258538384
2.17276764188662
2.41772614423116
2.46917914642192
1.92654803357391
2.22543398641003
2.35609836036616
1.81685416621944
2.03022761518795
2.41795578399186
2.42460481852793
2.41750484975262
1.64859904464093
2.4558744363185
2.19483278101636
2.41972002012372
2.39363992682029
2.37747672659075
2.48174007757806
2.4697363361625
2.02873642607274
1.64078676040375
2.37096565670033
2.07605740643822
1.65372581337898
2.25638154160593
2.16057217674453
1.99939592299931
1.43907829271652
1.40605578867616
2.331014567713
2.26214893282835
1.70322728860684
2.13296882013813
1.79333839149549
1.34922683110297
1.1922328125756
2.041635232438
2.22381768857141
2.07150952383816
1.80875748576349
1.84506829178329
2.34966948990517
2.33427578362663
1.97222061586684
2.07907439957408
2.18875528379175
2.04828434214615
2.42004501457763
2.43805736415884
2.48838715651397
2.39585423633458
2.42683191714585
2.3342216438466
2.38079527577934
2.37406157503193
2.41324783454634
2.2592088501654
1.96257765715929
2.40516514702924
1.95657025520445
1.80727966652803
2.3095709085323
2.47423528151819
1.46378233308896
2.12873560326338
1.76779503686561
2.41859852858294
2.44029954001023
2.36216990333477
2.34055323898426
2.02171982331938
2.4618128433598
2.49382072881517
2.49537942903317
2.47298691483575
2.09647289681739
2.07005775258865
2.22147644342326
1.87731309928962
2.33964281445128
2.2691725368078
2.32626173230615
2.4143852980235
1.99103447954895
1.59332248739089
2.04072772737082
2.24595842046239
2.38731335386163
2.312438037212
2.28419657213106
2.46939801126225
2.35722245714447
2.30670382134098
2.00548807655195
2.3596652003667
2.46287788889462
1.90752437140629
2.43278336842808
1.98385841673792
1.91575866192318
2.09293021987145
2.25768851823107
2.22343452511542
2.09531776911652
2.27810138770751
1.75880977152693
2.4121398957782
2.44538929322178
2.38598497154172
2.01807347949478
2.38934180246865
1.8676575291487
2.29642854056567
2.42260907659201
1.71012141934263
1.19750726924805
1.07033118624635
1.46729452737512
2.09077022941255
1.35971198961712
1.56532462539033
1.71815967590418
1.30675844390214
1.80342105680072
1.08890559410042
1.31263202086501
2.37662362314602
1.75737672359853
2.43127892620706
2.11578346630777
2.06180971920947
2.38085560902546
1.63412641927079
2.15538984812671
1.41929170805122
1.24543728560465
1.12769040883368
1.50848841676735
2.24067552467206
1.43833179958511
2.11829062490775
2.20363906954205
2.1211566047816
2.24709863285702
1.79107014215064
2.11433318102911
1.93165828767802
1.89930799487105
1.59588316283891
2.15750048483846
2.19184084128763
2.09954743200771
1.92248680348176
1.91187370252622
1.29241626692375
1.18529408472866
1.22604996816853
2.13151440854293
2.31124350454371
1.90867846461712
2.02755521293918
1.53433873194895
2.16599131174719
2.11238705153958
2.207430153464
2.32806388736006
2.38220232968313
2.46990340522409
2.44757293736003
1.99791064405504
2.34695018854271
2.4145682524893
2.17969674780372
2.06748181864655
2.46050712141236
2.43153155224694
2.39132344526902
1.85153320193047
2.45194009735379
2.47840686194183
2.19817124858484
2.06084320601858
2.40775065570987
2.35226728313475
2.15488339190811
2.38917870480299
2.29931501827038
2.44630959720065
2.38187863300936
2.36899517359189
2.41093488838083
2.492115552857
2.34719554823113
2.36580352802689
2.34784914619622
2.45045934572877
2.35706889381561
2.44816847245537
2.29250092750538
2.3019427040451
2.38420992141809
2.12670624249332
1.5826671547851
1.89923325096902
2.38134299989939
2.36218065583922
2.27109168469873
1.51502758838982
2.30657419777384
1.5646912281397
1.7302831557811
1.77720915201064
2.11541951233183
1.70946222813559
2.28204761408738
1.18732700921415
2.01381124950092
2.16626623074344
1.75938959982678
2.14423120473537
2.1155968940454
1.92479925570375
2.06598199474373
2.38420367876978
2.3800472011686
2.27565217384247
1.80134783944507
1.72682191342903
1.51280859552494
1.9921433786596
2.13917437156075
1.8026138600809
1.69785247305458
1.57223252790796
2.14153584903026
1.67640320446446
1.8681696853828
2.18540075410879
1.27705833358764
2.29537818086593
2.08969446137052
2.17718459203941
2.23562615641576
1.75294702375933
2.16364664112886
2.10579331750191
2.05541990989419
2.3041921273284
2.13997316788092
2.28975242991516
2.36934087279761
2.37125412436943
1.80132900143854
1.32285539097257
2.47277412973472
2.2865803643255
2.43329844660801
2.42330941073133
2.21444550666215
1.60566876204083
1.51779838758499
2.28943693712562
2.4249973533127
2.02213674937258
1.87693698651441
2.35057294965974
2.13190093575448
1.74199557280602
1.70875993350676
1.51518828162528
2.27803233024384
2.37045334003632
2.41146694815829
2.44075577529289
2.3050652547133
2.33397805778934
2.26993069266076
1.79226090510718
1.20176227102124
1.14577070667922
2.21066482669424
1.87042262583396
1.70319984161608
1.51645550997051
1.74070766790253
1.82295234142297
2.31709476546097
2.22173112174533
1.75103928462304
2.43970221056662
2.41638559488025
2.10113947062015
2.07430884631266
2.03907014518224
2.3365960526758
2.16784705257321
1.44922800741621
2.10800161671117
2.47798190443812
2.32492348080122
2.30406724102523
2.40521310825707
2.25479338704785
2.4884686186447
2.4256071984526
2.03797708787452
2.24289385275063
2.29069355429477
2.33874976111109
2.35305341073893
2.45814572342946
2.25674280032437
1.72990882119596
2.33759020955746
1.7301210429778
2.07972425162074
2.07148727894441
1.58454507276973
2.19651087001511
1.90860162341475
2.45173057534416
2.10732972229703
2.39366215300938
2.42887498709223
2.28080859077393
1.49139197938858
1.91939313683183
1.63296152091204
2.0952344742287
2.07740250641906
2.35462596081219
2.42431190690064
2.13323517230594
1.99801408621999
2.36711991612585
2.31464871750799
2.20318506173727
2.27845837747316
2.30547775386842
1.83764054695522
2.19772833252492
1.67544783865283
2.44649609412475
1.52134547503079
1.93730196195745
2.44607066964627
2.16061852413921
1.63167405683946
1.38185891256656
2.02956292647877
2.19786997011593
1.81593963815504
1.63335303005064
1.45896134027574
2.42995634651348
1.97759052071414
2.2768065975661
2.0457772026321
2.12430341197371
2.1260160714471
2.37119121963725
2.14309170960625
2.28221366567478
2.37750136639355
2.35021753233825
2.31239974015071
2.01133179889283
1.82422172701955
2.22601372554762
2.3124401066504
2.19631690214569
2.40272753204329
2.36927630996151
2.43529198231601
1.69661063159125
2.2292929512248
1.91350271912877
2.42606303881469
2.03308224997847
2.19598182172353
2.48065206556515
2.31989169627857
2.13556124633791
2.13736512937807
1.88423236664037
2.06967587953808
2.39592470319248
2.13018512413637
1.41890200206864
1.77935919764332
2.28125845255515
2.46603597263475
2.44931822244119
2.44659421913004
1.0036611005051
1.48753754032255
2.37947733154878
2.45019255044124
2.30296771029125
2.48468284204538
2.46937641218512
2.3647693646687
2.42830568557485
2.02705384337391
2.25265259351337
2.48114681048444
2.32570606228073
2.13706993760636
2.35379915699738
2.27966701570203
2.30660830418657
2.40194736945424
2.43103065975799
2.45687187654251
2.20083966920719
2.21395115416132
2.43790481720821
2.1695606599191
2.44332166796931
2.47099186754543
2.42059392963678
2.32434274707509
2.42561469420216
2.32027642893775
2.33648968395108
2.48511733266223
2.47547995457163
1.93486358295243
1.33157022247348
1.80396170728759
2.24152330756742
2.10192351245855
1.59960174308756
2.1129936653081
1.28222211192151
1.71274623518099
1.69518787550738
1.45682386267117
2.27572439759238
2.29139830893898
2.48934098551947
2.01402613719678
2.35022024774552
1.66799096740109
2.40553575853179
2.36673990998398
2.32697966162206
2.17999005550277
1.7024903016475
2.2491368557475
1.84750271738946
2.34809974883717
1.96698626540038
2.11932548579102
2.33251832085427
1.76028556675038
2.13392461314804
2.45716775541509
1.66589589125209
1.87104576972198
2.3847647229553
2.29786676081165
2.09606102073099
2.1473906307661
2.20222870780369
2.47447373410218
2.24027080492917
2.35429170709436
2.06886308957362
2.45287012110828
2.48137968309066
2.47867559393308
2.28747734751595
2.3682423500378
2.29919486265376
2.14426440859851
2.45637531475276
1.84543716352514
2.40553921055961
2.37266980848785
2.4411480381701
2.06295951408833
2.42104221795786
2.14876792221451
1.56698051164513
2.3512717543443
2.33034099496613
1.7996407713228
2.45136040324106
2.29528187807619
1.97449909858475
1.93821107469839
2.19729561504462
2.33239968930975
1.44605290201389
2.48620122822996
2.41084328699954
2.08565536643729
2.29974864553713
2.31765428269186
1.70829858563804
1.93303741228408
2.32815476662213
2.45866087175096
2.34756548757273
2.29868868118817
2.37290801170043
2.39189456164746
1.6988549781916
1.42607116452016
1.9267309497799
1.60326450783121
1.87024234707002
2.28054189801246
1.69341897892735
2.16309614932848
2.22671791483298
2.34536583707362
2.48048454099961
2.34579472520768
2.27373666120109
2.40903742710588
2.25661429340535
2.29346382538265
1.94307852762618
2.2344039760548
2.0053122837283
2.30915785245821
2.24353544763892
2.10765726931947
2.3192951059531
1.79748669788253
2.25504283283263
1.17875996071973
1.61742571419989
2.39997335714501
2.34524026528484
2.25945333618123
2.16989742926406
2.14339124687454
2.21933378798806
1.92894352312508
1.98987307562285
2.21515158855556
1.47166145268254
2.06721756150961
2.36305887248456
2.29317845361849
2.37926835425959
2.43402587786244
2.42410692269504
2.38036876593567
2.3255464767891
1.93194000352379
2.32945821066467
1.31598682145563
1.72922560047649
1.43082515365027
1.36150566706049
2.36043453233141
1.51337386189591
2.47121544343902
2.46696015209175
2.30689106492022
2.44422649376407
1.74515590154976
1.08211080225802
1.02038149535181
1.57989059171142
1.49358836537348
1.76870852122425
1.61146990581027
2.17096408003434
2.45739496990656
2.3844735243624
2.4715050314387
2.47739479134903
2.45349800925159
1.98415964908587
2.4482735711824
2.45761322416716
2.36347406958241
2.33245192442905
2.32519158136989
2.20400554447619
2.46398560228836
2.46224834615162
2.35702405016547
2.37816281909794
2.38540344946291
2.39186113350526
2.47640875644176
2.49262302612739
2.31610752180936
2.34853739990611
2.39243162543351
1.80184417401973
2.31363698989601
1.60237821178418
2.34101579167596
1.88462589075958
2.42333600091259
2.02817861031736
1.73615494555348
2.39229603405426
2.17390546060849
2.23707109829308
2.43121421789939
2.33830649307434
1.84841090592548
2.20058488089675
2.13502436823409
1.42946941998989
2.32851753036534
2.40276349559216
2.33394703540698
2.27895916372767
2.39643917963281
2.22011176196161
2.04387707909715
2.16489646528297
1.96463315876773
1.21778631008998
2.17559817425405
1.58666452899116
2.31932590280084
1.96132048607347
2.28125213429848
1.69000551142207
2.4136202371733
2.01127530782862
1.80399188089384
2.37872500277486
2.36363126318988
2.14270281436223
2.0116596882848
2.42149151482843
2.48634347390278
2.34465612079231
1.93708430242642
2.33842945622636
2.43947658238447
2.15701807690527
2.46294195430521
2.28905802367562
2.43073482845005
2.22153973517368
2.44815413713153
2.44435749076178
2.48528373375092
2.38860296063878
2.46137599893647
2.31759968146534
2.29311456818528
1.64485874644036
2.40640116331521
2.23044987930701
2.42743134186783
2.30266373727389
2.11709944811554
2.14987215729942
2.13326822608912
1.45202191814783
2.13657370258751
2.29568526245878
1.83118671656368
1.9023404069404
2.15764548073415
2.40059810669284
2.39994008043394
1.44940982106837
1.84398313376752
2.35652317249446
2.04311270768849
2.24089897301407
2.22126290998706
2.32544700406386
2.36957180475577
2.17427473509967
2.12318546770262
2.33215571546884
2.14921704149809
2.3765445752448
2.06474226159035
1.72436329833347
2.15774033137417
2.17448691481304
2.09996660149311
1.42739024336826
2.33506950860121
2.22539563054888
2.01791325117259
2.00512596711582
2.00581533797825
1.23878598980585
2.01925140480797
2.38678526625915
2.44869756567668
2.23405224692103
2.28259060565374
2.26830140394753
2.28202938992394
2.45601192993294
1.943065653091
2.48511744662198
2.2233562898366
1.63313918003079
1.88668741594428
2.25023951272588
1.9147488558578
1.67882101308934
2.28778115536128
2.06081577607243
1.79458958625833
1.97435819843082
2.26470112541038
2.19342838615376
2.02581691488553
2.46649888561684
2.46648917361449
2.38157085598971
2.0076935213208
2.05461701570984
1.56410812428962
1.80427755307109
1.72681205612337
1.77834544085319
1.40245915177427
2.3333887062439
2.28037181327578
2.1588645703314
2.1024615470917
2.16409755603307
2.00551914632152
2.13512264155185
2.2467170459492
1.60603608201414
2.1492490832159
2.12193672928879
1.99148114540069
1.59801640042448
2.40416259079222
2.20776317328798
2.28561159234384
1.76075014975924
1.36451433866785
2.05133597510848
1.70391789262864
2.38841483983737
2.33489054985989
1.95696744270287
2.14091126684528
2.44512132841655
2.24453184859312
2.43077820252653
2.37019284899327
2.44207309436618
1.81327243185315
2.05401441522111
2.46339846602158
2.46752306227908
2.40698587949433
2.31591691254982
2.35989521661841
2.26304527648649
2.33567504665505
2.32200526435254
2.22258372474788
2.36675572844706
2.42581364561611
2.30355483091313
2.40005244986485
2.31767999331321
2.36061290183457
1.7984668850833
2.36162751631463
2.06053912193424
1.27418123135595
1.45890343274849
2.25917172150312
1.99993846460541
2.32254527238715
2.26329605382485
2.32320162141362
2.36584761896792
2.4706146179379
2.15003099096371
2.2156834038276
2.01716665711438
1.6243015755957
2.2546200888922
2.03377276293082
2.23071598182387
1.97513720784077
2.2954892102993
1.88425495283197
2.36785161064045
2.42472722361185
2.35743805459832
1.90208529302952
2.14859559892493
1.84335423981508
1.68995653836221
2.37360157261705
1.85785916487544
2.07826468232782
2.39923912099032
1.85220357027311
2.21138823337082
1.67549142142554
1.35308988752087
1.80836068183501
2.12773790553403
1.7048934564213
2.14306257234338
2.01823396363289
2.09815185909692
1.40947988587338
2.16793687789342
2.19564717375606
2.20046405199711
2.42931847707342
2.02078593492484
2.36092588645577
1.56179450165783
1.95200954609852
2.2426842779215
2.00833022413593
2.23833953145956
2.32118854239538
1.7700585139146
1.6309063964585
1.51566383613439
2.0862986573066
2.21595948547967
2.1712377577988
1.95476536455187
2.23610043037158
1.9687474817001
1.52081443144096
1.84191599846278
1.96872008893578
1.95357721888438
2.01800519303579
2.05939001725558
1.86493895456319
1.94897451906614
2.33224655203338
2.09353077840008
1.80611497868291
2.2647835878222
1.72450840162811
1.88843032344864
2.1522911666488
2.3865295090962
2.46495832234025
2.35978303649781
1.89241076943328
2.31319392328984
1.98754836842661
2.16443977383961
1.9613315183693
2.22044961717095
1.82160552662184
2.08236363290315
1.70462509035665
1.70729755770061
2.10563664289795
1.91402266294288
2.30038418575354
2.06283146841684
1.65096869197836
2.22206675462162
2.31905913501821
2.10252904261837
1.64396390767725
1.9517530327528
1.24986003409428
2.27247447513499
2.1715967008444
1.98477946174796
2.34928362618605
2.16048288842702
2.07934728934247
1.82723882472974
2.11732951513888
1.94449595861603
1.64025628008958
1.92803840893771
2.17801874312163
2.22998211029751
1.85182892115065
2.23732580279562
1.78115403927644
1.07586123379135
1.05904756143496
1.04529923835623
1.01011986759704
1.82814909062469
1.37826707743969
2.21942630815031
1.98528423297351
2.46339855501104
2.42949211176929
2.28005811763657
1.67131867014541
1.48423086133615
1.40601581546956
2.36976850049222
2.28690309601211
2.35366949840639
2.24705760569727
1.77316206941317
1.65446759228603
1.68074588660154
2.27481380683925
2.34212153943944
2.10642540518016
2.38301843182966
1.54268778950267
2.24754471563901
2.09811693144697
2.32025557383639
1.76174323533038
2.44676266581375
2.12580855777549
1.90022284261628
2.11299192963934
2.12918915438668
2.33711941199687
2.22404108391278
2.14265580428536
2.1115152908597
2.24984763134801
1.6887312051321
2.02330039620293
1.93987736556375
1.65336510042882
1.96629316556931
2.23238684090497
2.41401164035187
2.20461689561356
1.7424109082998
1.31899677465636
2.16972473685242
2.08942892356756
1.88017798564983
2.06340613030942
1.68777874951198
2.24196302153343
2.13192866561156
2.06737701672555
2.21069638711796
2.36505123188656
1.75879657906237
2.32231245807236
2.05469433623254
2.16350053405378
2.16599925966178
2.13776930341407
2.36104445767438
2.42554041656578
2.25643169967803
2.41012645837897
1.94070532859388
1.94257486038855
2.14520441026134
1.94947980057177
2.38627572611877
2.43480130666272
1.63712719106867
1.9525649350831
1.71995237479496
1.93867421741507
2.14753323330231
1.57228180450536
2.07347440691365
2.05750900831581
1.78830673966862
2.25477739060973
2.32268216089593
2.1511678085921
2.41212940175531
2.12019846993168
2.05294159145801
2.3615384902769
2.41518891334136
2.0176554311468
2.46739882366618
2.35020659273131
2.34392222665823
2.3721884219135
2.17723621489703
2.08850900249676
2.44361017054463
2.31913662410022
2.42602360795709
2.41616784652028
2.31085484124101
1.83994334743822
1.56046973398157
2.46908199327121
1.97928347708276
2.16321280492553
1.5070673483032
2.19169104633557
1.97421970889987
1.78248549714911
2.08515248865236
2.21393347910907
2.15008238004989
1.81044715639763
1.55651750094169
1.78400393239585
2.11893673640444
2.1166636519952
2.37454604485867
2.33582461479545
2.1469252335999
2.11132132903388
2.09019435826282
2.14006302886851
2.39319564459067
2.12553883117043
2.26173137268411
2.1352602652432
2.38339252121736
1.99044954690222
2.22475095794615
1.61625861298625
2.07292087639936
2.00191304777918
2.38426616826277
2.32218760341626
2.26996835266707
2.11686451512546
2.07769234510586
1.96767857477796
2.2255647503674
1.95665267191343
2.05201963267097
1.9179599124577
2.02922167347803
1.44369853309874
2.079426708718
2.43375039978855
2.45426865977181
1.97586087571882
2.19213170670304
2.26437031734445
2.44867729611339
2.09542945392745
2.17592552469126
2.34987595035562
2.41427482513594
1.69967934271189
2.44617877378142
2.41026627173848
1.61274259422895
1.78924936590124
2.2596172373889
2.27169569340651
2.01543618030831
2.1530008389116
1.63970565663115
2.39285934290527
2.43798655961873
2.40936516274752
1.89743594005043
2.21143655172394
1.61752070802209
2.21282859899498
2.24926031059763
2.22241111230203
2.19175217909176
2.10206634743954
2.3872085448893
2.0474312165449
2.16781660809427
1.87150092376032
2.33747288215036
1.73995233541759
1.81921011098625
2.00249099053763
1.98901336601352
2.23040722504493
2.18971335308077
1.80264570886815
2.23523872086751
1.96203793804941
2.12699095082054
1.87929863816653
1.80873125227043
1.99869190885634
1.89358607858607
1.97306268068826
1.65207593091375
1.64422537509014
1.83723664678027
1.881143836401
1.94194506893655
2.35292857335631
1.7107577949572
2.00803502162164
2.37526912071339
1.78801227177665
2.19729515857152
1.68859256092099
2.23936575305274
2.16419028554734
2.21278822599085
2.21383172822962
2.35440842025758
2.28418432899306
2.10555750640747
2.12138761299613
2.10911231992044
1.47876300388446
1.66619742015321
2.13334447934059
1.60165679191167
1.84120261225854
2.35497554573881
2.18981408326565
1.4109455953162
1.74055251411971
2.36834542730757
2.05036913820472
2.22594990957144
1.94525392317262
1.41229042693266
2.24285785623081
2.01753920082772
1.51182851143222
1.82740500631238
2.15511814442627
1.51410011148758
1.90429236545476
1.95666656427214
1.92371630433478
2.26250763492038
2.36957758787802
2.3436246525823
1.74529620828713
2.0729871307684
2.44131482523137
2.25949825965096
2.30299876087331
2.34380734462134
2.23112657551745
1.84084225674986
2.27460206226316
1.88786954567878
1.51927892035416
2.19112958659145
2.46013931711668
2.36883792850655
1.44843595974404
1.4836585498641
1.34942027829551
1.36102778422156
1.37778501968236
1.42839539439385
2.39796611510809
2.4629625630648
2.24597271173312
2.26485676417581
2.18564291692512
1.70974547138897
1.40562142271049
2.18975897138585
2.19728369459649
2.44818055831263
2.41550802024072
2.45439391016537
2.42637545196998
2.4208451595013
2.3969920691636
2.33116195755486
2.23150309060658
2.48540144133704
2.49156525293282
2.41141570548517
2.12641645093098
2.17743299953633
1.62758555039145
2.45806050172485
2.37515922058984
2.38782810508163
2.23086610966491
2.1035725577613
2.35049941561615
2.47526557229548
2.41846530708466
2.48979370826328
2.44435310283482
2.45523669687761
1.78119558856114
2.17252087661081
1.96737404214523
2.37511397494802
1.76004598118522
1.99127100897765
2.27097995118886
2.3292415337894
2.41931187649814
2.37255370838923
2.3727808658724
1.92520335710571
2.29299336142706
1.96157530039875
1.91735692284564
2.14194819886159
2.3874269133268
1.76523956685853
2.24920849965351
2.23614336873404
2.10421759669837
1.90216494343602
2.20972529935892
1.75477215710088
1.65061115484408
2.20748019072265
2.08145657800163
1.73509948628341
2.05780329935199
2.12650530757089
2.03441623274451
2.3594031393777
2.11086502604348
2.31402596655618
2.33795199957946
1.99724779206589
2.17609431338033
2.22366626245625
1.98418999333449
1.74182860235603
2.12153854646619
1.67099774160333
2.25376856515404
2.01943578184918
2.43714914228394
2.07554138638107
2.3856568738003
2.10391899603161
1.39025655772903
1.94571974933512
2.11846285504371
2.02297232644975
1.6231154732326
1.89045893352786
2.26809678914678
2.35786202421653
2.0905202316164
2.23804244376506
2.00507647054393
1.80673402567907
2.21908790347839
2.06090514883383
1.58055585659698
2.05346176999355
1.94439912892737
2.12235691912218
1.6891728625581
1.73680040670727
2.28445533657025
2.06136248187372
1.95299014519051
1.85288116392424
1.68911365497327
2.11219708894164
2.343934300172
1.90781719004651
2.36429248144537
2.19533074932227
1.90930876986091
2.39270196708559
1.77621503194493
1.84865818144312
2.25730950417196
1.63930234228986
2.03723000613136
2.11807191851177
2.35325207322408
1.19327034215774
1.15638168936671
2.16710592013006
1.86120880615951
2.2476724569865
2.49401045238469
2.48819975716533
2.33557949718806
2.4132595762358
2.41192126044475
2.45140499756345
2.3094687794111
2.48329937671158
2.48668174618502
2.43372553201656
2.42322221356729
2.38689090957455
2.49221444330212
2.39117446637784
2.48241870372951
2.15921056454857
1.75563635710356
2.46206409514036
1.92579986905298
2.46436950796791
2.26162552477312
2.21264768019454
2.25905919190723
2.46770921790709
2.44677004995082
2.22756454369175
2.47606211002416
1.79631087100058
2.41861075179674
2.16948772071421
1.12057402952116
2.13922915900291
2.42447188873344
2.10572709061939
2.46023409084972
2.30762968992418
2.47262867626505
2.3995517352061
2.27957773351837
2.11655621477977
2.359418634445
2.23021542316372
2.37278419686438
2.36943577532831
2.48733352518342
2.42767577800039
2.45008982352136
2.47168241900326
2.13218147438194
1.90694769080752
2.19477353320627
2.37834498103154
2.38885048867419
1.69304707644836
1.45352384249663
1.38132270388588
1.56856446535738
2.32454917095605
2.25137422882568
2.42093468263258
2.36720899297336
1.82841034737292
2.31899612795148
1.59405198085159
1.76911041511492
1.76065273311668
2.43840344794037
2.38072065210391
2.05588299203873
1.45037861268116
1.5224738606236
1.5017259036409
2.12365000931357
2.37521457946545
2.39219106361834
2.31343421210675
2.41051470815052
2.34746448453206
2.35071582798929
1.90978230576435
1.74530399518838
2.10599156140034
2.28233174696926
1.97673789449316
2.34570760012476
2.36952765858989
2.16201253348791
2.1179287559593
2.11953609594594
2.3454501527021
1.84725484163327
2.3072023482793
1.92036061289067
2.17503158727807
2.02315473204963
2.16343696347554
1.45652598255213
2.18856798752999
2.30247666801675
2.4555839779329
2.4256280296177
2.4285869814048
2.04835892827363
1.88169972891241
1.60534573082446
2.17751917763022
1.94530980651088
2.26443966158534
2.088872792112
2.21236499404385
1.30721708810875
1.63091551931645
1.7050468478923
1.58925439673366
1.47637726612225
2.30865482774751
2.12832856754242
2.16647900783154
2.42958616023851
2.41949450684166
2.40638670635122
1.67892351759377
1.53490828207841
1.92205246876789
2.29070615742557
1.81875122118079
1.79025192916347
2.18962663981062
2.12647649029397
1.9217212214186
2.10612232936986
2.23336887045504
2.02354592874927
1.61024283444185
2.15209858225874
1.99922675460641
1.71736837716971
2.23995864097878
2.24414618505802
1.93041932610806
1.53512316343128
2.1133836939619
2.1576491031361
2.26208144851099
2.07775011006528
1.29289377205039
2.16066164047377
2.3253212436727
2.3650333613353
2.37774432844482
2.44244072807757
1.96582919527816
2.28017604432642
1.99364223969042
2.39047982576325
2.07437635114806
1.78559449790228
2.02004021034338
2.07662019827766
2.32057190394925
2.08769364677374
1.68731054833021
2.2669652689546
2.09797111477556
2.42927961331
2.30332378752257
1.8512703889029
2.37763681695266
2.37391324866254
2.31459118276301
2.18101272759503
1.44339995411475
1.38546840589553
1.95070086059447
1.3537290956653
1.68703550440417
2.1640989966606
2.34032742851027
2.10329099941819
2.0625021163309
1.45951657638021
1.35739191598458
1.8004788214094
1.53788741670801
2.33878048781108
2.29282448308411
2.33888235798766
2.30126885991583
2.31613655725858
2.31095302894806
1.66125415114718
2.18485816998785
2.43361687261288
2.37048805375652
2.06082973475734
1.40009999858395
1.81468171859677
1.78350721999038
1.71398737552369
2.15851170385292
2.40565987515898
2.32788739555984
2.38466551836216
2.40177410527933
2.39636331367667
2.45352483707368
2.27894107327347
2.45380077339569
2.36767462622187
2.23807290769609
1.95630736046125
1.98906965522925
2.29579620040528
2.2224466099868
2.17214079855582
2.40807098646023
1.48584943849026
2.20420215802422
2.00432589958676
2.41247592617966
2.47148772943763
2.47977704819616
2.49364876228665
2.41525227963289
2.04414722939042
2.347786599992
2.12907295269507
2.18086134227407
1.5166320291665
1.58253335978116
2.43791508217449
2.22422424310486
2.28587354083789
2.22210795418778
1.88395452018909
2.28726949108584
2.16493507505268
1.76349861466383
1.28920374795892
2.28374135356942
2.39430896453686
2.32323555327155
2.31226133681238
2.21114487203664
2.23932590864665
1.94047376992391
1.18059102673686
1.04118751525693
1.14413285668329
1.95699657982439
2.34744101891811
2.35514017084835
1.43174416185867
2.23532348069903
1.65317602769999
2.09785838086103
2.11014219106498
1.89920295159868
1.96474845359079
2.05970449948516
2.04124860278851
2.4536801340069
2.03274456088686
1.60398912703216
2.40984330583896
2.38028742166558
2.39524694393913
2.41644907516213
2.28031536868124
2.47601125876204
2.43875068099309
2.26953148097897
1.7970324175974
1.37070388538387
1.04357001547915
1.97891359155368
1.85829509527648
2.32806811744452
2.05140295979511
2.05973473723892
2.2805291986737
1.82575373495843
1.83661330153085
2.02454198240394
1.98696387792892
2.30708005470448
2.24407153834888
1.75930358426588
1.85091544650566
2.32401656145576
2.34488982391021
2.00469747353135
1.52888559752906
2.31991641216876
1.85206263580852
1.69563447842305
2.37227565829278
1.29255658693188
2.05552061534767
2.08630712679541
2.10573898696926
1.74150536253938
1.85152094419818
1.89155475913259
2.14579867221961
2.41112812340292
2.2331081611601
1.85879279990305
1.80179435397295
2.08345688555417
2.42942707691455
2.35486520244957
2.23272738504446
2.1810679019708
2.29033714560567
2.45466837180861
2.46079921564365
2.24887474124067
2.23587042945517
2.30215635006174
1.98917377864909
2.2100531885175
1.8916423191226
2.31381150532799
2.35517000053857
2.22242424144624
2.23069506704725
2.11165407217348
2.13396260434492
2.41771878610255
2.39636758200769
2.07686623509069
1.29087597997505
2.41295479455114
2.37575100294863
1.98629212887738
2.01772298947196
1.50044438113508
1.13864903347439
2.35100489643721
2.47517172771189
2.08016721679166
1.91406767019314
1.60405332035654
2.20716218165481
2.26966986213609
2.40048259773304
2.30643691628743
1.98422795354445
1.70715038381443
2.31473422946451
1.64925286568139
1.61216821749673
2.06289818909737
2.19716903957312
1.91426914990415
2.01143512852656
2.3749045995745
2.36940325125409
1.74498268244153
2.35235814200134
1.95244079280158
1.78272150318446
2.3798324046527
2.21483216196395
2.44382328528332
2.2090772918158
2.3995169627038
2.35875123751749
2.40051196365764
2.3055337294472
2.42203456296691
2.15892212518025
2.33708301201249
2.34635021235686
2.24644519269039
2.09416156367179
2.39912572237952
2.47606486155283
2.06220517730792
2.23656593530289
2.18305289116344
2.31003654996593
1.98868226980509
2.37821019043981
2.31932499472467
1.86096902472402
2.00117432341627
1.90855604399208
2.18254800437896
2.07812124599711
1.50632165989272
1.97860911192421
2.18575569398808
2.17602457347565
1.95142503713222
2.19262293311994
2.16446040326072
2.31706444633134
2.26815972255808
2.07396015002307
2.36564345275521
2.3407237870994
2.3005214480312
2.21140257495058
1.91624713788101
1.8097631376277
1.99778081444364
2.29155502278137
1.79346423168468
2.19470358476997
2.36899366971407
2.13958177755984
1.43252170217269
1.73472231491431
1.97341696854206
2.15983968398778
2.19945835461559
1.97457231585713
2.24673219920396
2.31910917233681
2.41853028530979
2.2053645518917
2.11942233338102
2.27953686489809
1.51904227049653
2.06902155965052
1.86576355980547
2.06073669167061
2.01729242641289
2.41390583012212
2.31225725875131
2.37990598006901
2.30293340617876
2.26433285812188
2.12486977174338
1.89446738741463
2.29836542484646
2.33777365817198
2.32158437378733
2.0654653708521
2.0513162462541
2.24407198051146
2.27685920150304
2.12359540402827
2.24768978991627
2.35103987665733
2.29076286012479
1.91445240337684
2.19907158052552
1.68595811525385
2.20519624892337
1.97994170566021
1.91621842769097
2.31736657831702
2.39730065669025
2.42783816194889
1.77032197216041
1.84910630367342
1.79986903012304
2.22181209474957
2.28502002132861
2.30782122574516
1.73315307205591
2.29888722217732
1.66522185134799
2.3245685042399
2.14412287534711
2.25803439735167
2.18247841501284
2.01316061934129
1.6515439973376
2.05475528107692
2.13985619508284
1.66024199883084
2.27985432992896
2.0428964941018
2.05374376367189
1.52473700053214
1.80394022905469
2.11974580035975
1.55154120510918
2.42585112607346
1.69294703359867
2.1532051758828
1.80699066015953
2.3693969950541
2.16101955112033
2.31935850640627
2.2941520945465
2.33052089565108
1.98559502634335
1.91235964598185
2.01872164190554
2.09282376944676
2.10124266318707
2.097916295481
2.31912667459728
2.39915373510348
2.26078675915481
1.44660807493863
2.35451688295295
2.12340184448553
2.11837960224979
1.77149437434571
2.27860407343193
2.30709187108121
2.35800919233977
2.28325087791777
2.11900069782464
2.31344341468377
1.40524126172681
2.06391400280909
1.83777340784132
2.38564548647996
2.12804932092284
2.02359684992791
2.11566606827006
1.70237957924388
2.03189934464078
1.78105909171454
2.16429140001134
2.14071698191902
2.21887026376136
2.15640151666422
1.86848328925744
2.09631823802422
1.84504843769345
2.17950634953304
2.35126201055287
2.38780709651381
1.95743948932541
2.36669752099532
1.95644301086501
2.00956639588786
1.72474387035616
2.32590033086018
2.3321800694967
2.28909408795061
2.25185735707014
2.34362048138958
1.8105125668263
1.75532278802925
2.05062181648326
1.74466674841112
1.96077166873944
1.88630617714551
1.88275920171383
2.38131282558105
2.32766166050241
1.75062281211527
1.66796590111199
2.08253783421851
2.05170999909936
2.09395858931951
2.44192285675367
1.54846707570051
2.25571494518978
2.17871881014841
2.15037193544683
2.0213099857929
2.22931604575259
2.31611921659472
2.13129129706556
2.39971841136543
2.3584673767801
2.35421270518219
2.3319158742878
2.03157975046722
2.36536253300581
2.29814840934016
2.26045854355742
2.25493116507712
2.42075642799496
1.90963928284987
1.62552251398903
2.42467275665646
2.0420455607974
2.20078256709896
2.37245520580757
1.93650003805173
1.61709459626978
1.74843416280084
2.2501390364279
1.9763624718302
2.02229425294075
2.16205147262783
2.32909185072268
1.83559315527419
1.89456700428959
2.31528606260237
2.1779645369484
1.9380565315345
1.75236223363218
2.29188619329801
1.92968410117155
2.05668632941283
2.35109191282341
2.04854607904031
1.83212201039403
1.73888928427089
1.46868118213441
2.12705282084433
2.0683586314879
2.13544358060333
1.41288008680267
1.57735753548831
2.01679898903897
1.5602169287762
1.75633567747008
1.81330335321749
2.31690851129932
1.95430331183885
1.8696281209359
1.89006248431877
1.80442162681502
2.32932590979057
1.72294051567441
2.35428528429701
1.72391142677373
1.69369844471082
2.32216795877456
2.47777528887903
2.38122172194472
2.47240831581606
2.19739027779958
2.23942481882889
2.34458758623487
1.86409347494102
2.37225505643375
2.07186381632435
2.48000391482437
2.44926886655407
2.38759689415416
2.37615435627803
2.30273581299253
2.15986462541125
2.34316190177287
2.40910454421919
1.86841758501674
1.80152762732279
2.22957622433657
2.44411650245523
2.17560983906262
2.41590429042724
2.2786842192084
2.23867115085417
2.47620471192072
1.92871029756368
2.40040164541496
2.13746337409779
2.31377179993455
2.19462542815938
2.03447795922651
1.97332337640893
1.74949219525116
2.1784756845995
2.21487201351754
2.14837867900771
2.06897736898738
2.31238282795601
2.45104234493323
2.3407612064863
1.94446998321147
2.13675103347905
1.97966068717136
1.52236095130182
1.71907351987148
2.19739045222852
1.63785458337189
2.2302736973395
1.73852206645472
2.01485204091566
2.32794721352193
2.05945384802082
1.95387769270345
2.35128211366447
2.39369584066308
2.26478481807711
2.44805886040377
2.04500776971777
1.91983892959252
2.28483702670906
2.33603537132021
2.13607334052917
1.63954303609006
2.25604382875203
2.30918398977151
1.61211382408095
1.37272806335993
1.8846676240104
2.31679353858032
1.78448188255172
2.19990785782375
1.64060797768195
2.33153826717436
2.01175875640377
1.76554976768573
2.28702917251684
2.1380568126743
2.21193823666246
1.70576253217267
1.42285414333362
1.42682893218203
1.89563153678854
2.03346080183917
2.16043947273632
2.12785236324357
1.76862339415185
1.49719875909626
2.00748058150328
2.15712933561443
2.03154005053968
1.66269537108515
1.89314227755049
1.48134120518908
2.03317458054074
1.45148344023296
1.23617841131841
1.4676259692583
2.08326107278529
1.87479776353077
2.39659351728629
2.23089949181465
1.76703713772684
1.95987575221007
1.97642032955479
2.05080973224665
2.03299129708237
2.03322735859473
2.41999005771392
2.25032463384947
1.71114740689876
1.5780402363717
1.78926503031172
1.97553960206089
1.86242569224188
1.63358111762048
2.0155185451537
2.40210887294542
2.22930770768542
1.48123107853526
1.70544755240284
1.79100574759033
1.90182553794805
2.23572078084053
2.28706207106827
1.7993313481404
1.40429932764075
1.76363092245917
1.10986563490267
1.89638997893497
2.34975761040235
2.30415227633177
2.33052819014057
2.33467399481394
2.27456196355802
1.7078925801354
1.66842094377588
2.0390684411598
2.26270721392668
1.40910048980483
1.77722676616124
2.1794101233312
2.22037011517372
1.95521072302509
2.11777452299304
2.15872718851122
1.87285186534099
2.10755485624548
2.02935933052489
2.27316537643702
2.45591181739127
2.46023238613889
2.22615952394763
1.73274765994148
2.23905163516931
2.4067928083487
2.27210999855653
2.29324136756696
1.88618305153124
2.34764220526798
2.36101255509825
2.39427153702876
2.03168635375386
1.96159818737482
1.99121781229204
2.38971425453285
2.29665900393712
1.9867564594105
2.17475487894255
2.20003389681713
2.23430470340812
1.75736261627096
2.03163220377385
2.17602224224908
1.72476649602437
2.18808193224235
2.26748082870476
1.92859587331306
2.16279792162116
1.89234441367592
2.04087813491488
1.87368048446643
2.05035866626007
2.29785729589417
2.14267506102694
2.23549989996978
1.61305779371063
1.90243306580488
2.32949281005343
2.14641734696537
2.08116828522732
2.35912793979836
2.31947944756169
2.22906916051953
2.443327726222
2.10975391554226
2.0420552636262
1.64352533155978
1.76498739492892
2.40551835804718
2.41282395273493
2.09880991617611
2.03853236305666
2.25005714728051
2.31322767136553
2.39403885035757
1.96508863267327
1.73947994174479
1.93292341693218
2.05890604953844
2.33424463187911
2.39070626142213
1.97434501713188
2.43846233603903
2.44604580193385
2.08288184178171
2.0431208913073
2.47207853116498
2.27041015449464
2.13681781499719
1.79441579623987
2.1417125054759
1.50565519388856
1.86799096430536
2.39772550700037
2.4623299460313
2.08340468757207
2.3563507846641
2.48237913193295
2.11772352806255
2.39521060792753
2.34031198015079
2.3237231388056
2.39991258406548
2.17551965294788
2.34427016003978
2.00409239177675
1.70931606458087
2.36547494559534
2.28563362029652
1.88415972090526
2.06080883719327
2.08804106955556
1.63701589220765
2.31533852557244
1.70243409839249
2.10189051317501
2.09634430570139
2.24652448636644
2.46234538822462
2.00233533666833
1.53676348790096
2.44464478056666
2.36684862367717
2.46638615060486
2.45074072583478
2.34875456361432
2.47904445139314
2.26530912170656
2.02853024228105
2.42761959449566
2.05025484698392
1.8879173193342
2.04887853373424
1.8430521253512
1.51128442291432
1.29746822501777
2.36310625456817
2.47055552577394
2.44633474762373
2.41194920251853
2.46760863927012
2.04216357349952
2.29122675072181
2.36805475595976
2.38260165209851
2.40181075535139
2.2724347768595
1.97425432481241
1.8740853836921
2.1804164750805
2.47056371792029
2.41374873693464
2.47923872344435
1.61778774552035
2.43892663042354
2.2000979441987
1.76877746831296
2.01759350661448
2.0875345680481
2.32602919847972
2.36641758874738
2.28973427598119
2.23271601007656
2.46040258724965
2.03439711774932
1.91605544101359
2.13730868060424
1.55178521880663
1.79895939042272
2.13876843006101
1.72073918836066
1.14799956426142
1.54434734160874
1.81534329000751
2.35666794063966
1.42946464654848
1.69455487312254
2.06429725270567
2.437431332906
1.66868152959405
1.59646851659149
1.59257855060094
1.79666301221734
1.1918952261085
