2.3193
2.39673917462601
2.48397309807225
2.49444067723783
2.47908670198782
2.24054655386014
2.33588032649615
2.30994531238391
2.23036574759773
2.49652911239453
2.49174471767969
2.45876175671576
2.49742971612938
2.49257407626169
2.49519813961982
2.47198534538743
2.38605276859069
2.38360894830459
2.49293208960595
2.45992614269469
2.31592835667482
2.38280227646942
2.43523079751654
2.49805812827007
2.49980086221009
2.49943872252539
2.49990737886748
2.4813060620107
2.42084320226811
2.17416632089525
1.92139970541849
2.40757038156182
2.07655806673676
2.42236337625764
2.44161188798398
2.38620976654538
2.45278942524979
2.48726133526113
2.49834490488611
2.49966601713602
2.4991443490316
2.49010522247079
2.47910032389739
2.40880640777812
2.4527499699199
2.45785019062288
2.41581069917077
1.82468922205946
1.09739113488723
1.51390341530041
2.38924963302652
1.55576063532045
1.40326762703886
1.60004338820133
2.35688494413163
2.12990649896688
2.32919439439561
2.19006456492821
2.42913076420944
2.4930250115338
2.41260817982185
2.33354214083601
2.43038368579009
2.181305633267
2.48392532139321
2.44889342923728
2.48733215509109
2.48220022937187
2.42299158032129
2.47514292231074
2.39407873270749
2.40978899104982
2.40989029181748
2.44437129854732
2.49649269921132
2.49662557564365
2.49475695487958
2.49936391633565
2.48582644074924
2.49591298331901
2.43450206981271
2.4250198756088
2.42294121152461
2.09993584309077
1.94193546997049
2.44221086411693
2.41586100300864
2.366402978167
2.17506888220411
1.03896029212259
1.0934495444888
1.11620039313538
1.03033376283275
1.12723579227556
1.744753726145
2.44675455155997
1.62925046809982
2.48483613135201
2.36188232132914
2.21079053493388
2.4286327756081
2.32380382097907
2.48388214715851
2.46828231593789
2.44521392744308
2.49634864303233
2.42920976280398
2.35232147348977
1.76706192862926
2.03789198347234
1.89948460661887
2.40934868207682
2.07729000643175
2.14961122659775
2.32236903832769
2.14421012854343
2.46219722504365
1.94193796477724
2.19895277331613
1.47835786465048
2.20857226859704
2.02791806455308
1.39173386886457
1.98919843588091
2.12115099707489
2.367006076201
2.20731727444302
2.06450933849585
2.03348582670336
2.16151781786402
2.26599232950044
1.93855953027861
1.92985830587104
2.25421993763239
2.35693834963814
1.97375474186985
2.23969149833393
2.07105146179948
2.30328848381607
1.98857062230863
1.82638394692445
2.17216944179165
1.998794006998
2.1424796779811
2.12180210469351
1.93137888571048
2.13128069645137
2.02277181354997
2.36857017989862
2.17007983001871
2.11660522871731
1.76393931735476
2.18540348128332
2.38968428858085
1.91758472942211
2.38540052530389
2.11509562897258
1.85685873225064
2.01188040257289
2.15999009283731
2.31858158819856
2.33562438054507
2.29412852850608
2.36816096522512
2.05726956659336
2.28681761741266
2.40352696238918
2.42486841673507
2.29357923752337
2.40148805794532
2.22334898547099
2.01905629996513
2.18883308971782
2.37847355976152
2.22536552395854
2.10636281238623
2.34822229471577
2.30810196415334
2.27384584936016
2.08783013746047
2.17800863519928
2.43954797972585
2.33946057457916
2.31186706858813
2.39706461602487
2.4172843129847
2.1980344368323
2.29365387121066
2.32736792277963
1.93114584912292
1.77749680957675
1.99804688784107
2.35045541703684
2.31349817104503
2.06102080013072
1.97222095807593
1.86946934490546
2.17057619439403
2.26429193726536
1.82401862434038
1.91133440325909
2.2078687705924
2.23968733435563
2.29084003419373
2.4380524519554
2.34570623962538
1.90431833362758
2.40004972582663
2.46505650121039
2.4704841705157
2.2668539405908
2.04339832776648
2.24182490845063
2.15196108715861
2.41394222335879
1.74938999048901
1.69153224536522
1.52602279338038
1.94393518431915
2.14506178844826
2.0296172607186
2.11052126916787
1.88903887758691
2.14615599906504
2.12866228869984
2.31215495034222
1.91379770028584
1.96569339623682
2.12350850260918
2.37452290002529
2.38837021523355
1.86261674689919
1.73245031436186
2.19998994186532
2.03467819987162
1.889186688892
1.85849136336863
2.06708280431602
2.29830234104606
1.97768189338896
1.49137826641466
1.63652176277543
2.15117438014216
2.18968154577321
2.20686179517202
1.82564261003498
1.87433467070862
1.86235707564185
2.07879868174918
1.71825984713032
1.99243570203205
2.15224407386789
1.85551833961089
1.95369910216367
1.73240008966271
1.86902886469537
1.85393736967238
2.33485506262492
2.21712737832488
1.79296697074877
1.83039955753312
1.87199675463901
2.05062220202449
1.92600060056124
2.3070425051094
2.00260120413484
2.1518032313199
1.77572383879536
2.10803343794016
1.96738549042805
2.13419296276404
2.35190578701391
1.72747170949238
2.17480318473994
1.89294620409
1.82966577265822
2.25800476496722
2.4823974103133
2.31886132040666
1.89137136170016
2.17221754846691
2.34260946008179
2.31671186095122
2.32383910811461
2.14190400773145
2.15705352237676
2.17799841984621
2.41314220932006
2.0585726021814
2.46302082583189
2.31252015601196
2.46161937161053
2.21086890390696
2.29310444033353
1.52939751652
2.27908388880455
2.02527241545666
2.06039218266713
2.3917771114384
1.98452668680828
1.87977910322449
1.99050131676331
2.18064190850026
1.48184848567723
1.83245637244922
2.16886455531729
1.66522348918439
1.76021716922984
1.81565070933818
2.02003741178331
2.08529871644587
2.12706555633777
1.93785554049476
1.65995431978793
1.89097723728573
2.2526355902402
2.07353932048203
1.68895777778539
2.23580343344087
2.18407104652648
2.08186802636079
1.97325762921917
1.88336392226908
2.0881743371417
2.29882183745587
2.05259288746647
1.61607993093586
2.08659040340567
2.03341055669973
1.80658252393332
1.69245537391609
1.66234759469645
1.7223534678573
1.92663766484596
1.96038675548499
1.98741124515647
2.29480051725765
2.298029016904
2.22728658594329
2.31462547436251
1.92493592352061
2.05294021191234
2.07820524802861
2.3678993576399
2.19605512631198
2.15416793755247
1.85121611179815
1.50156542441376
2.37470404192898
2.35744048560941
2.10614095039059
2.18393932243967
2.34864065532818
2.34818718016573
2.21439597935274
2.26501512345938
2.44878035329186
2.25411320944657
2.24168198892867
2.26260549760422
2.00617910032789
2.06973023889791
2.01964275488716
1.91844362569242
1.32470772770523
1.15625653855868
2.07283455723834
2.24648779890336
2.39639384487388
2.48166237426922
2.26798159612049
2.17645017683343
2.23432872075502
2.35787576745366
2.26421493428943
2.38389469033531
2.15331426932103
1.78035538600043
2.02847380103463
2.00689344431556
2.34148701023089
2.46192747975604
2.41370804059733
1.9508128959954
1.96649343405733
2.05648475346272
1.96372786671669
2.18905622840597
2.12148058492961
2.17749272166207
2.18812273370407
1.67629767269194
2.31872077815249
2.19765673554889
1.57818836549946
2.25974909346951
1.96962557066709
2.14800184630556
1.98555573170784
1.99326002272902
1.92769000742847
2.07683592285739
2.31223458959228
2.18978163201891
2.22882931359461
2.26441360888715
2.0683353377429
2.15872431277813
2.14125779168385
1.52049149420586
1.99074226914535
1.61854460867858
1.97523660191836
2.33837417400525
1.68789940752928
2.24155272535665
1.47236673200282
1.73621385974611
2.36935070114896
2.17736962070566
2.37377317656055
2.08204541114458
2.03729016955714
2.30334111850614
1.92390594440393
2.05518976289983
1.9417171715883
1.82891776768514
1.92829391223965
2.28753293339609
1.29422402535208
2.04747285317898
2.1271723504029
2.12992643836919
2.28292648709882
1.93148799189257
2.29906761134779
1.92182694527028
2.09127923743538
2.32390232358523
1.64533256026007
2.08915836658402
1.61616687038716
2.0144827023568
2.02982598312132
1.57402247929623
2.0235193554699
1.9591284973165
2.24387499681258
1.91561129923289
2.09856560570984
1.92113106496076
2.15851244093966
2.10728597002976
2.11400006107044
2.09393805602204
1.98982784440995
1.9519180093645
1.31273722027898
2.00307541824048
2.01531397569049
2.11454559521022
2.14285946680248
1.65388388198277
2.18992170860327
2.43596694495489
2.16105840776433
2.0314571985978
1.98603592251063
2.14521728496134
1.58774833267079
2.23460525348036
1.70905975868422
1.97831920582141
1.95107054737245
2.10601797933542
1.76680539341744
2.24900809352417
2.28934803375129
1.87589645980403
1.95682439313364
1.52617438815604
1.39156915676588
1.96701858402918
1.31312041420132
1.96487498069603
2.22250530109515
2.10360845963322
2.1407616552888
2.21889889370745
2.2341251468182
2.36921195771348
2.17219456749716
1.98229641744326
1.95479394280461
1.91389700771826
2.29049244768463
2.18708695129231
2.20808459876374
2.03036135450699
1.82118635955875
1.64765469344676
2.08535431834589
2.1366326453077
2.14226041572127
2.14962367976621
2.21794412910517
2.23830243596947
2.26031007032196
2.1886029925191
1.91583300135583
2.29815050729992
2.20791941650502
2.14667610726521
2.21494877091418
2.38808008204622
2.30270775774565
1.5856861126858
1.73126184422705
2.20148923620958
2.3026241163605
2.26915087819036
2.36090444327539
2.17856412427464
2.31407743195829
1.56911401833258
1.56951209304163
1.6613027413236
2.33150956665551
1.87326528617844
2.13341462666963
1.98312288627201
2.08841132527408
2.05834934368428
2.35679021008086
1.47817145025625
2.14613852824341
2.13964176797651
2.16747602319741
1.78275646217395
2.16234502260587
2.33823174016864
2.13926608532299
1.66485418534752
1.60407088221597
1.50418321826615
1.82564516133585
1.78109012701029
1.60101045804973
2.27441435186023
1.80413155213835
1.69209252787234
2.22204119003134
2.46555919935958
2.32256872514821
2.14691532943113
1.97266513099758
2.24754421185611
1.70185248366283
1.98998236550789
1.92172739779819
2.14625473690657
1.79041435917342
1.84650916098843
2.17084471888732
2.1326381081693
1.7853261641564
2.39155433159829
2.01055925303104
1.93173224926159
2.18701747239589
2.09562038122051
1.9167855973931
2.16190576603246
1.92528462849927
1.8119248337196
1.83673172017615
1.80222685704862
1.71916443279374
2.20446128483718
2.19905786914952
2.30670384562998
2.25645499289785
2.06572013818826
1.89716393095167
2.25019228874517
1.97534113833219
2.14815463723768
1.96596489494589
1.92269047367914
2.10585452379375
1.8829239455001
2.26976583057985
2.23263849100945
2.2991428156394
1.92949118229226
1.74318104771122
2.1222370507615
2.0634292318614
2.02660182856289
2.35983583500663
2.11546342076725
1.50496692839534
1.92639266003239
2.44301641844523
2.33863090351001
2.21349650933188
1.90809916793012
1.32661183322103
1.58201564800397
1.8046465590154
2.29824152200998
1.27304976218511
2.34333798740262
1.82934153715876
2.07420847616836
1.97902835567344
2.2684996657873
2.19157739750426
1.7882062048193
2.2832404789955
2.37351363789775
2.18888468517454
2.34995765264006
2.32009764818368
2.30080908170599
2.4754274604778
2.45675042954757
1.92691288785633
2.39595235098199
2.47193441144117
2.08495061175881
2.22256739196252
1.70023251377637
2.28817360776728
2.33326233733609
2.16087291181811
2.34346568600996
1.46260117695339
1.8307990986493
1.12969971523192
1.24114853411389
2.31104012084871
2.47958727647585
2.43725313907313
1.53105802926432
1.21683683922676
1.89134113238493
2.43216581770576
2.47400890261083
1.85434355723657
1.92169112053414
2.36173090630307
2.46218907862069
2.14454625728359
2.47905060985329
2.49707660467987
2.49890002590976
2.49306571610162
2.47916913543501
2.35610049451061
1.92733974475549
2.08457876693041
2.08507614245185
2.18103217829318
2.43933969956411
2.03013057940661
1.09679644038669
1.12096074832355
2.41736707065949
2.31501992266825
2.37133477924915
2.22441607251453
1.79622747077425
2.20052505167889
2.47036091897869
2.38819104850583
2.43247326587996
2.46240811355828
2.41620671260399
2.45983408232441
2.45760286373213
2.47707530334965
2.46464036646707
2.29692245010766
2.32229217293694
2.24001002373218
2.35348446434074
2.48286398569127
2.49459355941189
1.99907145302178
2.18350768899629
1.39805076367943
1.41218137913326
1.18760998094745
1.65474098977225
2.3400650203508
2.00065943129542
2.13305738654617
1.3363979810406
2.03233199934793
1.99488923438265
1.85554568591091
1.28725412335209
2.33511666068193
2.40913044588547
2.12631321799051
2.39856610573132
1.40070846673622
2.00169479918816
2.21374204330649
2.363754272262
2.0752762858817
2.4623053073295
1.88290459780833
1.89973619796961
1.47481235323032
2.14594103596943
2.07559748211343
2.08942859035067
2.11833826106581
2.09629686888426
1.41031502512347
1.9380698084623
1.89862995700413
1.98100337976173
1.46412834144441
2.08907026195194
1.96649826769789
2.35198894382604
2.21370678040973
1.86414021684223
2.19281671158515
2.40280363170791
2.0634409722699
2.23070493145432
2.27619195939369
1.57192846620762
1.68110737463012
1.52863809546834
2.02338681782519
1.55605264222722
2.28831034410526
2.03882141909374
2.12374940644302
2.37568923457683
1.73663449389272
1.85369372555921
1.29076045512225
1.28963400069015
2.17410922511389
2.16385560536812
2.38977027067868
2.10186496219578
2.35300917582666
2.40102161020056
2.21032064320909
2.35953169888144
2.0594840920324
2.41572009384792
2.33351084699593
2.40526453254912
1.93551032522154
2.05908527864303
2.36960238428382
2.28549336690286
1.55205662789658
1.05904698118723
2.09630364900553
2.4220641872087
2.38637396684959
2.44749306256313
2.13605951156112
2.43916545886647
2.3065321654667
2.31903721219626
2.24515004337512
2.34232167982756
1.53757168475838
1.95740396149567
2.36859885364562
1.85314279476625
2.1847049370156
1.87221160607348
2.11163946361425
1.93913761672088
1.85921894106873
2.19365958528359
2.42862230770729
2.23335761555824
2.08838524431539
1.87262121387891
2.06854986268485
2.0451054198305
1.17068555839152
1.50830651222833
2.35458722692554
2.41863167016406
1.26734312410123
2.32472450130164
1.80973491292852
2.08926683539484
1.72785189036543
2.17076433588553
2.24745229163579
2.15102801866014
1.97166105444145
2.3915552915904
2.42184931572722
2.27372734127597
1.877106903562
2.00465133708263
1.7182288765863
1.60622928210077
2.21954907481654
1.95105635545247
1.72041073978581
1.86857947389613
2.37311591865508
1.98476872084705
2.15779700720161
1.4409745322314
2.03442291631476
2.07946208121973
1.97447833845776
2.14726126359952
2.23600587145427
1.70745783899647
1.79678331230687
2.2972593591623
2.35920284436608
2.18498551421741
1.66607669415547
1.5135754531804
1.38747315864603
1.25012199247775
1.20030771727905
2.39327740542097
1.90782507999412
2.14371128210191
2.36948621930891
2.00309045066401
1.89110577986853
1.85184278391403
2.40184119876367
2.07500111144771
2.39566086988991
2.28814694679631
1.88174486601976
2.37143622858139
2.37827759936779
1.98081006098463
1.33622864669755
1.82659164187538
2.23060501883496
2.25750731335081
2.03181568966982
2.22631016484455
1.79967675788407
1.34671570608512
2.30839569632458
2.30412331138293
1.74238329654315
1.98229098060816
1.91882781520186
1.93012622884092
1.97426381702155
2.18114800993226
2.2370253516841
2.06469786000031
1.55791079048213
1.99587200195384
1.85999608078386
1.41865970878696
2.15286511035596
2.31828586981457
1.8280120492189
2.26737733419207
2.13136442950576
1.41545867758679
2.04280236507905
2.2785003602539
2.16465782293023
1.85818105043064
1.10246626369824
1.34703589745906
1.8191380344641
2.4369741293301
2.19362097880551
2.31959302748071
1.46216039732715
2.14488743293425
2.20406164429808
1.61630961592824
2.24739803658624
1.62063424920996
1.57828387344998
1.46893395891264
2.40368930855328
2.14176966790189
2.12130393839273
1.95408534125407
2.19601082343157
1.69704733521454
1.93525362039101
2.12110852779043
2.33060202671634
2.16270522108494
1.59448137240184
1.96272047377643
2.14281858704325
2.20317921936626
1.83281906605403
2.14366828095604
1.95377589128609
2.15697762501282
2.27805846515383
2.0831549865379
2.01520143543761
2.23505920959286
1.84190625217764
2.19303387247373
1.77066948446954
2.26128518100837
1.93776757339692
2.3372796981654
2.01556565777252
1.67803845807419
1.88849727521388
2.14791072818267
1.97944254153011
2.29316922241208
2.36457250623112
2.32092454395012
2.36052297411683
2.24394795738094
2.05497344983041
1.76311934974055
2.1599395692551
2.00542760471255
1.6364362380083
2.12865362987673
2.24080574160495
2.45347999655163
2.2026085036695
2.02945127755181
2.3093160985916
2.22688499658109
2.34923133285974
2.08264122270637
1.97806338969005
2.30713173798797
2.0534036527023
2.30962706250844
2.31050074104879
2.19626128901607
2.31749018896448
2.42912278036333
2.44836541285195
2.20850249467185
2.41627220930267
2.47645082008255
2.32842653866185
2.23822172966817
1.97127806680258
2.27942724866737
1.7011638991433
1.68478460746792
2.40189929950563
2.21500542718226
2.05243880400069
1.29867905495422
1.99962853520112
1.21710760835009
1.18072195894711
2.00616436093888
2.2424144098555
2.17718066159906
2.29749192756924
2.47408014370662
2.35928644401133
2.40229100418
2.44640989078977
2.35647979418774
2.21545799202471
2.4884007919578
2.45817707498152
2.45883254068238
2.23218693660795
2.29360264924043
2.40965682266222
2.2778987557115
2.32664579198565
2.40521582956703
2.17968673783875
2.4292221917675
1.87436805738608
2.23640657029931
2.13721338476773
2.38518618371986
2.47966691187192
2.46791606034232
2.40088167451299
1.68522723664394
2.28481867429928
2.45290822915193
2.41570384317546
2.45580196246652
2.46939789096142
2.45509236859948
1.82822722743655
1.53554858475346
2.19682747347738
2.15299182264388
2.43740678002648
1.33790192522948
1.51236124676989
2.41071716606245
2.16135734616155
2.23822242503357
1.55605887633885
2.31541716121226
2.44347537103607
2.29775986033299
2.26611465888248
2.14890301580526
1.62395096532795
2.13727038379572
2.27741660918413
1.86894544200253
2.46419421626435
1.87409742202269
1.56733204051035
1.77438692146375
1.93110368253522
1.65979294104314
2.03632788772034
1.37960854332882
1.24324629371331
2.17147075629022
2.24220744740931
2.2603544367634
1.25928916042514
2.3313617541302
2.4143477858068
1.81411457159757
2.34700341267735
2.44169293770609
2.35768291941606
1.91408012697353
2.04267201769842
1.88426207832244
1.65345076042325
1.85397891170396
2.23747458050123
1.93664787293114
2.4230218046741
2.33810315374204
1.78130466578778
2.19042079467357
2.45582072594822
2.4804300035632
2.01560506245576
1.84871832988044
2.05144169709238
1.894615976827
2.00038818410667
2.33604720036243
1.63975487448052
2.27052752437877
1.93127886117957
2.04890048928141
2.40727865058284
2.28177143985723
2.26681739500038
2.25212054613358
2.28736092102426
2.26284894184302
1.78580376234007
2.09935857610087
2.25733012042992
2.04323869171028
2.37011941017498
2.44418043921181
2.30331599902886
1.84945734754703
2.25696952412295
1.3439318739272
1.11762769242703
1.05056788505937
1.40258973903197
1.99137135410816
1.31119306057297
1.29228118777651
1.56039671446291
2.24464461196268
2.1263773580044
1.74505164739052
1.47957912375655
2.01340144997239
2.27107709961298
1.849651962542
2.28180187968029
2.08817898460844
1.88685042354445
1.42319213907533
2.38032767663025
2.24148188128831
2.45059051747392
2.20035972986576
2.18365583687561
1.96271820114251
1.18690650550659
1.32675268056644
2.0026097385644
2.30253102800753
1.53758959126483
1.21885287787471
1.74316638029963
1.81452806727284
1.79534211501821
2.33520628477999
2.15405128676753
1.56944147461124
2.07346771195382
2.31359120552879
2.27331002958772
1.69976666643744
2.01357726205756
1.81614559325629
2.4632857431348
2.15736685855839
2.17822020649004
2.3778797669133
2.04994736632793
2.4254287787033
2.27243140682745
2.26612801464364
2.1966531246641
2.23875264818623
2.22672870046455
2.40296597951115
2.49097844602525
2.49196033895104
2.49340383441618
2.1965068994694
2.39992601452834
2.01412966143196
1.49331286439645
2.32059876480957
2.29230110799472
2.12059969564759
2.46202564985511
2.33795400029685
1.9964227645713
1.81705818621056
2.32659478052325
2.19259607299592
1.85634430305061
2.21900769697197
1.94539496511122
1.62876398459784
2.45260403374728
2.48329534612014
2.24961444275079
2.33321560034593
2.4776877454857
2.35647893352627
2.0025590383124
2.10129575002148
2.15480829991494
2.02410765064325
2.15756007065904
2.23900045032311
1.86302234178121
2.16638421821075
1.9466189662166
1.91223992263854
2.02078815369762
2.04562416263886
1.8475613206748
2.40847609332097
2.43867766234086
2.24242239256404
1.99180149048204
2.18646646068711
1.95517857457486
1.70275588473851
2.22034686649028
2.13637201052481
2.351221857788
2.30849415960439
1.48732478258105
1.33821396273794
1.91282209573745
2.13975674159668
2.35825090000273
2.31171717959994
2.4253129754985
2.43034188845686
2.40813820090211
2.38840107674252
2.45753954997254
2.29124193919745
2.42697941149834
2.20427952165325
2.2606102084237
1.88891381151117
2.45512795663039
2.11335514033647
2.44022459776516
2.05602975546482
2.30792179994105
2.38758037350474
2.2156913020723
2.32003959836654
2.35245863824037
2.21903124257025
1.87913544433608
2.13244796954951
2.13955724017978
1.86282047789902
2.29242919419609
2.34547969489499
1.82114931474472
2.28502431736372
1.67497227546269
2.21906545361233
2.03543338046361
1.75245580718964
1.75469961557148
2.40041029402715
1.32443505513171
2.34794203532549
1.87071219001457
2.08226441660597
1.79258061702324
1.81409099751401
1.89456506601676
2.41327588156881
2.23463443536712
2.34089247465194
2.28861359506844
1.94879402904664
1.30662804417911
2.31581969912744
1.43973378438708
2.14537007100913
2.42739293190042
2.18305005238319
1.99891030469933
2.23472543542959
2.06214879771123
2.04239865628129
2.05121105084093
2.22128979013953
2.15460011026481
2.12551434356031
1.61085050455392
2.36599953945511
2.00673617543548
2.17033393967871
2.19974518438273
2.30736166596461
2.14281947225398
2.26978465793339
1.75704584710827
2.1493853647911
2.02376501140737
2.24311882195844
2.12313589481018
1.63062068453474
2.3352591302129
1.885427345196
2.27881493547365
2.32976632856284
2.01446348621023
1.95333631862503
1.53678845873841
2.00495044974962
1.96960332158848
1.50348542538747
2.33806389992834
2.0997517424772
1.36283322622056
2.20953209781236
2.34789884457817
1.85976750600111
2.16162333210592
2.22326703477859
1.5786579244677
2.07603156694586
1.94880599284431
1.9816981875677
2.10859166284813
2.17037617179226
2.06264475651183
1.8430686701062
2.25116720275827
2.09604709840259
1.82895011082974
1.22066837088998
1.95418824059817
1.09450172753783
1.0113490999403
1.00415168361602
1.00290500783861
1.01711544349138
1.02772459134177
1.02336705395803
1.28025160431392
2.18739071255245
1.69074769272654
2.03561243361104
2.33772207288354
1.93494543672848
2.02622498043147
2.29606989800506
2.45900719886756
2.11081228123359
2.32810052333428
1.59664624381203
1.08611265156109
1.80962342134509
1.49207510966284
1.04141841402824
1.05886186554422
1.10774054144269
1.76987948774181
2.41053387251467
2.37976055337564
2.4811228015584
2.06698587529837
2.49196927401012
2.43058991673103
2.42185506016752
2.46025136129401
2.31089484260042
2.21795013370937
2.09691001450175
1.97319168646353
2.00408307935936
2.17025504186192
2.14623959631682
1.49629832167914
1.80868937285008
1.75117911704598
2.38532338166301
1.88256942345856
2.21697493428477
2.35916583964755
1.84783442552616
1.83828427644082
2.00840953669908
1.47186899081179
1.82876368233095
1.86952937167908
2.00320306554401
1.80983590061667
2.38521594401505
1.60844690511554
2.12941409808258
2.202349698507
2.3652430060745
2.38813695319375
2.49697807611891
2.49573462167865
2.47576693316293
2.28011093239709
2.33791298641481
1.96316179045366
1.57464855904377
1.85627639593189
1.9323221961538
2.24398896608597
2.04576801720549
2.06618615756098
2.39755076506089
1.2280693821287
2.13736862470764
2.3087272829454
1.93768382943675
2.16196222074621
2.1749262173864
1.85595074798205
2.21652187701678
2.18647788722279
2.40635650076132
1.83319792688837
1.95527105832487
2.31784799047518
2.29915182975724
2.16996297581217
2.24278892514079
2.10882299948464
2.37464116033998
2.32654375368362
2.38541000316372
2.27829229410554
2.32109058159154
2.43412472804018
2.25398159285455
2.3374040961783
2.22222708364635
2.41434164643517
2.23411357847538
2.38773127361176
2.29826127427131
2.35187526311676
2.28694347489053
1.90015542321556
2.28773459754063
2.17848726416198
2.25738970052121
2.16388203139317
2.1967639729396
2.44479425178653
1.8517273576902
1.85762774148328
2.36707579376168
1.82348026831834
2.20248913008633
2.23120416527867
1.97633121879007
2.08086663319566
2.38998702161168
1.97619855423446
2.43456018489873
2.14317185145471
2.25532517199393
1.75014322601882
2.2496044656867
2.19821449874557
2.17221248987155
1.76694598344347
1.99608701565878
2.46892764242195
1.95184897054092
2.362235480374
1.74864576925926
1.91779556882717
1.63340093229701
2.40425426608023
2.33576198845818
2.31092964566464
2.36996712360444
2.07506542945007
2.36502603294553
2.35751553072449
2.37588660561894
2.4558864548347
1.75857695997577
1.84398865817605
2.00786250602151
2.30896802385508
1.6194602622832
2.19591832111158
2.35082287769406
2.32222612452979
2.35419034181307
2.29651312935473
2.44468376337615
1.94919321034194
2.22848552530758
2.18590893095091
2.19275582634724
1.98349023488978
2.29658743993245
2.4764550920671
2.04728481217524
1.82689896635016
2.14254351609753
2.2811718519724
2.11665641664651
2.33552706143901
2.03562922939684
2.2469704425214
2.31648017045793
2.46853518573174
2.36559644018704
2.31412254197172
1.69426954809319
1.98542336746177
1.50668298041041
2.17449915326643
1.64373118571089
2.20097124502877
2.13899435426543
2.35821143722224
1.48600388611044
1.59174879037208
1.11518733909392
1.76906948042725
2.06521068545197
1.71930431100124
1.90327036094706
1.35058484862275
2.2390939618114
2.33586333893071
2.03551697581
2.14552920025894
1.45560020852192
1.55167335133136
1.90350886089139
2.06308372136161
2.03983104816698
1.7197205558601
1.98863177433138
1.87238048745892
2.25175506004019
2.12192454353035
1.73679864178487
2.16285520573214
2.21032356741435
1.60565733782978
2.06932291885844
2.08481236476186
1.81131699177035
2.28917461682628
1.57662700857766
2.24045496278872
2.44389110773175
2.16877980047762
1.89615935777065
1.5689766526036
1.84223183485176
2.25326913955086
2.19567004577822
2.43121711842816
2.47413268520313
2.2006451123209
2.02970481476005
2.36164471656566
2.02909396066986
2.02779786676361
1.17576331704208
1.50638464588417
2.06039773534184
2.47504728324938
2.28769757950793
2.43058928720327
2.02497443585022
1.88672388080691
2.23375424601695
1.91169024519105
2.22784145820763
2.18406104260126
2.36435203987943
2.06781875385408
1.92830921180261
2.04229256832949
2.09745340089242
1.56746125538775
2.14694679539564
2.19554190529615
1.34545335934967
2.01628490151801
1.60075345418684
1.91759271862117
1.9827069134407
2.20958909659795
2.0766495857811
1.68791716210498
2.21138116958781
2.21327521224926
1.6437501043056
1.79228794934412
2.07346386574688
1.94515875105912
2.30521557698819
1.77271021373185
2.2517781393529
2.09469147330752
1.5628683512631
2.09252788139224
2.41804752693111
2.28666921731677
2.11770955658314
1.73722652174951
1.48573263395278
2.24294512406157
1.68745109663356
1.75879147224117
1.21620670357837
1.56017239806874
2.19150511888805
2.21292519888256
2.27034355143155
1.28016641307554
2.30778387254894
2.36044319612553
2.39946139124304
1.98759032763339
1.5493843182044
1.87782277722732
2.1950921811188
1.55611922723845
2.29212806063141
1.72112413185844
2.34947612360545
2.05686394285512
2.2044393980436
1.88025502595216
2.4805634058032
2.44305798090886
2.39296244163661
2.49005959226535
2.33572906167751
1.80149745249938
1.91850827921453
2.1762428810172
1.78794404843265
1.95923465240262
1.59638629962258
1.26182771536169
1.83595810967155
1.57836904757175
2.47499825234767
2.4400418186104
2.49664885769941
2.45161247359068
2.4424552356519
2.45634858796525
2.39566061217307
2.46788991029593
2.49181386712828
2.29010214524841
1.44358504235336
2.45830430984649
2.47547584622168
2.48351329197576
2.47111826523994
1.6104077290743
2.41805946705154
2.35038095612978
2.30202761908866
2.35898692413975
1.78816215376784
2.30264744487364
2.07516032951711
1.87819543728452
1.97100851077387
2.41993069830329
2.43547648707782
2.03732033417523
2.44302404194144
2.43973649569629
2.42525455667787
2.39043023749803
2.48081637569431
2.40987371543843
2.43557618857078
2.27560321940629
2.30333924927823
1.78444319629305
1.91851707655351
1.7531659057181
1.52793463666277
1.72831368223976
2.00967069996856
2.09406590785441
1.72716645221735
1.3814197690832
1.27731755651934
2.2022402726004
2.03297458476698
2.03566890632118
1.8184299827728
1.12169656111104
1.67638654785132
2.33587442511194
2.46028914199045
2.20394098370403
2.09828456355406
2.41933368340622
2.05993753169553
1.8962133581738
2.28087188008806
1.94289537193814
2.32270676877335
2.27265568461171
1.88346925795038
2.07785000997128
2.06812116861661
2.18001129723452
2.44063492352611
1.52633840524594
2.40855835301706
2.26348263843601
2.17994332318894
2.40530417559739
2.10321547476839
2.17399644789798
2.27890757081009
2.12973187852095
1.99536972589268
2.18159264874731
1.98798155895878
1.0750682188837
1.69203626986189
1.22224973303569
1.73758766198936
2.03433691433985
1.6713526359387
2.33281667574931
2.45981080958174
2.35305645193623
2.3964804271224
2.26162078321045
2.41626713237835
2.30417333767963
1.77002138762926
2.18232324288252
1.98873074413947
1.99577750526091
2.19142326779815
1.50704295692427
1.61605179880399
1.5003172707799
2.06254025120195
2.44033559421593
2.48677368402901
2.47065287173627
2.39639583130128
2.4372575407877
2.42639357133879
2.11095119184766
1.67643649925535
1.42407058130094
2.06706818186284
2.18272338343328
2.26580108691084
1.83772001788365
1.69946116356755
1.75663222218969
2.20750164536937
2.33776324031287
2.23454646337943
2.17822878246157
2.35031597366124
2.40719542551631
2.28684358480151
2.31863435324479
2.18205878591
1.80807929503013
2.3300495320483
2.1061539049464
2.15595099283824
2.22915122734184
2.42559669301487
2.20236041746974
2.12845930350882
1.38267477254321
2.14517793315201
1.61605236593753
1.98643866239585
1.96844268170603
1.62654188175795
2.16607202728782
2.25663854550502
2.47756511821775
2.3308204957235
2.42271094666538
2.20055625504027
2.45109514254539
2.25639531724031
2.27810540732101
2.2190090738597
2.32873320984864
1.46477915397399
2.39395978912094
2.09960096426945
1.54718446527851
1.98651468796165
2.01129123481497
1.92142477670054
1.80108908937179
1.6395127076781
1.67548855458562
2.45346796774295
2.28844759997913
2.43999093086247
2.37243083689594
2.35191951381019
2.13008734407789
1.85528380927289
2.2031368994921
1.90280217389385
2.20899739698256
2.30534244830016
2.40119573815427
2.37540188885625
1.99816446713251
2.29349611910489
2.25987393122183
2.42809205319341
2.1755982106091
2.3228382128761
2.26012905920301
1.87938074181221
1.83372956785244
2.18199238888567
2.10456431555348
1.89922890363834
1.98559940259599
2.08816183058035
2.03623072441352
1.85842085795334
1.71079211818802
1.68102914561421
1.99849299726137
1.50843272486303
2.38378148365486
2.01132404552316
1.95693509084763
2.11400256570541
1.86108879368798
1.22391413326495
1.50109649000332
2.34469206039796
2.1054022895534
2.27832104351519
2.24619303132718
2.30343597685139
2.46935723115251
2.47753973838272
2.35443070619497
2.33637813222749
1.87916420297661
2.06134162363239
2.40226219567119
1.94962117850982
2.3390376797813
2.36026089342132
2.33717306504295
2.07051985742331
1.72383823712809
1.577768165145
2.17158932533988
1.96313682025062
2.44260994765585
2.09864204648536
1.61501839297765
1.50620533143435
2.18140815832548
1.93717258479745
1.37304500649389
2.24663870192152
1.37250898661483
2.2108972886638
2.33347999700167
2.2901895204704
2.30329899283727
2.41987683323446
2.47532371653304
2.41842447704415
1.73063709824882
2.19188896450014
2.16816652972109
2.27126530377122
2.45669348395622
2.422209764228
2.26114165021018
2.46809614071357
1.79633882945859
2.1832692447074
2.45506526380531
2.48974359065914
2.44792179178706
2.40141836837811
2.18503722372374
2.0030576369168
2.33603213251028
2.40924993507502
2.47886760736353
2.40594790865954
2.36416722052148
2.11803478024077
1.19596845695404
1.666188055508
2.06168170210954
2.19152281497473
1.48214911462186
2.23984470498021
2.14205533794545
2.28122038472932
2.4726999737052
1.42190534079071
2.05124822503965
2.35582682207807
2.48289134678125
2.47482390019998
1.91668281392323
2.43223070750327
2.49889291927445
2.45229794704228
1.74880158210142
2.24040434269339
2.47060146427177
2.36951500982303
2.45726325053958
2.34823995639956
2.25640723748359
2.38448579910179
2.49080547944381
2.45157601469989
1.65980737823408
2.2175982665216
2.29636755637799
2.15924560243629
1.70124384354573
1.64059937108563
2.30677451238164
1.80260515437424
1.45984832521081
2.39046690176069
1.9361156304923
2.25600645871587
1.95353819886472
2.35159422137098
1.89551156103714
1.85334997624225
2.04755716280464
2.16471490839888
2.06603262490152
2.05281099970368
2.33425624122085
1.73503781619534
2.2902453009934
2.37584197323732
2.06882199159048
2.25828263329409
1.67127125204486
1.76626087945283
2.07418164864885
2.26797279930302
2.14729950083571
2.19224950543374
2.41325098291562
1.92899693156454
2.3178859988788
2.28563770660384
1.99555733560097
1.81991317289157
2.22668495978787
2.19000203818179
2.32670784853102
2.27978214943248
2.0263244878613
2.19605366104318
1.49062150737776
2.15945686799882
2.02575905558232
1.36667434584282
1.65251535454066
1.50169116920241
1.42855109316955
1.83003679805839
2.17899925347148
2.43498953506802
2.4769544629741
1.96405482118256
1.58714926677886
1.40909442634261
2.19063980674936
1.66487473501994
1.80788676348258
2.00521838499872
2.00442610946147
2.39461871028762
2.47770356884339
2.44292398252598
2.02002089192544
2.3961478579033
1.96658969952063
2.35898814562636
1.55489787828578
2.15573807725019
1.98879053678696
2.35627570018158
2.26684546960453
2.03311417614811
2.25902267852712
1.80349161986084
2.14743744913085
2.2814854152534
2.35978952973964
2.18306624485133
2.2731897620059
2.40228457010144
2.21041739921478
1.87725519465412
2.25954328049586
1.71403442082283
2.30391081026915
2.0585533154369
1.77649309776978
2.26591871898676
2.09928238198419
1.63599225672198
1.87043666042845
2.30877878034069
2.01183339328761
2.10890022371496
1.85393860715677
2.13982730949559
2.11968198871202
2.13760733397179
2.24836234191998
1.67100823625441
1.7380649751215
2.1288695674233
2.36351897453721
1.99354161106426
2.37291076973112
1.94919437302535
2.18030795637973
2.3637253597314
2.23021517407397
2.28168753966002
2.30032733400504
1.95253754619851
2.40919476012442
2.38082560033709
2.07192722793419
2.37513095414701
2.32504864945582
1.87445035765326
1.96585251952457
1.42677203746757
2.34321375336401
1.77838021907557
2.01863707300786
2.28285149567998
1.67318695276899
2.03007050576643
2.38156413908845
1.97784519935722
1.7795461181064
2.24957226465013
2.15994748846906
2.44103111213988
1.74789327734134
1.85461992347697
1.95082730305563
1.69474496972043
2.26864291006241
2.4399349389847
2.43316555321962
2.4088488922004
2.39474515255748
2.41558303867279
1.71422167469739
1.94271750315917
2.114793484096
1.60540939041845
1.82063124721019
2.0243528595358
2.24995930756337
2.36898953615607
2.09775535950762
2.19300913321085
2.3938280697913
2.28110355489663
2.34358441160421
2.26735915353092
2.19246067751662
1.43879606582233
1.60183367245106
1.40329415575981
1.85571104864096
1.79672778819697
1.90122082013815
2.23252016378867
1.79297059930356
1.72693069295392
2.16032537067177
2.33150700689899
2.39847826730716
2.05184334526092
2.47680684880392
2.35380145669449
2.10642471152906
2.4880558434398
2.11647875182083
2.34471069330002
2.19156283328965
1.84098293901856
2.29140771095211
1.60620935113631
1.97860194103272
2.30807418223233
2.24298834027647
1.73014260659529
2.03917286743509
1.89375411272289
1.98300230977282
2.46957107662681
1.96605121610693
1.88165918626277
1.84399277540021
2.37357959541809
2.29522868815953
2.13959426939212
1.32572875886745
1.68275590593395
2.06518254497646
2.32867968886892
2.38484177893034
2.28382361541949
1.8954616826762
2.10867542782326
2.17060662343821
2.20742175716902
1.99130105682851
2.14209386964655
2.33898035157428
2.36671836279711
2.25687649837959
1.89400058509563
1.96336160559385
1.63861855438317
2.15971080968707
2.07865684746979
1.72889889024945
2.45202038486259
2.31641079097303
2.22138477265753
2.25448238037594
1.86493713783215
2.35774007701231
2.44573933834405
2.33708386039851
2.37989028219159
2.42531605094368
2.38325434637327
2.44021867857691
2.03677133971465
2.41033076516255
1.83373600100973
2.00653787202893
2.44389241620475
2.28935392356902
2.3404823145494
2.42761971430832
1.76360266573632
1.78640238068833
2.22197309393305
2.37098544047826
2.1697024043059
2.25452222054271
2.43786007347955
2.25955899683828
2.1428648431557
1.46975409796048
1.78887238755394
2.25083215816416
2.20892070714561
2.1673009157
2.44966942572677
2.39127143459455
2.44476396333169
1.91547220068087
2.23736602997783
1.80175409414589
2.31725759617192
2.27617309963494
2.46427031515666
2.43734027467607
2.13787000461181
1.54140097698437
2.10951520975918
2.3410420201343
2.45022683240829
2.40217118708157
2.47889396041893
2.42243511357004
2.47781917433132
2.43064122353507
2.44628017358118
2.49573867015325
2.39677305106391
2.41073993580097
2.46079137711981
1.97729857505957
1.13171737396645
1.45168912213075
1.64765280981344
1.62734806850674
1.19906150949419
2.38444781945343
1.24054276997904
2.16428487472511
1.63708461822918
2.22625938451003
2.42463255782802
2.48080660222082
2.45179434910889
2.36904473487261
2.49201973776198
2.42562451234773
2.17264178099565
2.49827440590046
2.49942811021929
2.49111151511927
2.26941266812356
2.32810690229091
1.57592675307681
2.35239657958969
1.70552064215399
1.67053477995511
1.34652414948886
1.58976677276202
2.13175411848767
2.43244825646114
2.07451511440852
2.13559937885878
2.31569368606377
2.31508197282097
2.41699556326708
2.41123910235427
1.88522333159175
2.20587285904936
2.19088964056769
2.45572244277121
2.09063382434297
1.63352898141443
2.47114781932324
2.30992006966232
2.4101438933202
1.99748688310062
1.91809985176485
2.02370168137469
2.38767050041363
1.76979442299405
1.38475826663491
1.79576064939718
1.88911286478591
2.06014201023135
2.37289060887724
2.47145542622959
2.33629031100022
2.29004792329645
2.3246672380103
2.26448665517954
2.32802513916381
2.3078316330037
2.29997023697994
1.55789268809025
1.94096828669235
2.3031328826573
2.43797560159738
2.3898683456544
2.3942152779978
2.24075212720781
2.30805802083138
2.14673419658863
2.21741528280082
2.35490316646076
2.02768332669192
1.67169348377251
2.0417995945837
2.36896741005931
2.22603100240861
1.1810598509931
2.27935411174369
2.17745894716852
1.97362639017064
2.22381903780591
2.4109931522596
1.85567596094167
2.21868944296794
2.06215794259331
2.20394631636844
1.607613351037
2.0727786599893
1.42288180214577
2.35431158271996
2.20230646326487
2.18899536974784
2.19937142249534
2.2009048813087
2.24478418882948
1.67497414732407
1.94959881314379
1.96748866543026
1.44366759945265
1.82541407896133
2.0075542872881
1.72505694598379
2.18355368530882
1.76503773864408
2.0320058369079
2.13627973839647
2.39286188104604
2.19266404407314
2.33345259480263
2.02647620177947
2.07738215893895
2.264236799356
1.97848621328865
2.06820416266587
2.34737041660117
2.38178558258417
2.4538966598916
2.41064687530865
1.76762479244014
2.37660966196847
2.35046069636171
2.12791384259773
1.79211933466399
2.36042412401396
1.99507518117101
2.22768897895895
2.08858377719368
1.54774879461323
2.38797538970356
2.01206940487662
2.30225048822628
2.28394478183496
2.25394564250724
2.2679658521637
2.00049341596713
2.25528942688597
2.45472088331209
2.37619566839966
2.49151252389929
2.42071783422785
1.97920542150486
1.61572029620824
2.35690244240601
2.4692766546934
2.39579213456202
2.44115698870508
2.18823842801153
1.97485196772155
2.18375635782185
1.93674780760433
2.293597748549
2.21379157932728
2.25167405195313
2.20006018814689
2.12724630571484
2.38267246823398
1.76585688866384
2.44480061100353
2.3779609005974
2.48831298892336
2.03706644046376
2.35946664624278
2.28545094385367
2.48267290914639
2.36660837060047
2.4984632054193
2.49880908207581
2.48126437349623
2.22820708707415
1.72191101677585
1.92061840683976
2.36367542537246
1.87056254717086
2.4507632609852
2.30960201067855
2.28642781280999
2.4216060591549
2.29922803466072
2.49592232406141
2.4934170238736
2.31031442429979
2.45457322090664
2.335992378
1.87661594819277
1.26338367198339
2.37055052957436
2.46965606377538
1.80438146739456
1.77896529590503
1.96158415788326
1.96868992372467
1.60484784223288
1.43522278545131
1.35570280709124
2.40556309226284
2.46095046318097
2.31239689767711
2.01667909706403
2.06568012051746
1.90921999570524
1.37277299333583
1.51751064043376
2.41871240271333
2.38155939123004
2.01897614926708
1.91067023641266
1.54760639787677
2.30120584468209
2.00631334236681
1.86872406318407
2.09514691324822
2.13461816222423
2.32093018467107
2.38320441330657
2.42785111799271
2.38356965970607
2.48146479834496
2.40120026753344
1.58934105894062
2.10619942007663
2.36592027724155
2.087566934112
2.28426112473779
1.83712366981439
2.37953323300449
2.42508807956611
2.32344061252837
2.30459023007969
2.20860078515012
1.64052885515924
1.16984240192915
1.70514995123049
2.07010745038849
1.89012637599222
2.33960322016467
2.24525016638747
2.31729086678343
1.94265733995272
2.28877508031897
2.4915161541142
2.3882748207924
1.59487350633828
1.97444319042853
2.25680556922243
2.36758098357644
2.47699866189545
1.59193958683124
2.03188556974435
1.86261210226901
2.15034022329087
2.3692084480433
2.11879501021096
2.26758986411813
1.95854890941101
2.08939111815119
1.64302324483825
2.28038260699882
2.02731083524815
2.35897604838544
1.62750432386381
2.35224485186517
1.81717103443497
2.12441010784343
2.23949437656414
2.28260198688669
2.05772924994706
2.28899087413195
1.87632762859002
2.29776376123447
2.05766527764111
2.29200514820283
2.4194861157357
2.45770483394706
1.85076158263585
2.12529663329456
2.37103244949416
1.8840380517642
2.09572037046146
2.29577311988862
2.07908956189253
2.29939152340946
2.30110396614643
2.2556330231917
1.70281876794516
2.25739356209612
1.72119407337845
2.21325323848833
2.18106319625432
2.26660516554672
1.99581248084426
1.64043199994482
2.1242079808211
2.14013833158513
1.97121450426943
2.37267424821437
2.31799684000378
2.04181984741288
2.10080873973015
2.27355375017192
2.08566985832873
1.26960912341854
2.24470997897384
1.61789810222133
1.79023889520716
2.34886368590384
1.77174542007721
1.18296369215097
2.18782296455391
2.10990678687179
2.24860718700743
2.00437045374871
2.07968280895434
2.19435597199985
2.29374603990425
1.88719063976616
1.75977030301526
2.27395073024986
1.65559061741925
2.29573489550716
2.2214404921493
2.14134286905078
1.87086420861033
1.88419692197769
1.71682701045569
1.6337011029836
2.0729153147623
2.07778119230466
2.19808974295873
2.36627033815832
2.12837363316912
1.41107586438321
2.02113064689636
2.477239053475
2.48822344292551
2.48811039001238
2.43860841315716
2.47357820091759
2.40064269903702
2.43635919646587
2.2297992586036
2.49895181753762
2.49176886431904
2.3823570067073
2.4156192199646
2.42943306811269
2.47980500550186
2.49180502903582
2.42844258761269
1.50620540517067
2.16289735231549
2.494090977989
2.4773130109217
2.39709067675553
2.21566968221221
2.46559402961722
2.08045989776849
2.08020225247285
2.39258567750355
2.17583023572751
2.27471160311559
2.03130988063688
1.93295134268051
2.46456848824351
1.80742621545697
2.3335218669246
2.30768376061338
2.36611448981343
2.23068908610587
2.29606612826506
2.42818081652144
2.28018672741864
2.06699039152463
2.27680818110866
2.19950717702861
2.11745410507861
1.57208595443988
2.46186661588822
2.41238371442777
2.43334093266201
2.13750822360926
2.22421735105788
2.06296513778164
2.23509351615444
2.16528940923912
2.1381522866304
2.25053095936785
1.9992015943911
2.35678489491657
2.43195858873196
2.13380112157673
1.82882895600042
1.97720717599522
2.14298665188352
1.79121165275614
2.30233966244514
2.24119399521851
2.12280489028586
1.88901580052629
2.17702383447151
1.79764501538344
1.80510151875075
2.1430540780444
2.09488694545695
2.46186379787037
2.45462291396324
2.22220216770365
1.90314278028698
2.23642937204013
2.42054065582835
2.00540256562563
2.11372747739327
2.26750369495705
1.44060413716628
2.06698387867039
2.11327962153898
1.83150515568631
2.16655413386063
2.07184821885701
2.4185207154965
1.99321819174844
2.13125228040367
2.32376107463192
2.32442421045694
2.2022585062476
2.19771231683567
2.44151993754642
2.16926797147624
2.25818581263962
1.58847685878081
1.62718847976681
2.04513964192838
1.35816084837638
1.89774344081812
1.71304516415207
1.58249541421609
1.66613878084617
1.98628195996265
2.26999093449082
1.65869811847743
1.92625161893971
1.81771801890224
1.59172660749733
1.85336316820812
2.09384276553473
2.13525685404854
1.97469974607945
2.21797224723379
1.82249231513253
2.02556591333261
1.79576634936169
2.26363808383314
1.81718256975067
2.14957462359729
1.90642583509805
2.00857128547882
2.38633117738656
1.93624405512051
2.24122525077484
2.24391434539602
1.86891850662501
1.68981074874627
2.03306936454853
2.17175702392729
2.22089360080808
2.29080096223175
2.38404713605223
1.99773487415639
2.27493452909108
2.2755551594571
2.25198693720491
2.34556211277868
2.14294550540447
2.33835953164633
2.39624290026074
2.10250135645251
1.56866587130533
2.36928724900142
2.36959777004596
2.15845195074979
1.98702076542512
1.95916201502263
2.12488339930488
1.97927657690482
2.25912812707459
2.3146049189617
2.18465444411175
1.85162063148066
2.0239122270059
2.12050925283133
1.77785821707656
2.25912228460861
1.94369428804787
2.20396505685725
1.49808064073368
2.24631096925752
2.4399701059659
1.24448760929798
2.28362097369253
2.09980445130401
1.77463200011994
1.60587687050665
2.37410153430486
2.31264673470093
1.34601341226976
2.1950046694087
2.43383342214589
1.65160009611834
2.33285903920332
2.33660930856555
2.18623518928634
1.97534108839135
2.44994696235504
2.42074442266677
2.42110971976856
2.04621564165719
1.91097400775698
2.30544752333727
2.26927322100816
2.08698909707665
2.17086661764116
1.92584124135028
1.36094987333698
2.04377327804183
2.28764879519536
2.27715882991436
2.17506757993869
2.27655180401953
2.21062043332459
2.23799154446478
2.29626415136999
2.27531633478746
1.9861642074447
2.26483500941732
1.94051449279838
1.8673000985286
2.17087173861611
2.07800056733998
2.2260896279048
2.19891489328413
2.44095946961631
2.20257826582844
2.28558698138512
2.17548440553017
2.2552337625188
2.42485162068559
2.25262294296132
1.45228569131325
2.09647200816795
2.03055714501934
2.41902112206943
2.27648882060141
1.21941385493346
2.06274786314047
2.33819519610667
2.35238293870199
1.87694179985265
2.09683051804797
1.65798436658865
1.95927493676505
2.2738631217779
2.11978971591743
2.25813558751237
2.33582797070585
2.46043618200577
1.90614002858482
2.1652134710565
2.05862141806494
1.67317732741817
2.15238419377903
2.37460742273351
1.94719980290627
2.44165494611804
2.40171235912567
2.38132908949584
1.52160770568731
2.23809553001019
2.44820669674078
2.45472917975716
2.06210663158167
2.14699046130518
2.1320427134723
2.01514862480422
2.38648284922622
2.03150566567669
2.37135128024788
2.33106870141697
2.41720465075782
2.38085440011086
1.64694427964844
1.81402050506887
1.77598561421959
2.05405090101341
1.97497261745263
1.35944412944009
2.0226923465017
2.0252459815218
2.12136399001402
2.29348070926692
2.28864275838368
2.26618276857142
1.86414991642224
1.95896021070361
1.47144246201986
2.23768868032967
1.80189480351722
2.17796991240665
2.17393251427786
2.02631107120775
2.07825513169975
2.09275772937246
1.92921837445612
2.00469642173978
2.02916120824657
2.08171463537726
2.45313211096344
2.19117518451705
1.9120837302059
2.18961185623104
2.02300518216669
1.63739897938841
2.35983759851201
1.59499217095992
2.16141407173905
2.1387259796956
1.31002027238854
1.77354429363175
1.93208472653957
2.2511317575173
2.17380290537204
2.15930546758259
2.05958948511946
2.04573929181307
2.16288938924615
2.28275190958236
2.43102374461765
1.93360379728739
1.82529940871818
1.90135155922217
2.09804137950837
2.3759412302296
2.30224941837998
1.69983258206018
2.20384516067333
2.33846537922863
2.27837796861077
2.16201318986994
2.3361436207432
1.98242033725769
2.43539828040358
2.32808214731221
2.03727409782432
1.53426817939483
1.77136433988902
2.01857327739482
1.48952544953469
2.17299593955664
1.98843641099678
2.03141422764938
2.28943501459262
1.99341899887855
1.6012257299078
2.16939026172055
2.3489828593911
2.33054032635497
2.29642814409508
2.29384074119402
2.10185919775727
2.12008333541389
2.30622306168843
2.2701095316298
2.18911269340542
2.28398673058658
2.11534742336418
1.74368416456747
2.03467968834017
1.77868193683382
2.28023652570912
1.97544537743768
1.58423390820656
2.11359721128071
2.3245317384655
2.14809402587396
1.7054473362272
2.02840276158695
2.15638340476714
2.2014123529601
1.88720925294685
1.97897099443235
2.19200977158005
2.14113654978032
1.99335801324429
2.1993587443685
2.22048744719718
2.13374531615246
2.37293162632342
1.66047913469937
2.32231312052694
1.90304206665984
2.1630117112068
2.20122798531219
1.52150723443284
2.02939873445469
2.18810598355347
2.06553470315679
2.1654280013598
2.4079434985433
1.98923057071462
1.92656984691737
2.18118658067993
2.42754446621341
1.60378065287329
1.92490732992252
2.36441385424736
1.43189245737896
1.79964051268258
1.5439409689264
1.78737787577769
2.43583660751025
2.46305255917385
2.39039746675366
1.49913353753209
1.87809319456013
1.74581617296246
2.41045551225671
1.70214957850025
1.95542852452139
2.0080084078862
2.34258890727084
2.32302657050867
1.8371402972491
1.67209854122765
1.43991892256868
2.38968014944229
1.97195797989899
2.43019591235657
2.16169572709235
2.3452186336958
2.14802164538424
1.7795906931863
1.3570461415151
2.11388855646047
2.23538337585056
2.3902405908977
2.12932878037926
2.4163994198393
2.32269056974849
2.22420553520232
2.30404690078305
1.78253983815341
1.5431122701842
1.7800716770976
2.24597040401634
2.39532960768328
2.39165111325564
2.20662894822694
2.37570072423234
1.54761846026245
1.15569848895857
2.14192942039091
2.27879751188032
2.17034367203136
2.17424558745612
1.88724631907808
2.43792984945768
2.45811220517315
2.28019063660466
2.14976225175009
2.48314337639172
2.48929809926549
2.49772429171814
2.42203596507374
2.45220633739607
2.3895337114455
1.98115490565522
2.33815019026618
2.07395419352895
2.4051247336814
2.08073103574894
2.36113876269418
1.7811661574842
2.39281558028697
1.8324172355685
1.75029078597977
2.05308316363835
1.55155726861395
2.18681473855498
2.27541424790025
2.31564568675254
1.14791384964678
1.55909452842208
2.36766056607746
2.22084465268009
2.36615365081125
1.99888105618805
2.26800396771783
1.8380725200151
2.14607170453277
1.44626211963242
1.57014401740192
1.79468532398541
2.16429492387358
1.9229845149648
2.16247508828412
2.03299866832364
2.16980781688996
1.59982484009252
2.1451176137868
2.11704062810495
1.92779418765083
1.92254812463923
1.55342547846275
2.31040717815212
2.06055174646661
2.20028593190921
2.0032638648787
1.89036177673302
1.75950554170656
1.73492324817691
1.83646973220536
2.07352742204476
1.71433440297634
2.01080859675792
1.98644837763655
1.85870196908255
1.87948352066486
1.70644202133425
1.41639073234469
2.15547759519206
2.4173712121442
2.38573124240886
1.14950797298801
1.51831724843304
1.90268310853007
2.44584743381645
2.32104343296838
1.83399978011111
1.92387479122782
1.70200769605246
2.00706387751985
2.2476699471835
2.25979431857493
1.9772237670682
1.28411473767028
2.0154478002681
1.7675513460135
1.90477268064286
1.86623583686705
1.70609162343586
2.22963756353444
1.94330274439448
2.22593438659599
2.08728934888373
2.26265934320682
1.75793397564451
1.79362251666679
1.96152218631736
2.4608381165571
2.31326507043917
2.26455178458629
2.23093959132906
1.63893629405896
1.73225668637293
2.10925067721112
2.01907437540651
2.305591477822
1.81206982580988
1.98867070818494
2.39850259350949
2.2304125030318
2.45208698868382
2.27409240712775
2.34593159989207
2.36499907401926
2.3761616381848
2.0527962741951
2.33698311560103
2.47567141307966
2.45462436791911
2.35020193383033
2.4678838320496
2.47131597675292
2.48023050996865
2.4991300299224
2.46831397585763
2.30509467118832
2.12432943781504
1.86775852810141
2.44880171235334
2.41871513751881
2.49750453227796
2.49929722850341
2.46769070313986
2.46577010683377
2.48561946734204
2.34646747045384
2.29327846236355
2.44766421364779
2.44910495994938
1.65619855353336
2.29614792662504
2.45169683891202
2.35356582886478
1.85712405144578
2.04715653077338
2.27940995995732
1.45798488279459
1.96335514570886
1.58502798369916
2.15238283475326
2.06507540202195
2.44344638484689
1.2814410878119
1.87644998502303
2.24096852183419
2.48433257741395
2.35888084752381
2.04424794797841
2.14931418913973
1.60339220631038
2.44248866537569
2.3316967954086
2.48398220611704
1.83975427938015
2.33754503094228
2.23609111416378
2.01228878631701
1.38938135928738
1.47250515023479
2.24833001709484
2.33074246029972
2.2717948691936
2.28389588675075
2.31659264502275
2.27025890053837
1.91732165391522
2.34051798286219
2.21747027031028
2.39479170657976
2.38329094843935
2.24099688474914
2.32900789210665
2.31214470221364
2.21286458227635
2.22200164771756
2.06964535961634
2.23885727638695
2.17777899125787
2.14158780124884
1.92582465206672
2.10730933852388
1.99808594806245
2.42991058154073
2.30727334874403
2.27003974118318
1.995085255292
2.01484153986915
2.29850022364812
1.69864876460101
2.20911005297255
1.92859773951654
2.29823040975034
1.81607662099462
2.19668144421126
2.3887822999194
2.30235567484179
2.20149694940487
1.91950226956473
1.8862442462357
2.07544013368261
2.35141381507569
2.33538230924548
2.37902425402896
1.50291896974576
2.13948003385502
2.04251130641813
2.18253629794505
2.06310606105147
1.6789955924942
1.82558669731216
2.31200332787108
2.29624428127948
2.01927121300213
2.26885152503936
2.16064461908085
1.98354145473316
2.22758593621
2.06058720530169
2.20576598750459
1.640209337701
1.73969102731355
1.8271675664657
2.37192160927888
2.36982647768787
1.82787867604124
1.61148622033433
1.75982467878921
2.39483821708963
1.82540680121128
1.98629293451696
2.04210264533298
1.85043649841249
2.02720894927756
1.7109172140009
1.80057043874089
1.97652698384426
2.09027248255445
2.2846692708473
2.19928387814844
2.02683653624216
2.25736124821138
2.0791228931648
2.2054938145008
1.85589768694503
2.19298439166334
2.28488252760424
1.97212253816041
2.32859022191874
1.53030187457784
2.35632333631312
2.13959127406616
1.86391340624945
1.73919523529944
1.97614070053376
1.96377550546848
2.23017926241234
1.36483006082425
1.51697507496379
1.94455735444479
2.4543792484361
2.32118050842855
2.34841382442858
1.81290792264374
1.98535940485758
2.03471756609516
1.99427382316631
2.2398842041532
2.17939847715783
2.14308974503096
1.57329544598496
2.25693619074968
2.3479662165916
2.1856384451296
2.1030769978869
2.33394990047654
2.30636660600875
2.24098735056035
2.23045971230363
1.37254812439224
2.0121140642185
1.97002655037894
1.6319629753896
1.67249261155427
1.2285329057225
2.06639926889946
1.78256617473875
2.34413366196196
2.2436945848939
1.75949032969429
2.0562456209586
1.44173036331368
1.99783476232469
2.31381809715844
2.26962703431197
2.18069955770697
2.27718513550833
2.35243508671649
2.3861981992113
2.43743174239277
2.46127924577775
1.64560519544336
1.55263547317036
1.22401557244398
2.00056379491207
2.30023333919593
2.41635236835101
2.44625863062381
2.29364016881673
1.75079234940801
1.26249206839566
1.7075025760609
2.36736975896097
2.4277157784686
2.37828276866951
2.25667916036996
2.21969773992343
2.37197645919186
2.4665126020192
1.85655271380801
1.73210632116393
2.29312435651844
1.38444224708112
1.68232795367852
2.07903650934335
2.19567862123548
1.85749704732518
1.97895407792816
2.44585988872059
2.34624436159227
2.46718080889731
2.40834900366764
2.47593892280117
2.24422583363127
1.7480125112368
1.42904973079877
2.08798278354691
2.15318325948254
1.97884711736973
2.15424374938682
2.19602433849127
2.27722392571459
2.111472811433
2.30350339828147
2.32013614546748
2.08058516226997
2.39002478970491
2.02900701492208
2.13459002532904
1.17115093875193
2.00547957911386
2.25683991087486
2.25942592517513
1.50686337344956
2.10705501502547
2.05901100397874
2.44571290344847
2.3049910302845
2.33316502710598
2.32894550559918
2.15321370486344
2.26571707901867
2.26334870226851
1.69336155190212
2.18223904313297
1.17597429060759
1.08334866679528
1.49114346271621
2.26057652092342
1.70347147530947
2.15590654816439
1.22423955616205
1.45303740060806
2.42354653227763
2.23228852609974
2.22243316340897
2.43277247811241
2.43033364915505
2.33280971765485
2.33141387468907
1.36482195846508
1.65011191830591
1.2137542853489
1.77914500681795
2.42063974151238
2.09445684707503
2.26632268935813
2.24248137864654
2.16434790643316
2.41682390490341
2.06216177016671
2.05817222228375
1.96198337347237
2.30994509185805
2.36701226785141
2.12658574760035
1.93067022976896
1.98247851871939
2.1243074795461
1.59902377443883
1.41127339383614
2.04468361372308
2.28502699359238
2.35111396656668
2.38357880004419
2.350453939745
2.33847551870756
2.36115622660433
2.16254515363551
2.20521091853013
2.17675787940136
2.24677567211249
2.32175429621124
2.44167879604085
2.45954986962094
2.32144066728727
2.14939440955778
1.83381443372011
2.37590074992264
1.99490878302479
1.95981287993811
2.20598744303401
2.11390315570782
2.14354520770297
2.05380750795144
2.18298557102139
2.3482990543619
1.75395489559498
2.11626928887227
1.92352346231203
2.40078685504046
2.24997580642532
2.32994217196114
2.26594119728415
2.25514227458848
2.2364403065371
2.35878690989328
1.69109054728815
1.86633641387309
2.32713715984607
2.39152016226043
1.87475535359599
1.67806289359098
1.25556362450341
2.07746892539697
2.31627558162689
2.26843832809544
2.23548712080041
2.05951870039156
2.27660304536023
2.33891043928681
2.42462381685566
2.30687348660634
2.29666019619093
2.26751243752703
1.84491588313979
1.97281895174693
2.26626753827378
1.75829984428311
2.20861432085575
2.25935824671693
2.18785524065309
1.65288058483417
1.6021718757418
1.73380552031807
2.30413212267186
1.85733672048503
2.12918132252784
2.09962192824739
1.76938855413602
2.24368106013835
2.16971929064409
2.37176139195121
2.32169049806771
1.73865881187692
2.13228018706828
1.74783471210615
1.59947602812245
1.2170663370012
2.39108457218979
2.27061629331624
2.44898101615678
2.42234269472088
2.46218734659587
2.47067862082978
2.09530210742965
2.19381989056901
2.22155526374111
2.20876868802097
2.31965239186168
2.38736151564355
2.35065881536851
2.35516845769287
2.2928421667548
1.24367484125347
1.55355068087568
2.04764974372662
1.69950396295897
2.02586188676155
1.86634858485159
1.9706835084172
1.91400770930746
1.93046972640995
2.29168222728617
2.10843984488612
2.3997309991037
1.90891367855168
2.43885942571132
2.2847928313052
1.84835936163175
2.42888043318803
2.19370358828683
2.05615499576316
2.09586499552308
2.21594584897758
2.35929442422043
2.11061572277838
2.04484670542213
2.1016661020603
1.67271022064103
2.03559157178995
2.32795188597887
1.95981140042064
1.54831030480019
1.73208631787194
2.29552579468123
2.13576477557809
1.60894293039505
2.04406391760754
2.32421961832192
2.03400751784408
2.03564906717354
1.51656893406687
2.04038506424676
2.12134691982992
1.48521043351946
1.57707552235268
2.03578187005763
2.36938217337079
2.12722438227097
2.35469059331465
1.7651458898882
1.67994493460775
2.03682436730598
2.16030381737969
2.28135246034935
1.56809778531185
2.2749261055866
2.19838575602723
2.12991079100254
1.69341749769374
1.73125219590021
1.98860051933365
1.66395715474631
2.16020755126595
1.85511307829208
1.86217779982795
2.38911241983814
2.10405394409324
2.45144663767717
2.32388931502747
2.27056023455728
2.4077577427442
1.3547155270292
2.27095428016998
1.62551409130739
2.00206816846804
2.11642197639132
2.45023785944918
2.30749040380526
2.39999769605782
2.02152555434401
1.35318169126517
1.56982252157499
1.18347416583011
2.21348954075187
2.23345847689324
2.20048434424105
2.266602666289
1.60394591775249
1.68952830502611
2.10716664146244
1.74825788961754
2.14355271876565
1.64402856748208
1.95859458785296
2.21660504794209
2.104950503136
2.2585500112875
1.41357760195823
1.92089789147201
1.46860655569004
2.27899504866851
2.23332547568341
2.1635790837121
1.77744095442473
2.19981988401516
2.35681211506454
1.64672725014018
1.84899169984029
2.01694554688681
2.0441946718878
2.36397875735869
2.05665476937258
2.31847868496198
2.34930646761529
2.2563013596171
1.97740630764037
1.68073852661082
1.80030274180642
2.07737449072551
1.92571838830945
2.39493159755022
2.45379137948133
2.47530618099629
2.38525104233379
1.95617741080495
2.27181223409767
2.41573063400812
2.22325598680559
1.95043659166462
1.98965408469897
2.15882031336232
1.70018576570199
2.0737696161895
1.87414972476368
2.3687331794548
1.92882349840891
2.26672806909351
2.00127351449324
2.29729443730181
2.27574914763755
2.10149876047166
2.21528573993844
2.30490140211918
1.94758861978422
2.03614724533109
2.38687944821317
2.47943248862709
2.34574522402611
2.18767717097909
2.01923731813894
2.27796301897449
2.30528693392748
1.5657525093924
1.41110763392295
2.43990306090019
1.97641027645255
2.31663412810441
2.20774471891591
2.34887227758015
1.88143171489866
2.04786078118542
2.31744633885263
1.8342129921709
2.3240255368978
2.37562281130108
2.04949451462774
1.92869015254583
1.92409573792537
2.08936948973906
2.27516700517029
2.22201593318151
1.87414020224367
2.26025091505839
2.29274773734602
2.36824871414173
2.37032912547814
2.18201885151574
1.79072128790098
2.36590891112015
2.40003059885681
2.27015588232788
2.24608980439475
2.36711727782344
1.76300132875801
2.33294731187094
1.98920772276433
2.36905069809435
2.21271019414906
2.40644858606988
2.19810854923608
2.44268713224566
2.13041092644821
2.34371220207249
1.98731708421231
2.03948911806199
2.34296484149493
2.06864311578385
1.73524559220022
2.11679365931899
2.11250569911685
1.92432420879032
1.91255406724502
1.79942935143818
1.9470192774339
2.17066471589643
1.85314902486748
2.11734357344732
2.05803387752748
1.78857009275865
1.93835651130642
1.53542552427542
2.10011399036425
2.09822562961248
2.11824059085126
1.8012562318761
2.10523958003237
1.4534469211455
1.92439215365547
2.35227934897731
1.62830407239931
1.9111296897817
1.99934667104853
1.70312709297594
1.7621471669501
2.02946551245265
1.61432878746899
1.90603339129672
1.97740299425874
1.99519521844576
1.38455139325868
2.12061424501087
2.27797709908147
1.67772162916786
2.16017355442259
1.6275804695943
2.15741875274815
1.88882792717183
2.42505543020671
2.27021504438333
2.31265924477594
2.35908824584801
2.37788727788353
2.48567887440464
2.47564954941725
2.45119278549518
2.17983850627754
2.08516902833028
2.34946078129039
2.30233011806502
2.31235768617756
1.71321230095696
2.10469778357214
1.92118532883586
2.20924762207989
1.50199859689438
2.07921538937482
2.24350754194314
2.26936649281296
2.32174570120557
2.05361824459007
2.35111488027016
2.452094502338
2.44248152365014
2.31869824662949
2.08469157488645
1.87064298049309
2.2445180674664
2.42054508438774
2.26407863000993
2.30853550010495
2.08632504411004
1.85109109487307
1.79168107978508
1.91208054000064
2.30782211617432
2.40124539029835
1.93408689513916
2.25550060892879
2.20761057373683
1.93067977168368
2.25835125004776
1.97695946507967
2.39372616659993
2.40132913175858
2.0591908934311
1.8940003608758
2.07420204576594
2.28933243551478
2.06361829944584
2.23706438540622
2.22626432945942
2.21334040761719
2.3251108486718
2.07061094356347
1.6510316106275
2.39206695998703
2.29655509223107
2.4171287484889
2.42622240245423
2.3425930649
2.34997075972764
2.40554084704016
2.39174907352939
2.43593181773005
1.84905756800238
1.77169874028869
2.06832586595941
1.87090914765563
2.11114662555397
1.32101233018773
2.1962003987282
2.38831420444186
1.92645529145455
1.28474568312311
1.71414400411661
1.8350241643248
2.20320493315875
2.23340147755173
2.06324261444531
2.04525224945162
1.92455359074612
1.81222841496355
1.6637423716346
1.6559558719267
1.88086519613195
2.27186968337656
2.11082878568077
1.8654721872117
1.95159165718675
1.82969054711128
2.10138795206988
2.14349439551809
2.33023514835498
2.36470153879908
1.77639387218152
2.03728497038727
1.66226268186919
2.02461193516011
2.32844561839086
2.07979073329514
1.98612908862591
1.47477250732191
2.17189216764399
1.65333442354154
1.85359783146644
1.77365860517981
2.39893756178647
2.37114939486126
2.19327772863339
1.48881213084219
1.66893085334595
1.97584520918822
2.11430441071702
1.64895835926411
1.8956423421786
1.78335449830536
1.93978481092849
1.91370136309375
2.08639693165731
1.79486895401084
2.02955951700517
1.97927909437228
2.14877204730942
1.61610380693668
2.36544989436326
1.32744148889809
1.23881431396576
1.6276937675898
2.24187072601393
2.12619016761783
1.92184486569222
1.42618040843796
1.63839929537832
1.9667057558146
2.22662551267727
2.3011246927855
2.39648312990122
2.06192070234419
2.2804804920249
1.66643925620606
1.84806812926888
2.28655016247415
2.08374077350109
1.95944018183127
2.02048644945779
1.80057013274849
2.19072840120991
2.1006596085712
1.85858557178207
2.04235134491416
1.9180910030483
2.04759447305647
1.93676918091279
2.33348188330454
2.33069839255564
1.84655869630003
2.41513594719283
2.09953223179214
2.16510031690062
2.36239015636339
2.25503547854873
1.82396399138857
2.11432139745343
1.82277623731276
1.44973321489854
2.30426544458175
2.38083101364041
2.41516231406613
2.13361410754838
1.99772468692997
2.00463534556
2.0451949101043
2.20784787528728
1.79070209220014
2.41590484902366
2.01324259865976
2.07622691127485
1.60126966450326
1.96328639340463
2.30597007915167
2.30786113776108
2.27589290981575
1.3650957801157
2.18225134565486
2.35168174291622
1.78492703136582
2.41135276768178
2.27926556725227
1.67817920885624
1.651690132115
1.67621721100584
1.97641335585807
2.40429580479538
2.18032027120191
2.23852189371882
2.45251720612743
2.46954675564518
2.25564498650922
2.38033068621836
2.32975688032101
2.43093856073878
1.59431459677722
1.9220417617722
1.8250810956088
1.96836570394763
1.81692978227788
2.41261887639991
2.41470377475535
2.48526327236689
2.18424962583076
2.29371839325949
2.43911184239842
2.42972245234583
2.47253112911914
2.44325221402249
2.45184494164024
2.02151002639756
2.43754261898995
2.22390340390344
1.73505600664778
2.2759825498585
1.62122161936134
1.9357981043266
2.35913473342499
2.29962111052712
2.44204982586462
2.37818648436643
2.06896266309347
2.37079134817216
2.01416932333451
2.17328196040945
2.41811531762891
1.94180615689115
1.9685322735068
1.39137909426113
2.2928688070004
1.96027421145621
2.33184437171213
1.79574244230331
1.99559089529947
2.3402975302909
2.18873795588627
1.71231047607542
2.06603473325464
1.93045194688707
2.2793680017842
2.15714031577552
2.2469236513936
2.22800714323794
2.41820901604628
2.32899158182035
2.05863903017307
1.73014862286172
2.03551836600921
2.32803388392512
2.2601299383002
2.16026355440757
2.13735869475352
2.39474604516153
2.47262639404544
2.47696449532589
2.41655685403468
2.40115514226821
2.45269569167141
2.27215918929448
1.83898760811487
2.15689338809347
2.35116664469661
2.25886240480228
1.69706664640568
2.31363263813595
2.28016731752657
2.1548508205408
2.31708772931445
2.19959276722013
2.11582628835245
2.19028696942609
1.96555816111365
2.41990000511384
2.44815434500729
2.3183570868568
2.45107256813826
2.45159818446346
1.86854963463151
1.93430116542759
1.71939496346148
1.89464118219237
2.14826035391918
2.42001752088795
2.41013641280288
2.40835294172732
2.4160242219155
2.34029398831778
1.7520471204166
2.03638412810476
2.39626428784392
2.35862136595399
2.09442879200043
2.13542893132475
2.05962909253984
1.51114312127998
1.39598924515842
1.29590662508749
2.36535789220079
2.14351297979176
1.94535412680221
2.34571861754323
2.40455065291362
1.9504405371019
2.47746983883034
2.4862690854268
1.87458978106321
2.3733604388304
