1.9
1.98042713310544
2.2829804626703
2.00019306852005
2.12601062951931
1.37684487159645
2.36965659971194
2.28584134954163
2.39810988477171
2.1214596422008
1.83066623799281
2.43957769529611
2.44488263747516
1.80068058807833
2.3441878253166
2.00009445750152
1.20591081018503
1.68647195308525
2.21127143108951
1.22993328350999
1.65621524342078
2.10016735736036
2.03553156524787
2.46495976928943
2.48720965804213
2.49189718125144
2.49966045979969
2.49848001613014
2.4999235977678
2.49808525663832
2.42291439409964
2.48756005924208
2.38118685231391
2.40194260871493
1.98246712401576
2.22697686756402
1.76963392262097
1.09172326725284
1.70601483263273
2.48705238633489
2.4616748299795
1.97522773734561
2.31808214425406
2.40222713860136
1.46211764240353
1.44385772461186
1.520993761799
1.59473453485162
2.12043973088381
2.31375994410113
1.05219716985756
1.01200773297985
1.00105486331234
1.04639562269337
1.3399465204323
1.48954341756031
1.69313779700822
1.98532409535159
1.90685925613712
1.63747431146931
1.44838655266516
1.38380156153042
1.28450256949743
1.62735192020298
1.11774952573526
1.80519362540482
1.41341265387263
2.26631809733496
2.31915531868469
1.63778168021034
2.42969715406175
1.49469185498838
2.42176716848329
2.12933224575405
1.82945896557165
1.94260826671988
1.50504414757267
1.52071349184471
1.99335212934324
2.44563606875317
1.79614213644707
1.67960107824251
2.44017797848485
2.08196981775994
1.29676216011108
1.19703452432672
1.01958933731377
1.09365608081578
1.53543819529395
2.24328665882289
1.84718747263373
2.42948451863731
2.2401115661773
1.90454641807986
2.44534794365464
1.72004587796048
2.27996730870917
2.20564118099245
1.82707085173669
1.52100018149799
1.58068988950797
1.8893017580286
1.77210671828102
1.91411335395121
1.7305878314425
1.83372135191821
2.2833457462293
2.47514548132772
2.30013355683303
1.69634809240613
1.49336917981642
1.82415351817557
2.33056445960914
1.64948622655422
1.75320274202499
2.27442862950079
2.17969234122069
2.40384590394668
2.0858869291285
2.34997913963657
1.6925138696488
2.07419229422346
1.24562619974594
1.97158668165559
1.34966153494604
2.13449741066069
1.85222384308629
1.69427468108569
2.29809748433664
1.78033340207795
1.99916478801548
1.58673565609737
2.03758078787074
1.35337088083436
2.05952858847402
1.99640943000042
1.84738685457261
1.77531326425607
2.0414298081581
1.81407334102827
2.04187250407594
2.00548769368492
2.06272539187966
2.21968259478064
1.98804943150347
1.96439338670892
2.28215983157623
1.95773249097266
1.95462245134453
1.96945645126808
1.83183460378339
1.85282002950077
2.11613290776151
1.50826871887034
2.18197007329891
1.81462821330114
1.60022146869729
1.78739176042271
1.38436683641305
1.87031811817339
1.97671240050617
1.91082002521686
2.22052148005646
2.02218936912019
2.22756888190792
1.78620376877186
1.42162119063964
2.31838102081593
2.10193165658059
2.16422711203903
1.619708610688
2.03015522829194
2.10435731519519
1.84761690235538
2.06295231100097
2.35591667526785
2.2620680776677
1.63322169049579
2.02983492273511
2.0292887189503
2.29854748933381
2.41328536176519
1.70029921154357
1.51965771741207
1.48636209022143
1.61680194807107
2.27316097936977
1.88030828489951
1.86761225637525
2.08523571479038
1.49271994126646
2.2548260016932
1.63117003008316
1.81141759105765
1.7130919606727
1.82702570972893
1.75364482963974
1.79794711262676
2.07146132521126
2.17787462617457
1.8690218932036
2.18274299548872
2.29259938027843
2.34339110499915
1.92293712559253
1.81035166607512
1.47805397237749
1.62649716909728
1.62437103665036
2.04955717914811
2.33842303051355
2.16016590013631
2.2259654209656
2.1176101390187
2.13197978529025
2.0826681291061
1.95325773090459
1.50184175583973
2.1272646680958
2.2899824772556
1.20293027539235
2.02871949708454
1.70799124763981
1.60202111396539
2.10537494021242
2.13993596653524
2.28503388903794
2.07218187189899
1.7154397030738
1.75096813177459
1.93569626876162
2.10032462778698
1.91084313149008
2.24584899695568
1.94500193915226
2.00234449945864
1.94865283834869
2.35568814274976
1.89617194575482
1.939477541036
2.24131141229235
1.81614466541379
1.55331251222809
2.00498261285873
1.70419318231996
1.7627223211344
2.22845957662219
1.90969691328293
1.83025002103312
2.13892940378691
2.09854928525062
1.97177132625497
1.85143551805846
1.61140526126693
1.90795197575764
1.80163944982178
1.54214288082686
1.73213096571572
1.63950290984521
1.72551901917294
1.23509864558521
2.04282750079276
1.60925136217998
2.00714832412793
1.93263431529417
2.22555148157758
1.88184881198723
1.70937381041626
1.71873012260854
1.52023516334447
1.65857341542175
1.97830132200341
2.33368684006185
2.11153942514278
2.1104937503849
2.09941422642711
1.84837764012256
1.43828861216112
2.37642127650712
1.9116407049362
2.24632975620222
2.04584810127374
1.85814435091566
1.30826237487822
2.04131744311678
2.1608100315556
2.04974380884254
1.63665025099404
1.9527827377393
1.74342564589047
2.08827101541009
1.69941997900516
1.5595671640257
2.00066136491733
1.9984185823768
1.83560536147086
2.24814913555622
2.07232918596176
1.77652192686335
2.38948052003263
2.24975134080053
1.94693116853212
1.86881134774852
1.75858444660435
2.07656601919631
1.89733928550366
1.74242800094321
1.8131115441399
1.9548898867796
2.11877670883295
1.78714171352252
1.97625841821082
1.74840545726979
1.77485741038571
1.74457041975241
1.99272629265507
2.28099510301913
2.02296500538377
2.1964223394933
2.16048227793372
1.77318367354161
2.14444017163614
1.83293716706263
2.07885686451762
1.83966790106804
1.75625654465798
1.47790927931507
1.58821787880632
1.96424797797284
1.89695504181326
1.73985521010514
2.13523039265816
2.03091941232949
1.95671058354679
1.92581514839393
1.94797997867023
1.77193370809116
1.8062886362345
1.97153918060706
1.72383785437144
1.4816206329849
1.43135189375575
2.2731445510683
2.16223110238862
1.92399153274767
2.16992151525117
2.26123278002401
2.43394616778003
2.448689534653
2.42794619728233
2.4658269921271
2.42345417757937
2.11544819289831
2.21041341715087
2.38668356973378
1.68882782804801
2.03837193040439
2.07581704726242
2.01936723661505
1.88193765231461
1.86284366269102
2.17087094535365
1.9231225863132
2.41702969016956
2.42808958121201
1.88911203639026
1.18129143444591
1.13267288537464
2.38486581139614
2.24542423907933
1.20175671788957
1.58327702801121
2.39932770804553
1.44182816926254
1.76942862624321
1.96753891711693
1.68736101531087
1.8348577262094
1.37070170088505
2.29099922462805
1.61026066010916
1.90511578970661
2.16468031969017
1.85779227645667
1.99418707980869
1.86763201505236
1.63781858223593
1.89365770747662
1.91742508637746
1.89108123865196
2.16077066517269
2.08492296226068
2.08180436280457
1.95185868408107
2.11626486984902
1.99197973280111
2.02239365011616
1.87345930960957
1.93056416896483
2.00010760805318
1.69840270834838
1.90174425358547
1.78659428977818
1.84854549914211
2.22185188615049
2.01154765603983
1.54441498100405
2.17862768187084
2.07514255182525
1.94722045787462
1.82725857155893
1.98334143035257
2.04080558901124
1.56519073413573
1.18169147025096
1.58857164032839
1.92489736561353
1.55893427568838
2.13175738508761
2.04423676011747
1.87886363176516
2.29153028472102
1.71162118429374
1.27565029329688
1.96246380251833
2.07591564025986
1.82630525147898
2.16681427223957
2.06822741404305
1.96455919875889
1.7853274243207
1.96849211055434
2.29277377625483
1.60070703877853
1.94975600428006
1.78769629867486
1.96155770191218
2.08935961273318
2.246933481153
1.74099832883779
1.6450483447579
1.88322769582451
1.68932419317219
1.90045424473721
1.95811588867806
1.92847734784184
1.6816244940144
1.99430446834013
1.80739781862801
2.1716892794347
1.75441215657579
2.01845164577131
2.19694205988725
1.88037940993629
2.11514098623437
2.10451201013892
1.32416144152375
1.91518249522521
2.16494499962499
2.15209406894673
1.81101967520418
1.52020222786907
1.44243968417006
1.72276744190076
2.19605418747404
2.24700073963484
2.07751229850688
1.55278039111327
1.85804354137667
1.67266032080004
1.86021049798389
2.08856096001117
2.01531043664245
2.1858640711667
2.02570177592253
2.06185766776788
1.94091222347171
1.83491979826003
1.99199846419325
2.1453606711487
1.89210958651039
2.16178627368048
2.06956880451304
2.00794325586752
2.41796639839837
1.5351864097734
2.19624013377735
2.01856365085352
1.88078989893765
2.29630278466158
2.27218603476551
2.21256025904678
2.31467702924343
1.9716922817167
1.73776674193432
1.95944898699771
2.25954726981434
2.11899196002819
2.04107996231403
2.1697623189963
2.1005963626099
1.88697743998414
2.17919605285962
2.08363662479753
2.11202750276192
1.93161489566353
2.28930842685277
1.87554416444141
1.92719891571748
2.2355614617917
2.29606062475205
1.70763878368315
1.80123068028276
1.85236464250162
2.0935146036435
2.24003201613972
2.17156738642205
1.78420468887311
1.80530915687008
2.07977749988092
1.92635127026307
1.85255623687016
2.21051647970757
1.42026507211037
2.12017601171405
1.35537723878928
2.11048421710416
1.89148643986898
1.96821273001804
2.14322302169063
1.65903971431096
1.95426496546135
1.61491893454016
1.65216599985632
1.66061313587232
2.0261129347495
2.19713820806075
1.66308427422168
2.31220765116388
2.32837851167806
2.20474930498072
1.99822043158807
2.09794284702445
1.70241087965374
1.93878637163088
1.89834653589297
1.7765964707018
1.82125760240685
1.35576358813998
2.29182179861006
1.88325505312403
2.08138821132163
1.83263472186898
2.01489659010157
2.1148442672402
1.74228788121932
1.94712350682035
2.0509057854368
1.6936572809574
2.22407456135786
1.76037605483548
2.05526379065715
2.0449976135093
1.48460906010271
1.72569755665935
1.61816563796141
1.92462613391402
1.87233672340039
2.40902645905225
2.2812450215471
2.18007547425996
1.88462394554385
2.01428593966113
1.86241627273578
1.56607671028421
1.83091999301137
1.67675676477782
2.14366137700864
2.21440447150996
1.8135247134521
2.25004735309937
1.82948704515303
2.18106197134647
1.74406836668623
1.88573102696374
2.08893704132404
1.50444034234819
1.96869433746179
1.79546633827221
1.87285510146674
1.63892289382544
1.94041464241522
2.08297058146069
1.95863754868396
1.8344550235094
2.02415783248188
1.97235771380006
2.12068744266049
1.57013517431069
1.26749709763616
1.31743993062163
1.21874313064316
1.51825963206676
2.00898730625342
1.4788662129447
1.8083015209841
1.21764891251331
2.05728485447724
1.92346360404525
1.68470962483252
1.18267566758509
1.28747827803934
1.52304554694102
1.69387225424408
1.12818668978443
1.52158852799274
1.46629974966105
1.05958054557385
2.13368130149463
1.7641261375928
2.15320179174313
1.86719855396089
1.42424297868426
2.2443377028567
2.19377973872776
2.03701363202505
1.88903815185046
2.10942380798208
1.98117239174504
2.23777131494489
2.11709138441931
1.97768833804914
2.32921334937107
2.24261288581293
1.92787893847614
1.86277358337613
2.23950652290518
2.0714352427461
1.23317053211519
1.16888657586217
1.80033761736463
1.81716701931843
1.92532620140673
1.4663311484193
2.08915130114569
2.47354036689231
2.25672253337895
1.40699126635442
1.61043549316332
2.28617024613443
1.1200645141401
1.82349798240994
1.68917603236524
1.12614279006816
1.18807108616556
1.89626484146528
1.97623728944477
1.48127293157433
1.39536003864211
1.31435579082761
1.31593043663628
1.34914640067895
1.27539595007721
1.13143458378789
1.23382146942465
1.504950306426
1.98053096587172
1.55481442858803
1.51676304831822
1.16457110253634
1.94418061589809
2.09398705999631
1.44576113669129
1.2028153604959
2.18967464381838
1.25800824293621
1.57736491979871
2.04095712325685
1.891736168746
1.38015717070735
1.66766686419611
1.15317951563784
1.50917191080587
1.16688269966151
2.20775068609502
1.63879726337109
1.70760889415841
1.57884581729743
2.13396176358899
1.92999548918246
1.1604522034002
1.29162340802072
1.96943380406225
2.09546700374045
1.73326698996665
1.8420702084065
1.40614556801337
1.84159554966251
2.37998513296598
1.29478898684524
1.45994733225894
1.43278984627386
2.47263843288179
2.47037274225459
2.49419143380907
2.3220823854158
1.39967300505696
2.37310720487267
1.38957579605104
2.17394636528149
1.69593571100103
2.19917869270124
2.20758978324351
2.2691050854497
2.389748888131
2.017325166661
2.11602082423166
1.84650614694424
2.10924008434817
1.54463834923539
1.4337188119519
1.96458892633259
2.03454743641436
1.58757562187217
1.52733691586961
1.77724565866068
1.28136679181492
1.76820012391723
2.14341860000898
1.89039668337521
1.21076436866126
1.07803833607494
1.77231938683358
1.87818085221267
1.93576973678888
2.05484297405988
1.66504167891458
2.29841568685177
2.06549688789775
1.84658789167285
1.96262173395515
2.25204952969563
2.13836426239895
1.59924970091184
1.38471708085927
1.74578126092297
1.95244779557603
1.51344415162055
2.32766493169807
1.94961819119953
1.84367868932326
1.72081321641683
1.84108130677838
1.30629348840954
2.2329959929634
1.90684420430178
2.15421140076586
2.06712286991835
1.9965620513307
1.58855689037769
1.51080706195985
2.21989157728216
2.12950707716942
2.10686828943512
1.7662681328903
2.11352711556847
2.2374204330502
2.40436644250299
2.07393461288396
2.06168204741184
1.83583591531441
1.46363300607595
2.00288088285325
2.44061354517447
2.48331101153513
2.43812871178684
1.80758804725037
1.467295604187
2.04635775963209
2.31617593904816
2.40272331155219
2.17324524776204
2.07876834023698
1.30796655160712
1.56583279014285
1.26421779586492
1.70531296694398
2.29025407363373
1.8282587775767
2.04306373790337
2.09403689505191
2.21957548462615
1.65061161668775
1.69381284755593
2.10845104635905
2.15822831606915
1.94748999947444
1.65102225191892
1.70918329103936
1.78052573894636
2.41519851248826
2.26369654537172
2.29543594321069
1.68481500716676
2.07109706232763
2.18583169550582
1.84501128941624
1.76937775434474
1.63154747305012
1.89774435449383
1.72870998767576
2.050443590989
1.62474204402488
2.07061864710037
2.14492931529643
1.25182073987774
1.89181390058413
2.00424172113303
1.74041827932668
1.85648145883914
1.57371888003699
2.45949176047212
2.3406167256872
2.38226105284007
1.84102557900147
1.3761449980375
1.94297009006856
2.17329360401832
2.09828557153628
1.91778164168932
2.03797978903758
1.71565878727593
1.67308149489678
2.09145568316129
2.14823202457995
2.46841761472092
2.25784454946901
2.03766556540792
1.90782787564108
2.1983665677526
2.37150805010664
2.22480913604845
1.92656764460168
1.70839981497577
2.26067018202723
2.14259916987741
1.98725068381944
2.4521407230373
2.28055347252272
2.08088462845864
1.81098202324685
2.03101177076458
1.82296232527896
1.70631766484838
1.73758919762627
1.76419602932917
1.99463586093489
2.07286112081711
2.05567147841841
1.76583847923164
1.76343858312992
1.72787159551483
1.98047354399012
1.95681853721427
1.99089082631237
1.59631427407216
1.61342884456712
2.05127913776228
2.26549294096961
1.83663350233676
2.24739846332845
1.30849299997536
1.78101109295797
2.37187694745697
1.93594318833343
1.13527578820128
1.32107929771801
1.46550063744392
1.85710783019265
1.4202431133786
1.7230787060103
2.05013830683862
1.77644483491435
1.53799363163926
1.93863627277381
1.68788388936303
2.07642250589952
1.10362266498636
1.61120607778271
1.81762504822149
2.27912016760749
1.65799575257385
2.1063342510499
1.86945251800168
1.84185947936926
1.57460286369972
2.30233442690091
1.81118505410403
1.81338223066277
1.88336062484399
1.97773913297056
1.94633208899885
2.02932405909027
2.08076630021663
2.01402770802606
1.77201974181871
1.79301398296458
2.22052584593242
1.79189723614013
2.08139612214263
2.20418164314353
2.17775361450881
1.56521572169592
1.6566829317904
1.77374646172054
1.96245831222282
1.97357338449135
1.78124544359951
1.55263897972562
2.08651913111654
1.89754830993577
1.55355558952449
2.46723824805281
1.91106622967969
1.88957532395195
2.05118113347328
1.59517671098396
1.60905529338152
2.03281282690186
2.08941718907857
1.61829466960987
1.91241326481349
2.36076409871906
1.75103794380892
1.67930434664322
1.59515629381016
2.01431483984906
1.74997861254186
1.62340091391455
1.39236107425971
1.97966415019999
1.44458281305487
2.04511466109639
1.99037538422044
2.36703003828879
1.51444161841262
1.55164953465119
1.90205670146383
1.80563385993344
2.09462305147648
1.43775551937987
1.34679489886092
1.36992623584045
1.88156176474619
1.79757128518866
1.58807575414993
1.99231634236223
2.03095861888281
1.70029001758931
1.92395790117388
2.03615746267303
1.55076591041038
1.89072010443359
1.64725713758405
1.93459964228606
2.07405641455643
1.84991061661792
1.75374621683686
1.27936519942803
1.73632951974759
1.82672508672469
2.08085706330598
1.78773416699808
1.95630587661732
2.35904777530227
1.9071457862803
2.22382216969798
2.12121560584158
1.80642312746656
1.692955998709
2.04834465421187
1.54327376425172
1.65515901697935
1.83291479041376
2.13687616372907
2.40083272735767
2.15183204094719
1.84878733718523
1.28783874218826
1.84985845780713
2.33779641834223
1.74345150751758
2.36614131751677
2.39196815496195
1.54678733200242
1.08469936527934
1.99787919445822
1.65055560735064
1.63492689993409
2.05490763603584
1.71970033535419
2.47121399744684
2.46657157364395
2.45696194231988
1.47481888303361
1.66353588834856
1.43425177435823
1.68707436734784
1.40900926664255
1.94345600123452
2.10764328658281
2.41834011971566
1.95142363526499
1.33780654731676
1.67059004822461
2.24752554442693
1.98665441194782
2.46714664882788
2.42423999036414
2.34374948357876
1.90979373515203
1.74990211337142
2.10664733186425
2.00752254074876
1.89243686052831
1.38798128868441
1.09117950810736
1.89735255852359
2.2400419444573
1.49001176782896
1.88947915945896
2.23775952904787
2.23266413767427
1.18156205884731
1.6723864361705
1.33468169088584
1.82307856046741
2.29493829657435
2.04336624128245
2.13759727266963
2.09156654261901
2.3074523407856
2.23842701248211
1.75621398724684
1.07770097642902
1.51311337060757
1.92623365379106
2.29470224543306
2.38496261650485
2.22708990119195
1.80527372372391
2.29730244363748
2.31544365186903
2.01274041842426
1.96963974611348
2.25794736769278
1.87501381848045
1.72036765305765
1.50993651588139
2.18538477941875
1.64519570803407
2.18004122268282
1.82363972102999
1.83294396246388
1.59779762999061
2.14890126815314
1.74036860643968
1.96928388075942
2.05065830920513
2.24964000895462
1.95072633274984
2.06122659336895
1.95532587122342
2.1309778822202
1.93066200419395
1.68751941679326
1.62423891464262
2.11065322344219
1.39235879294651
1.57963906942916
2.16792385948513
2.13588308613339
1.85202410786186
2.08537188382981
2.39879961691772
1.97350849075822
2.07533132094042
1.75991445028448
2.20592514727256
1.77737104219276
1.52761792381967
1.5158351867251
1.45957001183328
1.82121552364984
1.03931071355797
1.19982500704392
1.61909219670661
1.38577442970945
2.15652139533685
1.95813046901657
1.98085004439093
1.97483291382346
1.49672905354858
1.38569661518529
1.88763333001859
1.88693527084067
1.94903738167805
2.01383674913247
2.0866639970438
1.84059996933632
2.05370414621988
2.12239924997366
1.40852097153668
1.55029627589861
2.13460992628735
1.4489164147184
1.58619937733515
1.672408752159
1.75224236846844
1.85265956603923
2.06517892453559
1.38865867190516
1.9243688482162
2.28147449154822
1.65519143936812
2.1041428679745
1.33597599095701
2.17008233865196
1.75411830378181
2.27042191666445
1.96758956423035
1.98572448897531
1.45185386333467
1.89607453473496
1.93262125024687
2.42192376538038
2.34689080311171
1.87610085618757
1.88436363536078
2.35894242276808
1.75275024635777
1.58926626135221
1.89537969205308
1.74105769408778
2.43789775615516
1.06796990091688
2.13593244171264
1.9622320838545
2.2141188493947
2.27322297683965
1.71233674687059
1.94940541525975
2.21482986848888
2.22349134700361
1.18010393274451
1.41148339774375
1.67834378196303
1.27572203597502
1.41643619702659
1.91799607895298
2.01081213498954
1.83130495998688
1.97818326934752
1.87515892509717
1.69401403419611
2.24458057725202
2.26689619556853
1.69520306472504
1.18822564053512
2.20336751748524
1.59672439100907
2.05041302507275
2.40456449135041
1.59185403289065
2.00921749093424
1.96091312496017
1.77713049750989
1.87244588027601
1.98800656366013
1.82286838869047
1.39277748077614
1.21064317898617
1.70434257020952
2.40961322428787
2.31802104723257
1.95664767548891
1.96224768665627
2.18147071537266
1.81495857736861
1.96193610746407
2.14931705624426
2.27266816645348
1.92622671247132
1.72756461220407
2.32682798345571
1.98180292101607
1.60614147897262
1.16200296578178
1.25533246550286
1.56772813031745
1.92481655306063
1.9365473882193
1.81044909459084
2.39291569052751
1.77905472728824
1.64367348791636
2.15120104742786
2.26001602769936
1.90668748607875
1.30004270688006
1.16851712408043
1.11330836152706
1.15218622359723
1.92589099994003
1.92777419253315
1.65779806325038
2.04880169256419
1.68445412241002
2.03189378275292
2.12852606314097
1.74991512752146
2.11875755601619
1.98337093962929
2.28157589759021
2.0966925867541
1.96534653262335
2.24895365841544
2.01063747730979
1.66497006813966
1.89296840118157
1.72221802789195
1.92120617311473
2.03152661827209
2.23225474829463
1.63579492927636
1.80285196011029
1.5375789921735
1.74274525521706
1.31153842724209
1.6199588434532
1.82672246264571
2.0857854146534
2.24381368952805
1.83438820298236
1.72758302605199
1.5377466723318
2.10538140170371
1.50825512774121
1.21375128943696
1.98151872512691
1.73015471121162
1.80949350559182
1.91056517093146
2.03789345399706
2.34846726928361
2.13749250979532
1.60241211087082
2.08306407661076
1.23762414128519
1.9285928402514
1.9350866469547
1.71968347379
1.80866629769862
1.54349020941371
1.98444855982923
2.0300994755866
1.91603015501239
2.22277318536846
1.95590123965709
1.72105833268402
1.94933182515881
1.54176106505517
2.14345020039231
1.69834269202984
1.9220975756188
2.00574043181089
1.82562714457588
1.82351629369137
2.05873250352028
2.24563957227821
1.83266123296974
2.12353499005261
2.24903389481768
2.19870441073348
2.3579409299902
1.57422796098718
1.83780065030073
1.97026132783587
1.9163501809181
2.421058802784
2.058787005179
1.84224507819159
2.07777840329965
1.80865021266447
2.31061536371681
2.3626360358801
2.15838685957417
1.96016933343338
1.6578819756728
1.85342503674574
1.58465323683593
2.33350793745711
2.05877773435008
1.68532548770384
1.47311619887639
1.38460481992389
1.36685160354501
1.37865835579131
1.32164486879862
2.07538952288068
1.77038956184075
2.10750318523348
1.07680769092216
1.5164178497269
1.28229395670128
1.62787523817954
1.46893914034282
1.11608353160599
1.39907940100032
1.74534358311555
2.42848984430026
1.17981269818438
1.06381027307801
1.9274867030235
2.11325012984752
1.43688606230637
2.35710203628738
2.39099420801532
2.4873604978187
2.30171814198381
2.26523551000683
2.33671569611037
2.43215381878917
1.94828989771176
2.07101272279681
1.95031683268465
2.41413762440507
2.30554054122077
2.31325565497551
1.86383287890666
1.22762662130338
2.12030188899982
1.871461563479
1.52893502652103
1.88564973937686
1.72402224087599
1.77187288752406
1.64894278947128
1.98324257852114
2.0539849415429
1.47620641733213
1.35331427060094
1.08960397597007
1.65911419275996
2.19831055499441
1.57094705335315
1.44883734191577
2.26260467587786
1.93069258376317
1.86828409277722
2.30738103955158
2.34015804552338
2.24495504060573
2.24125023062756
2.0493861571492
2.37841394139097
1.68389962527045
1.98005196566554
1.56730192172465
2.22883960283481
2.16611454590839
2.16750220565505
1.87165389903731
1.64739590477399
1.62909186971259
2.04641172051747
2.3596055575701
1.90655145705473
2.07827718099819
2.12397288627399
2.0754868175463
1.81383095159929
1.71103393234892
1.5313994176353
1.26254326028182
1.98346772376325
2.07899913963777
1.9863037275799
2.33234115557506
1.16266484955671
1.51009825708424
2.07765041245501
2.06679462685571
2.01284290352867
1.95491846859966
1.81822189893224
1.57903051815131
1.98195031474145
1.949318622573
2.25613336559099
2.09767043864666
2.19639121673074
1.83733362658166
1.75045178650905
2.14657426369745
2.28316583118154
2.02832702627325
2.37963669454872
2.13619707495665
2.04042871273208
2.0194362238908
2.04068168110004
1.22780957110791
2.09208144952295
1.25497598308803
1.71449399895173
1.89139584879502
2.42441944789367
2.05593722435906
2.1919877373285
2.30950814087723
2.32905698949445
2.02619499185873
2.10939309364154
2.18969022648189
2.28540686203153
1.42756029165031
1.67600712981866
1.95973137069918
2.20781883520095
2.28225697063854
2.30053819883116
1.81372043025012
1.99108536681153
2.2954319417595
2.29996014975824
1.76062389830884
1.89517219176731
1.82067829103356
2.02381220956429
1.83913935112416
2.32518475236724
2.01553703842685
2.09707635868285
1.75596690685712
1.64152220192338
1.84045892528419
1.91803334547898
1.93167744783598
1.96701908102344
1.26399374295845
2.25231866130309
2.32632804242451
1.44926304940158
1.15203367252833
1.58749216352784
2.39475265577532
2.40108062890449
1.78944250473705
1.34267459844262
1.88197466000997
1.89029468871387
1.81753952970829
2.08161609118158
2.36861423632732
1.64869408582379
2.37377238609488
1.75487714507459
1.91577659801049
1.61303642971909
1.80848072111583
1.54228376695199
2.14418042277933
2.27474238270305
2.09055250046465
2.11292008732962
2.00679918934443
1.91779813741822
1.3854308998627
1.53355305771064
1.73973066382341
1.46231545958285
1.95231075288932
2.14721104986596
1.78252173896856
1.4269942666026
1.25847424101864
1.43497914121954
1.72033857758505
2.15254624772133
1.70651412645524
1.791615924509
1.68854397110492
2.1475276354504
2.01591752774173
1.84483563205139
1.70699638085403
1.96442826084117
2.01623396580463
2.16263361019338
1.8121568462657
2.00015486094862
1.50403072438171
1.84029652763059
2.00853761093161
1.4826528131875
2.02461823767789
1.74943859082309
1.58245881375915
1.44653126406737
1.93851065067707
1.57500607581271
1.98018249814059
2.05044810285136
1.78162186556482
1.87726458911377
1.59821665395829
1.40629438724361
1.29208116847488
1.80910616650203
2.20826924298856
1.61232123105199
2.02922244237165
2.03863981873901
1.925127681631
1.57840960351189
2.13861101923026
1.91582477326778
1.80143948081617
2.00534001055179
2.22483225495159
2.14472019670425
1.58428829582153
1.8024394687257
2.07671122676906
1.83202686786167
1.692068496763
1.57241352080402
1.58532416540468
1.84359216174087
1.66655559941717
1.68491978965277
1.88453577610182
1.60134841562704
2.15687340319973
1.85877736044593
1.1266602712311
1.83933271610326
2.35358095029595
2.38493381052123
1.75405705712841
1.58687567937328
1.91418995225681
1.74917377930497
2.11002449348935
2.22971628194493
2.09190606422321
2.00624414006145
1.80883537724606
1.83582185717083
2.08610901864355
1.42367170317091
1.50142043892636
2.09460070999363
2.15317089550261
1.81856269554549
2.38005509336936
1.94951350910167
1.7564666230663
1.60763758766982
1.37620920713924
2.08140550270995
1.31580101045498
1.7980376124709
2.34993881668331
1.9993613214643
1.4279760129281
1.79046427936796
2.24754970134529
2.06806541253084
2.34498189717817
1.85166994519008
1.31221962461169
1.52962183407494
1.56379109695132
1.38845616320905
1.25606141803964
2.02053856662754
1.50879104894305
2.33351288268045
1.53432139442858
1.29863888592896
1.9202245848626
1.98362333602614
2.19853325073858
1.1620874329407
2.00674441022847
2.34123495176959
1.96293041184474
2.10699599324043
2.41624271032989
2.07545856369348
1.68932473866614
1.13832723914793
1.15233304299026
1.24308156617189
1.82620506606498
1.56111121027589
1.81538191762225
1.25595200778601
2.35492094366633
2.47151522818466
2.41497399758849
2.37212441617208
1.94891157059743
1.8111781375957
1.35453616277915
2.00158177399133
1.82860480034607
1.50196515943437
1.6780476218244
1.13432174414848
1.63024469993068
1.64929073150432
2.02233672690886
1.947946465168
1.98776729848968
1.85820821425174
2.00722148488542
1.49109989704588
2.30691368664498
2.28406771649114
2.3865105448796
1.6153483349776
1.76705687584906
1.9531662245879
1.79026255680973
2.44985919958449
1.35946028178766
1.57582429071335
1.80492577916368
1.49558706439487
1.2937678312775
1.10951751956378
1.02721848933979
1.38739563516976
1.69109468519312
2.4659436041656
2.37378409793243
1.79620239411489
1.516799161087
1.71150131037708
1.44248776951186
1.91844074414348
1.15066153840932
1.43232640175461
1.55233911711685
1.81176417746135
1.58918357988707
1.55230851651968
1.88982686354274
1.76345401705716
2.10823093311356
2.35233122560952
1.90197275349378
2.17954943993213
2.05242016812896
1.78414627314498
2.30555352885385
1.72179579148071
1.43726565077363
1.61414535156159
1.62960109249019
1.87365410591051
1.37498330955158
1.89033082129166
1.94816169929383
1.71455694211185
2.12372511647694
2.35532833624181
1.81425021337603
2.05150734818461
2.39428506457228
2.17500790334003
1.72601874761167
2.25990057395615
1.95909500663716
2.29959137966728
1.83768873750663
2.17887411022986
1.35890071158625
1.58089682417328
2.01428450797509
1.48678635571547
1.80871537954951
1.92405188671436
2.15891616221205
1.888788893314
1.86953329089354
1.24384337502954
1.9497538829236
2.04637464058922
2.29980616448579
1.95445593418992
2.08701713672424
2.23668471824845
2.0445722400697
2.27205479600591
2.22002753293727
1.5803267828296
1.26734874498473
1.67865275814857
1.84947247791295
1.93190565728391
1.38085476523253
2.47885974041641
1.9931279944792
1.71217043520597
1.55735706894516
1.44231717724195
1.39972509112324
1.32973101143885
1.7183304820613
1.83533793834992
1.8206375879653
1.77142582171358
2.04835642547428
1.84667080651671
1.80674750507072
1.93271154063315
2.20708921745635
2.1007498961115
1.84511735374723
2.07885890230316
1.91272491342168
2.37247441811824
1.73444322711627
1.52893138861698
1.97572848406329
1.85642129106441
1.87839033276889
2.2460793117469
1.63842724794696
1.6353417645188
1.85629551000847
1.61038481202198
1.48977068059893
1.95058155846591
2.00272656579744
2.04531973816176
1.71436187313413
2.37130282095684
1.65469715531298
2.3912548815737
1.9484353121019
2.27768843730832
2.24809721441258
2.24544336171529
1.90547919243996
2.06031121210852
1.81943599835679
2.09336032304353
2.41799718473529
2.10262294459929
1.93856026858934
2.19111582216178
2.37453490674884
1.97576977481105
1.85116674696671
2.064919744943
2.41282056205538
2.3246751763961
1.53392403163773
1.64848641928715
2.06478373798944
1.3203318946517
1.75135135245018
2.25210996573393
1.09800396318846
1.48590121981303
1.38894432001317
2.27624486535494
1.48424278341637
2.16813073195292
1.97118204057244
2.25751449290065
1.70306466901719
2.14588188419575
2.15908807720806
1.92211153816944
1.94494834742018
2.15422992783364
2.23548165437784
1.86075961485962
1.77586127745954
2.44331022463038
2.44794312984643
2.35356394678571
1.88123510431797
1.89402310710386
1.86065959042913
2.188999951682
2.01150137412959
1.56946358022329
1.5891474040114
1.44099163113321
1.48986124709577
2.0893811129491
1.90859273635009
1.43580589006571
1.92890487344683
1.51701099929264
1.93357409198857
2.31314366248988
1.41161636031639
1.62712321605136
2.25601834988072
2.24227843223111
1.7947757361661
1.96527686452428
1.74078400220455
2.06960679816645
2.01087547359481
2.01001541551757
2.033985422627
2.12447924001216
1.42833545570484
1.10082643092614
1.60069287613141
1.41030198063715
1.94119695600099
1.58983346482253
1.7511746356539
2.05001614789993
1.5231798277554
1.21993582182444
1.34508455232204
2.13570881224101
1.79786369352078
1.77475237854533
2.32064383294277
1.77489672204148
2.14283555675364
2.28539323981356
1.60283400693779
1.48160138777441
2.10061911473177
1.50315828699223
1.3867863314296
2.14046048383555
2.07771665180791
2.22632307288593
2.44613535727619
2.35126466574793
2.37919841616467
2.08955220381395
1.5067575799863
2.0798233706803
2.38677609947871
2.02027209528342
1.5674273538061
1.79404223237007
2.10567630855435
2.31373390375383
2.25976293430293
1.69411029983255
1.33817937324422
1.87461174788066
1.65635387794015
1.60348549859072
2.04812363843949
1.65171679897676
2.42088959645658
1.96538757126573
1.67909064725599
1.16089177758872
1.0278142657314
1.10257218809905
1.90041827731961
1.79569802584551
1.75771823840375
2.19490252011375
1.4958809563421
1.921424045657
1.99335519383273
2.25312683057432
2.14552688584789
2.34761483040828
1.46549175144815
1.69828891804075
1.91856564838436
1.09109599759118
1.64822465191631
2.43160167082044
2.08927666036971
1.91843391127977
1.86728862361224
2.07102965358975
1.8920091865493
1.05169539025896
1.33164059599804
2.13353718202592
2.3722696096349
2.35798785760702
1.68709285401185
1.9881555271869
1.55637928590835
2.02623199886738
2.32448685053571
1.92281839813177
1.62328060932296
2.12490110911784
1.84622337397061
2.26174545756188
2.06582101887451
2.11402992421305
2.00249688522398
2.1194091105103
2.09912083257326
1.79568625044368
1.87305812073468
1.71693174749825
1.80976721754465
1.81049034586495
1.73838332030748
2.12490656599061
2.04914951554033
1.94638067129067
1.60205703344308
2.19471185775266
2.30935971369309
2.23565283283594
1.96176858088028
1.72700872935676
1.61192943449978
1.93638835302339
2.11178651816317
1.69162731714673
1.70782788239748
1.61646125579631
1.84331950093402
1.85500547807369
1.92172694643418
1.07577311523755
2.03633977295324
1.0990775079584
1.23611155930509
1.72878541292294
1.7850094635162
2.06463898715227
1.46407138618557
1.82482935440862
1.26586998808713
2.06305144952418
1.36540437476297
1.70160346107966
1.07500417197097
1.5548864495859
1.50970556184437
2.35638964554591
1.38016095956975
1.37489647510377
1.82949378760543
1.83640312774364
1.28671037162953
2.09590633173743
1.20934769987758
1.28379073017423
1.56756999622029
1.842454162299
1.9356006742621
1.74332713744259
2.46534535118675
2.27789415041265
2.1559373805688
2.06306041306134
1.57939627105498
1.80127174308953
1.43398464140131
1.99809790761316
2.09105641211302
2.20258684619651
1.78316922753599
1.66828579976783
2.23093836858878
1.62187507921612
2.02429463988236
1.9428489599009
2.09684167804408
1.19027730431947
2.24982763901718
1.94178588922258
1.91223089849557
1.77316595459385
1.78047979403702
1.55541454213284
1.90209040177051
2.39020227828975
1.61403210573962
1.88958332470835
2.04704314708037
1.99336005729485
1.89033279010053
1.84717038452332
2.25233679969337
1.87152401181282
1.50891934864482
1.65854564072237
2.09303693235234
1.56903651656267
1.76784114642253
1.97777592056474
2.09354697204453
1.76915773467438
1.73627745382511
1.800390606611
1.35729051980367
2.17627460555665
2.28190445611312
1.70759785979033
2.12564014958166
2.15249771160678
2.38039894183368
2.06540026110499
2.07422786409569
1.84091334886053
2.10274986606409
1.53530742966158
1.85475070200452
1.90718447583682
1.62535966507447
1.33945587772403
2.20352847080122
1.81326049769066
1.57610905154926
1.67567073980962
2.09118409533321
2.1418033073005
1.2694829607665
1.33912672136919
1.81171629006005
1.58229512695346
1.27473029354426
1.10287181371188
1.5751557473326
2.38296369241952
2.09885752404405
1.96028790880754
2.1811675321712
1.90023929977264
1.84113983869638
2.09654031865691
1.30859487672528
1.66174699113119
1.50767351748605
1.43016130200287
2.20776515220576
1.76855955145326
2.18714904394243
1.26087960949804
2.36655080077466
2.28750221612335
1.740218396806
2.14730645358631
1.98010208880601
2.30921859761441
2.34354993932632
2.15013965505861
1.83509144665472
1.85450630964641
1.94683362433233
1.50412586608081
1.609873633068
1.35588880725946
2.07838077505559
1.29589628475174
2.48384028969163
2.22129765764061
1.65773429988354
1.88018574946265
1.7306737545457
1.58550487657277
1.82554543593506
1.68143933781538
2.24584515665764
1.91817655129729
2.09462375633261
1.82142354671773
1.4347038025514
1.6811088404183
2.20654745218785
1.66409101896995
1.92600421737561
2.13747171093528
2.40522096934983
1.17658601578972
1.24950875908108
2.06201958242078
2.11790554252594
2.10436293465746
2.31796689064964
2.30251465516446
1.48464703303724
2.15027892630222
2.36739647973543
1.98801536990493
1.30857435481066
2.29897974036316
1.76079985832781
1.60258134465356
1.14718092940293
2.01481950774967
1.6802804796945
1.59737741455801
1.23644184991483
1.86372102263923
1.93421600021951
2.13136941216316
1.5012585820948
1.71425102262105
1.71858874527716
1.90888206522092
1.95853759440362
2.41081570407371
2.42528764262823
1.51693109853337
2.30647125195608
1.49462554715182
1.23780899551003
2.10741790862703
2.30544721548999
1.98626992377882
2.43353854652144
2.35705879327441
2.40592021466578
2.30514446032099
1.92045639630403
2.08093976123713
2.43256806708302
2.37946350336512
2.15017417975948
2.07625455966443
2.1499517738363
2.18358070714602
2.01604384215546
1.90230916340043
1.56939778624766
2.02508500924218
1.8319124150529
2.33552738658179
2.0373733041128
1.68761722665706
2.08283399885169
1.80504230327155
1.05075976510807
1.05260688455497
1.20760782989179
1.23267053143782
1.5905477008916
1.18361464313392
1.57492015776956
1.74506714228234
2.4255547137947
2.35431542453871
2.39683415942817
1.76668455418659
1.8948664784785
1.18421291321696
1.00870459081767
1.22970804629514
1.67001450033653
1.96455491600855
1.80829554695122
2.24591167984095
2.16754854141893
2.18500358450096
1.92483538497974
1.47625591377362
1.69105573350352
2.18442087404892
2.15001451864625
1.65470627465983
2.06889015034412
2.42992937427089
1.83726394653907
1.76582870686284
2.1772729200393
1.56643326359385
1.3234126599161
1.22256430449994
1.1572846728651
1.59231871852538
1.49025885760448
1.36897491864578
2.26716354305115
1.90887765965126
1.57814829705951
1.22694957610788
2.30932125090891
2.4524169300934
2.30950146772584
2.20320786545081
2.40076952444832
2.32683121592233
2.05517401561234
2.15202694821462
1.22105965257075
1.3939440432529
1.24800607494057
1.60766662466953
2.42334515276141
2.45623873930605
1.79206337328138
1.6469706461546
2.47257784634895
2.28873120778964
2.38906842114447
1.63054113985306
2.16895802194786
1.45197697603309
2.23290827099991
2.08540204332728
2.13551679412425
1.51929363870501
1.98175328757105
1.14616888139861
1.50410322164358
1.19956590936805
1.18609687861951
1.83554172206467
1.64080655706648
2.01278175969364
2.30910535520381
1.4867788583184
1.97622492827357
1.55898053787682
1.25160482803963
1.53161696881962
1.08990148659345
1.0677608432215
1.03291187889715
1.02216744375972
1.22112887063844
1.31063395785482
1.75104317258853
1.88584032532359
2.2085664638553
1.92457712505524
2.29877122246243
2.18079717659389
2.11606454501031
2.41099667885051
1.61254769846304
2.20808688144674
1.65764896537893
2.05947733595326
1.83832032037921
1.83709970698159
1.32949620315508
1.88742397674959
1.85934770003219
1.84464290345787
1.21709469901378
1.18500146709017
1.13667343572129
1.26895302826419
1.72704331526151
1.71782931335101
2.36853561006836
2.2453330703428
1.65851803476752
1.97795745798561
1.72309249143737
1.43897402899899
1.44660187376214
1.52928001778808
1.50578842597194
1.6198701563611
1.46615171798662
1.96613646214454
2.12945550937646
1.82791240160584
1.39520946632492
1.99208038346957
1.67000057085402
1.70884822857124
2.13221506384535
2.31294738284007
1.7246618514496
2.32874339473025
1.64973907902592
2.31250530611657
1.89013478503783
1.92006967709087
1.7040170003978
1.84951821623826
1.40170462373614
1.42428082081253
1.71605940970047
2.03478666091385
2.17711685398225
1.77845645312937
2.04359418163337
2.1626064555789
1.92222650265911
1.3583850316656
2.02896875958142
1.95272824208442
1.96815466722751
2.31779310074124
2.26382980964555
1.89232677115493
1.43453068425828
1.12247108763103
2.08161323929083
2.0843116127475
2.27438659760994
1.88949191848526
1.55608272636776
1.87698585242799
1.85224969323308
1.14989891515278
2.37306204495525
2.02617963940246
2.21299611392448
2.31404688627478
1.68812186782024
1.72734429378564
1.60032405118407
2.34835529528126
2.37128616975311
2.41163744905115
1.65760968177387
2.3911766273484
2.46177309531849
1.87500458163488
2.37302793693981
2.07822906806858
2.09705905859769
2.41765610727642
2.28308989128651
1.69912620924345
2.36478298209952
2.44665385429973
1.65674061362987
1.58836250668427
2.32720724189702
1.78718177326072
1.22847046563189
1.33405611267831
2.28835060904671
1.81352511811264
1.36298421196419
2.1972809347336
1.30107889221161
1.97652740849975
2.00902793276803
2.18608996438942
1.68915941944102
2.04150179641752
1.94069704193715
2.46541707043142
2.31720748524742
1.22026997909912
1.31124964556976
1.26624237753793
1.35475870613447
1.892417655969
1.74865247401964
1.92579948812032
1.80333325343128
1.28911079632583
1.07871956790115
1.40915712140629
1.83179858494226
1.32978947230739
1.93046747694648
2.06553237858944
2.19182870241329
2.16607975147159
1.89469602146423
1.35259034647474
1.29974733591476
2.14029422067704
1.89401337924438
1.47522489836662
2.38130874142571
2.27596930884881
2.42441960288905
1.88211249512243
1.65523813214459
2.03892161626157
1.53803126752109
1.23331522454782
1.96469909528365
2.46868902828265
2.25359435242541
2.2357356377378
1.72186318249653
2.22646352667373
1.84400737894538
1.50800464625271
2.11269649514865
2.10156285714825
2.24090385569248
2.34162876720574
2.48330288275077
1.96046831408832
1.89461320745481
1.95411182472569
1.37540054747282
2.007737995997
2.14254266941028
1.43007573104684
1.8798487474443
1.72178941865554
1.91450631961139
1.37084416281148
2.17917221023909
1.73340813348469
1.54063763272815
2.13494189947444
1.81513809798148
1.55677367363163
2.46021320568877
2.47170640054243
2.4267796661364
2.27558004374584
1.54667272143055
2.47937358757144
1.80067470894716
1.49454103036357
2.3140345793662
2.19274925309106
2.32626645475316
2.07398399181723
2.06382875958758
2.12012373677852
1.67972035038505
1.66394233197924
2.13330655055894
2.05224881307658
2.10315585486942
1.7640395731883
2.10304622386033
1.59908898694788
1.8727179355904
1.84729796325422
1.87531727459182
1.9044251225536
2.10628777781717
2.13670822555679
1.64999869414913
1.70001369961712
2.40361488336792
1.73595599801156
2.33458398139941
1.97726541773652
1.61845881480016
1.47544310563244
2.05624071489815
1.80113806851235
2.01460231960434
1.94986717042281
1.42297975860424
2.22830590840899
1.52050187708238
1.43224251168911
2.14176742919647
1.67556751716612
1.77392102258644
1.82014497238393
2.22080313161874
1.47100972977656
1.63038928709623
1.48844104890059
1.34519833296021
2.2777200073931
2.20119929003313
1.68770707950908
2.26236748968105
1.94726494366141
1.85605920672895
2.03695187900816
2.00413250850228
1.34788905241374
2.02747750176621
1.67510027856744
2.24509519681061
1.76110931585561
2.16204551383759
1.51399524466921
1.51140127327122
2.02325420644205
2.09109308053211
1.37711204189709
2.11365487456029
2.03252491780426
1.95090725108891
1.73611896395891
2.10911801931727
2.03346567349207
2.07077624005361
1.67459874923607
1.8006353995476
2.03545550827432
2.1511912171224
1.94898921537437
1.66417254573878
1.87974982905582
2.04046507253277
2.02376466664395
1.81326615427975
2.09631589910636
2.00271241129192
1.41160422858759
1.96367251333731
1.99621052985068
1.7547983369665
2.1642493563166
1.74485023009179
1.91292829287928
1.64673809164191
1.72602139589017
1.24916989838135
1.32924182824704
1.06179185864233
1.3786884656122
2.11545061561642
1.97803108696047
2.12150126718977
2.00723405505926
2.33411021517179
2.07717395070749
2.18497873612103
2.14751683809442
2.3214152075088
2.21601438687342
1.61408615971672
2.0573334635553
2.11899834427759
1.92712780561667
2.36730301525347
2.14153875162463
1.74654519437242
2.18546253690317
2.20994151533762
1.81624183233274
1.50733708992909
1.30707698974577
1.46480482322619
2.16821656751775
1.30662645318354
2.21971642872165
1.67863222750793
1.62393227431421
1.40077738441886
1.98854297895371
2.19972759739943
1.45864043386308
2.19713599705449
1.80264621272463
2.09453572657554
1.96235487645654
2.06897302253253
1.82644119919513
1.86905014906455
1.60978193835596
1.78748898477807
1.9863948011831
1.83837950289749
1.51202392556223
1.63538353133175
1.89807887961443
1.79474534897888
2.08504049335714
1.67048231345452
1.98799768450421
2.37634930366096
1.37592861175168
2.18704995923783
1.43256946376677
2.15208069418089
1.85752823859904
1.66750613925796
1.70399985207334
1.647716273036
2.05712915815611
1.6842311670538
1.80979387843561
2.21270103699276
1.82106926481904
1.54822613364406
2.05462053009075
1.52402087478248
1.81118530035431
1.88832910609229
1.98919051544885
2.20071773509596
2.20839675594857
2.27257707042219
2.32598531719228
1.96434556417461
2.28090626950438
1.91278208569359
1.72910342432601
1.84089870826696
1.78954713117554
1.9023451269453
2.11985837801424
1.78099836525983
1.55840713817161
1.65076856283446
1.52483569487746
1.66989060772212
2.27376547916447
2.03761343432076
2.00024811963413
2.17994344728055
1.63529229889328
1.63330707273451
1.66320523260425
1.66138583675333
2.37201858138361
1.94186951794436
2.1642344902984
2.20781844264758
2.02543457894531
1.94712106397519
2.29765563547109
2.1698719160917
1.73271789786439
1.781346510164
1.84688426395813
2.12897686074052
2.00936352097663
1.97960150901547
2.27307761765416
2.34530782641951
1.94565006714128
2.03071788919684
1.83394106400069
2.04581686858208
2.02393024412622
1.64712216379643
2.0585128765031
1.90770657700423
1.34658009290837
1.37754993160924
2.13526401173869
2.17220320174853
1.9610563842499
1.42345466231274
1.81281145060271
1.59777120517079
1.24536759418049
1.44832777792068
2.00110222205427
2.02539748643785
1.86107548994756
2.12354734421364
2.39493692796214
1.71110678975955
1.07301235797893
1.08955843704691
1.69216174097393
1.84676197905776
1.56651423840216
1.05461736998171
1.16021641837994
1.88899442255861
2.09556292436872
2.16080945232685
2.15622750959264
1.64211569121365
2.02982248807507
1.67069938302867
1.88087238458517
2.26615865436903
1.15130086663578
1.62789534633912
1.08705476450802
1.01369130635003
1.0419306298154
1.20137536156829
1.07137487677767
1.57135735617279
2.20575528641464
2.10674772204646
1.24471990689538
1.49309432165191
1.82060590584516
1.70062517956315
1.11495590686895
1.69851444947564
2.36250647567422
1.67880795257871
2.34886450977256
1.89800433148205
2.05257251569991
1.34007560355696
2.31564508292647
1.94843445277892
1.30482079870617
1.79636875685803
1.88731921426624
1.53507469501624
1.15858478001534
1.43019380064303
2.0525556538552
1.8231193834215
1.82553173378476
1.95586878923083
1.41520142316161
1.5183741336274
1.43249189110469
1.21027627633261
1.56924758389526
1.82969851685232
2.02057126323595
1.77885804754335
2.31662970559593
1.68811071649553
1.83485397956739
2.12046666678791
2.08933059785496
2.38945694504337
2.13864938969827
2.00816609453578
1.32600200347502
1.36685325149584
1.9435552402068
1.68744762313927
2.01415999026321
1.62326308236563
1.69839291843265
1.91363494003271
1.43672706802128
1.77363257017458
2.06164736875134
1.846355692595
1.5234293053268
1.80949955173585
1.67993955007434
2.35481091140397
1.45011207728252
1.57137235455371
1.23221628929531
1.90093289230331
1.69032091917106
1.8173627985675
2.08546596294614
2.10987808199439
1.68666987869152
1.87876859744154
1.99920168879637
2.0573098281129
2.16537232309647
1.86859735731777
2.13347392559078
1.93510481403365
1.93347883279972
2.00488709060676
1.52720684847904
1.74150497385814
2.18443883217472
2.46040471610441
2.22573875178521
1.84131702375316
1.84268681582168
1.45723511451874
1.31421809493436
1.28456959836551
1.93710688977732
2.42143089629084
1.70483653013634
2.15408169087884
2.08961461276861
1.9889721494591
1.76708000800558
2.06214754923596
2.2000174116235
1.49417688073818
2.02169145711359
2.122226087809
2.31248597392522
2.00158380602749
1.71002500005561
2.03636465127576
1.85380585100977
1.99696153850002
1.81567114299701
1.89033957319106
2.12408424976015
1.85571604171557
2.02847950291109
1.98082549373164
1.72707894542583
1.65343466677424
1.99556764022507
2.34100059607257
1.90260538634153
1.9506090626578
1.76932710692138
2.00937747406433
1.94531667946159
1.84407118120723
1.89129316070542
1.99478390749208
2.05690178505341
2.27567844657283
1.7147124519877
1.70376309116638
1.67113690434326
1.75982854821769
2.12634676754819
1.70492164447487
2.05506403224466
2.23278436989352
1.87971251433537
2.04076533806891
1.80877834038799
2.01147818582815
2.08319135322037
2.42765023027853
2.15114452724563
1.53319998211766
2.33097721936305
1.57634342002719
1.63851249206678
2.25344987867741
1.51917778720419
1.79275708996192
1.7665880875474
2.23810220705385
1.66237039538976
1.35737195939037
1.73226323212915
1.49502949149071
1.07252041324744
1.90988817790579
1.140537880449
2.30647879072485
1.47463052268829
1.93587967039001
2.03521765055416
1.85415851700655
2.12149746250934
1.95544825165921
1.87998017051003
2.29088906871581
1.8566929168756
2.21465951548554
1.93635679929476
1.74320614963267
1.97741905186078
2.02634364453406
1.37745627621238
1.75353906992219
2.14346056451547
1.95784811542299
2.2240747804338
1.73955466057435
1.56656555724435
2.04393612901947
1.91065419561509
1.92384920746382
1.96385618434558
1.98932056283211
1.96256809119936
1.40733493790836
1.9425920543525
1.73130106003291
1.65423246370727
1.72053159455139
1.76144529580875
1.32707557273641
1.287203336676
2.10566801468916
1.82296372123529
1.28328329162915
1.66602343164803
1.3779105035094
1.96464079100819
2.06940923760739
2.13447777331364
1.51580090014645
2.18318859130224
2.09735093414666
2.07819829678067
2.36506751963677
2.00164499920819
1.87832682986978
2.03775528595996
2.25349019927732
2.03293502068732
2.12066207836687
1.55498846310418
1.30595959881873
1.97261817293318
1.99523511740524
1.817095010446
1.74073411894989
2.22641322692887
1.19398157769618
1.73334855820191
1.61022867181151
1.59125981717349
1.61387139441459
1.62184189463062
1.93226820937992
1.86177904764687
2.10906195590854
2.21741755088402
2.27397660194631
1.27738809620385
1.63648616174251
1.49358683849657
2.22704012463957
2.02355048141511
1.36057028047124
1.6904712487151
1.94480166498175
2.29752475452382
1.79405333482528
2.23425570325541
1.94413614967288
1.57843294768901
2.26434282152292
1.88882399645258
1.39531636765775
1.89762705703915
1.5491683820092
1.14043679968928
1.08475919090736
1.98755431263949
1.79887313109481
2.4648584240556
2.34498980480431
1.80094412386715
1.90600262788075
1.92378702079034
1.99211559885242
2.47271970190638
1.57565994356701
1.98382458929939
2.47568784527895
2.46445501358781
2.40663972462521
2.48938238676537
2.18348963321374
1.15898848010475
1.70320303923625
1.09552332103044
1.20779246849788
2.10334541042842
2.34384196575017
2.40197172989159
1.39979555538524
1.44677962500245
1.11097585240767
1.34029504627002
1.71616919160425
2.13009959194291
2.0578301579272
1.73661325584899
1.75445353597573
1.98337156802958
2.20385215576669
1.49012166904195
1.41975488543323
1.77665928182192
1.42249184894711
2.23150115412554
2.1965851596473
2.03688835829293
1.84644399207797
1.83201723090842
2.16902308918685
1.59482726398129
1.80340047042929
1.83037410702882
2.01945817959517
2.0404013358873
2.09305187682172
2.11366400378497
2.25763892103109
2.15872276342985
2.09454365589853
2.34026578498311
2.09002725543743
2.25456985891843
1.84531866455752
2.03134004037254
1.99078620863658
2.07899087097729
2.03303678923007
1.9125982419428
1.90082681975292
2.06961063325095
1.8784487895626
1.86435901079319
1.72187028703779
1.90880261526984
1.92094961327971
1.66526636551547
2.2433985728294
1.97442228584309
2.03068375437897
1.63827588509449
2.26254255977259
2.20804901630243
1.21581280883901
1.68686488694909
2.0703796052252
2.03479146018628
2.1314440972471
1.72191384955275
1.9303150057543
2.14613648268152
2.0193979583326
1.84541175558604
1.83527186333485
2.22994226613706
1.41546951701443
2.11785923216741
2.02279973308418
1.88223272183052
1.9445341075836
2.01434948001512
2.08849066141494
1.94232371509578
1.82735785518356
1.96014628951091
1.9377363904076
1.671302384
1.79410167476757
1.78652312830865
1.82933607717429
2.14344773306178
1.99617248540247
2.07166069048197
2.25278034289878
2.04928523812219
2.17004680446439
2.34452959084868
2.05614212438931
2.1346333836336
1.09601863690353
2.0563743987495
1.74767389265654
1.75028690654185
2.24685974553183
1.79077687741671
1.89771850166269
1.5178068612718
2.2990608587872
1.54302703973467
1.20098390034912
1.91281515436399
1.91598544078433
2.21181150417863
1.97343925200449
1.42722621958048
1.34230438077849
2.20974203484693
2.172856067223
2.31933184620352
2.02038814048834
2.08841627901772
1.35801305990732
1.4950423337057
2.17057270630802
1.4527808277948
1.13062548748346
1.20174921272393
1.01893577120315
1.10468766716884
1.25692532671711
1.06477683590879
1.03527667466025
1.09516814435081
1.20590938232437
1.22650559095257
1.55174557272404
2.37099787326086
2.19093183083956
2.06400142659143
1.6832614012252
1.80029300582493
1.88862980882248
1.43454376497799
1.89222956438156
2.23400000524256
1.35943227920079
1.9976022333747
1.09764520091197
1.34659764667953
1.38973999048299
2.04685786695924
2.14881226187103
1.57901769468193
1.36681128755353
1.28412756887556
1.93062840268958
2.01818170429655
1.72597234883173
1.97717906939922
1.97532317527538
1.76077750442921
2.2604342708458
1.65534193146837
1.76766021916578
2.22765571794627
2.10737497965563
1.95143673618716
1.95528514937907
1.88654860730469
1.45439202538109
1.38403560669648
1.14261686053509
2.2175660316454
1.5448093717298
1.93083968477581
2.21609165484556
1.88289156794264
2.22908621293558
1.67447521945172
1.58156666781292
2.07687590681031
1.88161711965876
1.65539517804533
1.3548374508895
1.56397051802899
1.55493308735795
1.56585036086789
1.64064206571034
1.90047795191093
2.00110491939678
2.11223761606599
2.35779980487284
2.09351883719433
2.24348006698738
2.00710237843745
2.10412673849797
1.53580605730025
1.79257716379545
1.83766571699752
1.8982846295384
2.01296952300143
1.50681873613881
1.90862976660758
2.0054101753498
1.71636378169825
2.29573314462564
1.84174817614456
2.09040235495325
2.41611265422741
1.87040255648784
1.91144211664269
1.42376336952513
1.68059209690229
2.00012215639563
1.95052597481735
2.39783621597872
1.6616312112141
1.83479893435528
1.68623739593108
2.14231586406684
2.13222816767824
1.96013360362892
2.37399388092019
1.84656145182888
1.70780464986063
1.72600261539873
2.10919351046871
1.81568562582951
1.71057201290019
1.76571242336636
1.69517038755408
1.87078703375552
1.9560231259565
1.42888356731575
1.75347457767254
1.34085987474793
1.32046483711988
1.55658471300367
2.09778544613077
1.93642451196917
2.00397904909205
2.01295629864047
1.29937408950329
1.42008541788476
1.80793833210408
1.75970988105628
2.07216033458279
1.90658078808444
2.09052504951883
2.0111054441575
1.86548127285179
1.90354440492157
1.45415686505672
1.18718159863943
1.39866991677428
1.38043176961519
1.98176317882692
2.06836623653303
1.5294828060065
1.53019162193736
1.99995973222411
1.45527075943161
2.23956490066345
1.92742670505453
1.50008808680494
1.7646787665375
1.93418246863019
1.44332729684342
1.8847744628275
1.78900772181944
1.58071239811783
1.71853754927823
2.44385528028617
2.08081599711453
2.4323067794588
1.75298810563247
2.11526237137522
2.31912647749054
2.26890633607467
1.99112689140876
2.12593576093365
1.90117259712373
2.18083550050952
1.95710291949581
2.24563542799887
1.75318181374986
1.3306835234728
2.27319112243195
1.66725905263893
1.99317273311319
1.63458926011857
1.32910396202097
2.22361915296135
1.73211612216612
1.8428199477315
1.66621005069955
1.73138526163157
1.78238292533984
2.33954607978863
1.31040096388896
1.50037077648479
1.28149750811901
1.61142658190965
1.90995032051749
1.75955167767432
2.29024895669833
1.60150254233558
1.70698939958452
1.92099269923785
1.66832616126519
2.31227431135724
2.29895929432033
2.38028414141386
1.45817386540705
1.88138419037817
1.96655790692374
2.28189389989858
2.14040527295846
1.63219199958949
1.8919023108809
1.59319215401961
1.96264161568772
1.67984075045827
2.30612274112946
1.62348481837204
2.08215619440269
2.10123642328131
2.2893508477972
2.08590318353803
2.15488502470579
1.45511745476413
1.53257645317156
2.02866142296353
1.06390036210416
1.14960001177604
1.9691316853254
2.0028744683554
1.7163327950941
2.06077062286471
1.84275952896553
2.43085159420945
2.04395164741485
1.73717860793926
2.36647320002528
2.36376307922201
2.04180760247651
1.90559797282156
2.1699531280993
2.29421058824917
2.2597271736403
1.50930303387497
1.75773378258552
1.35265879117707
2.09345337571424
2.10844868908992
2.26712415589407
2.22543585175032
1.87994913255966
1.39129057378751
1.91185650217869
1.61208838941992
2.12426186548371
2.16985822270657
1.47027138813213
2.00352526895714
2.29431648938365
2.00131057502071
2.32517769362607
2.38765994325982
1.47449057949894
1.9273049126463
2.16107492383612
1.90442721430826
1.27372100878709
1.89123197995682
1.80289590977561
1.21999548532239
2.12897732122053
1.47146968590049
1.38194250926928
1.8109075136367
1.86727323723075
2.13484858521494
1.9150068305634
1.84910003605275
2.04300282916954
2.17643012602112
1.44516789233901
1.77536162006231
1.33990982594744
1.57646057123763
1.99624045242146
2.159767735446
1.73125123202557
2.10186453946634
1.40043293186608
1.61292627741747
1.81341361025236
1.65062550510498
2.21115473668264
1.99777795841762
1.90724491858308
2.3927601840086
2.39696745283624
1.97559517629772
1.1024073735555
1.41707394223901
1.84505207220388
2.21013379617719
1.84681830931743
1.48474031375403
1.18576092593837
2.08531462056983
2.20122655359879
2.18494314055262
2.11479160784222
2.18454866274317
1.44885560438352
1.43778532047607
2.15360158506843
1.23733975915063
1.9729691159653
1.90014479104514
2.10765153420029
1.92393269136274
1.25209886741265
1.28285576291412
2.40769352050159
2.1598459901394
1.94972153395074
1.85603020883743
1.47816025294168
1.28156922067517
1.87667470223216
1.88123049022189
1.70390389539726
2.24545543733277
2.35333555606492
2.31412388646523
1.6176111173683
1.80427326625517
1.05869237505262
1.07124294698808
2.06346312749202
1.87911067583486
1.1379887858884
1.05489456706703
1.46572938151515
1.61158314770042
1.77299770395545
1.68493577424313
2.09723313004304
1.87985116120648
1.93879407570165
1.6123709819689
2.00591908091901
2.16097918821574
2.04801888640259
1.75965040370753
1.39263078099047
1.98381174280022
2.29569128105637
2.17327579877969
1.97640178412853
1.74161462303229
2.30647028828625
2.14793107721883
1.91671654784991
2.23609417268339
1.93898114156461
2.35483428519443
2.3853918465761
2.31607690150085
2.11079984573544
1.83352335073195
2.25977636641396
2.13694196530641
1.76681134984087
2.16154228117155
1.47465154486737
1.41614952211861
2.25268842787772
2.31889078638453
1.6460770159113
1.99347637067109
1.98554406813689
1.39870260088415
1.97880116865648
2.06046817475399
2.13579988085765
2.03240667016833
2.04272604090163
2.15960218966615
1.99276224308522
1.83110013566095
2.1917080002526
1.42063131059379
1.98158254612325
2.04756039176993
2.06782085256366
1.80725562253189
1.69025724469534
1.7466528145332
1.69793974127405
2.01074325521284
1.68470596666524
1.83868036302655
1.58989081205417
2.10688291526961
2.07782698412107
1.94695962084781
2.02736088767548
2.04748545064464
2.02508186029882
2.02618075713289
2.35066615299186
2.14416939457145
1.70411026533297
1.86164991654407
1.69526124288867
2.05750766331771
1.6084376544107
2.02429286355511
1.84297096705114
1.76077301242462
1.4095763403835
2.13085859279302
1.56208589396106
1.89439936892848
2.07819823999376
2.12870046752679
1.87092942970433
2.12677106867935
2.08777002002561
1.6019949096061
2.28772057266258
1.3572556430094
2.24719258278377
1.37696859875289
2.02964624228103
1.7059779618499
2.32701582517531
1.86332654385852
1.80543972498673
2.25013773053386
2.39338586998554
1.66658739741135
1.50778217582203
1.04429468368881
1.31585108626519
2.00982004848279
1.58572164647286
1.52044460777033
1.72101804609272
2.174477050156
1.72471830492434
1.97174110464735
2.32080916629393
1.87798421077832
1.77978018443431
2.11653347126237
1.87074503677957
2.3375934877307
1.46301791518343
1.49574618720688
1.62847660203509
1.60057405278368
1.48441293545379
1.73038001911366
1.9311228972949
1.40583911459082
1.24921675617263
1.89782678983249
1.19767159502142
1.77681056941794
1.16907692856907
1.15746506092792
1.07803668944997
1.03945752046963
1.04767398589606
1.20174490246602
1.37715757270393
1.84422838630539
1.61949618951187
1.58033500694506
1.64954526441806
1.54702167204292
2.04718273546272
2.01403555256925
1.37501799663133
2.20446419827128
1.45111471394752
1.98918086277573
1.67299923758369
1.82473080986362
1.50432048902039
1.85765119647258
1.53128619664179
1.54779567483255
2.02974350604886
1.90371415875863
1.48146940392642
1.72393000726495
2.09762143681154
1.88838123143861
2.14462661302073
1.9580114469146
2.2752937641383
1.92726990330046
2.22764149843071
2.09835713834622
1.95040931836799
2.25560122956501
1.7481016482962
2.30368467723301
2.36748538151049
2.12285795261715
2.11208310894963
1.72964299567319
1.8792782776824
1.25101385648557
1.54747581442405
1.6748505039439
2.39596779069673
1.96460533322799
1.73185932175557
1.75141706695471
1.90827444807193
1.8607707874761
1.8634104446867
1.83028886836541
1.85969847128018
2.02312827656173
1.88981659759778
1.69270052309937
1.68817078706732
1.49182180866091
1.93237439590655
1.85120775556033
1.87514310561191
1.80881306646704
2.19395746463728
2.0098337732084
2.34618005215282
2.13040510200986
2.30936393030053
1.62043621114021
1.61041790444033
1.69907924319292
2.05775431828402
2.42808319923037
2.27771906431853
1.62286265593921
2.00339756356713
2.30677869813094
2.46274465964282
2.09865022062123
1.5244378806352
1.37887715194558
1.86399193915727
2.03361617552352
2.07103691801984
1.82846300854437
1.58752602160422
1.22963733027725
1.5204111192619
1.64757955384362
1.44006978181748
1.53321493447405
2.12607716553354
1.68330987892293
1.76043463741681
1.47615920258384
1.86604702232106
1.79204047126198
1.58667340360717
2.44993432178261
1.90504779043777
1.60041225842228
2.13312534130272
2.13266844312148
2.02784317489626
1.924749804399
1.71745330350917
1.97761514778228
1.99395289454129
1.97056223748558
2.13398352978367
1.79337276840625
1.9238584065396
1.66019516893289
1.4494884848179
1.65170672087715
1.98085942179406
2.1482188903692
1.63684228250414
1.99478280939576
2.10551650266493
2.10558160469649
1.84148144353713
1.79868686784178
2.26118857447971
2.0532571894558
2.15506366968052
2.00750385415348
1.85247914787459
1.72973806101255
1.56800462805675
1.6060078275616
1.7545593987108
1.72206375741885
1.71021305647058
1.76657540905074
1.70343757866766
1.89428121098957
1.73950800533499
1.49602604784418
1.84987258929213
1.45069362866721
1.96067056711524
1.6798153885747
2.02250486746438
1.87990997260701
1.9647693393
1.90640418548342
1.63134975289865
1.45348208359582
1.5057954633046
1.43102710452979
1.85424404956306
1.78229139759926
1.85933025858618
1.98820487353242
2.31116014051626
1.53108979276784
1.20053293229422
1.05761658212148
2.46823848871674
2.45805080306094
2.383949377504
2.41595507851751
2.45407134596412
2.42677083524851
1.84440344871734
2.2393243778652
1.81185421793524
1.79393890528282
1.57771593939857
1.50111186493
2.13305226320919
2.13332427055951
1.77206887032776
2.01703246856533
1.93661308885493
1.94802914813047
1.80926676263904
2.02049149632405
1.66785214341885
1.97029456822277
2.07225223279421
1.77403601805753
1.7392046289744
1.78104596054562
1.77893720325532
1.40093706097343
1.92358236962054
1.52814750293194
2.31445283771901
1.2992816805074
1.87210238655698
2.04146561256129
1.94198921319198
1.57820547482144
2.09385486774985
2.12204604381372
2.07480567055147
2.04693366664561
1.73223303597378
2.26541336787283
1.79322104344206
1.49961323361194
1.45980372551964
1.66714530085583
1.62290311659268
1.83791198400316
1.95205460521954
1.83412223050009
1.42811831246803
1.91785449862299
1.77981059615662
1.47715728355501
1.87367863151706
1.70563138237539
1.83441018341227
2.3350919249986
1.26927262026486
2.05583476065458
1.3499597977205
2.04285640142518
1.81691750278508
1.84206208061831
1.43580494700246
1.57493900444264
2.07119438250468
2.00046240505221
1.76108274401278
1.83716860499439
2.17150189854099
1.79857413920412
1.61177180692073
2.15279406055003
1.74867914868071
1.7855367787781
1.57407358970549
1.84934293197867
1.49335276122769
1.94853608467905
2.2038213817595
1.33447044401268
1.30092773705645
1.50129493149612
1.7599061359608
2.13245658040683
1.62985130631422
1.48222967376123
1.53133247571617
1.69907062670233
1.66283277022846
1.46204764852121
2.25917171654561
1.29897044922886
1.9802153186739
1.53882735271276
2.20007681112863
1.6274801749723
1.98168599551859
1.40874675807325
1.85429016883775
2.12545767762696
2.11928773516209
1.75074847741898
1.7855745424309
1.96462722060386
2.02613686898494
1.55721343284961
1.86626643808504
2.05348145216355
1.89654525605674
1.33550576344537
1.94093099211341
1.71795499379617
1.81063245762907
1.90458373043059
2.20313361217485
2.0739347178074
2.15158176099728
1.36275324472347
2.03573330372966
1.7225266738172
1.64233448667728
1.33860504877797
2.01721201899848
2.14415055074875
2.12244682615128
2.00758784624076
2.26342143096508
2.06831389307104
2.18859447217945
1.40270023411575
1.96291692952508
1.27132940262476
2.31739767212862
1.80733768489125
2.08177110670524
2.19630134694605
1.78210723941229
1.84307071483242
2.19164793823766
1.50540135157725
1.83176873276089
1.59792140547607
2.190204465325
2.05513217830808
2.05439120658845
1.98420807398085
1.96557208709332
1.48268150329448
2.26928275341187
1.96782985995092
2.23456672335864
1.74350505572844
1.83584165339456
2.0159655975026
2.40627269080763
2.13355977693564
2.11130232109681
1.71308983726923
2.38345123441851
2.24195358760916
1.59240125576482
1.62850901394675
2.29922497952003
1.6690471809728
1.80443856529233
1.59921525212898
2.04259219262386
2.16179338943575
2.01206093832784
2.19081619815623
2.15565630143971
2.2110626523853
2.01588847478616
1.86945540838435
2.0238247351199
1.81559776019331
1.3701926737559
1.4876731836025
2.21409644298623
1.86426185162725
2.15745832823526
1.92919060417245
1.79151885624908
2.02760274430903
1.55957266731051
2.34319187078349
2.37469148449379
2.27065682882615
2.42456936046881
1.95771241774277
2.34125313601287
2.29155189652045
2.06038843612428
2.21260530136756
2.21301553961658
2.33033665173135
1.64780357890006
1.87335542998185
2.13488721304382
2.28684297421412
2.28109150609398
2.41700316232134
1.72932920955446
1.7326512355297
1.53368126350335
1.70386766643878
2.02850763742064
1.26899840394182
1.48882301520493
1.13710083390469
2.32850664151867
2.4207738797736
2.38052200262421
1.6280385385337
1.83375581244298
1.46838771869968
2.07818219757909
1.49244914045914
2.24429931165397
1.97571190105245
2.18830524884232
2.09956415666382
1.90453452897085
1.76685417476386
2.38219187809277
1.48655731365681
2.03843495992974
2.02563175984354
2.32394370650876
1.47700328627169
1.35694148713292
1.92430925174971
1.67541865578504
1.96614681821688
2.06542408064994
1.64067519571902
2.23551515022736
2.42710089614407
1.67903243222503
1.81713452333035
1.9977792956314
1.96344709488127
2.01963431617084
2.43209659165315
2.28017369972483
1.61135261279483
1.70766580740542
1.71937674555834
1.35080354873968
1.91653581948353
2.20743303713292
2.19045376233644
1.87837627771092
2.1301890279508
1.77106060869334
1.09151074162994
1.87355387357121
1.5805502842108
2.15476415459608
2.11391474272817
1.26380680574076
1.22782608168866
1.41679965393247
2.48784596646079
2.47233761445123
2.4385838347934
1.94777561278426
1.10502898126634
1.48437059319919
1.93690384671833
1.3023459694685
1.53725758888662
1.71599744175585
2.23097066912224
1.8969773832643
2.38935976746639
1.89730887438807
2.0737010855215
1.86571603277052
2.19328324974727
2.05466796171931
1.82295285590082
1.64371297404983
1.33616223054751
1.39588288417335
2.07864446730896
2.10863372342965
1.94581888453179
2.14960979288661
2.23407839719496
1.52021772482602
1.86339140871723
2.04096359601327
2.36704333526919
2.37378400346921
1.7302674566506
1.34147254377048
2.3611895424461
2.4011388574338
1.1496618738032
1.04785264125169
2.04787873208555
2.45688207817189
1.61516654989971
1.74579239621735
1.26504855248251
2.2227206197717
1.44415412761886
1.04454244491722
1.93987922468233
2.15487847812382
1.88235471594416
1.77521809510786
