8.72424680525437
6.70386582369088
5.89321447452374
5.69224662422841
8.24466640950571
8.24131478877775
8.60406045033119
8.33124612262453
8.5139059981226
8.18626890136873
7.44197474705007
7.58009327736791
7.20240684398075
7.78882805487758
5.89364053363066
6.44859798006082
7.13456342343554
6.18012637852497
5.73894918738528
6.95739775393079
5.68163643163909
8.30434619652217
7.37020120864828
5.817871595456
6.47140654602512
8.46903854758749
7.74030581407332
8.72986641289639
7.85725983822946
7.10761356952037
7.51682450760058
6.29880492718879
5.73100126887943
8.50399418670028
6.80118491107733
7.90307713278178
8.396422498588
6.44007963119654
6.07585111719412
8.33197864936478
7.50276619162957
6.34545601937817
6.68749857121889
7.8890570085245
7.44090155098784
7.43624372605292
6.80424156308093
7.3940796617364
6.43674047864308
6.12361971846822
8.69919312482439
7.11209129357934
7.84039993095158
7.07024747130047
7.94192827957735
8.10642272480555
6.84611425247961
5.780916379992
7.09090753639275
6.29138608433967
7.57842225269523
6.15871466191631
8.08812182470286
8.10673617339381
5.75742137968607
6.59425831101426
7.08337073733901
7.41312273478715
7.23035242566819
7.95948670198991
8.55075624436589
6.24075509840832
6.13318824987009
6.25443354587889
7.03011930654796
7.45662802726621
6.16239032539362
7.44749864157164
7.07733266861514
7.35704594229354
8.50373887094439
8.72093293402094
8.19805529205164
7.06558416166412
6.35988563746121
8.63941870075224
5.7677580747759
6.68352862676888
8.56413332379886
6.1650110681075
7.15434592854103
5.94799427746506
8.18386409814479
8.03767043212134
8.52645849084369
8.77359396438635
6.81238156723272
5.93184057777255
6.41798736190314
6.55396500969241
6.3613490827654
7.74165513117917
7.93196017149645
8.59245397689881
5.97161433646542
8.04615044722948
6.95152625317146
7.4139461256783
8.62624071753411
8.75020892361599
7.48036344707831
7.18392186015955
8.207927136734
8.1933834622466
5.84459159073567
8.14437157766376
6.45821627243413
6.40511824782175
7.50829544666559
7.0142147929134
5.65110852655156
6.5344388572715
7.04048287658034
8.48597180408328
6.52615425843208
7.17352953160714
6.84473520007065
7.42263242920543
8.69225283232438
7.12715387304042
7.54696739569359
6.51872300275168
7.06836517055145
7.66055724489381
6.49398416386944
7.47795970178479
6.08994028505313
7.90162899166288
7.18954707644402
7.58671375316432
8.05097101875189
8.7794559024647
6.92257539703173
6.72547556316738
7.21106170566891
7.91350783048569
8.61104976300412
6.03938257799156
6.12517611735186
7.6761744466831
8.31402177129961
7.12951051380073
6.56733126474486
6.67556517705529
7.88858591370594
7.92420379547335
7.39496755676408
6.05141644357247
7.52529857414579
5.53265440734286
8.41095144527021
7.84754211122568
6.18144754798702
7.3760496397001
6.6649497136707
7.76560058552197
6.33072856784261
7.77687807708481
8.42004237227087
7.37430250590816
8.19934898885303
7.07600189076495
7.93403855287668
7.26318631375335
7.61424486186658
5.63379322677866
5.82996911615416
6.61996158075026
6.08083816445811
6.56589534567165
6.90419339649769
7.01209880863106
8.69934908959227
8.48350209426469
7.73317113970663
6.9825236496421
8.5158385058424
7.2768487650829
6.32529705539467
7.25365395681101
6.70050038396363
6.6081795702606
7.30418781938697
8.72350261136486
8.72591349855302
8.77149765272783
7.19586183381211
6.17278117363265
5.56745400108878
8.17525680770096
5.68359661728411
8.095271614351
6.05533295468571
6.82555240045492
7.74772613331428
8.75585171395419
7.77790315170718
5.77430315043224
6.22161532940226
6.27349630623364
6.80536483608316
5.8523366535292
6.83291903286212
7.38613018392926
8.62437801551856
5.61528917239744
8.50872380823775
8.49587289981022
7.02457586921204
5.98005145368624
7.13360691680236
6.79717513185089
7.73850836640623
8.21809115694216
7.75631330623735
5.64236040450532
6.50230954924353
5.79135593631633
8.61947261823936
5.97029694032147
8.65656462475323
6.38946019890548
6.05949188618771
7.38381083833679
8.52941204346805
6.65201748414223
8.01397529120004
7.28674062373122
8.52869483877136
8.60488838380488
7.82440847412816
7.10717083813819
8.59847855731074
7.02812647523225
7.23419918944376
7.2816492999152
6.30843088904561
7.39425185975687
7.06537210993786
7.09385455495788
8.69946808979072
8.46583229934676
8.60812564125608
6.67659088603219
8.42857463348264
5.71362633117801
8.43736604954388
6.5717153224537
7.33390461960472
5.83819894706327
7.32867150091069
7.53563951828731
5.68824631453532
6.56117797246069
7.2308702002416
6.29267279388908
6.9810108172251
6.95125256268454
5.60122824148058
7.17880716888536
5.88210788822063
5.97239547343131
6.91823655817601
8.59105474961824
7.85111904055032
7.64578852287603
8.04065270776501
7.75685652851624
7.16678201639083
6.43539372935275
6.3802236750842
6.64094036150828
6.29823748518861
7.87898396666071
6.00347049103424
6.2227962719581
6.09303364155807
8.15561497809414
7.66793620452813
6.29978467263474
6.64846690299651
8.60182872776682
7.81684381790853
7.52025902632609
8.43791670570269
7.79326824564159
6.28901291316449
8.79437570247847
7.71355196972194
7.20137503582475
6.72523846541319
7.72108903059089
7.26122083392383
7.37981828060604
7.91232763322723
8.67866880596986
8.12548763137501
6.84980913650693
7.61027543088544
7.22023398116314
5.65573235815063
5.93421491060446
8.70981665743351
7.92146574159725
5.80622789426171
8.07966616530422
5.92360356424316
6.14739718742507
8.4396262366821
7.20686577925358
6.7883439244946
6.01541438487676
6.85961263574673
6.88087619414467
7.70064493187635
7.60220805698493
5.65834007124395
8.59450544087512
8.73842683534796
7.28020297426803
5.53365649088739
7.65505175534829
8.12140365832583
6.50816702405394
6.96535308884789
8.13203115353441
7.17591229128804
7.64575508031367
6.10910592932192
5.71384681437775
6.74197996227546
7.46036662935339
8.39370073559612
7.36993815062223
5.6575566165835
5.68539738339528
6.81518545699088
6.53723352257852
6.03012516677395
8.49186433831853
8.33643059818731
7.43342111488995
5.76118050727051
8.22142884403896
7.76206768342571
8.68321448748188
8.13756538462533
5.88150917022
5.7722774834396
8.10364213265816
7.35046800925369
8.79810226284658
8.33218804411784
8.1668340941007
6.04823130097103
6.73397403552872
8.32292437236179
7.14584713248962
8.5754711513059
6.21138195326217
5.5237206913676
8.44384280799781
7.66238668024016
6.39332307715858
7.84941076127957
8.68469144680675
7.90928674082918
8.6081888344995
8.23239135388169
7.1674423156471
6.18583973732109
6.47901393003242
8.73169689347319
7.63102735926183
8.21080560122556
6.73811635346731
7.8269490938877
6.58635202116634
8.41940573475807
7.37523114988639
8.25181996057783
6.9838901874764
7.07173795869068
8.4519756391389
8.71310478251329
6.94610591636587
6.63191576165049
7.20674103318602
8.21484234236701
8.48713190749716
5.61226404664818
8.34041287382205
8.39723403075465
5.78159699223129
7.92463541830976
6.79718318140771
8.23016870803034
8.01016696852031
6.39284904881982
7.80313922922236
7.20536051728762
8.14436601703369
8.76494121039723
7.54991069879919
8.41592347813553
6.73335545878936
8.49219482046508
6.0516138034924
7.31463436757413
7.80536234746477
6.13721332159251
6.36980708354393
8.51946892368444
7.00949814549722
8.76433314558013
7.99622270911029
8.6048048408526
5.71581289528446
5.99527272402119
7.51247804779405
6.78791427931424
6.68006599007912
6.73003222473743
8.41025323847522
7.99616151430317
7.29902856768597
7.18244694667779
8.4836817339392
7.47335574097965
7.40415121178762
8.24003552059013
6.59142433333128
7.76834298092788
6.67374119674137
6.54948587533294
6.28570063157603
6.96973055873671
6.06975269260769
7.79138087858991
8.29986127236981
8.31614997127125
7.48309171756391
6.08997831958199
6.52282503355066
8.29929795307612
6.94794373102422
6.58980902757189
5.62453152500539
6.58410259973609
7.68307492566615
6.84313859847545
5.83823344744296
5.76001773913671
6.54214322698437
7.91788745238309
7.26572609742185
6.18137083370909
6.9914631313462
6.18479481530383
7.97822237933619
7.55308164365013
7.05076874565478
5.51632462813056
7.85569810045238
5.88941796893373
8.71746899608357
8.03203355983845
7.43545349680324
7.50181257099296
6.35678968588676
5.93684997191344
8.23524286526919
7.83341331829046
6.90276823545139
8.74024595305577
5.84325205512575
8.66269726780016
6.69354796885996
7.13577681913438
6.40836643136735
6.29305172718537
7.86951349310427
6.44300228505916
5.82347571676927
6.63911742924934
6.5242985482065
6.21709086471689
6.36905522392899
6.94354301336803
8.12980139643523
6.65718410177572
6.10554583829725
8.28634743781074
5.81683028904946
8.74004497524122
5.93771220947592
5.69818998696278
6.84197058482717
8.49441157530793
6.18935468187635
7.85013329643501
6.45234851577984
7.62665603847902
8.53859487284025
8.73982233497131
6.97934710214723
5.85844433702575
6.39892429498424
7.17860613914874
8.79101781027798
5.55890347441572
7.08054674977436
8.55267659951508
8.14755000574273
7.51194921337641
7.75656419484596
6.15166823581565
7.00488531374999
7.91346022254108
6.68682388250068
8.3275401792781
6.46314350113315
6.58970079791396
7.61327945285922
7.63957864314857
8.70279999345286
6.1487249646917
7.72681383432522
8.64319785169669
8.64153596878544
5.62792283660869
6.78344282548415
7.46512286179485
6.1601636118931
7.48912842704448
6.34057164422364
5.78667801431465
6.7748674667037
7.97192147839864
8.78261398308701
6.63659138431431
6.56439138359436
6.66010489545797
8.29731816180667
8.57723604113255
8.08312231020117
6.65508971258186
5.55260711595795
8.00108946054054
7.89754279199488
8.4495293182291
7.20585628932736
7.11683136295804
8.32639980795945
7.22266543643544
6.40313747398554
8.25559150491908
7.00869355098858
6.37636736188507
5.53408061816368
8.18508041469218
7.68140509118072
8.29648024195039
6.61298417033565
7.85274736982746
7.05525003643259
6.24510699610031
7.71572078910844
6.40194527149424
6.52539592301211
7.62626788079118
5.73689006962347
6.98701032211479
5.57561244197821
7.70937662989238
8.41324625168714
7.65554080161138
8.67339411412586
7.58881721073842
6.65160414427381
7.54587275016244
8.12477916314148
5.97269093799913
6.61721109201313
6.52535061713266
6.35363646057146
6.90951945781165
6.60610389031042
7.16561684520866
5.86393765467824
6.06515529946642
8.01739742356084
6.33544853345417
6.67409848490507
6.70084515913706
6.35776425083192
7.3216356768651
8.22332153613238
6.71352284348263
7.99113960612193
6.17427760139859
6.12971867537661
8.44134173822923
5.68452313316155
7.98686847837454
5.58091001725557
7.40075965131571
6.58102867988863
7.05076854109774
6.61832628768821
7.01057650354845
5.78494187064014
6.55385038933158
7.1780196694809
6.0375080386912
6.15053836416333
6.52716664012674
8.52086676412761
7.38957456572264
7.31983411480765
7.8279802887002
7.29549604328627
6.97977100852586
8.51883163559396
6.0400607663424
8.1286558207109
5.90129622792108
5.87138264852215
8.37214371740347
7.09117865613692
7.89580227626044
5.70855213555098
7.23954950451258
6.91679882446925
7.74674756751025
5.64384687148037
8.31620458639442
7.87318842582342
6.23187598836066
8.66129812918647
8.33559108653196
7.12895369360533
6.71945534005345
6.76906147486883
8.1666528568563
6.51599341417857
5.56820086948412
7.79080927681854
7.07704092388884
6.05863156434436
7.74204151408472
8.14629274458573
7.16381789157842
7.10538987005235
7.81011835651757
5.53946485128354
7.34395780021984
8.48124270133907
8.73959534225267
8.32259030452313
8.07302052953965
8.2182913401535
8.44903793861226
5.70887288178103
6.61457266199967
6.7853095074295
6.57414732012109
7.14182565201339
7.51804290445606
6.96595663960875
6.46735628997366
7.7650111079142
6.19374965807976
8.51214496251572
8.70464187173003
6.68658161619018
5.76655714819732
6.36662760188868
7.28839426627807
8.29596192967437
5.96755622654818
8.51702800076607
5.84018987370159
8.52939930031915
5.72989503769199
7.43738026649645
6.6405296487475
6.86483690047167
8.03149862865301
5.8993376258644
7.837015229163
7.31787691693434
6.33165739875335
6.52668028948345
6.82488015818488
6.47035101679318
7.93100862664093
8.59821042598251
6.48582285034587
7.0369136234026
6.37280456765788
7.72544800805065
7.66419629678031
8.26967092920244
8.67441917591963
6.62247234168315
7.30136386388623
5.62942903710443
8.31121688448139
6.62148120592828
8.03564255684112
6.30167815032486
7.6749608753055
7.27754487074294
8.54706924151751
8.03629151620003
6.68078053508154
7.22184199391906
7.81077595771256
7.52304241395387
6.55014478318109
7.51560901923556
6.1285904530691
7.75534188053314
5.97800248444413
7.40834879736783
5.87371741627829
6.52456060023801
6.09879628334833
8.62331208503315
8.35155202596333
6.19892333797454
7.96226384434601
7.02926095853028
8.2995915335551
7.50066613347716
6.4566628483901
6.33433395124268
7.68657891053119
6.81480313600254
6.02268711369685
8.50389078302206
8.07975356310531
7.24211789782564
8.54769226853372
8.49144963002298
6.01484315257663
7.55189476296907
6.87098888802018
7.60869287508073
6.7520021476304
5.59968840056301
6.99769915336111
6.85398691940998
8.56248405325011
6.28679255443622
6.65293220153696
7.29505816382278
7.07945383386919
8.58803359752777
7.29492236443441
7.39841377983632
7.33953890025614
5.82031431380692
8.05304860527991
7.18590110800438
7.50934770727035
6.53541939726946
6.28711204329498
6.04455622921902
6.42199274428086
8.68322995542729
8.4458245151299
7.63204222380171
6.68211250461115
6.09729821471657
6.03487564565111
7.95385889462421
6.86290602147389
7.12583301696077
8.7892522528379
8.61649186594917
6.10556916051405
7.05875131874269
6.01687773626797
5.74306727310076
7.95412665217939
7.10949996264769
6.78739910606474
8.40811267933375
7.08411756442674
8.25236528025571
5.76110206281978
6.67061634798875
7.07309237742112
5.53683180415869
7.27063852542773
8.66263144076451
6.69814263920822
6.77848644814938
6.01675640559086
8.43621434476926
5.75006282746337
5.75605323603291
6.73033346019063
7.17729465074194
6.51771504403496
6.92759082995888
7.7539249616714
7.3722041819075
6.99588813543075
6.0897198923767
7.43022927396297
7.8593467289913
7.58480071284736
7.72729809426206
7.71355421921499
5.67644610219527
8.38567724025302
8.14854049498765
6.97459355926688
6.38229422617193
6.6066736248071
7.23170884986697
8.51467581714365
8.45353837918458
7.80493460995094
7.20936091123359
8.76029903916338
7.73986453253307
6.78516198718878
8.3726332316565
7.95954216314826
7.20971660848552
6.56977306274072
6.03336486525537
7.80094253302713
7.87510973137672
7.2695134144399
5.85229027993411
7.29098388391504
8.34721635809891
8.60184533501054
5.5961083395475
6.01425096921785
5.95499061432798
5.92606795519857
6.8052927129575
7.39577380869739
6.18104729043959
6.57384736708756
8.1155730423356
8.77184884780587
8.18971218831233
6.8392966891437
7.56187403614825
6.0534252502829
8.57823479585449
8.76101609226753
8.00363695289124
6.66862745274315
5.50694428428714
6.07328847533644
8.44870365111249
7.54487590432532
5.91913237550749
6.54424491373717
6.52399569779048
7.03924884708102
6.54784150965706
8.04247125623216
8.49470846701108
6.87369711375965
6.05859863248663
5.66259008204919
7.49081348181919
5.76155213970868
5.92327845877623
7.23094320223961
7.38198120530616
8.77470417431989
6.4392749800172
7.77488098954136
7.14699925306205
7.41197693163988
6.53961015470223
7.93599349875223
8.3153741178826
5.82022552150353
6.80241623632568
7.85238495348612
7.00244707950241
6.66368991302029
6.55860429958399
5.83211685884044
6.09996234728895
8.36927233334572
7.62923755940552
7.57823754115723
7.91452339814421
7.81741919405121
6.62660592494187
8.192790564817
6.11532484170798
8.2843205898187
6.99314025349236
7.06021921572288
7.09084947295667
7.52614298741515
8.56178292637455
7.17496463033709
7.43938122443875
7.93699909631307
7.77171647865219
8.58123830762257
8.60198392182003
5.64813484416519
6.98485118811009
6.73557839025939
8.22231042016782
8.74196236638277
6.39145945137597
6.28111742633848
7.8216115627731
7.13903475690543
8.2717116692934
5.87142992604521
6.60958137866664
8.02857222957881
6.41618458234424
7.94407362125697
5.52604340848917
8.51141941482599
5.89114210582195
8.09005241227317
6.96039209302111
7.28569182068389
7.61010725668129
7.85257094039391
6.58453313409627
6.12197018060604
8.70667140942672
7.70225996203918
5.97595769768182
5.80424183349381
6.90727225083572
6.03570766948654
6.8761543552279
8.76830931900224
7.99829861268185
7.77836111419405
7.85003434198529
8.03582063079696
5.7118986203421
7.67818559181524
5.99074023244584
6.28634496484582
8.09218035958174
7.115355378516
7.34104680751132
6.42540735100135
8.11281419622762
7.55121808161096
8.39472923232321
8.30977042079174
7.98927910406153
7.88847051840063
8.56537841103137
6.49251164949823
6.14476252673373
5.67474597069215
7.18981896899404
6.52837475736762
6.20781219052286
6.52497006133291
8.30718889150848
8.37203172274921
6.77387058876528
6.61578209604739
8.27056143864204
7.2330125276846
8.40088080099481
6.43145778070478
5.75715184458194
8.29057507548779
6.75994856393845
8.16391073451416
8.66286232964741
7.76467561872334
7.05304659838037
6.51759822256736
7.67072380150882
7.51602640596804
8.19590122148946
8.05668227303619
7.26954282599648
8.04631757542349
7.53437582086581
8.34488869237719
6.7366644532682
6.19334497047495
5.62307164135524
5.55232224497466
8.79648597004439
6.5286915527313
8.48083367953163
7.83801136642316
5.78905759919794
6.61437761273417
7.91275605769298
7.15467325641057
8.59120325801101
5.95143451318229
7.36911847476136
7.67284454626859
5.72794664966823
6.36825851439454
7.40980153781929
7.0083725352335
5.99588831271447
7.3455393106466
7.46671805202042
5.83120040135553
6.78070104977563
7.62176899585101
6.93468232568638
6.80677286381241
7.70752018461897
6.87814676205031
7.85578474452327
8.38912344826395
5.99066912072927
6.30547867839213
6.31034479611959
6.09757217453183
7.0268565534702
8.53089698241823
8.53733102109324
6.27451901320902
6.71744602612837
8.27209883691785
6.75481029810092
7.44022653723551
5.96275642461856
7.10555771134972
7.54162480240738
5.96759652710498
7.70773374879837
8.09154876157893
6.26871979721823
8.33893198127323
7.14134603933775
6.92534480491545
7.16639648165393
8.39432310596934
5.57902128958012
7.00413760621547
7.50925006741253
5.96711536429867
6.33764378478076
5.92791319993866
8.1726041672754
7.6550634932268
6.72011960454302
6.24788985350936
7.36445484170035
8.76640555715066
7.52014880660359
5.91424191329956
6.14243360453362
8.27233990249347
8.06824595677359
5.64304404828164
6.20938469072727
8.25631349872198
8.34225728164957
7.87004333837442
8.29240375300248
7.91269793082817
6.65728219183605
5.91851460731026
8.16432412635506
7.72254337171404
6.45728316049716
7.89220441871189
5.92230154807993
7.6457271936146
8.40061374667112
5.57609048659704
7.59548049518169
8.05527799326594
5.50000863872939
7.36914110840125
5.64474126386484
6.03483382318784
6.07648499354114
7.08821598055208
8.3179985022121
7.38290696643261
6.35733603972568
7.62666983384666
5.87945082855141
6.23752443990509
6.13140997053978
8.61128170016989
5.70998617328417
7.60944099343461
7.13170224035847
7.79733721345914
5.66205137601732
8.13916589651461
7.81760973476477
7.50049415779676
7.72586205594473
6.55272698654318
7.2363635091145
6.83890607814597
7.43883144924945
6.20639758986898
8.67888594095934
5.56361791770457
7.23255127956968
7.51151849377943
7.74177061796363
8.59259808565062
5.73051948462557
7.02547076269216
5.62013881797742
8.42789574335364
8.60360945065209
8.22868381255661
7.84403586079998
8.61103490487024
7.13545321575953
7.68893193863327
6.94069788282632
7.44255021302417
6.04078961013009
8.19085697275687
6.92920905942124
7.41268725953875
8.32002795841306
7.34445246362997
6.7225955819615
7.01524625698088
6.30437171921764
5.61882269762272
6.2733368266056
6.90120893405402
6.46318650430407
8.6373184474726
7.28859451946935
8.53390071455928
6.66059133388556
6.74112832557982
7.70760222609412
8.74812489480584
7.90925754961899
6.83245570640206
6.0778650460551
7.49082494394072
5.73390914438111
8.64739370448742
6.76410980915051
6.87749097790282
7.32665838714262
5.96983764205373
7.47857615449699
6.33550899101787
6.17194193349988
6.61830516817251
6.42355356453349
6.68874584097861
7.13870350828692
6.02129110251389
7.19153936719912
7.14593530809201
8.66487041063358
6.5865847370464
5.82540759612347
5.5543760254892
8.20059210883327
6.9006578540668
6.74754323543662
7.27844624178678
6.7917076437762
6.08313019918465
8.21270453411817
5.50164692565972
7.16459864308064
5.8612813335501
5.82538011791657
8.25009577776662
7.59286864136594
6.32627872644054
6.20020555415653
8.59407461726332
7.52964483054838
8.65704817953042
8.55255533659072
7.12613964706058
5.72121320321199
7.95629340058618
7.64878745377659
5.50411238076134
7.35327871511472
8.52909282414495
5.75033835857377
8.00834014296414
8.24865419931152
7.18417201639385
7.00518761445344
8.14131420395395
7.08413440882469
8.30875990957605
7.11893897479118
8.10000905881192
7.74201426408414
7.37975017161195
8.11595999159859
7.62596085314783
6.88447068778061
8.16190465044737
6.4869802334188
6.91399173106446
8.2871744394137
6.96641470414894
7.43617275186575
6.00081669503781
7.46858572355481
6.74802817283469
6.69948593181231
6.35717184903547
8.27388741044006
6.07925802695128
8.25965805942583
6.0281391026631
5.64159056840314
8.1554286437488
8.77125834713884
5.81999953613504
5.94558869892
7.74005923823032
8.58909922363054
7.7163673923572
5.61476238551662
7.78892014455006
7.35940579923015
6.82006925884384
8.13014008781073
7.45946501910995
8.77375363277425
7.52998685298061
7.76889689496816
7.30820064350185
8.14895561745231
7.23921429048575
8.36679998234576
7.46146107983716
8.09382938494734
6.13359992397128
7.59779779824447
7.64401978258174
6.44781208715164
5.58855205143505
8.13719345810036
7.21585158557456
6.53727286974586
7.90161972534675
5.63503656206478
5.81497539602266
6.17115809939535
8.30872010312294
6.64582418317316
8.72615088877622
5.57183682906651
7.92576835741312
8.00624604564228
6.85727490446696
6.56419723029194
7.57261000640754
7.24424871110647
7.02465883547878
7.00858673796081
6.83518107807656
6.82473317055908
7.17297078936765
8.58048143442505
7.20664211136025
8.17143203127684
7.86728040874482
5.64734973920196
8.52139159587369
6.43991118578096
8.2623541826542
6.46176945594504
7.62375052898178
5.52720180434354
5.70649473258594
8.25197518115527
8.31233924697062
5.60243279345833
7.39079687534946
8.77292307032734
6.18423170807025
5.55613938428186
8.00301746546654
8.75834710986899
8.17300688143696
6.30220401098469
6.56592794507377
8.46731092129241
6.21978061856162
5.56719079010608
7.9356208922962
6.44113669700524
5.98166981360785
8.11048564597617
5.54782292992838
6.69048891087762
8.09922895914143
8.47585875319535
5.84251305540629
7.47610922759546
8.10191304653443
7.29281837906985
6.91822579099076
6.53560674525792
7.11477167138394
6.27636789426441
7.51084211763838
8.32527583768629
6.70589533716714
8.09303550767156
7.32533079769926
8.14026966297729
6.96448108931197
7.33178386327999
6.65329512787255
6.83019603664493
6.77248254226692
7.93841043973526
6.04882201179727
6.71488344955561
7.12167676818282
7.79345164061417
8.02660116005876
7.85926112363558
6.21541109132746
7.53977349927201
8.13026863414873
7.86100412726672
7.5889114906357
7.29345709305139
6.5631328445617
6.96098823300169
7.71032200910148
7.20355008626549
8.77973188830178
8.13013497169329
6.16105380512585
5.93907978278088
6.23851846905555
6.12301251145938
6.759611087701
7.17506519260073
6.56043209562044
6.34162469329269
6.60166353147051
5.68419873612624
7.49698740266076
7.32992109521632
5.79766670050051
6.05953311167219
6.53424260609973
6.49130324843865
6.78424804335614
8.05808365849131
8.64531168195068
7.30020323122175
5.53894773781541
7.15863975171873
8.35999995837347
5.57163699130818
6.85780491218512
7.15591225740216
7.97424679659375
5.96853880349783
6.00500337160533
8.49365934102614
7.87529769849296
8.34478131925744
7.7165443297787
8.08512654898862
8.59367634194867
7.12775924293347
8.61571148376247
7.91635025381077
7.48766775871785
8.45975708443181
7.05803165738451
6.24985618718969
8.10307943150177
8.41543252351828
7.24422291673536
6.45754193761025
7.01260725813494
7.37320815530307
8.07338401133443
7.35190311185659
6.89350274999213
6.58169295751252
7.37734954765622
6.35878297512057
7.54678378642161
7.17966830948732
7.72944776603287
8.29437861751052
6.52002262102698
6.79033774061771
6.16599218396346
7.98507873615032
8.19661640588097
8.31738288493404
7.99099820307619
7.58018031867884
8.59423402008969
6.78921297657783
7.29767920373617
7.84114980560216
5.5225256467129
8.55533141575642
8.55604342017176
5.67033517316083
6.80423581671216
6.53467085879929
7.79354281939429
6.23432341614409
8.37099662487685
7.05032106274666
6.61894247855036
8.35713016757493
7.55335564623089
5.96636002803391
5.52950279984184
7.57535661955526
6.39226206018968
7.15294951283312
5.7866970100293
7.84617682042013
6.70370732535407
7.6563109881401
8.0989505011861
8.70374423535401
5.96303354920882
6.0538158202303
6.86382206100581
8.67337750479564
5.7398671749918
8.20931897775721
7.55040556854853
5.73331014863676
7.15191456674238
7.44618704417218
5.69919317153021
7.42561189299265
8.25598567092067
8.0850341587465
6.41912270075078
6.38765577011904
6.41183382286692
7.31244339008628
6.74543136645046
8.14327707913599
6.24877903656416
5.53845568372813
6.56093474545474
6.96552449664251
8.68762581267816
6.5253300633024
6.40015803247433
6.75210699671196
8.56279097708204
8.54002393072313
8.7416476811579
6.29405032133248
6.39649087014052
7.41322789681534
7.42122143180141
6.37571617745305
8.44859349809218
7.20717123155825
8.37711118073827
5.73062950235907
5.96940818025243
6.85465550772185
6.46565743601172
8.17629680414176
8.76433109336823
6.64850014459665
6.88854245336032
8.02232779345417
7.43737496044071
6.10692937840042
6.85517741088463
5.595241719754
7.61903353305723
6.90601712229353
8.73558514405303
6.73704547915652
6.15178965689001
7.26374790870352
7.62861795596812
6.29050786422538
7.38402972611952
6.79391072228323
8.65312013129395
6.05496223275696
7.87242932849784
5.87858851980668
6.17404576426972
5.68812866399685
5.97174770493729
6.95700947464264
6.78579421768367
6.15235472416812
8.51456689963314
7.80220207598822
6.68929503806373
8.75032269747065
8.20525122704541
6.35269953413044
5.71068599594431
6.16241523815718
6.87218854475605
6.94835102571879
8.25887949027244
8.57101257977093
7.95869018605806
6.180211951617
6.48558980214187
7.47970300728136
7.33182407455775
6.50524217203118
7.27051845785256
5.59570740831006
7.86219377162671
7.81456187345211
6.02260758561767
8.12894584135212
6.85997331002197
8.62721454400124
8.34869860516515
5.87300446017902
5.86495424996792
7.01089371323079
6.04843270786968
8.36734695812304
8.43484698655912
8.24733748366848
6.66006355933677
7.55939118683349
8.02930187099147
6.38585356989998
7.20587149006301
6.81354534584304
6.71926116784243
6.0148458982645
6.78263628018482
7.35757169486468
7.574115498316
8.00609845771092
6.74589057572696
7.24885343915221
8.45693519766086
7.72505540766638
7.50869827945751
8.33491164529504
7.77282391325492
6.15051872927853
8.72885105862782
8.40692433930248
7.71936820807402
7.23826371985484
8.24943419776639
6.88443489534342
6.18208134419979
8.7177830426298
8.39186784100756
6.85699165519802
8.41225924928017
8.56857594246232
6.7528305393078
5.92024713401264
6.18839832035981
6.55185381460344
7.22637248575924
7.81060419645074
6.57517059280143
7.47040046683044
7.2383291742583
7.97073457080206
8.37809661577447
7.21258380110537
7.22361059118856
5.73347936434707
7.47240106756819
7.74007828329363
6.20874522312203
6.02384021299562
6.32929978997132
6.45480824940217
5.71438365911565
8.15403412879484
6.62202228091109
7.84617147335224
7.02216744653984
8.02654843540729
6.78789926106786
7.76174123275056
8.16507495128254
6.04306799343577
6.74483161074152
8.58465828830238
8.06149156451575
7.69547362343391
8.63026468560211
6.90245749835062
7.1804040311457
5.6681102498815
7.37737288866635
8.01394171446262
7.77388738428927
5.5124046890201
6.68842463652355
7.26537817090451
8.59338851498671
7.25592895263223
7.00494742019647
6.01381109437608
7.42666305903663
7.23270209027845
7.45178426072163
5.57437553528412
7.86048663476075
6.2720420136211
8.20518971084166
6.67587256006353
6.12406386236807
7.42080033933229
7.4301470303132
8.55208290760472
6.7414583049987
7.2647856918152
6.40665520636533
6.29846313079971
6.46777185448159
7.72236337622024
5.53552341436573
8.42073301808568
6.08839716660868
7.4364071305224
8.70180673541553
6.2142736504628
5.98009947048138
6.0750053468108
7.57069234243217
7.90897899932141
7.47309721449476
6.69308391389395
8.65607609821837
8.21540766615348
7.20063037064289
7.73759567674472
8.17272827608026
6.50773010182551
7.5108776916776
8.1461385574586
7.28277247343017
7.70066043390941
8.16159276268569
8.10897977674965
8.19804158466883
6.35158423111862
8.15288407186476
6.60606911891661
8.67569524924968
7.60413258112098
5.63892929780874
7.94034442284156
8.26935833791469
7.13626045639093
6.84463575433166
5.93337061329432
8.1492268254292
8.06271043840103
7.73127594871067
7.11313008346776
5.87272710517306
7.92628742359955
7.34300314158091
6.77669200942668
5.85258450019335
5.57208677072159
7.21881645839498
7.41240797781504
8.08073843527238
6.35813815367304
5.7434387228795
7.69667324009375
8.75270701500749
6.34239403754981
6.46975833297365
6.55981477465203
5.53334334927178
5.82520923783626
7.33147747403465
8.17499063697788
6.64135625653711
5.68639237833861
7.75821679449379
5.88090309434612
6.77488343970077
8.05373287667819
7.11266853317125
7.97511128120414
6.00990719163823
8.11131968234565
5.56028517907663
7.05325584394112
6.22212829557194
8.03159827574585
7.21410120193646
7.8982796333259
8.6692863587381
8.39186286394422
5.92482160181561
6.67963551171288
8.56028247876834
7.92542746834284
6.72290121742014
8.60871726335194
8.02296175894754
5.52161333409824
6.31851122098288
7.69455403879079
6.29517325294824
5.76090684290064
7.22742412531989
8.49617268512605
6.02180003722354
8.37220999036482
6.74161557854368
8.35605898524045
6.16897809406768
7.6559184800007
5.92440832527458
6.88675590557965
6.20716774684717
8.72526615029443
5.88466989455545
6.39318686550253
7.83481126110266
6.33684394978909
8.19794550198666
6.21861457809973
5.89839465564499
7.19343277459239
7.20268369568619
6.05784390593123
7.25183023043617
7.5447379007469
7.52528309874298
7.55954164895855
6.45058786752431
8.52062947147438
6.42673438551979
7.21851777342833
6.45957811129417
6.79908575942981
7.54680133248353
5.91964524876966
6.44343893790003
8.36358036477118
6.44929215602425
5.64690039322851
6.57154986540844
8.16339973744668
5.63714474620538
8.2539808277574
8.29769342102421
8.08912539464435
8.79546155068751
6.75981894234154
6.17942091666579
6.94382971895358
8.48115881174322
6.37346763491156
8.09657311879114
6.6840558334756
8.58149080470363
8.33318101829393
8.24897709855384
6.61768248961259
8.71770835090034
6.66217487452138
8.0987572814252
7.32524198285092
7.84441556267613
6.36516619105851
7.01341621554752
6.53001461567421
8.68858424046351
8.40283675459471
5.66975854152483
7.60809320869817
7.8280542001137
8.35070356184224
7.51314555969317
7.45272754026514
8.57827141788101
7.51943969353771
6.31017679967078
7.4115254775002
6.91918380199454
6.07105787642418
7.23512803756351
8.11118491406115
6.45868778412777
5.81679147351568
7.88814617951984
7.97853066045134
6.58685806584863
8.10105929795219
7.75697489226161
7.77882470415385
8.10927708091497
5.92844831534888
6.38307114345669
7.3812578146563
6.4105348033738
6.21627507936552
7.15381235139322
7.3344511610309
7.93220694305796
5.59578521108428
7.47071375622765
7.31850942642833
8.30109021235558
5.97626193050783
8.24062130961037
8.40534397867679
8.37729556418935
8.47704161515155
7.50583606125986
7.5005073264384
6.55577001237698
6.33096975702682
8.26107814932683
7.63604823057796
6.10317409782052
8.75428172708208
8.48343738152522
6.11530170734145
6.34298414198797
8.56010820623029
6.74524890443513
7.81652102947109
7.67787607037329
8.66731960382153
5.82222957177297
6.27352601388322
8.68265756377913
7.15351047833205
7.89413739728801
6.89037728660342
8.44387395759053
7.97569006588299
8.42233114444323
8.1190595997402
8.16332797731469
7.97137265585484
6.296540293313
8.26672909736255
5.78077372228156
8.51705119302182
7.51733238591056
5.86090329304285
6.50830039403852
5.61310557728771
6.47673748423951
7.03031046015592
7.58477519105343
6.76445975619219
6.7325040359508
6.70490054143333
7.46138956054692
6.99212096010194
6.07935895732761
8.4904852271683
6.24228728983261
6.73245265983328
7.50491132065196
6.02405563779908
8.18982730451521
7.29306167570705
8.18338233199631
6.24497299864812
7.95632169568363
7.26671344320226
7.42305449614863
7.48919483390114
7.84769158229171
7.45587953017761
5.53720512543204
6.08770618845811
7.19840568194386
6.92188692921378
8.15316515341564
6.86986551460367
8.2947091966514
6.25533861806277
6.65860614470054
5.72240872061094
6.80946379683342
8.2213685525579
6.20472120081543
5.70481247884873
7.71335109785948
8.62764030682891
7.16540915809001
8.79466928723724
6.66234836953399
6.07089569369955
5.9860832718987
6.13829003599457
8.71337152827739
8.11824561791084
8.16796173057419
6.13653775679022
6.45117389651014
7.8436066625194
7.67946951408356
6.63913039532151
7.31197447436364
7.18492368826296
6.19730783708197
5.58211589070013
5.76598197404163
7.76860962673514
6.49264672154123
6.72848478404893
7.35684441276259
6.5176138789104
8.09531437864974
5.94935766364539
6.81327281803641
6.24791609891159
6.7204392849676
7.58647765821667
8.05408933749482
7.41939466570543
8.28441016256513
8.18653439896681
6.7170747050208
7.64318116128402
6.82122705464203
8.23679178053428
5.82092474779618
6.84809305348382
6.20544053975257
6.2426641823394
8.15727042808718
8.61915986006325
7.49954103553875
8.26739482024938
6.24487059552278
6.83692753738516
7.50810117928879
5.69223979276358
6.30878636715699
6.66755229771224
5.95810579965841
7.54075713162128
6.74964059132056
5.70158704835058
7.80729168470791
7.69004529279431
8.53626311708465
7.55876993176392
6.83234178999437
6.44773713207415
8.00938115754554
6.81561897238072
6.56457400057587
7.58749106542538
6.69893566032329
5.59230848640808
7.59372682357901
8.69713426768319
6.77061440390527
8.31870920747818
6.15219766138561
6.4938942309118
6.18858131444829
5.89342619915026
6.81106724139306
5.58204325765489
7.57778774706271
5.89269242319057
6.17668935942978
6.36615149117927
7.40299251453735
8.09510325736046
6.66730364183674
6.28634539774454
8.5054124824103
8.57006141226942
8.19967632697891
5.67788586317787
7.20919202097381
5.6088972055256
7.73337620047068
5.56580418804593
8.70623699999491
7.81752349788694
7.68065981721844
8.34227282047805
8.0418177339039
7.56171173989081
6.69446146577355
8.75518772770531
7.2379166445251
7.41429506368917
6.51895803880254
8.0726779505062
6.49059161949921
7.96082316607145
6.51930880906159
7.29415779262405
5.73545694259804
5.91224451359512
8.65222538140723
5.66769168306585
6.18818530811773
7.83475979547914
8.66772730336427
7.78005609510002
8.48448513373073
6.57667078117276
6.76478446661231
7.00142149631368
7.62938996317136
8.05797572448332
8.6653758665692
6.61633367684262
7.49893420084387
8.72443144138211
6.46319621129584
7.97122383494665
7.37596420495412
5.60572695332312
6.89521805257712
7.60346263679899
8.15197070261742
7.20332702787459
7.68153034980418
5.52035281157526
7.5705357461993
5.64551121689239
6.57301714012626
6.82753689662308
7.6709976183694
7.84566406382946
7.98375480950856
6.42523615759769
8.76407482758175
8.56979042853659
6.01732315898791
7.041278228082
6.4716004814766
6.84845223563795
7.89460005842141
7.50599990674361
7.17153079829868
6.21357330101689
8.28634939126911
5.94603805960476
7.1187602251286
6.22843533065221
8.32912746691889
7.77486449023233
8.60572934389865
7.73913908100609
7.78943322729437
7.1862580359636
5.85247426323193
7.10371985545734
6.19762988886642
6.74470214183484
7.8546615897981
8.55741006382266
8.11996409118951
5.71732677123919
7.47514036183762
7.73908517506103
6.68415544139605
8.32691868687633
7.15190487273722
6.25716911865331
7.53301627011887
8.64627310730756
7.89253460263426
8.42515298026236
8.6188039877954
7.2221616629563
8.45504187890585
8.00574144479079
6.36297146609967
7.53623276689712
6.51356537340917
6.22220791851985
5.96206069421191
6.92897064045638
8.63294330389938
5.50077274671013
7.88341024361382
8.72621748441302
6.82179810905507
8.5569701904917
7.98265909241999
6.60849917450248
6.0100467845377
6.67884742897447
7.33322598754334
7.11629461976796
6.42643609893936
7.92796546744842
5.58596775101984
5.55964017659034
6.26464968248014
7.14313718466725
6.80048280244929
8.43704498826202
6.80754822662954
7.45060175357846
8.3399869574953
6.75789151124722
7.50686671011854
8.44514946727834
6.56430474770106
5.88799137272105
6.46237235715789
8.29110669173303
6.02364456182401
8.72384212128999
7.66108894217962
7.94729179804627
6.52404114585379
8.50049267534615
6.23373394494051
6.63389888028145
6.84572578375616
8.56609313012908
8.17901252622122
8.24510309995543
8.41875184077879
8.45354342692
6.4036215496097
8.44912820387102
8.57430196136778
5.67277690413114
7.2858585674613
6.39406978212152
8.76027322232977
5.73253202806924
8.43189643852707
6.90471799006629
8.26005196167573
6.47994734216113
7.01901522934271
6.74369293625517
8.0153538012975
6.18926551181522
6.96718829000195
8.31241551195096
6.62963280342296
5.99043810751305
7.9336724845871
8.40520508622449
7.40120799359406
7.26606503508536
6.2390584018409
6.9929981337417
6.0873559302814
5.79679994411345
8.25657695522766
8.73380456283726
8.43062892609767
6.83858527736276
6.33413633955393
8.2856594777483
6.36994269236511
6.20293877787553
6.3624944056428
8.51958046917925
7.47776586720299
7.48261564004114
8.3393333057685
7.9375738353251
6.8126069214925
5.60530563026869
8.10691445584363
8.61878288768159
6.96897254877562
8.25520826677682
5.67500602127896
6.43372499051336
7.72501389528051
5.85766341330199
6.07061159407062
7.17749839810583
7.6699041941834
8.05833849835179
8.61683344372142
6.72009476024881
7.33342809291496
7.26684456490387
7.6387721727904
7.84348539650147
5.99941497315473
6.14746708820664
7.54554882027187
7.32175934347704
6.10007891801547
6.40421683419145
6.51029260182027
6.01237889031329
8.51064091348604
6.92809217911214
7.41219972375558
7.23629240301777
8.28515456684649
6.50086020913945
8.3751150516775
7.81711520211966
7.57887136058001
8.56765702406238
8.13087776555657
7.75784439213426
8.25148433662613
6.07759756034241
8.07027723124404
7.64135902974892
6.7055423853524
8.03856240660457
6.0907111700989
5.95384303473768
7.56212188351111
8.57488303421715
5.85162237739274
8.35198504333645
8.30065473258333
6.8103569336143
6.84682305700777
6.63270592477619
8.16620728748635
6.61737697257635
8.28091087870493
8.630095185378
6.29425014323782
8.67005993585946
8.4839551002599
6.43699302463371
6.49242930468157
8.25892687310864
6.50646860789854
8.23465582333882
7.97970865511134
8.15021092929921
8.65992571716514
7.67528432774189
7.96445647603285
6.33998746346158
6.04053345191386
8.71946811792808
7.63346215443887
6.25788461916009
8.57634597250068
5.74756434233562
7.30451729932128
6.89723502957748
7.40898883229915
5.60854427690186
7.62212339537809
7.03408878467964
7.26057827637684
5.55864518478503
5.66300413070171
6.42238617936818
6.64895014579777
8.53841776027849
7.29977580703747
6.08018261503035
5.53181489216387
6.68095136298424
7.87326454293274
5.56026807061994
7.822784911029
8.65478431375838
6.64423832016048
6.29124348009264
8.40466749471918
5.69172368516411
6.70795994660303
8.30790896638341
7.33144629194314
8.13852213003844
8.36876855040697
7.1689064446635
8.54267667541566
7.44161733114104
7.47034102536019
7.78802598153858
6.07560641499608
8.41969992923802
8.41820163646845
7.59927231414934
6.70882009989612
8.71406169433514
6.71562505832334
7.17272007975652
7.07057049130141
5.56654938170465
5.50559091770356
6.69567454773232
6.18465049115589
8.62361491537914
7.7991889132379
6.76767313251267
6.46777413215475
8.10091381348293
5.70025508461593
8.09792182610935
6.13273280220277
6.25777597886969
6.29770090293439
7.33671226385987
5.66754584687398
8.62951977573111
8.57581413420338
5.82368588560904
6.80258300165392
6.20860948497998
6.91865078592046
8.54869793786074
8.4072997427059
8.51193674138792
7.18926738816627
6.97337881341523
5.90851255712509
6.01890242252281
8.24883889547048
7.94154254662295
8.18901846463936
8.13713275536154
8.78624728213314
6.15364352755331
7.30599276000938
8.61374333567572
6.47368726465865
5.61541339875759
8.74898408830514
6.5228064820757
7.14368876585303
8.70958369237127
6.18511464700589
8.34327431585086
5.81000139070377
5.84935152379538
8.19275329085265
7.19395419425642
6.96644942423004
6.46076358689406
8.57116230719567
6.29887198346056
6.63491301732626
5.98080509361459
7.60348298002599
6.60270076844537
7.50514940910767
7.10955867036226
7.84025170526303
8.54862197410284
5.65172015958622
6.05450659041457
5.84736370874744
7.98024834199289
7.82260345131006
5.99917029485246
7.26854239072777
8.09395581899458
6.11126245737636
8.25708391514022
7.26534813191719
8.64185485175754
7.75311794630921
6.28837580273636
8.30189302909214
7.01652382032656
6.69483992015442
6.25623664977648
5.80296598907712
8.18437608533171
6.77790435660999
6.15193973627847
8.58444205176119
8.19505323515834
7.4721370596322
5.74584638226459
5.59389366867482
5.93086602195194
8.00592798581951
6.95328950174139
8.7919509113107
7.32647693833274
8.38657367963615
7.682759268809
6.65224818786003
6.31373138206955
8.41690675763147
5.51906538237812
8.40115028515663
7.46724306507341
6.13449178746222
8.78320828209937
6.19724886704636
7.26057501741376
6.91681434310211
8.52423142878007
5.55639288466352
6.04576259786392
6.12614833725588
8.52182725617189
6.185032818989
7.57957928079159
6.65061274355442
6.07041708119606
5.84209530382634
7.52871590960447
6.09465416644623
7.8876086791569
8.01999329123993
7.51916643703682
5.70776765187041
5.5005165807678
6.73890827227228
8.35421256623441
6.05343573059637
5.61256056970287
5.77568729576084
5.91454246852681
8.42224462456668
8.63973849008178
6.19808336431085
8.50207674707385
6.61611263263944
8.02236670564941
8.34316567537261
6.59196903279053
7.28773182965868
7.58579864716752
8.4635885634923
5.68759831512585
8.64714099676372
6.78923590358689
7.91777450824902
6.25459657037663
6.99142586740242
7.29736683247258
6.46818643589452
7.08753541684774
6.22823853096344
7.28797846798192
7.60492255490133
6.74606145268767
6.99121187804814
6.07191974414127
6.52360340707325
7.0340939702478
6.76541455694395
5.6566543901591
6.52568783551841
8.13724734548624
8.55689647290372
8.32197618369822
5.98906699123474
7.4455626517849
7.94528222443479
6.75718489735753
6.33349262598749
6.89793137607447
8.76938656901639
7.18920302446064
8.1475207667605
8.65795358351095
6.47062007586152
7.73288335766009
6.64654648300466
7.30375339108465
6.9325422931402
6.37645613904479
5.66712745351163
5.91918708568213
6.97339714420015
7.90237930684496
6.85225620332669
7.65315991454668
8.71748319173035
8.70665796540753
6.29878414834758
8.12022949942803
6.66250410291141
8.11470953049917
6.77686127738623
8.35207926434221
7.83579974273406
8.06672172801322
8.42161273330326
8.41037346183658
7.17691765742444
6.92419742884503
8.42423961860687
8.49685618032502
6.5174271284349
8.67726055154998
8.45035170066208
8.43612650086179
8.04801483342652
7.37020483505093
7.13344000190446
6.1019264587539
5.58348711145065
5.74136604320167
8.04719076577724
7.21660864615936
6.74883136319519
6.08166077801643
6.43961775737143
6.46616408568156
8.19106546821648
7.43121605127307
6.33332301400331
6.87406952130244
6.55602733696312
8.48624116482695
5.84049381200098
6.64277724251988
7.56483760185576
6.57181471550156
6.59420068692492
6.00803245621354
8.4002405400649
8.31247930673918
8.32424199312586
5.72083802011616
7.76578318096128
7.72906851873458
8.47238061541204
8.20975234190859
8.72438997966675
7.25376627782864
6.03875465076107
7.8757658614351
8.734951629375
6.30250852799374
7.46478156454853
7.62067193030052
7.0366413062011
5.80517717724489
5.60341436813807
8.36319149176836
7.34376214882968
7.76961385177298
7.33328769791561
8.19762710820006
8.24232116228802
8.68078865278426
7.38182253193061
7.92118151349578
7.46130149279587
5.64767986693445
7.67389834678569
5.69285707686814
6.98598929581031
5.60199022885288
8.36163308179017
5.73187223739519
6.02984649515969
8.16923307065753
5.69857886790478
8.6222512100433
6.9639265399456
7.0315488685053
7.05722724482355
7.13339418776512
6.5995819454425
7.51262689027194
6.71043801699339
8.1098865440027
5.65364848624428
7.51568240974546
6.34453290770519
7.98066824956638
8.55244303976822
7.32719431717328
8.70094274785127
5.70754618878097
7.38114186675889
8.23555251081259
6.75072694683197
7.93129452982766
6.35542774930803
8.00991262661609
5.7456844213223
7.19831366407838
6.44920522547283
8.76420693809142
8.12571144361837
8.05608394554222
7.81245863726921
7.16336178530484
6.73915992576361
6.79925142285417
7.37998496281675
6.04182063121809
7.61249017417844
6.3626560758438
7.89631699810623
5.85807104654022
8.74886989281501
8.56484756110818
6.4609412467316
6.84253284097912
7.88485514310219
7.44146003799225
5.866923633943
8.54420617987898
5.67683511629889
6.05182669344505
5.82212764207611
5.91499477851099
8.73895686711528
7.17507736022174
6.847225578996
6.75888034681498
6.58065028104299
7.1184240176618
5.86626687862585
8.38885707548707
7.28137087799924
6.51269653777316
7.99325673450721
8.55118587196192
8.44092469004414
6.70265820652117
6.39246369235784
8.09368705947143
7.21559666400259
8.04885820509084
6.61040306551914
5.63298664902868
7.45608852532961
8.28366744420566
5.83977718051465
7.51018433702126
7.81056434169044
5.62152010751006
7.62053126324352
5.74802774202206
7.11352440662289
8.56168758358942
7.6266663406687
7.77936991947641
7.0229762674678
7.79227101924112
8.32676073206925
7.65714243317988
7.89470990501202
8.70021440768429
7.37117307240652
7.79816378263149
6.6006269551509
6.35630797570032
7.72705502409105
8.64532527633945
7.60899893778421
6.12915404200567
8.60592779848509
6.74949751153341
6.66654609496377
7.03766195686405
6.61094562341661
5.55796779604505
5.88209752480929
7.35229068570475
5.54565533475734
5.52415687228988
6.89772300052893
6.55565894548987
5.9170762017709
5.7489365811449
7.00152620974472
8.26667468556525
6.61499041249493
8.2833565902238
8.2719368077201
8.00349778137739
8.58315969145636
7.29635095592631
7.31904373812717
7.53583370559083
5.82761812001053
7.4981613915916
7.64329322236671
6.09557471336148
7.73785081301105
8.31874600670349
6.32334762961774
5.75595351870437
8.2918626322873
7.22309030624354
6.75604935674916
6.06819737632363
8.58405799970806
8.39105788465948
8.28170926263815
7.96930199608188
7.32437801906637
7.54022520578609
8.60230363013859
7.23644820071832
8.63147904064369
7.5993063599628
6.77684545918517
7.26600716233048
7.90964962780342
6.52339991646753
5.91220698618013
7.56259995957365
6.56002280729303
5.6830483531272
8.23741486144872
7.61427065158956
6.88392085544885
8.11315174231125
8.74761949941969
7.79862410169472
8.00588116497112
5.83407576888256
7.56777585180591
7.50081357241054
7.70934227869305
8.24686363805501
7.64307315476077
7.20680249789228
5.55023394231698
6.8784383193149
5.57894589492653
7.75855186049202
7.04679882878671
8.54225423617532
8.77493421388451
6.83178432991436
6.45974489014974
6.64739741740939
7.35121539559998
5.64492924741763
5.80667291626621
8.77010762341598
8.39880619698805
6.87341227147775
6.28998799961623
7.77968942799791
6.85002194001533
7.02257120405273
6.33609799755214
6.19599566806902
7.13544400500632
8.38747335083773
8.1181410170751
7.95557323011034
7.65568700682159
6.87990289608497
6.71940799902695
6.73615316385866
6.18200432850983
7.88648597857664
8.540508652462
5.93755704244575
5.92330404240306
8.22550786575537
6.65533802302284
8.11982444272915
7.51814412362233
6.6490317771483
8.58795754227362
7.33737512251549
6.71842612744517
7.88297436541578
8.08442844859281
7.66115659030861
7.08793195005413
6.87593931394384
8.17470572334211
5.62065611037172
7.28395919845649
5.69020608521643
6.55534646538858
6.89638759111406
7.33511473135469
8.03788898726268
8.20374277307359
8.06960540249326
7.3177939688929
6.01329855498324
8.63373162644345
7.51922474219277
6.514790858653
5.70193305224863
7.66654029004245
8.74552284007545
7.20471207868351
6.47820915950693
7.71657555925952
7.14641273598686
7.96250416481614
7.46985315831876
7.49818369102297
7.2135797245455
5.53127152313645
5.71524318639925
8.29381884054798
5.50967665600544
8.6339355642237
7.44689071648937
8.42492053295862
7.25813729025937
8.03753575817752
5.8998891949506
6.79111806697935
8.54509174836057
8.50553399771611
6.61814979411619
7.58334390094604
6.95725290508115
5.78021929418803
6.77213044969275
8.30337036519385
6.5475726127579
5.83137917226387
6.44792275938675
6.61104583313646
6.97222100664339
7.16751772060222
6.65889797744325
7.44433618490645
6.95261653889176
6.63283408387729
6.65864875877887
7.21708068168121
6.68488900684962
6.80222790307223
6.83908533606695
6.92471450503024
7.70653229470159
8.38066921626083
7.59827219309001
8.78193875291416
8.54849345952652
5.9512410024091
8.69075984060091
7.77691006246135
8.588707163509
8.59719185920818
8.62956352084656
6.95820912779453
6.9062456983208
7.98203739350102
7.79680457206702
6.73758443118834
8.70567906000298
8.22866087952347
5.82452471172315
7.08259137987266
5.86588163207723
8.2099707570681
6.53199821498992
5.77695908024661
7.47521239603662
7.97860739331259
8.2523044077596
5.82181107063753
6.77800712911262
7.88402779344657
6.99553039309053
8.58853967149537
6.59489258908144
8.3745020922947
8.697266583899
7.77889478466177
6.236179390629
8.54367861086927
5.76913833445246
8.29592156039821
7.8960710503218
8.2556334578141
7.05856620368425
6.18063565240526
7.75718254530405
6.50563519518778
5.72358814416072
8.39594894889541
6.71992481737466
7.29846608123621
7.05235609154651
6.1909160382497
7.37778334014115
6.06431954037008
7.16800471397561
5.66244068411722
7.5881542243619
8.56666502063319
7.4833235818502
6.69726914041006
8.78985594659919
8.62268306388823
7.9873281026884
8.41258029623992
6.58961115129083
5.5716659985747
8.67572757652186
6.13640126736293
5.95061485014929
7.02904393637802
5.72042292577013
6.35471878863609
5.66540938221737
5.73566652860401
5.82722298016185
8.04963137508382
6.46939180820559
7.08123541757907
6.40770522591296
5.53617107850792
7.32085474659305
8.36129001275738
7.79890316800354
6.46077969503386
6.99724527521811
5.81153976577235
6.38161496714453
7.97423158549707
6.63772138553313
8.06778588772263
6.67183158571703
8.69656405095138
7.00833900183797
8.41408277935229
5.57834010523867
6.55920358457481
7.8578149773162
5.79260830832178
8.66595461585927
8.42842141802341
5.98783102310493
6.79929521828752
8.49488176067534
7.38624000955294
6.77333590711024
6.57723930156795
8.43507510154878
7.30490547717344
6.10461988238006
6.20012957758637
5.72484917542258
7.99402274105396
6.39421072220503
6.88207699157684
7.02843132941343
6.64502902480529
5.96930867606183
7.8732678549877
6.71127914263596
8.56766594992608
8.79261650851499
8.50323047296966
8.32352201763139
7.32536578505497
7.32770109952929
6.16088459705102
8.54828151566764
8.03677328476605
6.41107369212015
6.85991919771034
7.3005293798045
8.52971175786031
8.77022609237252
7.31794338152838
8.55218981613615
7.26059081489172
6.92937886289627
7.6791749367212
7.60319310283208
5.65897908243548
7.04062323801237
6.39037247938336
8.55345004101948
5.77915565986236
6.24415639407944
5.971538246636
5.56149731676956
5.93883712013621
7.82511052250854
8.16901588703522
7.80731192860836
6.04911313123754
5.97387619019373
6.32440085408332
6.72698782866329
6.75491121857339
5.70359983969468
8.34538702055325
5.54394997196004
7.60537164410001
5.80522614244221
7.06598240868304
7.4653024657487
6.71739513852179
5.79925258047756
5.71587412201296
6.30493907826472
5.71268439941651
6.25915770115002
5.74384252645596
8.76586487495747
7.12862536592442
8.4881972119442
8.56317930599913
8.54601409511581
5.8797326536964
8.40606127655249
5.73538747159473
5.73206816018254
6.13678674964109
8.16262646770663
7.0220677082636
5.77700986224377
7.53433836380936
6.53305843457919
7.15477729327258
5.70753720539448
6.14460743595795
6.40615612654457
7.12221420602356
7.73415243950494
5.67335157522931
8.7807809031934
7.6867286977315
7.2682204728988
5.60895948615729
7.85151275965338
8.49539929439204
7.064681973654
7.14580865497559
7.3183711404276
7.55838831726496
8.1441116646312
8.49687634744337
5.66757127005804
6.9116645265814
8.11670304899106
7.20150902681163
6.45180316027852
6.39612366107556
7.43333400739595
5.85914819995787
8.550617282731
6.43848533817417
6.96971431674843
5.91255432181141
5.79232493938904
8.05787268877272
8.38220840726753
7.52833290555655
8.43508496133302
6.01730307346042
6.07151048483454
6.0577294862442
7.23794795297035
8.23199646646415
7.80879348628617
7.44333964299925
7.55773010893943
8.29455196024113
6.49910462110242
8.55685311738861
7.40627474745158
8.18469720746158
6.09061143652187
7.93105719669115
5.52186188588321
8.14885024501322
8.36791243707282
7.38253660620204
8.7637731335783
8.68515596334645
8.51346141539153
6.96004671714955
7.13717465880982
7.76378074775634
7.79761413504862
6.56284282625815
7.37573010793889
8.70708621222409
7.18468171163912
6.42633112704552
5.52405553457765
7.31992641135634
6.66242947450968
8.61238708747632
6.95446187579236
8.58916219503201
5.54576403069875
7.39699717286592
6.04736836565657
6.67672632869701
8.79850008889757
6.35548302240067
8.79820305087328
8.56257149881985
8.58079215271459
7.23864908295257
7.12177160871949
6.87234038927934
5.91745806999286
7.84484810161539
6.42068754523149
7.2710556783098
6.33048612900171
5.78461181609965
7.77348266517375
8.24964376004252
8.2983155411873
5.62415612975665
8.40201869378288
7.69250911121177
8.26768087649188
6.40882743778891
8.76951255279657
6.9331865929096
8.17385084792739
8.40819297620139
5.71121400653364
7.82122155583111
6.11995043495992
8.3964685959084
8.32251710705972
7.23085969265071
5.77138913926812
6.20740121821855
7.474198701109
8.48847907514666
7.01913040078028
6.37145171578115
8.06446232521927
7.79530676711102
6.85493208817202
8.27203996955892
6.71223531017876
6.32463699881623
7.88957841467801
8.77799151839325
8.00632522734715
7.92408213351751
5.645688591006
6.67879982040654
7.20665277095424
6.39950160498419
8.61734073734627
5.90389783300457
5.98315687125431
7.71118154518379
7.64909897553833
6.45470070329833
8.56320418245673
5.82931128993995
7.54506700367299
7.66350426289487
7.44157790172538
6.9058143104629
5.907626208385
5.77912580117168
5.57136235183204
5.98348398584934
8.37105210017166
8.4330258781623
8.59534557865551
7.90399520669797
6.856222688591
6.97881813892316
6.15962686311052
6.84003872151116
5.64540598378423
7.62616171117439
8.18344647874181
8.66572150086268
7.92767349616519
8.25436800016873
8.44686159945299
8.45320574181483
5.73680748715922
8.42417330289844
7.1405990637938
7.95214765847198
6.24318890050056
6.65708044318256
7.56711054229577
7.44599758531582
8.38667448475315
7.51007043392689
7.8012737214287
6.95843028442078
8.45759027317982
5.93030036297378
6.02318172939862
8.70507501603301
7.81486250910117
8.47334264285436
8.03804514278381
6.6021901132463
8.027299840482
7.59568736541523
5.68923774784975
7.34407523106182
6.10248306302566
5.61006497368482
5.53330795124142
6.53891711387737
7.10130671118523
5.65077267224872
6.71246587947657
8.32103875255671
5.51785956845155
6.06679959635535
7.39110102013901
8.35956863003948
7.48326335533196
7.48074391929709
8.39693881712576
7.640357658112
7.54907479645463
8.53339245069838
7.27878525598921
6.1146742563108
6.71299698664666
8.58231055359771
7.69308758907838
6.41280034736499
8.13554384310248
5.72863848440641
7.08225482779903
6.99685660709995
6.85574168988854
8.58694709949284
8.11602072912676
5.96614376046234
6.3801163609211
7.9088496145774
5.58168911113893
8.72453796378016
7.20338434961481
7.64770719425206
6.79334290903846
8.2377577248219
7.8091012100831
5.57238480471132
6.63203824511688
8.70256730726092
6.56888986817742
6.58231874549609
5.55488316471874
7.20138129686151
8.45899133942526
8.2103528697549
5.81633712933641
7.30293162119894
7.282596340369
7.03999244529623
6.34723506674088
5.62648425000978
8.43097328148002
6.25124050827727
7.86784280590286
7.7586874438301
6.82300537717975
5.8956566846509
5.97111201425522
7.97177262352194
6.66898597528844
8.38368257527494
6.65149122004915
8.07016083871382
7.86770671533419
7.24701168068512
8.0924157467472
7.14924324236015
6.49789370026681
7.07039561571105
6.22882429520403
5.96217545774529
7.66754338708127
5.86456333482937
7.9871094441529
8.42820001221316
7.05482885295586
7.52825552374995
8.58346217572771
7.9171535626956
5.64426390380455
6.24810265718751
7.71791468597501
6.72308235883027
6.54641989027388
5.6557920470185
6.53614908016921
7.77149026617386
8.15914606794621
6.17207835101368
7.5195934674208
5.78593169570331
5.95529410626413
8.52921835325479
7.73691645894855
8.43763822162524
8.75093378638029
7.80217941747186
6.32211650335618
5.76557119991384
7.28014816302947
5.89418423887782
6.07973520561541
8.77647713839863
6.26704664333717
6.37826874919295
5.89153040205634
6.97719467327041
7.6400940863976
6.53601194192135
7.21980159615691
8.51545253232396
6.70352871003785
6.90694929516896
7.61368991923795
7.13779911652118
7.96277953087483
6.34753696240327
6.87720517903181
5.68122256760791
6.45670479948407
7.75963826038189
5.91660289422302
6.03203265257091
8.77850903188765
8.19280065194889
7.82397686587348
6.81740399428208
5.78311813626103
5.95927094473568
6.5050726788057
8.22381160596347
7.4860240345478
6.16717662110341
5.64376832049046
6.65964608686569
6.01075006352654
5.69700034613338
8.75062666854308
6.54223950095284
8.52371048143142
8.67067819350145
7.90421709407047
7.81772639655682
6.92773618453271
7.47911846303583
7.73912490001315
7.23749878040026
6.63304346203495
7.94506547423872
7.00158169331753
7.00835284570176
8.76717556026711
6.08151671917432
6.24409911938206
5.81109411695318
6.92709645811122
7.72083949686876
6.69027085525018
8.01372686526818
8.07286973383007
7.42356500964181
8.17929476539449
8.24701336795402
7.24574087637744
8.4309293977354
7.23974264578684
6.48736037024528
8.46515586581307
6.57848964595367
6.87626266698665
5.7897750557874
7.93221960099398
7.31723678759284
7.21132480043861
8.35164561693053
7.81975619802734
8.32179178368785
5.56801666869582
6.9695451689255
7.0801613936241
8.50429608247539
7.11366191699973
7.47132493496895
7.69488828089348
7.31748877855318
6.68996933750284
5.80352728320307
7.06081273125392
6.54713558684488
8.7065830767447
6.48102031014558
8.61716533742085
5.97361567420739
7.08988615413623
6.15381961853792
7.30173665124872
7.92889278643561
5.88902006047552
8.18979333278395
6.98721858368848
6.27848702863678
8.56867167693444
6.38347311630301
7.30354448636023
6.51702010115068
7.76870255334109
5.50505608969657
7.90425176177867
8.00651866864487
6.52037222084422
8.15723381517906
8.7538084717813
6.28494189071546
8.66077488961532
8.0609370461707
6.83726827404554
6.45307778767871
6.22832533874291
8.38655124945709
8.23714525423753
6.49006975449807
6.51520006879977
6.34009084655457
5.52226877634113
7.09524275360295
8.28005408279166
7.33967057271553
7.66595382144096
7.87776864156487
6.53017001372017
6.72651446176862
7.83467643757474
6.88207977688084
7.69910733914115
7.84659033280581
7.4269771179559
5.91181551814979
6.20473866168473
8.05200939709687
6.67756205413992
6.00224598242375
5.54154848872114
6.96035381152583
8.60216286083116
6.46579851600058
5.60808880258754
7.4121709312327
6.4221351399376
7.0422165810974
6.30451042398609
7.59483482951334
8.26289027761002
5.86481680424859
6.63652033627534
7.41549392354924
6.99603565659135
6.51049784396762
8.30012372962774
6.52825472277771
8.2582603860815
6.10132804034845
6.3676016552098
6.11321822414372
7.21163602720445
8.36183103448994
6.7012189915517
6.88031986360029
6.23203180081605
8.35301400095552
8.60060235444844
6.47212951157524
7.22827431116286
5.8979991353762
7.51297573127528
7.7195132598353
6.91458791639659
6.9101466575173
8.67010060774966
8.58194390399011
5.74117851978661
7.12884491500947
7.60633581220841
8.35770605035161
8.61200425542362
6.78907231380597
6.2843589225662
5.97391066301994
7.0748903761616
8.41324333669831
5.52131542631188
8.2068308416857
7.09551323022237
7.21610318257292
6.75207481071786
5.8818274895795
8.22097549960155
8.03784395229134
7.85792745217191
8.74013908312485
6.39497049893953
6.15345365133457
7.09554489411377
8.37054742621068
5.6384071415589
6.7666842984901
8.09311498835731
8.11585030090084
8.77494639592215
6.77629998522876
6.33858120800716
6.09398786988037
7.75742105871243
7.90864466729465
8.6097366864451
7.85396548800298
5.6252255959408
6.62341924437056
7.44755123689125
6.34643741300115
6.89452171857451
7.37508789415363
8.32394688832046
6.92919825199851
7.21756303447018
7.96520309536658
6.15356990976869
5.61337904215325
7.29658286205741
6.34599245523995
5.90446761782652
8.70637889999379
6.03762019783046
8.12574611423342
8.75633586738822
6.74203336495238
8.45204454802183
8.73059436397785
7.41145041394699
7.17839702327031
5.92280350552379
6.46881399179066
5.90186791563311
6.50340923221633
7.00489824836317
6.94293426382434
6.54151985085433
6.2708858348245
5.68076874349847
6.67990449806338
8.1282820642349
7.16102289309482
8.66563242458001
8.19999786994311
7.44030306126332
8.59797540173765
7.6896173762979
8.58262481250352
7.44542827890851
6.26512267053058
8.10361040721798
7.37202606111334
6.97402259136067
7.76170150467528
6.82056726078937
8.69447949453131
6.18476794130941
7.03991718728767
8.49629317365333
6.88598027816632
7.99989735662578
6.38105482311283
8.14924464410562
8.42705583309943
5.91086826325901
6.55718896671141
7.03694872095038
8.43216310723593
7.82971998320604
7.1609744555887
7.28155399910064
8.37644350865441
8.59247474897289
8.05719232267143
6.25630998704456
8.4941602886979
8.68540771576357
7.25811557439475
8.42910748419822
6.59489008308967
6.87857940071746
5.68796525621899
6.70436719572589
7.74389847133029
6.35726695487408
5.69907043841211
6.7319829449592
6.28871703314145
8.25109648238058
7.20931015603241
7.1932229939396
6.00961376482764
8.754235288818
7.52326563651242
5.72420816609908
7.92998387565274
7.48064578874467
6.53091961458903
5.80821789855938
7.90222846389708
8.15035961565244
8.04059234653471
8.22139850267698
7.87552646072224
6.96566226859585
7.78353173000593
5.78584589770282
7.64341798446166
8.7836634520874
6.90784921467023
5.64473231922603
7.49265105154302
5.54985850474831
8.79190881238579
7.3746792547318
8.39582735591117
7.96150813161841
7.70135624451678
7.35372111632144
7.14217939195252
7.53902422135438
7.7400919738092
6.28589759506182
6.28225915843279
8.21175801231152
8.6906907946787
6.10085818165174
6.95713586788387
7.44290622761004
6.94485672965126
7.31765523174377
5.75818085209962
7.87143822358359
6.96695244587045
8.57261761271592
6.65746012545561
5.87983237069325
8.09169309113847
8.57487294483648
7.27825383050003
5.74591784350882
5.86734323812015
7.2647415176135
7.77307679354714
6.11890047110934
7.10294833185192
6.27782453791174
7.53691897615685
6.05957136682916
6.72434038319128
6.4414752037841
7.97500190498081
5.92220626662298
5.9400523387217
7.04286914360489
7.28673209342453
7.52588631723005
6.58290637406666
8.29008255078327
7.40092331596618
6.85252826309808
8.28183649997731
6.38447272942275
6.00628699810806
8.39788679726661
5.96312177713228
8.15399878031999
7.89304285568764
7.3001540269014
6.33642090515563
6.96743134116882
6.17889624861636
6.95632465697302
8.57859670134258
6.99808290009591
7.57312782500291
7.69430664923916
8.20183279249819
7.33597157807345
8.61780588646658
8.53070814867528
8.528084304543
5.8358439255298
6.38566456830666
5.75036064322234
8.43306673851116
8.33718425917327
7.87167302974243
7.11722843604361
7.45145805560917
5.57791435798778
5.86640962564398
6.38898502008461
6.97582263362688
5.53732682867342
8.00236083544354
8.42272086154161
8.6252037870567
8.50959901697075
6.29395603785693
8.62022583112706
7.66444082063202
5.54454035713587
8.224879386298
5.810644772727
7.45202042444068
5.81941261826489
7.0707283690063
6.68363531076175
8.72920772768575
7.88738464399059
7.2734965811807
7.31886868497578
5.64559277368071
7.29853847507235
8.18593551400723
7.59715139399942
6.95772548517978
6.69701672071777
8.43936867387398
8.08674736815057
8.40566086013039
5.77734579570764
7.13528656887526
8.01541910873962
6.20220888855211
8.56310448527633
6.34623514652079
5.93442521312577
8.14224074872729
5.83438299116616
8.46823252736965
7.71280656107302
8.48728112302229
5.94477996045525
5.91109218708169
5.91157207178775
6.30324381360904
7.90638789927748
6.65013274355173
7.29860436650361
8.01236546864373
7.55477279527553
6.46365410013634
8.52766334875812
7.51500638808351
6.53930697152184
5.95893469669974
5.62889665130487
6.66589121067612
7.91246450551096
6.80898381182308
6.04996039462399
6.03447550172943
6.26275240580193
5.79003099349497
6.09768005749936
8.100728609643
6.1758888793408
5.62236023408797
6.96251185147856
8.21630056477179
6.87761243143694
6.80392779012055
6.55326924834338
6.03979790822619
7.35071042182176
6.65712036810017
8.55230905856532
7.15082215843178
7.63924181174916
8.09539945847555
8.35100897798474
8.00588402478104
7.76516933159786
6.3446995978645
6.51480565247467
6.59983724922353
6.94073364667
8.12201871097103
7.67647249557211
5.69976395001156
6.50426501056106
7.099108311955
8.15325068236342
7.20885375748346
6.45035646727568
6.37679155443153
7.97286896417094
6.38109651709444
7.28037117922018
7.91792514266999
7.92942598020746
6.34282837243991
8.73145752747606
5.79387193799397
8.6510593200662
6.04451929846915
7.12659804315145
6.91788019666361
8.71355860518043
7.99820525176619
6.48968696889797
6.62045524015322
8.54592066699425
7.22221144362588
7.22122531557488
6.0954039056418
5.77867814325555
7.03866461958477
8.61057343571783
8.61448357179515
7.50806792241072
6.87186932457374
8.49419092012872
7.74032777485886
5.93174228688582
7.59816595364366
8.32441960217907
7.29635118836765
6.93514567577274
6.68181630460147
7.93636102276469
6.91909718795009
7.04149083286074
5.74466594853991
6.26545929438693
7.41642926378873
6.80226884409931
6.4288486763566
5.8992768655885
5.89107359293022
8.52924830453412
8.24053339322146
6.76677357190071
7.47974280039835
7.20911863488693
6.0923423493474
6.40053411457679
7.94029932096152
5.89605112432827
6.17545835767177
8.24543605313726
5.58460850832753
5.51931763626913
6.47258409166212
6.52835896707996
7.38725260867014
8.24189029145935
7.07812201619179
7.12761029916647
5.95691555293758
7.55988065530803
6.61890822831303
8.21566341478718
6.89278659124573
5.52539055176863
8.76442974010306
6.58576512662687
6.22450069450548
6.51075761937639
6.96570778921785
8.16979790213566
8.41845537225242
6.97452745519352
5.64428741292905
6.27576596174562
8.79318715382937
7.37265349634427
5.59577219210064
7.45955466175064
5.78020025690188
8.65222122086467
7.69043496527412
6.74134693631295
7.05609491637503
7.60237366984739
6.02781426443975
6.00837278631291
5.63561203915159
5.68366455024206
8.06172153675757
8.6787473157663
8.64967504662226
8.39996155469344
8.71048087308386
6.23385602498636
7.62774373862977
8.53172101738878
5.95698874121661
5.83430630493436
7.15886515217085
8.7196175001293
8.09759717608888
6.02936081656718
5.84763117116759
7.12482506977495
7.83471956480158
6.82858230134485
6.44232367505833
7.99793100988513
7.08385366819423
8.60157918505551
6.44787495840474
5.78150347751184
6.1859201134214
6.06818793014328
6.54710489654294
6.99388864759704
6.9196662510239
6.232466141665
8.36847924598887
7.79430248361764
7.20273480166772
5.94273347946277
7.04523626794778
6.48384364794439
6.72679809422151
6.98640530384254
7.45520807870761
7.66453765740736
7.90827082653756
7.64482156690237
7.91660722781248
6.92127367543126
7.51784193655329
7.59854881947294
6.87839590269695
8.1041717602401
8.60715155956005
7.09984816665202
5.91598765575129
