1.3106899720151
1.74272153444121
1.75933570467815
1.8245315135193
1.8881619183494
1.65600807876636
1.74869098750382
1.88672429901449
1.84627874011949
1.76535700981334
1.70448545677124
1.79439269718539
1.57395921128574
1.81306624581657
1.77582270423938
1.93382025258222
1.75598761474013
1.80616644309424
1.7223610104883
1.73359280590969
1.70469400801241
1.73515794675706
1.81980956220108
1.76069163041502
1.82895424411009
1.82355829658064
1.81020360054515
1.89095909585581
1.74866213095399
1.63905718492739
1.81015525648638
1.71301906443936
1.63385676760817
1.68162180180638
1.67202593721708
1.79997602596265
1.68547554937573
1.85404615510391
1.89081198322064
1.68378370189742
1.57171999275549
1.85037656080942
1.8381624529275
1.72083549643476
1.83230634156095
2.00784511887258
1.7058877236686
1.79125124123572
1.73717629242048
1.6290324991543
1.79603300781581
1.66443634148254
1.76807797195871
1.81678829047425
1.91246513537413
1.7630184479242
1.90158261992908
1.70915378838757
1.98963532947517
1.7764004173328
1.75824835513317
2.1093783479579
1.53865441488598
1.87653272725094
1.92710829903777
1.84594487448153
1.82971608912249
1.80576289590946
1.82086513855811
1.83490391402993
1.82693757340173
1.79500958811907
1.7654265962957
1.78886908853482
1.78852363223807
1.77701670239283
1.79188083455147
1.77400485212578
1.78395145003868
1.78912968928584
1.7843701128625
1.78556728539784
1.78625396288256
1.7859120866457
1.78334907083663
1.783824201386
1.7798981411123
1.78455330162001
1.79257928630386
1.78808110199016
1.78929732017065
1.79157143630365
1.78423476319089
1.78610044474169
1.79183963021224
1.79626599025256
1.793345161449
1.8157654737515
1.78645820736767
1.73808059271229
1.82726384523213
1.81704473443819
2.19912230199451
1.84368459964943
2.05516649477886
2.01953071911183
2.00027667798882
1.68602835235778
1.97289822563454
1.97899807495112
2.13111937836486
1.72971377857722
1.97520466496982
1.90003475501596
1.30155157632238
1.90127359108926
1.74767516235272
1.56944387114353
1.75833881025948
1.98962074277915
1.94238099622043
1.81808304713305
1.84488926527747
1.78081802064864
1.57752764367154
1.87601709174053
1.89205806587931
1.85468939185057
1.76230934496901
1.81773039195616
1.8020354113248
1.78388049541952
1.8038742779155
1.75334055245906
1.70108550522044
1.54536081585301
1.82356787634094
1.78754664518047
1.77497044401582
1.78539267004602
1.78166692049438
1.77202960109534
1.79179777968135
1.879621542413
1.68443767119892
1.73398655674632
1.60796715183422
1.65498393109448
1.46579511748322
2.04393341724028
1.81486452303577
1.98065325195634
1.75647801319375
1.6526936239144
1.74574228870008
1.82915574584989
1.88959825571272
1.8193734074972
1.80830572158905
1.80128679332841
1.84516972892409
1.85157975429843
1.86695735205518
1.82782688543987
1.71209792182944
1.80591110556435
1.78864990117701
1.7904970902502
2.01087777863011
1.74199026247939
1.73751855120449
1.73035525489678
1.81038562880957
1.81357456017154
1.84589681427494
1.78175121433473
1.76328248516809
1.69084699431402
1.91597814890095
1.82963870663654
1.99288772176722
1.78464839278835
2.04953364047907
2.14030192562083
2.14782350271399
1.74263677774929
1.87406640735958
1.83823819641741
1.84926185597639
1.79533402461741
1.78187099113137
1.78166386968327
1.75564895274453
1.77949678409818
1.75129306584228
1.69985605893631
1.69627219284854
1.65844272611611
1.85647431269424
1.69731789351085
1.69258675899218
1.85396475542735
1.79377872543778
1.73263822068383
1.7354635934011
1.88598506091149
1.72548059226069
1.68336288239159
1.67533344014382
1.71634480879575
1.71664540893863
1.75827013134108
1.64426788509158
1.7570760875837
1.70733502595714
1.66141695937773
1.64776269701644
1.92314169008738
1.88898512399351
1.70110821764694
1.69335911318966
1.7865033689566
1.72589359477868
1.83589280172282
1.77115656363831
1.86818891285999
1.76152330942934
1.80223245281708
1.80565023687502
1.69617674181622
1.71995973318304
1.90826187233384
1.88261774529838
1.96037953134773
2.07381900166115
1.71432084718547
1.91168880059814
1.73356186656884
1.73469615092116
1.79147502170448
1.71970376925395
1.7167041343549
1.72203161129219
1.83269921869761
1.8048064606225
1.78414960321595
1.62149214547551
1.52263418594873
1.85507795468275
2.2297154516675
2.00343012770811
1.92133255193934
1.99692230454474
1.78037628725564
1.97779678749606
1.81825929985868
1.68188196070216
1.81972792079009
1.56370915679015
1.82302946485753
1.9788210274456
1.7892544538167
1.73873622386129
1.92923212824482
1.76427456761219
1.88347456993614
1.66242922038038
1.75633697880659
1.84238655687787
1.92135780351366
1.81688586900735
1.77179469505858
1.81103988911285
1.74045925454907
1.80229400289916
1.80086151938478
1.7891841590359
1.7944512810278
1.78558708422017
1.75670631749748
1.76283068568835
1.76038375149904
1.81292556612744
1.871357573498
1.71378260098052
1.8667346542597
1.75334501985598
1.75714878666309
1.77727028334417
1.74719979019359
1.69154483997111
1.77243831626265
1.75526294097593
1.74172372529911
1.75695952936086
1.8450040986007
1.78147242018412
1.84173497889193
1.78909662688099
1.79156579639269
1.87265640482476
1.80227238032051
1.81021756549114
1.82625989128865
1.74303370603137
1.78790484250387
1.74068217612068
1.79194054829829
1.79800823402876
1.77982252376478
1.80734447181226
1.76632323657446
1.76925149946095
1.75892114198231
1.7449648369714
1.80024081282145
1.73851035038255
1.72391898677465
1.67815996698981
1.67373768032041
1.74109523766154
1.72331216015415
1.72221431782711
1.81694281409042
1.76981555901123
1.79057866621286
1.7817592122634
1.77520911625962
1.77962419245827
1.78279404099351
1.78821282128012
1.76888676770525
1.75838219814249
1.76111822632113
1.77692278108956
1.72501017231583
1.75232117503347
1.74292105490177
1.77880726293087
1.93555370407152
1.577327351019
1.65136925478075
1.64528036153482
1.71678628707503
1.5064888766488
1.96902818891001
1.83272358663435
2.08863724444545
1.7884343703019
1.71256466676452
1.80699915710592
1.63120043433652
1.95895937303154
1.5806185009476
1.58522146823214
2.04029743233507
1.73802586664634
1.82258012074198
1.47287592784276
1.79387574411977
1.62712342151535
1.83086812085463
1.73631999098358
1.72403352626515
1.75713299908149
1.7173780813904
1.79559316816792
1.78087408568302
1.78201301907314
1.62592880552615
1.75240879664449
1.74784239426661
1.81983258487921
1.75090724261161
1.8516057991
2.04657844297448
1.85204841896871
1.72296829804318
1.88281217161887
1.92700100534386
1.80553361766746
1.78131421493808
1.6172835828306
1.73397877459184
1.70603841445073
1.73049946257845
1.74621075819357
1.70449634123264
1.75709637417394
1.91822287942174
1.77302516523891
1.80254794356155
1.87757682968905
1.87890294611924
1.78172463618328
1.71090616830628
1.63145116620859
1.55931108449683
1.74292845397909
1.65869418172716
1.71213339371963
1.84806735043077
1.907413282163
1.70087868526046
1.81035322243608
1.85033179051278
1.80429007047576
1.83875064326386
1.78161746278574
1.81029935542052
1.70868074300454
1.74569586252988
1.83017115551303
1.92285744172553
1.83620117058076
1.72666731381776
1.86746320060767
1.91916579372668
2.02345194837964
1.85273865649298
1.83981639521092
1.70233099292307
1.67984146017492
1.58530237495145
1.8786463602224
1.67228560668135
1.84684558733755
2.04902934717581
1.81744000751383
1.92522068137872
1.78067008994705
1.83193651499327
1.82759782686737
1.80227095441557
1.80091083048798
1.72363782659285
1.75766215123676
1.74354111358419
1.79245497598204
1.77027871235449
1.77513822756691
1.75670968647496
1.78764779668321
1.80246095035802
1.83308313308526
1.80406905329502
1.81658931401067
1.82221285885554
1.83038214459745
1.90837895134154
1.88710541594389
1.90754475076186
1.88491706148457
1.80928228047931
1.76917619100129
1.68958128292586
1.78278050689113
1.71134013865176
1.79001707401749
1.7481950827773
1.75523585412282
1.66503245932342
1.98315732081704
1.70916403598764
1.91052917958288
1.87088702928507
1.6787261222357
1.98988487933603
1.66090322621208
1.52269715698062
1.75718024851192
1.75426133339134
1.77979999498245
1.78443729167385
1.61743505108446
1.78789563750362
1.36625907557495
1.78766913601859
1.72717180063669
1.69252621904986
1.72546749914714
1.69944324259914
1.79829100351088
1.75428964176949
1.70598198316794
1.7567442982677
1.7537574912113
1.73188526404858
1.64148531593012
1.66340052404222
1.81399718800994
1.81605918645383
1.59195438327634
1.8396318263157
1.80436791266055
1.66217564559794
1.74636162473126
1.75246160508156
1.86891417897503
1.81775347571548
1.79194669070029
1.70115822942837
1.69967738489847
1.74789990451002
1.77729157213333
1.76318652194406
1.73748528345442
1.78433537560387
1.79583822102333
1.69782804501873
1.69662608588076
1.74019144989034
1.8572499064318
2.0472804349527
1.99620462651306
1.77702758759598
1.53375235797846
1.35148022989525
1.92690393539393
1.64308370449289
1.7072995335835
1.71885978089768
1.69653427858878
1.68703419187752
1.9281575628764
1.6889034144526
1.77917475338892
1.795670616108
1.74288166972437
1.78911942507384
1.73804853543952
1.84188228246372
1.75049030847262
1.79588671002543
1.69975437638028
1.74416686809179
1.93235956944306
1.73581483352382
1.73551185336617
1.73270723399481
1.72953355981882
1.6322351903766
1.70549499377143
1.67805346708353
1.68388562835155
1.69385764196693
1.80729776307738
1.718560304674
1.7390548187234
1.79202287002837
1.8509535608779
1.7594394736928
1.68642443769316
1.68035802460593
1.71732482549926
1.74672050080095
2.02173931864752
1.84091563444862
1.92447799602483
1.67970125676209
1.69499028034642
1.88276304063817
1.98189274398107
1.78764435250489
1.97755952771579
1.67412984536262
1.79632469085604
1.69895082993619
1.88732339954057
1.67870751858089
1.86023713159434
1.74843387427758
1.8046467504431
1.72332194732611
1.87258919279194
1.86870780833568
1.86720341425745
1.85350359052496
1.7460296676117
1.6949575091082
1.86158894509608
1.67609382120099
1.61415351599573
1.80653531866731
1.83919385283717
1.91955952368736
1.70585003786317
1.81060095234543
1.69135907681683
1.71061018199386
1.84360238578941
2.12891525670954
2.35841815076085
2.01671575430877
2.24018893800515
2.32323151446773
2.08774093656688
2.05553939848955
2.09481267331252
1.99446393682113
1.87993576797588
2.10534726911005
1.6998639974856
1.83933085359892
2.10299657463199
2.11466165450543
1.97038180058394
1.99873968363117
1.88194427697692
1.89934682928354
2.00301676960131
1.98363884632331
1.94069766776062
1.9780204690606
1.96107887910713
1.95254034396827
1.84297496334847
1.58559013830787
1.74091292866683
1.71239863400014
1.83083097239852
1.86281508130292
2.06875837830157
1.84807750527403
1.94914790790859
1.8012057663908
1.9454689483454
1.89681063595988
1.87927001048063
1.90293708966737
1.96922276135803
1.92420223328091
1.93068204403539
1.93926121316451
1.90433937713323
1.95655140540532
1.89040903834987
1.83292799410341
1.83389572163855
1.93043145327141
1.88533406455141
1.86678470725363
2.01369723606591
1.61910001606296
1.82989722540167
1.72940571318072
1.89505906295199
1.80779918202008
1.83661314261051
1.72435156444968
1.74854227186225
1.77721123106882
1.70772630297195
1.72645973035711
1.71017359710956
1.71958581934393
1.74909689874656
1.7458163384076
1.75023153385732
1.71117601638559
1.71392842197067
1.70642538862132
1.68691201000251
1.62703266117192
1.78204042420117
1.70513280815978
1.70496661099693
1.75511363663641
2.00882517726241
1.71171256849137
1.90528756142039
1.77676222641096
1.78985283426922
1.61835183301576
1.67090763052248
1.96945638585702
2.21203455305122
1.73931086301436
1.86504686437994
2.05113727579402
1.9132921314293
1.84105839975886
1.62554653421786
1.89802278934803
1.78300164422914
1.60504170755272
1.75674756394908
1.89617028096777
1.56021309003334
1.82904002467586
1.8600281825052
1.85514039383124
1.86227602026609
1.82339694244861
1.84080337646438
1.84137056550916
1.85266389174817
1.85776710812456
1.84652911250042
1.79313969721817
1.74294821064556
1.82912014628704
1.82401726954998
1.7010345102416
1.5740884860705
1.74414438128048
1.62948432461612
1.8419720179034
1.80973057683918
1.79532305442538
1.85520084473718
1.78730551722744
1.91487053018224
1.86786993097232
1.78180204079223
1.82498846890613
1.78288836661815
1.79821965412291
1.82654554473035
1.73380542729788
1.83506888686146
1.72157089663504
1.72233420564868
1.70455465625059
1.75586900390147
1.72632226667006
1.70855278120992
1.75353844575718
1.61427463690873
1.7562344702038
1.75659942829771
1.77685058562829
1.64958609041606
1.59615198073776
1.5695914669689
1.6487421380737
1.58385281360024
1.75855417422011
1.83898083281797
1.81157684614794
1.76561732839331
1.77702630155181
1.77077598644112
1.77993415549201
1.76980902539295
1.77910503150561
1.71085523116157
1.71951731202922
1.69620080714827
1.76738556131148
1.76456425344187
1.75447989653892
1.76566538427248
1.79724106251637
1.74113101748645
1.6801136900615
1.71787469293445
1.82774272486558
1.74749152100998
1.76871663884358
1.73150632084393
1.75458323879982
1.75276577906344
1.68684480353964
1.7680046159785
1.77671488328403
1.73569199852342
1.73082079343067
1.73283436409619
1.72646245249261
1.73490137975447
1.74688461087811
1.72460732161899
1.73463705401822
1.74388033589324
1.74653909670531
1.74798898724737
1.74704927855923
1.75158299844373
1.7461709867873
1.749398941
1.74317741096877
1.74167388330309
1.74332159472191
1.74308869120141
1.74310610125356
1.7420001880338
1.74200889347032
1.74094365070798
1.7397137970398
1.73214865711484
1.73817135219559
1.73833147982096
1.73700855493848
1.73833075275777
1.73831516722448
1.74234300156937
1.73588080934042
1.74002998005387
1.73372863323747
1.73548330226784
1.75094938167506
1.7345092773416
1.74054169238844
1.7583090201441
1.764193841785
1.75659438721125
1.78417856969277
1.7210968031588
1.75647343796486
1.71561344538284
1.84529243525626
1.75559881405574
1.76962585178178
1.73856105379959
1.77391822456403
1.74064197298469
1.65452010683939
1.74041319123605
1.80530684115359
1.77810575361861
1.7150545070988
1.93094854312258
1.77334811614047
1.77536861732125
1.79451997044974
1.89077732447889
1.80595187513781
1.81987729939434
1.95535111112184
1.89106440133559
2.031130206132
1.92747737749929
1.9582923333168
1.70049670226467
2.28250597012805
1.99389346056365
1.82696237072089
1.69220088140972
2.04633127269768
1.94068316735748
1.7303479371917
1.9115762659227
1.86957746574274
1.71655309489606
1.8252985535195
1.78065390042513
1.78030506982817
1.78121663487669
1.83228554545337
1.89460704743773
1.82068425303619
1.6717577291594
1.76756194195887
1.65851430258613
1.71215662363467
2.16700529272013
1.78222688045669
1.67679130003407
1.64543552835605
1.87932345232981
1.66208063867658
1.4952319670102
1.80220405113766
1.86127792016235
1.74457913448656
1.7399979642812
1.68674324246662
1.65221186924436
1.7168363560627
1.74396819836515
1.64421330165229
1.37617238781798
1.71511763321325
1.79192102054859
1.54835983524996
1.84455591823124
1.72038213643211
1.96401211719246
1.70837627887555
1.75426226733898
1.59098868209742
1.88637647321508
2.01538150659767
2.0028322634283
1.87018388999822
1.60979412691667
1.94162276475126
1.53023383379653
1.76772817428922
1.79413311814495
1.62138128163171
1.82676693752595
1.85033913435381
1.61552422167164
1.61761906498443
1.98548389729804
1.77518090856541
1.79799869253719
1.91269130432842
1.96340874053105
2.21587800516984
1.87604356337179
1.8461172727332
1.76399929874672
1.67444769064733
1.72775401542663
1.76619276477462
1.76050249028502
1.79181459130417
1.7617155702916
1.7545462891572
1.76876992807133
1.76673925920383
1.75116081599316
1.75022931608779
1.75423188925248
1.71880405654524
1.76274392363235
1.73768867297436
1.75563433394932
1.77722569705283
1.67334613553144
1.76267254474424
1.70832972647622
1.74490870926541
1.83339543801698
1.70430396712588
1.79082796892409
1.82364474930774
1.78090339622723
1.77407773798806
1.80846407575616
1.95004339329191
1.93163497127767
2.0158515366544
1.89518440105256
1.79307062589702
1.78466795871626
1.74590806134827
1.80556532725879
1.93530303843565
1.94268801370938
1.95566473870568
1.58037106535256
1.89527354075311
2.00045351852636
1.99025332431702
2.07688784581872
1.81788441545043
1.94423313672694
1.969093057328
2.01880796911303
1.99883615248314
1.82374698987255
1.63722332287516
1.72812049108093
1.71313161371092
1.66488182237586
1.76444029723448
1.83844084820838
1.57240199561535
1.88351369519948
1.80265956046681
1.6056974072251
1.72370698145427
1.77699190996917
1.88176223972931
1.89375589101492
1.85924631759856
1.83380811911492
1.77672306316378
1.72277969507009
1.76115146701707
1.79146871918418
1.73625131711797
1.61165620760396
1.69921248227205
1.87485789151856
1.73968966331242
1.75395653327459
1.73874613415854
1.954901992598
1.76114392501402
1.71907261062502
1.54520860765703
1.79457860371044
1.74729414942858
1.72503688173659
1.90039650234246
1.72336590114609
1.6977273892105
1.6502023976141
1.75830852728242
1.61209447098026
1.67858797333102
1.79302708364656
1.76965216153721
1.99230651942082
1.71785746935929
1.73558416509052
1.78374263331901
1.78999086802951
1.82809357280138
1.81798255800573
1.89461135540078
1.7887282151574
1.86068647909543
1.78026965815309
1.76576658444279
1.73020812589199
1.76656506330914
1.69759584184713
1.5476557118147
1.65275310251367
1.76149813085394
1.7817883075822
1.59459640543642
1.65418155045193
1.70569577765838
1.75660626372345
1.70667249535509
1.67195850986977
1.71562262220128
1.72771120803908
1.69464397997167
1.70394727810182
1.79068500006441
1.80321644421393
1.76953501080197
1.70722436079643
1.70396394814277
1.71888569667665
1.73358959440584
1.64424998440654
1.76327824401955
1.74442303610142
1.76626908628585
1.78919018776087
1.81083342549123
1.8274940312869
1.76654707016188
1.76893622915162
1.77979240102231
1.76778333633144
1.80426039413909
1.78374493615265
1.81372890811606
1.76894465111893
1.78454423676801
1.7521564636028
1.73587028059395
1.81577771366877
1.7091216185532
1.844203591983
1.90320439000804
1.81400185928972
1.79335442244224
1.79708270057355
1.79168415253836
1.77230554466184
1.84227625408019
2.08160798493721
1.91446411847607
2.00627665301215
1.76421095072
1.85240603360698
1.8925105541875
1.85916948647175
1.72441902157043
1.81106073688634
1.62358998198658
1.92204485568027
1.7222067273698
1.74769015165159
1.65318735907411
1.80126263497762
1.56900947680281
1.9531685588473
1.54720585724
1.73744991356292
1.91092809956855
1.87081641180224
1.80314084554919
1.73070685149803
1.74056372856529
1.73258025160983
1.7284907148194
1.71730837970186
1.70736542731469
1.73824479951869
1.73874793763999
1.70973172601551
1.72938264093979
1.75021435918115
1.7404641350407
1.72979779806224
1.70506860535006
1.69677063426005
1.69031520389829
1.74560820214364
1.78651445315817
1.91612331775191
1.79743658772063
1.80628247662601
1.95144592734327
1.86373738526436
1.7079805290345
1.8803174945896
1.73547784156766
1.92166528296432
1.7609952916807
1.78508455080527
1.69056446231304
1.71485278661741
1.64951755816896
1.74897338586419
1.68235028344235
1.77772999470621
1.76260140160766
1.74933168509266
1.80725976338939
1.74020150498009
1.6518492179293
1.71203803488274
1.79116404144507
1.79263221762561
2.09508302536723
2.01149063667222
2.09210270750269
2.01625217358089
1.96139670906595
1.92658718535757
1.62454082585899
1.70873310957474
1.75073825104505
1.7341495342304
1.59506721699698
1.7324730543876
1.6077598006025
1.65611120967166
1.75903866578209
1.84027909799645
1.90792521076543
1.98872081953758
1.86282654477593
1.80380224463997
1.76907855077296
1.64278101122539
1.78893231288506
1.88942005818414
1.85257842404905
1.81004656385137
1.78871946135437
1.78932161195797
1.79942907721509
1.78790138320304
1.79215797610456
1.78831495097177
1.79636239360268
1.79892789039017
1.79406383501348
1.77961041378687
1.78401671788696
1.63493131525257
1.79907188632534
1.663475277787
1.7556723279789
2.08804469925961
1.76719408898888
1.85463444452763
1.88911414350785
1.77171312179106
1.86349061974514
1.73148634309774
1.80482080559074
1.81037264011882
1.86535673739781
1.75674973281827
1.70271417233707
1.97688757044011
1.82598160361034
1.99039535708512
2.24671433597906
1.56671656036934
1.95491880642035
1.82044223971267
1.72987865257448
1.6681710199238
1.64286916210153
1.65695395680167
1.77400933252492
1.66819245091764
1.88689693205145
1.65187470064903
1.76738939361666
1.71469418157795
1.72419950056136
1.7290461685751
1.83481955881328
1.64957396881198
1.77005208829502
1.58291234048408
1.73328554229125
1.76821239225287
1.80785979710263
1.74317499214853
1.74507943866361
1.84301140210003
1.90958637850603
1.74655617221775
2.00435431267569
1.56374117271436
1.93514102849672
2.11980504812209
1.40499877643573
1.94513428338483
2.21960629709618
1.88876387705915
1.81089923701557
1.75905411753421
2.04623514968783
1.72250416549919
1.64840716863466
1.84089547699264
1.82211976730415
1.84695220119859
1.84798326687752
1.82673252446059
1.89885673741219
1.86569068320797
1.76301548628586
1.81886141873454
1.86488863782661
1.91116681007626
1.94935483940065
1.69591487800444
1.76017222764035
1.87450088670606
1.78950569026801
1.67412369374579
1.66690981412226
1.69874141314433
1.76553084625039
1.73605158898759
1.6954470772517
1.79728209451663
1.63975906906269
1.67386012875095
1.70978447401376
1.72242386262563
1.78558736329357
1.73449102542568
1.7437955450518
1.77825111718645
1.7775811657856
1.74076854959448
1.8995427721239
1.72148083590702
1.81615087554587
1.70721559869476
1.85667710514271
1.6981473877344
1.73585607838739
1.79265702000243
1.72870996757334
1.6846319821873
1.6577180671338
1.73676764533289
1.69773399170913
1.85511415095856
1.72815797668103
1.68169443787821
1.91233487242898
1.99649576091201
1.73122202113311
2.13144020761819
2.00834946377196
1.94952283815259
1.80875107620731
1.80966100495929
1.89106565194908
1.78604966541728
1.81483478865515
2.0308080252997
1.84156208150388
1.9415653104271
1.94173023733539
1.6628158141172
1.66545461880394
1.69904028293438
1.66582088467272
1.74473226279923
1.79174962640821
1.6455472197259
1.83959047279545
1.84439118608655
1.75387694291618
1.8163319429965
1.65285448941897
1.79219434472531
1.72055774979534
1.77612592823601
1.71906854877853
1.62987941051282
1.65987554308038
1.68016493652408
1.69197689850367
1.73336698862638
1.78421354444902
1.60390612904263
1.91633934395005
2.03632817288078
1.54040934653392
1.71735172258309
1.83860765822952
1.72342813784347
1.80571393395918
1.76492668403212
1.68924408748784
1.66159183766376
1.73028548868452
1.80993342847756
1.83260529577643
1.74916158729025
1.8162591630068
1.79901108733408
1.71960576340071
1.69696949932393
1.70005343622747
1.7548549167671
1.81012079182985
1.75980730560543
1.76357514411556
1.82893019735991
1.79133780355091
1.74352973520163
1.8978818375093
1.76800608098272
1.79567685198843
1.83935794943267
1.70988960538411
1.95803490144694
1.65142532103535
1.90164374440916
1.75842383770605
1.63102796253795
1.79797400124976
1.84098488172597
1.86154237745206
1.95395268495003
1.60368152913228
1.87497874939394
1.7425698007894
1.94677529908506
1.86089242836538
1.68319830305949
1.85463411190035
1.78485460656134
1.81987677193949
1.77020404808115
1.82384375739501
1.83165452841903
1.89869568038054
1.6976504441555
1.73768596359393
1.73149523037789
1.5281129619035
1.86022353382124
1.85408707727691
1.73963366196914
1.93551881085726
1.73719873010851
1.806039514093
1.87282526099886
1.66409256283338
2.02551269988519
1.72943176589306
1.65987450782835
1.99878150940915
1.61517008238094
1.69275781684379
2.00139315727774
1.75086992356264
1.94388987469456
1.62195492430441
1.66984660880191
1.84018774394185
1.80687082757285
1.78408266343085
1.97998145758507
1.62094184203946
1.65412979480432
1.77924428225372
1.79121360907685
1.70454565073991
1.69194350078515
1.76222471046002
1.84439490818579
1.58872350834151
1.49635243440222
1.80413671854674
2.00077041748814
1.69205708893175
1.88052268084759
1.84012274650805
1.76639629891697
1.81769981209858
1.84993579227862
1.83200383514757
1.78186800068813
1.7125955054037
1.70486106698115
1.74755817388465
1.76871842238448
1.76512306828548
1.82503947772071
1.81481630894174
1.82225726796436
1.80704165263063
1.8256408239807
1.82765984383701
1.83515460628514
1.84583463636488
1.86085089088699
1.81357178056813
1.8545959804642
1.72216168292937
1.83581248294953
1.80114996723332
1.83749770493222
1.81736913825432
1.83545215253601
1.83837938487565
1.80256293639662
1.80910844388179
1.79297352554541
1.81185650458035
1.79806233075803
1.79313580836119
1.79231074127208
1.77901453086582
1.77694658155879
1.75935763726707
1.81757279301298
1.82400057582334
1.76614931736563
1.76348035539086
1.76064597249037
1.77151723409983
1.85033396236392
1.68915791757716
1.84526026798368
1.97277554343695
1.84438673682786
1.8647954891813
1.85084696044305
1.77865801866335
1.63208631034029
1.81157474581905
1.67112148586064
1.80930165505102
1.59977635543347
1.87645768478755
1.73859389653864
1.41620773026662
1.82762411630917
1.76050335223944
1.72930679094953
1.5603014188976
1.90484798391881
1.71434304706138
1.68359293001602
1.80347716139241
1.81225158418009
1.67495475138356
1.89463148855641
1.86719635798874
1.78710153654646
1.81038604949598
1.80510350853312
1.87301470627448
1.84351313752189
1.8822790745941
1.81364566257282
1.8627401143617
1.82239268397263
1.7850836257148
1.82576910163718
1.8143622403921
1.7832525305261
1.74200476492705
1.8029915096549
1.83368781369516
1.87943296865215
1.78128653541166
1.70785539750082
1.68024374931105
1.95601289642344
1.70889067915275
1.66980822059942
1.7158959852697
1.71956635810985
1.59459506693833
1.59563943395802
1.71515933822216
2.01406418161334
1.84658351396012
1.79347300274235
1.74255473658243
1.64271177333032
1.81054144061252
1.75459977020626
1.88283466648365
1.82915910122309
1.77412854063628
1.81790298287695
1.80256915563451
1.86060951246448
1.76980334959512
1.81914242712161
1.79917626408414
1.78731627252612
1.84045603064075
1.78507892191353
1.83329847781317
1.72072618337164
1.80451732234482
1.78177354313052
1.83472884099436
1.77231329342967
1.74929188550181
2.0071495331102
1.85671769276112
1.86358823739953
1.80148250390518
1.88201930646158
1.83181854891266
1.81591927056878
1.76643219480205
1.75705190211095
1.74824145512221
1.77184652112128
1.76016860647366
1.77702189571363
1.76551272321104
1.77178665406127
1.79446536798904
1.76081452622615
1.7687866794501
1.78659017775449
1.77271530659357
1.80402949348339
1.79267893965291
1.80705036070196
1.79295044267266
1.80273848059837
1.83676776742414
1.76895015074657
1.81080007268864
1.79703426251603
1.79232793597337
1.58072063607354
1.85193813583263
1.71940471736699
1.69990224801398
1.84085198834656
1.71640777203288
1.73429642632111
1.76763050044334
1.81004208191964
1.70742933346037
1.66092489753056
1.68496210397053
1.6728441932137
1.67551158730765
1.70404472576847
1.59608523628247
1.59139894991002
1.55097897391124
1.79106594380066
1.75050174784101
1.64473801609699
1.69622663370113
1.57046414208703
1.77603443480873
1.59570947892138
1.50668983316291
1.74796037183137
1.79689530572281
1.64872569143064
1.82614914559634
1.81054126114403
1.87168566350369
1.8821982513775
1.85182026422512
1.63295461548067
1.99732099447637
1.91645215516651
1.9959144491285
1.88211056556532
1.81790071551214
1.91247250666189
1.84405932842862
1.7637094718521
1.74122900949074
1.7343436015998
1.71426560100044
1.71790763615379
1.77729360019021
1.68187473261277
1.70755141019895
1.91576991702117
1.67758687359536
1.61465305011128
1.72603877228899
1.73866052380998
1.69197470822436
1.74117979792468
1.64339945991856
1.71710322307176
1.82481963121141
1.75012023868611
1.86524851238115
1.76432708856903
1.68710635624383
1.69018282053692
1.81842184352713
1.71586175347332
1.49356205288653
1.8389265257348
1.82430722781428
1.73599279088098
1.77511235676571
1.77097894598112
1.51967341744838
1.62172643237356
1.668232972498
1.72042782879616
1.70269965010794
1.70892149500152
1.62835346671626
1.80376179413919
1.67168524901363
1.77527909220968
1.78802476205807
1.84444642993637
1.63262113076931
1.6277467577498
1.88544330003282
1.84127254537087
1.74217077544282
1.86573006498146
1.63165130812096
1.70940499238174
1.51368531539339
1.80724054078497
1.69789450156308
1.70811239403044
1.72954839718872
1.68281843095356
1.71283054494079
1.71491171619477
1.65882149050958
1.60041094802728
1.9326484348131
1.80015930378897
1.86872080876321
2.08536009540072
2.05966117773577
1.99437032133062
1.76038020194652
1.73736017152519
1.81917314415963
1.95048312472666
1.95194586550979
1.6651059760383
1.85560706602981
1.8040606281396
1.75402997359917
1.68129622209723
1.75684248618283
1.78227998268325
1.7582584664425
1.74640053028319
1.76460797726397
1.88179234673577
1.86686794549533
1.77242821469686
1.79980517962759
2.01170934602408
1.85561192613151
1.7810081701859
1.71758798142212
1.94612649072314
1.73575785700399
1.71324658147641
1.74940435404765
1.81559263531191
1.70886124500265
1.70188528355138
1.6670084862183
1.72290657066985
1.73815651220463
1.73507027560281
1.72650679139203
1.72842710014882
1.73365364514032
1.73613073998967
1.71335859522467
1.71551991117107
1.73184955589771
1.7287539304938
1.69947392572585
1.73700766937658
1.76634078496157
1.72820961213735
1.71094387328385
1.72836645889535
1.71745961335012
1.67723792040065
1.68356637418147
1.77366423103189
1.8479448763114
1.77478919190892
1.80540032768105
1.79281162313211
1.8355328664824
1.8603145156015
1.77639579483888
1.77638247072774
1.7750324497391
1.83199982766456
1.90113565064839
1.90120130225725
1.71931850050209
1.71264034218434
1.70251026314458
1.81298146445392
1.83114474579705
1.78993433613965
1.7908269216658
1.80220637579473
1.77749042891314
1.81057046758419
1.73027959629319
1.81854265831711
1.78967894041634
1.81777295866071
1.81830163351617
1.78465529009029
1.76738139176895
1.78155549641611
1.78203585352164
1.77621150258552
1.85823276943855
1.8173039497518
1.79901413626041
1.78469559728031
1.73239557653155
1.76499704853951
1.74093433429708
1.72994063858245
1.74534491033282
1.74834266510361
1.73627594344513
1.73272652290201
1.66848801033421
1.69697255898722
1.68486172797853
1.735186237568
1.75941313630652
1.80775608786826
1.76155732094694
1.71211798655986
1.74453065476095
1.73663997837488
1.74453826040878
1.8767458145503
1.8262965437592
1.90600570103961
1.77025663102385
1.78049055205026
1.72021096917201
1.79490615459189
1.77242723099252
1.73168780860883
1.78172696183113
1.7259306391136
1.77972335354586
1.75653100987506
1.85453777434567
1.80200638246485
1.75998340419156
1.54210425987377
1.67260178170046
1.63522814757233
1.86611498853169
1.86929996807554
1.94093436674981
1.73525003533644
1.81979333828588
1.69407409893936
1.77547117148025
1.7109795637455
1.69549528055595
1.73560024512508
1.72455128215273
1.71730120739086
1.70438045208288
1.70730333808449
1.70926390261714
1.70489735594721
1.6984975785351
1.70279429898162
1.70775985975519
1.70534332759698
1.68316749536069
1.70060742419629
1.71089717744103
1.72434273466933
1.71328399426634
1.71528924477094
1.7250376070006
1.69806542206798
1.69568976954821
1.73043761307407
1.6723726459524
1.7183503089714
1.70398987415732
1.70494481600782
1.68338599158335
1.73299678995157
1.59537868530958
1.81634663967123
1.87333542661604
1.82700767811647
1.86611435325735
1.69818968039566
1.79552216629465
1.78405080129634
1.77736345040812
1.75300053568899
1.78018741147144
1.76862640769785
1.68804665257679
1.7343885800314
1.66717865555908
1.78082771789046
1.6306291715362
1.74713322029362
1.70143122844213
1.7355643558798
1.78936743738571
1.87711699097017
1.94527877327936
1.57008635561403
1.60088853076528
1.89556547109959
1.84273854897667
1.84740983688194
1.81895359295168
1.91905681239941
1.97520934345516
1.59354289297429
1.93203799902035
1.77241088164845
1.87722033834737
1.8726922104494
1.65348570844106
1.67603983792389
2.1266299304186
1.71635964143338
1.94245495299905
1.64883042814853
2.12629800817873
1.94998489601352
1.92594853604503
1.88940021966162
1.87283372118201
1.88834160498635
1.83313170409123
1.89612404341807
2.00536341019143
1.83328205086233
1.75372590934216
1.7026577270443
1.88685472350445
1.82715807766718
1.74125346968603
1.62053280985165
1.90917711700179
1.61841543503967
1.86179787151696
1.88971563546557
1.81102675331127
1.78504966408492
1.80072331848182
1.8554125575805
1.88404121839513
1.87361891575383
1.8746485583285
1.88374851895946
1.86716507600959
1.89713524452384
1.88291950194629
1.91806096023078
1.86969876449214
1.85896128885193
1.83884825329459
1.78214156102677
1.72482837666511
1.68886614087097
1.74414843483779
1.67811176958284
1.76455933545987
1.84924696508353
1.76845913194482
1.64639045075823
1.80890092912631
1.69420401288366
1.75567335885248
1.78660074559716
1.77894085367289
1.73224856328661
1.62950456899504
1.64117375009724
1.74718712907976
1.55629989998095
1.5934232297816
1.87099715034111
1.73960942456661
2.01892203644551
1.80628547931048
1.8801588527336
1.59196079020584
1.75897952187357
1.79445991316504
1.95847135869073
1.82549934316941
1.59332021052276
1.95548931110141
1.8169484437024
1.84237871079302
1.83185185268996
1.83648791218914
1.79525249805951
1.88409406403614
1.93375971462886
1.67961330044218
2.10300357612956
1.80705560269443
1.69995113741044
2.00148325738674
1.67099619244214
2.12654606819485
1.78123605457864
1.86769016092912
1.78348718793534
1.61639846927543
2.11255198962145
1.79195561698603
1.61147911001642
1.95679900058252
1.774131941879
1.62971059349122
1.74114818301368
1.90286195590338
1.69896387643179
1.73670846467323
1.81766952944517
1.6939455210154
1.77165267956399
1.79187176752445
1.79902360384997
1.79592333647968
1.82769448742698
1.77384233161214
1.7522419380311
1.78437582653257
1.83940607143581
1.80622745274388
1.67754853522125
1.88378520229796
1.68882403285271
1.67518681960185
1.73666487794397
1.71904517791735
1.70861285172653
1.7263429614967
1.7134769752395
1.70756833204247
1.71202473956766
1.76583613971364
1.76810846914628
1.72405953267412
1.75827214479868
1.80784445155052
1.74109644020382
1.70119055589152
1.55032347857338
1.9287287106727
2.07431687482076
1.8027395394269
1.54472776182356
1.99870456802213
1.79361307894786
1.53079339690682
1.47461448479346
1.75343755815619
1.60449941903103
1.89485124213416
1.76143155502543
1.78897927246801
1.77059524383208
1.61176783857336
1.75581051110366
1.88275365344339
1.77286198743261
1.758950567088
2.06115958088222
1.94348976028697
1.63684521325798
1.93034359141689
2.03349535164971
1.88843743070719
1.88343062316818
1.70898289712556
1.78564616098925
1.80586381602682
1.79502229060259
1.81564343309515
1.83027442799667
1.84197175941349
1.75848664662069
1.82496491104676
1.73620023719023
1.73380428059235
1.72627705751566
1.81165041317125
1.79361230067003
1.79646398065448
1.74659091723742
1.7673742236138
1.80141565002691
1.81645713183831
1.84284751161058
2.10408991198309
1.93482118951144
1.80249780007659
1.88288630039659
1.91045772457107
1.53097470403357
1.82080220854198
1.78098556074779
1.89795722868177
1.78965587508626
1.76484181961129
1.71936223455543
1.78309490233161
1.70333090224359
1.74009387211961
1.73425283479319
1.77878024446835
1.73902585700593
1.70963227109777
1.70284451233958
1.75637632362042
1.6164608912712
1.56016608295176
1.75577955114724
1.96809839702414
1.42196450640659
1.65288016291125
1.76278688183227
1.71353737510867
1.75843274378339
1.81854736803313
1.6998831486881
1.72365147520565
1.61818676053971
1.76743730245325
1.76448772338794
1.79874812186911
1.85307104215419
1.83166454027748
1.67145513104144
1.69667864780086
1.81955533178523
1.54282797509654
1.73635029492468
1.87824127879984
1.77262307174061
1.8913226781424
1.71295779436458
1.79336393833786
1.83451689610899
1.81421541766193
1.69044096214975
1.72018464545536
1.77876439746706
1.70733505264965
1.73707923488121
1.62890981836287
1.80129597669276
1.8210307186188
1.82945519072694
1.8873284907013
1.99687879180306
1.71824481841655
1.78518238651464
1.63051566108669
1.62483804090502
1.63216954996915
1.62989648676038
1.64811458656558
1.58651290104795
1.76275179798366
1.76557966664423
1.74115760840601
1.69677716987814
1.92223389612443
1.43993569054316
1.77485135525744
1.79878276152597
1.68430550715521
1.90328039609375
1.73572937922721
1.77852359233449
1.80046843040691
1.76755861901964
1.84868432123092
1.73762919235232
1.6038734193714
1.76348939268826
1.82044557511265
2.02437794416426
1.74463478549841
1.63991091153808
1.70800992452716
1.85697215197576
1.88178100316022
1.76544452614159
1.86654574623835
1.68849747616672
1.80510545898588
1.6390275623538
1.75968232287822
1.9613838990944
1.68418487323899
1.85531203635281
1.99863680447925
1.66472947115509
1.8318593847985
1.80619018185218
1.68044411372783
1.42149741544232
1.76083435956963
1.56858968929447
1.84846936582643
1.85762252691427
1.83952732279082
1.78698704571856
1.77789094105815
1.71218058193098
1.76566760844477
1.85581388157297
1.92806120083835
1.67183235443935
1.67618054108891
1.68258144543234
1.75645684645189
1.57652092696524
1.64057908478667
2.05646389320943
1.82667130190637
1.81283337572355
1.84490962454792
2.00538936662629
1.80927410992768
1.82920513245922
1.77523443430914
1.80428926085094
1.69205158423096
1.69761612751391
1.77972333423384
1.79339748657964
1.75938642132486
1.79157081180991
1.70934630261614
1.73961830557664
1.76680576565443
1.76903265130601
1.68632797581403
1.82417766401258
1.75957537932928
1.81256419508996
1.80427177002237
1.93473202599033
1.81573073995185
1.75646407908776
1.70288429665912
1.9456898250753
1.90388064478345
1.62938863727882
1.85139104917123
1.70532483999055
2.02898747264673
1.82302891286994
1.86981431341829
1.84052060743058
1.81606560348522
1.62444427046498
1.78347524263373
1.88059767523221
1.72535438699516
1.64766892298416
1.72862155128743
1.72652682662002
1.78469730504145
1.79379495616318
1.85676767264929
1.77642587280757
1.76938617901984
1.73006440703248
1.65048950640746
1.7131931975481
1.78271814819414
1.78368769170837
1.74287594231569
1.79139559042606
1.80851567117637
1.8640237747737
1.81192699370327
1.79485240778023
1.82657707628731
1.82255907051605
1.816585732921
1.85885834666884
1.84243047703236
1.75906266926817
1.80796089981066
1.75150075243675
1.6881229972547
1.79891388088127
1.99477609816846
2.02348413517924
1.54212289053406
1.61749841721025
1.73391030635249
1.69218290411
1.5339072908735
1.72877329602846
1.71844885833974
1.61356623023243
1.71746984887243
1.90061670478367
1.92700654229246
1.81928756884692
1.90189973028706
1.7258148752123
1.67360638224314
1.90438566861792
1.78685032893759
1.78836844477235
1.62399203944234
1.79592750063967
1.63126879357062
1.87517374089335
1.84182285602359
1.83409602576328
1.71343290629978
1.74446925521666
1.74238585878588
1.68690677622935
1.7486627418523
1.74783325793683
1.77707756561139
1.79721386447902
1.72453820623483
1.81034251923495
1.79598593965453
1.74908377718643
1.80377433788903
1.74242333203557
1.64901795858142
1.76523783440666
1.63467380027984
1.93786234964982
1.77669311878235
1.80044642216609
1.76751541244362
1.79463740737087
1.76469228048176
1.76818052682615
1.81865518960577
1.77658456126046
1.81278420885076
1.84075783212349
1.89833079540921
1.85771644342726
1.81568739897567
1.84073892609482
1.83291396572311
1.82363411480001
1.8059469218097
1.76222494671153
1.71308112991079
1.91410131322207
1.92712268362377
1.79456755554424
1.95771567497439
1.82645211358566
1.87037296150816
1.7720501765999
1.85581219004606
2.03159387444311
2.03724606774044
1.68893831710164
1.90742210522297
1.79002492131164
1.96078851319502
1.88824618592845
1.93251716736845
2.27802750153165
1.65159372075395
1.68957722571993
1.84243077318632
1.76071635633184
1.86661897108231
1.67640206647567
1.79105620339726
1.65223379578851
1.90218923746401
1.81436410146032
2.19358151810096
2.16243320110024
2.08574077080207
1.67250966758432
1.96666034598407
1.67168414689451
1.77806864565973
1.56836185691877
1.53652981557178
1.88536424863844
1.50109384033874
1.78520829606699
1.59055281558645
1.97781971226516
1.72546530405116
1.79291194767698
1.77521980885071
1.88091815018844
1.71331201594281
1.76012857915798
1.62122091018302
1.67283061096732
1.6452223385817
1.79739528330328
1.65795516724442
1.81668998274053
1.76504304218716
1.77862362448024
1.77515971346709
1.84400200647205
1.77035083806285
1.65465951377176
1.80374133537244
1.79938970955825
1.8871428613495
1.82809664477709
1.81242246726422
1.71381299205792
1.79063452689757
2.05381502912705
1.8766133662787
1.52957429199822
1.83813360605166
1.76521349836835
1.81621442278879
1.78912901432612
1.79614080333941
1.74906986604623
1.66685579687726
1.70828083258977
1.67788174399337
1.68376923369686
1.74614242515111
1.71029267662298
1.98236194711419
1.7057413018551
1.72777751071261
1.7533045075916
1.70139130602894
1.73535896263232
1.77591131330731
1.75177790862094
1.82058440350215
1.61716913507887
1.65859977777515
1.78919108954528
1.79504678310998
1.930436078281
1.78128528800515
1.66712645164732
1.93465379285833
1.69110538906825
1.77284037829654
1.70270130640282
1.84831447466248
1.6136167529454
2.03172599788068
1.67301527006566
1.68685670150067
1.73342857173255
1.94132954428213
1.78907928017751
2.0938171864663
1.81480403603364
2.08917965659037
1.8460327004937
1.56948274616841
2.12366826519589
1.52886108575457
2.15762588502848
1.80981961416277
1.69277214813713
1.9635177035588
1.92053282291115
1.86946392172277
1.68501757848057
1.80421254223142
1.80548740093139
1.6243641309458
1.75458931029963
1.75962881601768
1.72164676942459
1.75848734054877
1.93464329347816
1.86624643121787
1.80896846204184
1.65061485622052
1.69829776983257
1.69728598389762
1.7105580296958
1.6809766210695
1.58754827183987
1.87197937349664
1.83921408224753
1.67337169170146
1.72529097375945
1.8791442032256
1.90573799271746
1.67391086782575
1.85559780002694
1.84677872247464
2.30083562749089
1.85011388766666
1.88565750203968
1.88361464642797
1.76119152821774
1.99283266761749
1.93870073940244
1.32279179967163
1.80912108663649
1.96808203621228
1.89383287416082
1.68991539854961
1.78788407542158
1.72495468343285
1.87604340678627
1.69530531049379
1.76101245261373
1.74700748342367
1.76260247270132
1.9203570382457
1.82162849111741
1.77327488819956
2.03101631871437
1.61767655369702
1.72789897827733
1.89703986218538
1.69166994231361
1.68861980164743
1.91291027320846
1.74053160019299
1.5484273180339
1.79228788494844
1.82083786527322
1.92386289941747
1.97195491378292
1.76219563337969
1.54681349194545
1.69047252011958
1.6312956439322
1.80117053117061
1.77303701164133
1.70582624352775
1.8855857794079
1.67355126346108
1.93128638953448
1.83108716583847
1.92948796815727
1.84328111242462
1.79594107173747
1.81227678198832
1.63084046486434
1.93399816830183
1.76323158563929
1.76357781383916
1.8543037380716
1.7823845437175
1.80830133425336
1.63621439903213
1.77661068336705
1.9727207278384
2.03698011867115
1.62589778311314
1.50277270327211
1.85900135242232
1.78384641070266
1.89742701443521
1.7807103213143
2.08341323455929
1.95297018306586
1.96136139596059
2.02685074305042
2.01050807685632
2.00345485897119
1.97397418571364
1.91213685615513
1.89123242879587
1.92363087466857
1.73787887924582
1.85868669663666
1.94830448875605
1.63849063023798
1.65404927385677
1.81295948071524
1.74184811720908
1.58872315403357
1.67133581234865
2.01585241898003
1.82166790763202
1.6195725637689
1.78517047922135
1.77383469703956
1.63556059286502
1.88437680412902
1.8296846239584
1.80418525729119
1.80903699339104
1.81908572076804
1.74042020132585
1.71763570920384
1.67313101204128
1.8370872817926
1.80730426875964
1.79756171692548
1.75895575127823
1.84952630822478
1.82436654146405
1.79156332234884
1.68382946151377
1.73117280662259
1.62886492983673
1.88045467052216
1.89782056887572
1.80428371186255
1.79715354893893
1.77779235882325
1.83466015338936
1.81023129711773
1.66334196720814
1.6991057567455
1.76329742714232
1.79364042070793
1.68341054431339
1.65570803765393
1.92550747482123
1.89246247957856
1.75137260793211
1.83448958069291
1.94977573541238
1.59800162124454
1.49531989246325
1.62681022407141
1.65706128964604
1.78029669119504
1.81046460575331
1.72306720475445
1.79203076727383
1.72186431338605
1.72595718568946
1.71154475605757
1.71677321019422
1.72512259630319
1.70626031130333
1.71720490303985
1.7214097205707
1.72802154785176
1.73028196309383
1.67638769985685
1.70338256773529
1.70775206331321
1.75208212233431
1.74353313064323
1.84821754907952
1.73473737726572
1.80792676217108
1.84280016302811
1.91178320172019
1.83608030002098
1.87332191585976
1.80722769784853
1.77292023745727
1.92054880441605
1.95417706296983
1.76777528296532
1.8133737910235
1.75440928964474
1.84648910590307
1.7625826257905
1.71812210997139
1.74000373094633
1.71781941893911
1.74658885501952
1.77736623021653
1.77175984454341
1.75047822494573
1.75456332022478
1.72069104396615
1.83079593833079
1.88918144247015
1.80668506286212
2.0405058282582
1.91540392213842
1.74548900840016
1.77528684646961
1.70855623552932
1.84864001936338
1.81516485349391
1.72659532827815
1.77596150202795
1.82549695838831
1.89383809954225
1.92889214003918
1.73421771306057
1.66891973843145
1.70253910444128
1.58671989677703
1.67441975596326
1.83792494774475
1.99973558702935
1.86559482793482
1.6030118549808
1.78009452090587
1.84258356168515
1.70372047864325
1.62862271919165
1.70874463538251
1.75290111219059
1.7369735948154
1.65440810200681
1.65524511780536
1.62643030176047
1.81871384381035
1.61248833800711
1.75785308884112
1.89067199147162
1.56659833962688
1.89621779759678
1.79446696742583
1.66945970237505
1.74501445041586
1.83966587034329
1.79480844641083
1.82737281820278
1.80655161462879
1.82344222682703
1.86662644777849
1.82849800354918
1.82829209230665
1.80307354458151
1.76016675564765
1.77257955379348
1.79485419910377
1.78905009409392
1.79250091554309
1.77798341456405
1.79204941542374
1.7907227363171
1.80477365531487
1.78492676778129
1.82253141160705
1.88961539335598
1.71585215707102
2.00991497970523
1.79099499155875
1.90559010297957
1.70957795343004
1.69850107388331
1.65045082790472
1.80510692335801
1.74459355549888
1.80085806518637
1.73744731670921
1.85810568635935
1.65992888705469
1.71208616336608
1.69884786873129
1.79118345419274
1.7124353166791
1.65029036077326
1.56733466611401
1.83464567301973
1.89864519940048
1.65614752914367
1.83158902786531
1.25277965936454
1.62018659130022
1.72587696865466
1.36205975972092
1.85854355457141
1.7816459066242
1.77985945922838
1.72055358646494
1.76523955217793
1.73104304371173
1.73140567920636
1.72519954040247
1.72161580293786
1.68488267876289
1.89576773548806
1.76285316435294
1.73092812464281
1.67611712971646
1.67647498127305
1.62097037326419
1.82645926773534
1.72391569197406
1.79335971780874
1.62576883788417
1.50497388795979
1.74497303571408
1.84004309116568
1.78248023590612
1.81515693363356
1.8056937172235
1.79426089566775
1.79935360832113
1.79165893837399
1.81918076723747
1.80453101377158
1.80246703778777
1.8006445499721
1.79686981198487
1.80147301529487
1.74504978559266
1.72234342242749
1.8066775761675
1.78207813287796
1.741123749965
1.72303677313797
1.76874542965734
1.73099262223433
1.70365041306807
1.77674777749488
1.81391656304124
1.63911157870988
1.60344057065691
1.62587169087501
1.67062282175917
1.69717114439353
1.57875442216865
1.64815751316322
1.82940794199855
1.66005485898407
1.68814740306429
1.70166242834055
1.70844876370639
1.69858998503018
1.76514308086614
1.66572037955952
1.66722301426047
1.74322248311557
1.72283130756614
1.85881121266511
1.82188276597326
1.76013477121676
1.82899058641016
1.83470345963917
1.84764024425341
1.81178299788957
1.73926491281886
1.59898865158891
1.59998526987137
1.67125469702598
1.76596110558126
1.49550405858624
1.73298165430119
1.72130223957065
1.71484659833024
1.72573293925827
1.85206309699404
1.70841333497799
1.74599476657129
1.83273006872667
1.82845002466991
1.69529429851088
2.04207090110481
1.73764640239057
1.77335605599525
1.6575822968453
1.70447572773054
1.74404786307147
1.82121439143005
2.04151860485366
1.86483392872757
1.94585008961114
1.73514926381912
1.74773883914193
1.69420618077373
1.61420155624438
1.60595714652541
1.75881016805598
1.76692624265681
1.73725882273627
1.7837910502393
1.7924091275241
1.66898470801808
2.02992518855802
1.97345320596462
1.86369366125249
1.99099818985207
1.66814047781703
1.62121311442789
1.73984052785196
2.04531166160915
1.77136038197736
1.88069006938574
1.61960124091871
1.76382447631282
1.84939541779831
1.80001223972263
1.67711435510669
1.79980162904353
1.7917367014489
1.72214581286885
1.91672753044477
1.83315670972683
1.78766020244142
1.80027220406703
1.68076878178868
1.78998660273498
1.83184499080354
1.71617303236596
1.62718629577341
1.85593105118868
1.75461743669421
1.7597178010875
1.52868378594432
1.7535852585907
1.74020846015403
1.61098808326369
1.7705102069762
1.92032565609507
1.88951799412502
2.04748728743524
1.52587953877768
1.6966734211507
1.9105917952501
1.76844249259988
1.87168155172336
1.96520165611175
1.79847873298232
2.02284799478619
1.70345565575196
1.99318803592517
1.59343061710746
1.7201930948091
1.83768731777338
1.71912971350978
1.74347129342718
1.84456113723073
1.84106210219212
1.82412901301621
1.86151131254055
1.8293592705035
1.82299255427953
1.82084611604363
1.73729365873875
1.97367878421178
1.78826572744925
1.88633908863029
1.88577483398753
1.7368504162372
1.70973349105094
1.85077593297913
1.82827112446258
1.84141220180429
1.9876891876179
1.96946511193004
1.82435975664885
1.89989786680254
1.83490023191261
1.93650415516489
1.91180013792097
1.83688935436054
1.82136910986288
1.87630171829879
1.91134892072085
1.90471163592518
1.85964103076617
1.90610977024809
1.84507970888331
1.9035444358081
1.86635601519946
1.91400743506656
1.89910860879597
1.90314739785535
1.86752318356635
1.87815047792327
1.81411098272104
1.71628949787151
1.58894207983889
1.72068977173004
1.74195274147648
1.71073024035838
1.93409904489388
1.79052343864407
1.79350314286762
1.83911875357859
1.7877381044314
1.69372509476442
1.70153355300604
1.63893843491232
1.76954825012357
1.66049181623743
1.66776881419926
1.80256789124685
1.7826160065178
1.80253826359538
1.73237328279054
1.69335736985995
1.76152834673525
1.74938790272447
1.78109028626136
1.70853263889257
1.72463372157723
1.71134433358056
1.6481981375164
1.71273753084942
1.68264531586118
1.76064335558633
1.84410172715563
1.77254316648314
1.639599519407
2.03211997439058
1.74294666402684
1.79430065466222
1.60059299021609
1.79011352612708
1.68615670147602
1.99103063528685
1.88716150875587
1.82198250057567
1.70517911224369
2.04731743563712
1.72610473598599
1.90388097792849
1.84894988529918
2.04591276490919
1.94943771967081
1.92466558321413
1.70230144624876
1.69358626210085
1.74180816456293
1.79733188859533
1.8447823847915
1.4942291212496
1.78400557254867
1.91507838726111
1.84550146125002
1.94146923899985
1.86772809395114
1.85340536844015
1.86134991143044
1.85310849810939
1.85147132651603
1.86021159076044
1.85881737063868
1.85978544089819
1.85985796711364
1.84505862470344
1.85516805231871
1.85601589974459
1.84261970528695
1.84728415597384
1.8477919348244
1.84455894106431
1.83118310821353
1.7791703472907
1.84980473005008
1.80137223824567
1.8355886700346
1.85133873920655
1.72051596557612
1.73290744347529
1.7933007680228
1.75767594762299
1.78030305290808
1.6914985885644
1.72237531526841
1.76050330864138
1.76301016728962
1.8843117282093
1.95223130158928
1.90023490792407
2.04474085915276
2.01631445230146
1.71161914006204
1.73672649467889
1.95696624285793
1.72102645857209
1.85114238914934
1.6573817922556
1.49150172512332
1.91577966612499
1.68744591229237
1.93789885585842
1.61390018628733
1.85456943327513
1.71053905640587
1.59226402543966
1.98733349109941
1.83185129823607
1.68176185565196
1.9071126802031
1.69915771006967
1.95915318108083
1.66090632723607
2.0452339690393
2.11067528474732
1.74649440976205
1.81823128103437
1.77270817810536
2.02153330267895
1.68497071054275
1.73136256007228
1.85656374589084
1.72173894998546
1.75914500188869
1.66959118130196
1.9196011319523
1.93422049128415
1.97753912257986
1.52308687317003
1.87214506994997
1.83146183791607
1.87375429656562
1.64254854991449
1.82414784589521
1.6400147391572
1.73812772063064
1.73505783759572
1.61316914459131
1.86452772813714
1.64729058856582
1.81183999083964
1.83991426406451
1.71780616185656
1.66429523278535
1.72520522536745
1.74448738809164
1.76130710899089
1.69215255423258
1.78314156761369
1.84227279356351
1.80309548701962
1.82484619090421
1.82694903939592
1.82334715557424
1.83353880808677
1.83352254435095
1.8345446275101
1.84095848973268
1.8254995203309
1.85278867843287
1.84120435979201
1.86033569556274
1.83598779385268
1.84116352245343
1.82013735903828
1.77651283964005
1.80277289697294
1.83285908663627
1.80747091723965
1.82524455839278
1.77204995147461
1.83825303984387
1.72673593848782
1.78287441159027
1.7289225092897
1.75684705324796
1.72690452619599
1.71501472507374
1.66218262557287
1.69104741692781
1.66716065726527
1.70235177740254
1.72948529024377
1.72430093135095
1.73166871589491
1.71605121020813
1.72792752582749
1.7384598257943
1.76736463148859
1.82237034666908
1.81540876103154
1.861655039688
1.82273015159926
1.76604428866403
1.71228140585658
1.73636790160724
1.82122637534621
1.73237241103163
1.79603295493739
1.8569961520953
1.79944199400337
1.82739678196307
1.88163147345285
1.70972086009659
1.7046664548623
1.79324527006101
1.73264313266363
1.73440508775754
1.73834815772059
1.72817962130796
1.72061292624723
1.7158913016512
1.73446647025326
1.72341481680196
1.83531818682634
1.73905875184719
1.72050927461166
1.77909740839708
1.82354778267522
1.93805600922924
1.97865732299663
1.85534050913146
1.97243175837353
2.01582925031703
1.78780277549074
1.78068780528553
1.80250777033687
1.71816786723447
1.85856007351743
1.81525296823538
1.85270031534002
1.92500777301997
1.80372717147671
1.64802103140885
1.72369913866971
1.81286802692809
1.8289112345669
1.83097912660365
1.81955639371111
1.83839007022228
1.877227038085
1.76587362327781
1.64781929137586
1.93068760693152
1.77925963849003
1.68471100392617
1.71199237608834
1.61974304255167
2.09216612388292
2.15362767076106
1.72483576191182
1.73276654760955
1.87823546059312
1.5986195843802
1.88520931591124
1.80057857138391
1.79270948389733
1.93219505747875
1.59531253002216
1.8070858374596
1.73364388731216
1.81104399412582
1.9260710794939
1.77352712480225
1.8855542961504
1.74653642839464
1.70583657368446
1.70449888266063
1.73274055661448
1.84514124607646
1.74542539663345
1.78093378651031
1.7435223611654
1.69631923500855
1.69545621842628
1.73156114258456
1.73294178215118
1.73319251214862
1.68619102544125
1.8346195395703
1.84953801019635
1.85139984006488
1.83262264098909
1.86280799305245
1.82143808746898
1.81742332335866
1.82225239726456
1.82323105271773
1.80134536521588
1.79839773396683
1.79839109291885
1.80571453591086
1.82893343021654
1.82380648000532
1.82288231125742
1.81098851009064
1.81157746770146
1.8115290134859
1.82909417699615
1.80235296605294
1.8779599712668
1.75345315758164
1.74825749198094
1.68343896327093
1.68154680488089
1.79555194580979
1.83877342402019
1.47206488301136
1.65453535841006
1.76639240092588
2.01325761335768
1.76468238335304
1.79323435950208
2.00898559852958
1.74157789691911
1.78001080658382
1.77693035853227
1.93532710432569
1.89084302684881
1.78103472763162
1.76878181383699
1.78677775197625
1.68001663874086
1.75152088904371
1.81803123912339
1.65967907983403
1.80029943633118
1.65505621732299
1.73095792443233
1.8735584616248
1.82868300040709
1.75893546689633
1.732628445678
1.88832435089465
1.76607943455465
1.86474252200524
1.57343800665718
1.67469638874852
1.75239939642086
1.63544722743765
1.61181760009957
1.50133001901219
1.67114531769792
1.79522676792459
1.95945922187858
1.73636200522549
1.82168119087222
1.68454513249684
1.59953183498466
1.7764532261722
1.76780695254704
1.62426103933501
1.85237811964153
1.7013526059621
2.26374460745719
1.61642685219115
1.99207954987058
1.70700223335881
1.79445638238375
1.62800160727071
1.90843475328603
1.75225285340414
1.80945356334449
1.86086515726914
1.92285930645503
1.90652426511465
2.00341369452142
1.98135756477217
1.55562128205425
1.90564929340895
2.00179547084387
1.66884224585075
1.75542798587765
1.57142748776393
1.72549136382498
1.66446332162318
1.77483469547287
1.66389697637679
1.71651167696003
1.73980121354371
1.73259291089409
1.73978742060145
1.73967906764455
1.72403243735721
1.75543766103171
1.75474753391721
1.76041622122335
1.73118219627432
1.71050895726465
1.71280575260512
1.79011935490451
1.71804217520465
1.79188585879263
1.71186502458362
1.77376726957157
1.78794711201278
1.77149845203923
1.71906601603831
1.68156859342825
1.67168820444527
1.82128001386228
1.81303477924281
1.74849798021822
1.83724715120054
1.74135961678001
1.94264815900758
1.73800722280746
1.80825498465863
1.80890143123852
1.62604995077687
1.65010546889255
1.74131856783603
1.60490336279458
1.85190736844894
1.61441665593938
1.74108452033699
1.78148646818041
2.09983004007066
1.76611844644642
1.78934126334143
1.82002657989796
1.66592177334124
1.67702830001471
1.80780189328406
1.72042609923314
1.71538595782523
1.65046123840467
1.74031816783265
1.69576438519357
1.72466362467029
1.69075919615087
1.81638650540488
1.79781080601153
1.64966259641786
1.7248432177196
1.79493703690725
1.5180951162557
1.70890050869857
1.7153544625848
1.68324085725374
1.86311276904669
1.79370259202926
1.91493749948092
1.78900983598476
1.82561019905854
1.58694987435522
1.71649258138509
1.73511622751351
1.86441822795763
1.88791676894688
1.76203208417342
1.93876888513255
1.91124507002483
1.90806565142042
1.98660999722249
1.97526594178955
1.92720655846311
1.68543762149948
1.80668934918685
1.82317556564082
1.94148433156231
1.95446821538779
1.90526370986361
1.84215754295477
1.92815315277845
1.734255325305
1.75382859177688
1.91850202552038
1.58401837716408
1.63518586094454
1.75953641498177
1.46705531550355
1.74959220521105
1.90940564185649
1.95456432276525
1.95315859958987
1.97971298098001
1.98130784302737
1.98133635821027
1.97137978627652
1.99182846421288
1.98554391140354
2.02832007035718
1.95758994567455
1.89210178302489
1.92088335709902
1.82897728693621
1.79832413129879
1.71714095892447
1.80078078744139
1.87690073160796
1.76665370935824
1.83040782072832
1.77006246360344
1.84847807625357
1.69953870609355
1.87372687984476
1.66994480814105
1.69509539039983
1.7295959787272
1.77445531278504
1.72060195442235
1.61649563206392
1.65226702539181
1.70634679648292
1.6916052183094
1.6812618611485
1.67453806653651
1.54451424235046
1.7570358691476
1.80735798396504
1.77977004067308
1.83539379238059
1.69920646603188
1.83408024030855
1.79539722053958
1.78055403251232
2.02282129750516
1.59033162920229
1.64789833928007
1.65379664302248
1.91849625500184
1.77158386542438
1.78163498152146
1.80223026215774
1.81088801022125
1.79807844701256
1.80237022083429
1.78253504845072
1.74688349856428
1.73007866167551
1.73096230776429
1.8414204015056
1.77824952816135
1.77181378627854
1.78038747020566
1.7869464693728
1.78707861870803
1.7631893843466
1.74872228305064
1.75040624947092
1.71111874312933
1.78062064167989
1.78048830992486
1.79057751923003
1.79630258255968
1.77630004768309
1.79503015047054
1.76817927493045
1.78881780181496
1.75916372996855
1.8964493070908
1.89681139484371
1.78175712317724
1.67324544735796
1.71165217237403
1.72188970706985
1.79940388549855
1.77417679633119
1.75310944939214
1.81347538305038
1.74857897928932
1.83730297808808
1.81850948288001
1.7668148755316
1.76190436750931
1.97355797606592
1.66599789553481
1.74565115679998
1.66655659569863
1.66415808317538
1.73448399152967
1.79491900531794
1.65781495561302
1.6511236702365
1.73198304099712
1.74936265779395
1.76724281104094
1.79490617263098
1.75522558330103
1.81586515115828
1.87254582254867
1.78315646829881
1.79620154477603
1.8208119590176
1.7622754525023
1.77592308822553
1.77782538090592
1.76538101384407
1.83118817199557
1.82354211253886
1.6196932549517
1.56463595324946
1.57322388779663
1.75180944334899
1.9670298759428
1.8871278067118
1.7439732127488
1.57063062807944
1.68791239187194
1.87134678958724
1.87006157455475
1.59893723520401
2.05064398434679
2.03719410260263
1.86185925907644
2.04094279546831
1.66734711347842
1.76109176353914
1.7569616210776
1.77696793850566
1.75554013090965
1.76677211531579
1.76801385540031
1.79449152882313
1.75443092572782
1.7183264409778
1.76130485441369
1.74296238962621
1.81136301302358
1.83177654595627
1.87472518953344
1.91065499677812
1.79490269218999
1.95604146824152
1.88464882871568
1.88383524432818
1.7104564844853
2.0196899259044
1.97737516984131
1.65150758607976
1.77180115567664
2.15998165827863
1.82694274558182
1.82783691841742
1.84990885724563
1.90427603059141
1.983498936091
1.82499572410242
1.71866892469972
1.73102826422239
1.7543134591148
1.93421221924823
1.75731702737156
1.75621940676922
1.902152821566
1.74322422416898
1.67514267482066
1.70980611164465
1.71468553481736
1.66607566938082
1.68575836887058
1.78178781425909
1.84942343320867
1.75416124895746
1.70123974570034
1.82891117676505
1.72899959549346
1.67912522150467
1.73380409912258
1.55961320172291
1.74300334295687
1.70827196627336
1.81764528352639
1.69698701367222
1.73232851346329
1.76267167951602
1.61305470328785
1.70434746778602
1.68948162768959
1.68779925422948
1.7271644490652
1.81936563360636
1.91800564674841
1.86500714306327
1.74854392072297
1.73397486290441
1.89537904156111
1.93842340752328
1.65976554425129
1.78626339994647
1.45500544188774
1.92827709279068
1.67439646520643
1.55797795049535
1.79748103812841
1.7878759842507
1.72129830270995
1.76734648054664
2.00445756009463
1.68659112779287
1.62823924083898
1.87969747517947
1.53245996709203
1.82837470703888
1.60354861465071
1.80588596287151
1.6311430717283
1.79039540122897
1.92075559565657
1.77731879905922
1.78403370741075
1.64859541271422
1.76313578039479
1.73635710122461
1.7413226886961
1.71893510161528
1.7693351999626
1.73938466656583
1.75111774920598
1.71706753323309
1.74030891200518
1.71350130707818
1.83574951543794
1.78839800147062
1.62839865270621
1.84548574436593
2.01108367743257
1.67052068292896
1.76014624246446
1.80845284497859
1.78973416153891
1.77288478232551
1.64935152249824
1.70792677937734
1.8105305472546
1.79795584231967
1.88775347839857
1.78377366144898
1.81126672292898
1.58591553725082
1.74265691818518
1.73943550218781
1.74131476644066
1.77775711088613
1.8171265645688
1.83836211395484
1.79164416744245
1.75850559185845
1.88410209561487
1.74685640912466
1.7731405623653
1.79627321678992
1.74626910491458
1.75006456777864
1.66739136535111
1.59686819386902
1.74993979526835
1.69876099040558
1.70223118667004
1.95994560487402
2.37190032957531
1.74904253754752
1.82101023854065
1.64967077748269
2.01254837370085
1.6848783993243
1.7116627412399
1.76023259948704
1.85655947484777
1.76511639012772
1.78865085141601
1.84802915038528
1.82846069360582
1.78297470445302
1.70371483821644
1.84916387944109
1.90452863620625
1.64316550883802
1.68951513098942
1.66855574142468
1.63585702515572
1.65270454049558
1.64828297469259
1.66342058489005
1.61182403319051
1.70154287791092
1.67897695044858
1.8824292581108
1.87480996658301
1.55455773732552
1.71992540789937
1.68734779296038
1.82261910811002
1.74316091236016
1.8027611469215
1.78244671151372
1.90237300219232
1.70420767666003
1.89855265870857
1.97236906622696
1.64457436843653
1.95272927631169
1.47777376333802
2.04473601148428
1.69959293091672
1.74536984507906
1.84775595816242
1.98602510232218
1.7958168305571
1.84076666558958
1.70823620144683
1.78983179708241
1.77556068013683
1.67297401986069
1.80418826690078
1.72550895227864
1.82656577994805
1.70739850433688
1.84317718233242
1.74489023801574
1.71121426532326
2.13017910309676
1.81199064035807
2.01844361013957
1.6623405092838
1.80526040968484
1.85981816167256
1.79115012134243
1.70601788415753
1.97430383122474
1.65096004420578
1.73361441471057
1.75972841581416
2.13917583527473
1.65268622811162
1.83242387172477
1.56489221078028
1.82389685181307
1.67845580444149
1.76185943073329
1.82884379834979
1.80873495516356
1.80461811335499
1.89151053186872
2.05262111385864
1.83762862890657
1.80904446999929
1.7548255763454
1.6661914876161
1.8559599152159
1.8846581935835
1.71124060610759
1.81041133661274
1.87060841053055
1.7064640142614
1.79265152516976
1.930393076215
1.79160152779316
1.97382823498278
1.85406266124308
1.83865898689272
1.83721619835889
1.95308247569479
2.34102961711232
1.80169817493202
1.51343489915063
1.94856706306231
1.93472983713329
1.6510250508878
1.84561475493049
2.00456828578575
1.69406237160434
1.69021892710542
1.83604941923106
1.77598837625283
1.76716472601943
1.83834158385132
1.77982369883922
1.79113776929733
1.85273427510626
1.69243888215251
1.75087960036717
1.75013953324005
1.85342014982967
1.63262670927338
1.5425347676115
1.77476105636927
1.71526619980926
1.6888607426931
1.68955035438966
1.87789326264967
1.80282234526584
1.67629093335512
1.69861815816558
1.85030981329
1.79293384258433
1.7612537056899
1.73422047644006
1.83900660213753
1.75758801378862
1.7287557449349
1.79178784574089
1.68494258896655
1.93652124768197
1.76212131878663
1.72789690042582
1.74166534457488
1.66523342793638
1.68882665402552
1.70325569942848
1.71128906331408
1.63216875489555
1.62124391972465
1.84133111633828
1.87581414392157
1.95640808973698
1.67291025984925
1.70000060275063
1.92155380414268
1.67637177574832
2.02814874764388
1.90848728559651
1.7244796783234
1.96932410795528
1.6201013161941
1.73142273655554
1.7325299764083
1.7328230332411
1.71754629808412
1.69499830954378
1.73355748630952
1.72093596782127
1.7508538082997
1.75131948935345
1.7132509769509
1.76425198435944
1.78060937380523
1.84720794744445
1.83116133627948
1.82302851658275
1.81784166521077
1.88541915587706
1.8391488198499
1.85115388787188
1.84903997286215
1.8535045605994
1.84292425603765
1.7320396534087
1.90473099019051
1.72416552111238
1.92919853259114
1.50774277207272
2.08040837633263
1.90757193020191
1.74907155473324
1.8093934813368
1.78167938484148
1.81874217306956
1.82257548004522
1.79003606350593
1.80765165831901
1.81650347591039
1.79248614572279
1.84492705412945
1.76218756016347
1.8327444708917
1.81672805427165
1.82776052370943
1.83474025928905
1.84260652322674
1.83495725359244
1.8415479022419
1.83556028311332
1.84188792976375
1.84012461325166
1.83868913698727
1.84127437206761
1.83832596369939
1.84270742670233
1.83522785534418
1.84155864608449
1.83839453770013
1.8325983530704
1.83103847667898
1.82291322101811
1.81168450102316
1.8264735250022
1.83280496530882
1.84129655141534
1.82835882705014
1.8583726535795
1.88279552883697
1.87523428231188
1.89895883783512
1.77270076924266
1.69214009821262
1.73841426361291
1.96793365339498
1.87782748309195
1.95349129074695
1.92069097644381
1.84768845580377
1.86596393690381
1.83012981418702
1.81997963042794
1.83751351364762
1.79057371577987
1.61709551418571
1.72915321068129
1.81271083356555
2.04384034927101
1.7837664769807
1.68939063241423
1.79438730419706
1.77113455791212
1.62661789331509
1.65749988868077
1.67272125853266
1.75948425019707
1.71720792560029
1.72067250266206
1.91303091583002
1.70736287829247
1.63531530478057
1.78687477541627
1.61336858047702
1.83072514581842
1.83223465297749
1.47715957940341
1.9187873493506
1.75949201957003
1.7310644286611
2.02594621959279
2.1610539861809
1.94509696807258
2.17269082898574
1.9386551809641
1.7271578082799
1.83394003761692
1.61541305501557
1.67475636441171
1.81536171769578
1.81898356141562
1.82794911670997
1.74644824787321
1.69141308322145
1.92408275621492
1.64152109813604
1.70542615532383
1.69075879031668
2.12410879519504
2.18517429268741
2.05188285248099
1.8416110077938
1.80742941971066
1.90240661375057
1.85391395362163
1.85924368472628
1.88124003282853
1.91671340798331
1.88837986496718
1.82977526846957
1.89484830500034
1.87009150254855
1.8419115564369
1.83514065511497
1.83765937856279
1.79856556993529
1.80509709934973
1.80843462921875
1.83068206060524
1.81866481828035
1.79816259445048
1.7978363730438
1.83010717082543
1.80751653683437
1.81242096558582
1.81383117044857
1.81751675108094
1.82561731640377
1.81751155963723
