0.0979617985431105
0.565252219924827
0.780048135914882
0.723498724343545
0.75864978388626
0.772071155146013
0.701125572980602
0.862195910007235
0.752557412374651
0.668376660031279
0.695593792708721
0.97808844553059
0.832106292493363
0.778173384883579
0.574998930334466
0.861457202885525
0.923874812831123
0.743831358833474
0.803522096425779
0.972217453961397
0.882953236331212
0.955930552964513
0.387904239069161
0.829645900354973
0.757252483337123
0.936476375027498
0.68180295969917
0.841321288470943
0.697866185236222
0.701404286738442
0.592586874696542
0.674354071639009
0.7819296442047
0.919750101772919
0.901795462656245
0.845552788529739
0.889172692102625
0.901534889885254
0.785637417077381
0.705342653854811
0.749069063684305
0.75642877826719
0.871722597606045
0.893343008111427
0.818689898365548
0.880527712374911
0.876283182204518
0.547993911651263
0.671167285413555
0.59171166924861
0.723870103202836
0.825249221562263
0.545988154889672
0.918368816369319
0.692571253396782
0.572782172115087
0.839006791430337
0.722795369020002
0.894031289854278
0.853848166352441
0.820124311025883
0.783610494759126
0.841062342311222
0.847328788640238
0.850519198818539
0.67009016050677
0.714492576253434
0.83444039269545
0.8992721992472
0.852923464114182
0.79875749346498
0.82722618224292
0.773420845019009
0.823390223049142
0.807769991849247
0.873303510391455
0.791860060112597
0.590468641056262
0.856252608776996
0.879506731559338
0.686599226575029
0.961468486347874
0.718776096190202
0.75112579235485
0.870795525285028
0.957936809436504
0.60079374618007
0.924112264502102
0.778807665108435
0.797934403874597
0.706788345888916
0.701572299258128
0.384715016998234
0.621673763039288
0.668892642283958
0.867622004057647
0.534240620815677
0.934804507497858
0.722953068598602
0.780434237195574
0.906509098371696
0.913434054033118
0.769263224658142
0.962012611333563
0.917497614167724
0.910173368417496
0.886494341450962
0.84821089958567
0.806780477177577
0.817868263259534
0.944407715650362
0.862457344248653
0.855781351654598
0.841053308746539
0.857073524500758
0.805193914254354
0.873214481971709
0.757854913700153
0.744962986310251
0.82558858301428
0.764907469411139
0.80118599888655
0.796597457751335
0.845081186524677
0.767681877510613
0.832592628195941
0.676928314708258
0.975327522935673
0.644841697257589
0.846123925144649
0.895634707913278
0.812370610273656
0.524583265738606
0.880585055114476
0.978847004761956
0.833793048842053
0.929173293220448
0.741855700262633
0.862562505233337
0.665948151285359
0.987844209755244
0.95776862602792
0.839791488099248
0.88637510697282
0.772770176727456
0.687155096879447
0.851428674161044
0.816776442554594
0.930230235065531
0.570549682317387
0.573960330111287
0.876937881369392
0.79324754625876
0.993898084937196
0.616022572510248
0.675220550880662
0.768969841574358
0.774201753826014
0.474225321154725
0.695195628775545
0.701294202862933
0.916048813778559
0.884904286327414
0.895400809959924
0.734433597572539
0.537761378107446
0.700991663246058
0.773330392367984
0.990694469721831
0.953917344695216
0.700310939809412
0.90906905050769
0.951548765884666
0.872459412880394
0.510252175966594
0.777318131130543
0.76570172976678
0.641437734764906
0.594758874316368
0.999586826760519
0.745540922909423
0.934423327460301
0.821020510983347
0.940621142338425
0.978147301219883
0.850318109336034
0.878951653460738
0.871882044867015
0.898862228404259
0.882539904591004
0.878727079288628
0.858050613511857
0.858546121219585
0.88463896762963
0.849054386441188
0.860148501265565
0.812771206805873
0.843822691053193
0.854622412455092
0.915284781803151
0.833343430985883
0.802171264129651
0.865034759508417
0.959979007662836
0.75131783205027
0.894630911119912
0.744421060634704
0.871046095425526
0.757860202185264
0.762988484954192
0.731010900114399
0.685242692238245
0.788614018093925
0.774175364372285
0.907591758136503
0.767678851593133
0.954722036581221
0.835314922811625
0.926825458612173
0.749357723916811
0.805710410847806
0.924749515371207
0.950200286026663
0.95890393476886
0.796961759786397
0.651678793798886
0.716883212013499
0.659807908266689
0.745544313644905
0.709522340369891
0.800089321704532
0.828858662424048
0.846377319382619
0.807787206179097
0.811159106729883
0.8123402035963
0.810767243119321
0.817617924266784
0.815753187605765
0.801685380966373
0.824401880923905
0.828932560287075
0.825376289509974
0.806288618432093
0.829967154781588
0.819140223473772
0.809656207863888
0.814381750195352
0.80479214192186
0.802715443201253
0.802241125644473
0.809371275147679
0.803050810844113
0.8088387388312
0.80644799006002
0.817208601843007
0.806637522688333
0.821590352904668
0.824949443518625
0.837756808016471
0.798321813683393
0.787152981329645
0.781677749634322
0.841034113500959
0.853675383917352
0.818144915614298
0.687266887937664
0.909617466850297
0.880126040075766
0.763713466437172
0.938501796805091
0.513430999320538
0.816516743149005
0.855801030460252
0.945268479042384
0.534387088892414
0.816809556206623
0.468171463972049
0.673240918674075
0.776130136503195
0.698229350681127
0.722358617825672
0.585861178345894
0.693518464935001
0.949142208318361
0.831450469531269
0.741796000037699
0.810059266266651
0.700800451655618
0.607589390327109
0.848586152844206
0.733000035977733
0.886761964366575
0.979331601799296
0.660997732152958
0.574997963067393
0.977113958480724
0.996386437598517
0.883802561559452
0.829699672459025
0.853438323704032
0.943159415908449
0.764216472444416
0.787708080907834
0.723304671371875
0.701613368944601
0.785888802887223
0.682052730131386
0.740499131163257
0.852843795570443
0.929998695363839
0.859003297285928
0.794607526719822
0.876175055064917
0.681769913353557
0.989998351987952
0.633952106976244
0.75677230131841
0.631794823141199
0.800429613949049
0.762943354916354
0.667614025692906
0.614071393442137
0.524863358097621
0.774265345789791
0.661845072638571
0.723279226017882
0.833025549648187
0.869522470676968
0.823108826884297
0.934116069272632
0.762593328216764
0.761814800829552
0.68680450738972
0.686296083664694
0.798214116445491
0.758355879709757
0.687911772184687
0.742414872270629
0.85478737923059
0.92211244396403
0.877680504150668
0.584763749491331
0.709662298130454
0.964701337902913
0.934960310982904
0.882715282349442
0.897486426837704
0.841226369667108
0.778985925617264
0.798460469303684
0.780521964526295
0.737189586973329
0.687996513136538
0.824705111190414
0.716204835277268
0.663074944291372
0.83809598773228
0.490504642521755
0.997449731966036
0.865398983366256
0.897694280981345
0.682593076369809
0.953933378558541
0.768690706203022
0.168940614976192
0.611093312867375
0.793057243293778
0.773143182740621
0.927558259477008
0.684568919113399
0.948038270177187
0.831016638969896
0.738262143744964
0.613546503313862
0.873498841111041
0.696677897652077
0.735930567122215
0.988302934043324
0.782427662960305
0.848546836395402
0.850724435349257
0.774358755153304
0.355076845250986
0.959461802413188
0.792893758102459
0.847871117901006
0.864810771552203
0.853511954940482
0.884489930325879
0.756971041481424
0.786155570092137
0.752904499233714
0.891418077794115
0.777855553077199
0.931767600179204
0.990393798055439
0.462761532228575
0.750430651622184
0.880445081497251
0.850129618760349
0.929461176973686
0.60662213857202
0.826987783177083
0.991723551773516
0.714868922679965
0.887941385342493
0.965713609773018
0.883228779959375
0.798955912800918
0.817115800066824
0.88000396208555
0.86728412056011
0.729158633434706
0.643266789675419
0.990357803032469
0.807201926532702
0.778083999618541
0.905860375393487
0.829454405868619
0.812088902124486
0.690064032007765
0.88076200530536
0.916881566851573
0.729052098002437
0.882662022870403
0.938642268580226
0.733595478330532
0.864300413065459
0.882755393140487
0.877989588659802
0.773189312688337
0.808770988928626
0.899631616988553
0.912408498269715
0.851445774226789
0.67584614712502
0.817061327787104
0.899177358990136
0.881636902059502
0.97724815300151
0.891868772576895
0.697132666623521
0.702783034815193
0.774738214100172
0.79129920378996
0.635578833556453
0.923139332395687
0.812647010625973
0.95717375002247
0.743033324114597
0.706685696466562
0.993682357973261
0.77819070334871
0.763848020200486
0.764496241533641
0.683253621906864
0.843332475308695
0.797289239340034
0.86794973862781
0.746331259115145
0.780085433026273
0.845592238527282
0.829638787695499
0.849601695929668
0.857033624063011
0.909914161696672
0.916801974342968
0.814106162518433
0.948557098163634
0.826690028762892
0.633215315904326
0.597423861001048
0.656740279889504
0.662051922692104
0.656483078541524
0.753913169766147
0.769814629311022
0.740559647283722
0.649352431487192
0.907291636950973
0.860368460071215
0.527044642250643
0.936916184040946
0.585404608035575
0.589650307136437
0.923479059769185
0.680541268630422
0.7638546189185
0.792442609948711
0.680640231560684
0.763944618097687
0.948656985249529
0.976703083540178
0.669359296738635
0.782763681486387
0.611679411686923
0.834523584025508
0.733113860183159
0.8174306023699
0.843728488280966
0.783638702352632
0.782810975949034
0.881846346212252
0.815392590468296
0.774079573670549
0.88840697901647
0.863374308079297
0.257599915514741
0.587013697118406
0.88820567644409
0.739933614880859
0.621169996995365
0.965982034938798
0.795121173927452
0.926331139209111
0.919350577991391
0.849676481210162
0.770103475531262
0.891124402502127
0.869930398950055
0.765133890730904
0.991384017087897
0.57978602401171
0.532999270818574
0.792947164614971
0.789226092838881
0.749491803073658
0.787519664101667
0.734477880351357
0.740084256476566
0.771396338206056
0.791853257275129
0.821119854763835
0.769460718367307
0.692170188365831
0.785538169246351
0.841169928822841
0.966153615190229
0.81991388006489
0.838222391045025
0.822173469647045
0.635922956751977
0.826186808878641
0.815651460019056
0.794929217632944
0.877832456333877
0.840775677837701
0.805972695389596
0.703548994540086
0.778096485585681
0.79282253960718
0.806850213939135
0.793483655496662
0.873267779036977
0.68812522070036
0.982292921788433
0.965722870143271
0.831594232958062
0.902400191495816
0.865627789739927
0.816839649402317
0.83934416273972
0.935803679580879
0.864856712447893
0.867629320304437
0.900492299784128
0.225882804051086
0.650729123681509
0.660957301306812
0.700568732308839
0.557733157877801
0.756452819660661
0.843023508323468
0.817906171836848
0.890498765151414
0.858478498944353
0.818605946616234
0.661497377539779
0.691969873145857
0.738527769060465
0.62984110634843
0.525791000571091
0.941099222712556
0.92711651545386
0.896251570562453
0.770921254783136
0.861271337519747
0.745047113506429
0.585600483010676
0.975550245507286
0.891056917368572
0.933465408371536
0.874267357509504
0.887092372032857
0.911374971145992
0.941855763205971
0.916848914832463
0.921023042160717
0.930559287737946
0.921324015163047
0.912960789877691
0.90607293422412
0.891086108136533
0.940429803620356
0.764256547453336
0.834143850410042
0.868283893464754
0.913537490643321
0.851904059838962
0.962245454934951
0.995231811536535
0.960515302803739
0.816302695682921
0.988340393977242
0.850810572630589
0.923046377696846
0.831264526238087
0.858640158764167
0.989946113525335
0.739641414666215
0.958516995608813
0.895999940975209
0.80869361892313
0.754316698330156
0.755786068391562
0.817183612528092
0.789599323437147
0.936090880273297
0.906798088669769
0.934482820351779
0.963661869643283
0.834191842247101
0.753011111745131
0.934963889067906
0.915909919507702
0.704705274111691
0.905812451079776
0.819140630989974
0.881603341125954
0.939693844402176
0.924306839338785
0.868163765867548
0.694890906132973
0.93328981566808
0.619280826466397
0.768876373993598
0.71764536118914
0.585017159363633
0.835298572073902
0.80206281157425
0.723228013110711
0.706345158125384
0.691098386809066
0.71747758550607
0.732174201984421
0.748414489085465
0.989598030788003
0.96887083485237
0.878883875782247
0.700642275978378
0.846777083064705
0.884125442304906
0.659916196275083
0.804576475092724
0.861068673601452
0.477858393016526
0.818394444787196
0.930498535418379
0.619331672133581
0.992805099799084
0.899879812562395
0.903616017129762
0.878015374905187
0.786611025941171
0.824637945372133
0.728172029256883
0.831046630018864
0.847365881422327
0.81863478596621
0.865024492439517
0.978569550345788
0.620258700474098
0.667521328782737
0.981274535242339
0.776515481217296
0.690479865025846
0.472591257243728
0.595836127734494
0.882445768506578
0.884507481480952
0.867940308624131
0.998228749430091
0.919913590281311
0.878523926898212
0.314888275971181
0.698023968865859
0.835478728212499
0.764991306700149
0.887326467285553
0.697093945635415
0.732556538350996
0.944347865224969
0.79578522954619
0.797649749794642
0.646564656042838
0.62927955175075
0.790173166514908
0.604760905412393
0.994814968303218
0.832112270791281
0.839607784487741
0.989334091842219
0.969529761624576
0.682981076693617
0.947347956342777
0.791108229572162
0.905615249060666
0.55275162315793
0.795651294026146
0.856551298622944
0.683559690160863
0.743559451980553
0.748814783302847
0.818405755610101
0.999689650208617
0.85371048972995
0.873843155558284
0.822494867531665
0.782784356978248
0.776475873441591
0.791835226217355
0.614532360557337
0.57129025532079
0.649027235969474
0.797470140623332
0.801605869209727
0.823894828701243
0.601201570229286
0.598798148881457
0.772095617053826
0.800634496881338
0.720873737943713
0.828221361766634
0.659837407962016
0.935988102945668
0.800374949938595
0.770456521265191
0.800511791456596
0.930874903338665
0.841883898195175
0.816306348815319
0.841793252663419
0.941078895925771
0.848942554253426
0.90345482833389
0.857020886495291
0.928131898297264
0.84435387272146
0.851121469856642
0.745670033112106
0.462019238784448
0.927782256512006
0.871259782681036
0.749664370596519
0.745483089611114
0.720759263083025
0.724160396040868
0.845992671943196
0.846714846309304
0.812729120819563
0.831614002068502
0.801708149606163
0.826588246209284
0.83831325411175
0.828037745454171
0.832511953800105
0.83508436341899
0.833151824239161
0.833165757575771
0.832258431785611
0.829763479866677
0.830855711632948
0.829146471261153
0.830338544554908
0.83096989116808
0.829415180230097
0.830764406971055
0.833318736331664
0.83210258381806
0.831479912258963
0.829430716832869
0.830408600493881
0.832500669271463
0.830391782419191
0.830647722814081
0.830899843590705
0.829987658978961
0.830081231805995
0.831002608483591
0.832159626311613
0.830278365113984
0.830499981709207
0.830587943645326
0.830665752284262
0.830298654980943
0.830062506262498
0.830785303816567
0.830814341170678
0.830909766688785
0.830431867068469
0.830434395171826
0.829419091410276
0.830325478154476
0.830133040553786
0.830984855991603
0.831275678831991
0.831119479912847
0.831283478096441
0.830840785454681
0.832067940685378
0.829804655673716
0.832933266619414
0.831463126295562
0.825692564854706
0.838886988894885
0.847522256472892
0.841760187761443
0.831821689369815
0.824711545093538
0.837130956575394
0.837916822432754
0.828101320560993
0.823856844320289
0.853040480395803
0.830066946433895
0.876441029954514
0.793655148865997
0.832840034009978
0.913123032430566
0.821777704317896
0.751211719677045
0.881226234698269
0.806043221506778
0.844511037053671
0.980099314666544
0.512966734078199
0.958187808556103
0.755697464695079
0.893937604016084
0.847789741668008
0.892790618913614
0.824448627733759
0.746723087391934
0.640821259642942
0.860043760260421
0.78089502963603
0.863282630843347
0.776900337781623
0.814631285841312
0.787142681176187
0.742595632546347
0.764748235088121
0.941780080727195
0.490434987575628
0.845733475372218
0.66903780717437
0.824865910987616
0.621602956523479
0.785899328994055
0.778384935811406
0.92675233638468
0.750313492869154
0.765750442763005
0.838197502939209
0.846975443634969
0.79348998230544
0.792354411727394
0.822726986947444
0.830114934054682
0.836291302218276
0.78998161344879
0.786702872702258
0.83676589641693
0.801875669482278
0.867689160512254
0.87435492344038
0.840724652982335
0.734016385978901
0.768133728022872
0.88890569890005
0.769228703559944
0.656980469716967
0.716973930888388
0.987814682535626
0.691765421187176
0.921803591490251
0.826794041860446
0.963086922123899
0.796913596682996
0.864328002027106
0.81719312955233
0.813207259306523
0.784460838059902
0.440062289930792
0.751640588842471
0.783188394729785
0.725867432477629
0.85738102482058
0.87499342930537
0.919280299152666
0.910434531685458
0.908275199017152
0.781824087261495
0.798367669209162
0.763773775616492
0.885476775475211
0.834357524332745
0.806150977339367
0.924289216091229
0.857521904395526
0.836735410139093
0.884478828159704
0.962024925199446
0.876781344316652
0.959463498442103
0.533715399414982
0.912638228863886
0.892225113624739
0.683109825656649
0.852701120044676
0.926457165976487
0.930097872341513
0.837994009784579
0.855443230211419
0.791272156883314
0.99534508065157
0.747460564609751
0.797802229199188
0.786190435573858
0.898015553276406
0.815470036137719
0.749138987372509
0.761018806025747
0.763174427936397
0.811220145034002
0.818897713699742
0.891586801499063
0.848518747504126
0.861302763050993
0.733898438379106
0.99866331895827
0.919348566981557
0.627799629616867
0.678469850327894
0.345151626339987
0.957466271971674
0.862936683818912
0.748897899318972
0.824774072664384
0.64943326332402
0.753637039876813
0.688414741687482
0.850912372040354
0.672905308489221
0.847112881987313
0.879106752147517
0.825520052816345
0.675240804478789
0.822063710799794
0.624462669122002
0.930278328815079
0.808240217498157
0.778898513335502
0.665598033898762
0.689243596588312
0.699262578095893
0.899633953702446
0.877044490369805
0.901743061888108
0.954330390941548
0.611671509004413
0.778101340687531
0.673218363841709
0.756542701426004
0.892438605390287
0.987634914684909
0.946831313239531
0.671283515644048
0.698167045542153
0.68173359817535
0.650375304198163
0.690721465401939
0.712292643915319
0.841719607201841
0.627189609986848
0.743655877316235
0.90644085589948
0.860708667368708
0.787953032780827
0.741002164394523
0.635941808456811
0.899837511561014
0.531372824557766
0.528486586511728
0.858712270329905
0.834631081111896
0.942153794738455
0.650196540665702
0.625399042234676
0.735242638221358
0.960531452082314
0.496016941172046
0.846649123358093
0.925728285163805
0.969316374600815
0.657154609756032
0.542651169019366
0.669828290793542
0.858393706712912
0.795972249381339
0.834930338615017
0.850877380497172
0.781415296116147
0.850303660237852
0.770708235103653
0.769963939864216
0.866638233145106
0.875596597839419
0.721041952216097
0.554173750341445
0.770861617003489
0.59744663261145
0.859645795204611
0.878416116768698
0.627689381653667
0.957883675003865
0.827526126143672
0.747159269474827
0.963171499443611
0.780272733947542
0.866568617893261
0.847436252916473
0.564755277800265
0.822921629630273
0.685237678927881
0.576041859833069
0.661501264895589
0.957292731981281
0.794681386612822
0.637211922405073
0.687588108556397
0.71428849309257
0.684777675601026
0.829247908489948
0.765557755041083
0.961533482872918
0.812143735286579
0.968352287133586
0.788118396606263
0.842070950800957
0.783583752928556
0.849340880093878
0.814796428273157
0.969090379811617
0.692750879505642
0.840655865424625
0.902861357181827
0.666258845671745
0.952412854652389
0.876642724062194
0.760945058641037
0.848771346718883
0.949598115188576
0.772065504670869
0.787819272660596
0.809369228051665
0.855729469884805
0.80988387668994
0.826342274945733
0.792667719511271
0.7764113776589
0.630343455503785
0.773330745074317
0.804326055559992
0.659051736931658
0.802306825116371
0.81921171172825
0.789142006593038
0.761482308676025
0.871866634961157
0.809703009124186
0.715220932122598
0.792058373930668
0.784881242106846
0.777263820115569
0.869816626631167
0.871122499923056
0.797330836243517
0.682267188797681
0.818014092179679
0.541447719440726
0.89485352053112
0.999597990220996
0.731876501289783
0.775168846170575
0.883380989588089
0.999999
0.885512963919634
0.891967853675001
0.877826888135782
0.523986005374964
0.687201856424573
0.836279653999551
0.532515366521946
0.99817878432583
0.714544642524946
0.785865587034618
0.912598356594903
0.73676434204168
0.530520356439936
0.69326199878885
0.692552515898297
0.751137007380903
0.944767488886498
0.925172175416705
0.639116607128611
0.88454990531726
0.951188329507063
0.706594398948273
0.784029381596204
0.71107792421823
0.885095519422069
0.50130385316134
0.694826873256793
0.669010121342421
0.807288681207833
0.840433463949796
0.913844257524617
0.684765083767761
0.965792842314655
0.647761492452676
0.789389782811501
0.866386933611162
0.987081111751043
0.982627275686927
0.813164046772269
0.97212012712456
0.795600351972381
0.819343536051976
0.92634986795256
0.969826607361937
0.979626952098063
0.974446085982537
0.887829044437677
0.916463634609295
0.811986751595563
0.781541796800578
0.87552554321071
0.898339822071305
0.665063747392549
0.633912037566644
0.902428113721383
0.902458075872234
0.906021448983988
0.757331175912627
0.877442809456319
0.942206343040893
0.90882034862661
0.809392384685069
0.916551136133719
0.953107910452538
0.916993709642784
0.775304890697608
0.443498908994761
0.878762031054543
0.633274220999273
0.793942311717248
0.802374800396654
0.83690645961368
0.868706163360403
0.87778821289962
0.81513799073172
0.632305987364612
0.770189590446527
0.696394102930447
0.849679294929084
0.554947384006846
0.862316412986385
0.57024149904698
0.706084437117773
0.715888103214649
0.74304476310228
0.927127039679281
0.779624198715573
0.899099610382822
0.763214309689704
0.884252182608733
0.727943069407075
0.60069426413944
0.874866799592793
0.658367556152947
0.648739152116131
0.58808610745732
0.875491879969078
0.533455962327163
0.953159158550767
0.847454498765757
0.827835712348426
0.819561730319572
0.940803352934486
0.895076905718987
0.634655952262614
0.986279844805374
0.960855150858805
0.978150209976305
0.946180180254009
0.924813071020336
0.881970995495875
0.961906800344526
0.940087527087573
0.691071181208184
0.945958806582565
0.497043539496652
0.981181190312758
0.887388358157742
0.612206619676434
0.799122880874579
0.657612104952302
0.611975618261007
0.972329106955076
0.987713267235604
0.966137119580887
0.781472019602899
0.789286696124328
0.744738836919048
0.851109372392448
0.766264730924025
0.7543759402145
0.708826533101252
0.681858392562925
0.71486814580129
0.604769972064897
0.697550231826994
0.624873693947762
0.754526013211093
0.933778440648689
0.836317127818521
0.549394988440609
0.959441989808419
0.761300884987494
0.678344869720497
0.877786317942537
0.671944138627574
0.798239021192244
0.675068175889151
0.868359078988477
0.947473515080177
0.889383052739729
0.655253191161891
0.807798099953904
0.935554837502842
0.451847580149527
0.853806690225897
0.829191209866734
0.721937469974686
0.862729862682755
0.869462232803612
0.566349768064707
0.690961711584633
0.973807417680183
0.651511352947896
0.889095201133677
0.864730406764407
0.968514868070175
0.927914914348371
0.885520554684825
0.971358222400039
0.84325685839201
0.852667515289069
0.822232261889851
0.76885371319422
0.841278481172619
0.788309551777277
0.883766717724467
0.882605483578181
0.895534445048897
0.882337421688091
0.869896124417691
0.832648504368766
0.806992798080798
0.74421196450985
0.831015381752799
0.878498390099
0.913694142909769
0.619410105350036
0.809164627141281
0.789387622225497
0.77636450320806
0.778289249814248
0.787350256958622
0.797307815374061
0.744329309958491
0.716359636048488
0.72151221359292
0.715228459319479
0.731865938449315
0.710845233062882
0.733213962908243
0.753410908744837
0.741805826639397
0.742677469174603
0.745788872713913
0.743470724614986
0.746476257925108
0.74260300482836
0.738525516206596
0.738235415135802
0.763368498511416
0.796972857525755
0.826323902442844
0.778643707770506
0.850761841167948
0.675795718664162
0.87505429510757
0.705319275019406
0.870887018648862
0.611554222458959
0.83720046937023
0.858652147466927
0.593407007673757
0.898091177073574
0.677343448792951
0.521934543130857
0.739805845959066
0.980637563767147
0.84355728921176
0.550914693957406
0.728786605604952
0.815685708111914
0.858155116490484
0.894380430585799
0.84250130546573
0.904670707930214
0.925444805447883
0.820223160195648
0.902090219344266
0.698345683562487
0.89115799718087
0.698305680679059
0.629710102210435
0.740569348214267
0.678199246961154
0.707197140767323
0.973114801647525
0.855242181456966
0.93490511449159
0.894383969486122
0.898608538703843
0.877844747746802
0.712994784735058
0.99737653620809
0.569692588436658
0.896471261584928
0.597600243825271
0.785821321016359
0.754330819052644
0.596873088358512
0.803014896803751
0.641061535258528
0.864165578653022
0.86769727105449
0.900136036450807
0.808509919921099
0.606786146752982
0.848121366017082
0.721983897921628
0.475426068730414
0.878139264027604
0.988311402903024
0.701294397710816
0.961746126566468
0.77382493511127
0.907780902175067
0.926239541734762
0.989637758169393
0.8702408532247
0.675981868519317
0.851111393511337
0.883247913158063
0.826027973260562
0.855662812449959
0.953548956625982
0.803020211746861
0.625732296314308
0.780089522495211
0.908526259267356
0.828885372901612
0.852156315897636
0.387516255016648
0.894632046439091
0.647003419145917
0.746733496084235
0.751412103172658
0.768118928658862
0.898952902376812
0.627570959671932
0.765886491805672
0.945361213762925
0.77515316105024
0.894356398040589
0.731499308760346
0.749241973298596
0.801011771351242
0.879760790356913
0.905044242886842
0.876739350360196
0.961818651634899
0.713798890947499
0.568458237259799
0.998384699769518
0.873410373591256
0.995631010970437
0.873741462483532
0.863618494410969
0.941941287279033
0.644019525522368
0.92460543970665
0.907650380940568
0.873942624350314
0.919618360238844
0.933438875810493
0.840215832614678
0.851611401879955
0.900978325901952
0.870575803094114
0.81436699840726
0.857590293164873
0.716152408435741
0.366492650606108
0.991166461663992
0.419969951398577
0.899361720165779
0.877664059828523
0.785368742687848
0.909105008898191
0.92451400832965
0.854503000770815
0.820356497401914
0.834297566183489
0.931710893796594
0.650811782304536
0.87916290634894
0.792636692114649
0.877470452739165
0.87486024140412
0.750611432149229
0.693377665919291
0.814532117350062
0.847541933203038
0.793834149133719
0.830156939872639
0.746439449779289
0.748266881670563
0.825378390789968
0.752820074549693
0.82939411205704
0.7242859753663
0.843667698209662
0.513561323129091
0.683280126019532
0.802911214456677
0.846591907924285
0.665729004426961
0.958706121597848
0.778900978450026
0.554405892616773
0.834607215868553
0.765754135317662
0.780430238657966
0.874080696442413
0.889052736850315
0.819572186755658
0.794325796937182
0.684764744119148
0.897510911128616
0.947337882821795
0.984111715823999
0.727009807674167
0.778137268332304
0.145140484699669
0.636602891330832
0.919203023693289
0.931247382911328
0.870327171481811
0.872055067354878
0.686269192790916
0.773925836317312
0.714549528168231
0.76091854425063
0.594419682760328
0.549946572874416
0.831634846339768
0.767022612859247
0.687488784773781
0.754472671159843
0.836437428937752
0.801772175936246
0.729219247057425
0.859615693448562
0.812926906347982
0.737329857597637
0.776267065154347
0.788768387904473
0.93702044630335
0.716854233114856
0.99891018151431
0.785441993527812
0.708630117291465
0.505360192582382
0.923625037855905
0.874712008648623
0.653426048482983
0.85842138064937
0.858684657668619
0.979083964775354
0.826334853041699
0.909156306086356
0.656559738807431
0.656318523712375
0.92061833809296
0.866285914894647
0.819384042122293
0.815657883800496
0.802038175225097
0.780944773727241
0.707971414521957
0.557399791718124
0.882451743295634
0.832137916107693
0.513883379788919
0.909226855629555
0.622116450035422
0.945509720251653
0.579066438038208
0.398053439211154
0.64844376987984
0.630135489062706
0.923562255458488
0.769076619430374
0.733069666084437
0.915897758746602
0.68408114516095
0.723849502166793
0.813454510974363
0.817231791169881
0.676820754550833
0.716007352007482
0.797320474177848
0.7687930960567
0.754392765488126
0.377178495742958
0.853335385978043
0.699061460742245
0.769989886426289
0.776039302076051
0.865786799630496
0.771571628872933
0.808283333481312
0.769870938201488
0.742463956264946
0.67969572487028
0.677458500925684
0.746646234697742
0.743556041745042
0.733565588857274
0.773357433940375
0.721905002263245
0.681697632350551
0.762628920713528
0.742491768822487
0.697347642583551
0.602846528374007
0.663638378605921
0.85543267730195
0.698590469286165
0.456938156229777
0.870350824092809
0.925497022152737
0.765319942787654
0.93120326284054
0.84252148379704
0.936789885855965
0.691998584578736
0.776491866079095
0.891969810834095
0.82606759618245
0.802305779112166
0.825154032139953
0.966770027341655
0.850756933633401
0.80926630389601
0.889378533913044
0.747599839224458
0.904817729962514
0.725119814048503
0.586225133897015
0.863811734178555
0.721268229803665
0.851044153051337
0.78155911616635
0.852680862491014
0.861156406133427
0.66115350829185
0.756137621454987
0.664326314937996
0.986351106753587
0.667420771019335
0.837273317994081
0.997024009614505
0.687345906725013
0.74739405716287
0.723441325560881
0.8446214389074
0.846838009626086
0.489378130201031
0.98821207563001
0.793650809280324
0.945579237981974
0.888914209046002
0.898447880594268
0.928763359890119
0.800587050848566
0.899469515754385
0.828215908276112
0.762729144048473
0.918615361091149
0.788922103070009
0.877182708276948
0.882278682109309
0.416137432456873
0.677894404327738
0.621620410425998
0.605169547459936
0.748107934920052
0.883881556169907
0.826283845120156
0.790412228454312
0.806140835533487
0.835934848717812
0.850220748026015
0.830191451635011
0.786719993320397
0.750529268449138
0.817348695038805
0.717864059524823
0.74600363072583
0.757843243382142
0.782351209102475
0.906646575442272
0.768365913652636
0.907228557308619
0.791675599621719
0.68383212283153
0.74765240451739
0.813312864094585
0.902428712602774
0.883624426047904
0.883764892947505
0.858254607928951
0.815178023129317
0.855844830990051
0.839868098391083
0.829158802332328
0.837242085952912
0.853693738780877
0.875570984529846
0.869708188965466
0.763454360011707
0.878515521442483
0.669243084255494
0.838208508092412
0.974455318046547
0.763567879604113
0.906525248622622
0.899533144641876
0.926623522657136
0.98606113797911
0.878643422755855
0.602044642596215
0.877662789506398
0.914997067569384
0.774043112842822
0.873736941708181
0.659106975192524
0.668840406156235
0.641896828219587
0.528816411130285
0.843009138819469
0.565905401187527
0.667403666470409
0.812620272509897
0.92485805335927
0.706992807355012
0.782042504128359
0.660094602207761
0.747312111049034
0.935275537232434
0.667887579077674
0.845499164041463
0.922230732515044
0.81787821796397
0.964029757995448
0.828425903307017
0.872495580739986
0.805755650173456
0.786107211752187
0.792576440100051
0.66574247042915
0.932298650564253
0.88148160164673
0.736073022743429
0.891918483064181
0.754337876560406
0.691845021182727
0.892518372503449
0.903256400924629
0.311586171555588
0.64768454450217
0.863160351400816
0.971444273017407
0.894592910330001
0.897505292204433
0.814147841735026
0.885658257396684
0.648298602983888
0.672955846646227
0.657988355267432
0.878199123699451
0.903649054785924
0.972338561592467
0.599659713846292
0.807165984406999
0.95380699131173
0.922185585230226
0.891400406172616
0.760683602991224
0.808351229467709
0.774776568536173
0.850834163001761
0.732992974765634
0.87273253524587
0.676396618850346
0.630195348049377
0.680476525693987
0.701345432221363
0.960870700022158
0.59450131474072
0.666979469895909
0.981920173787545
0.851427311072963
0.567563168027832
0.726088589161073
0.812203239661862
0.989121190477182
0.697586155845248
0.274630196105918
0.848011369076078
0.969469485415855
0.965172865941104
0.862019275441379
0.75181279162141
0.79728000375282
0.665673477503465
0.662420602309995
0.799145179152646
0.904364139854233
0.670829936106108
0.943126775683447
0.98784269291983
0.840640736258618
0.856086117982232
0.534427015553898
0.835336221318244
0.900068259880554
0.955236733703318
0.593235646022509
0.922322750057421
0.682171896779805
0.767275475410541
0.762275736345527
0.845914436075137
0.915929963176678
0.925487347560602
0.898263111166631
0.659217156323305
0.863589549830292
0.780574946572563
0.984100025906132
0.961555913418931
0.355509213672731
0.769337403705918
0.851295946648835
0.918835299615153
0.824234233542851
0.854634663466701
0.959350205233159
0.779407767745171
0.627331546209439
0.947897301222924
0.854274040914062
0.889978565324423
0.714883804230474
0.846031973382009
0.692792194052833
0.788576361940085
0.828884187125313
0.695355777562451
0.92300879223421
0.583080006426709
0.706109125670071
0.620668890462285
0.985680494556283
0.93573448943803
0.8248495544767
0.860201096812086
0.818402752213256
0.742484663395977
0.752687357845108
0.834010318195049
0.818718427569601
0.772977231583404
0.715734300159285
0.779174560266431
0.867080800686363
0.740897420191468
0.846753756672856
0.766709082699797
0.896765347763485
0.769188503231084
0.84770192660593
0.752190102229898
0.763411261989477
0.857865017051485
0.935670577605802
0.922072754480598
0.922592758400501
0.755679536977842
0.389407177872188
0.813172591917456
0.62971888690303
0.765462385506679
0.785612282298938
0.967796844687342
0.846341479388129
0.890929675244299
0.806895103774374
0.898543880340976
0.875988232190459
0.648870948001014
0.816162793782653
0.808195048459481
0.785577543806651
0.862662927095539
0.882860155239111
0.81320804973126
0.826255035821516
0.837067238761397
0.848299717146513
0.861577875271395
0.865411342578175
0.847449130796909
0.85954806876113
0.85730176214697
0.85988827173642
0.861036503090041
0.86097084730164
0.849687768578153
0.858896968717712
0.849240182267737
0.885719864276432
0.839591831122982
0.860917580273403
0.837161061495912
0.890729773435155
0.877689815152134
0.857205603341433
0.907201845293832
0.709468277532321
0.647813920129092
0.915264710393284
0.74909437199781
0.838587005999696
0.897722597018363
0.851292785128953
0.845867278043873
0.810023856062464
0.848765037089756
0.946139544545474
0.541134643599138
0.797763855814476
0.820076584500712
0.794160387994633
0.923347394712034
0.985021659509603
0.875167035037974
0.74879892373697
0.885282085464702
0.812488334704043
0.894182231381207
0.672574350777646
0.708529224915993
0.80960492244806
0.793390635845054
0.909656517628298
0.931376514080454
0.588998106478516
0.72998790620391
0.608520290155069
0.625272090294907
0.862092110036343
0.78389691619962
0.832082766534866
0.830935071396816
0.790609691834388
0.804500708044352
0.667717265836856
0.805795290395281
0.868790395704026
0.808010832108093
0.785166283512423
0.805088241165439
0.882025639563456
0.881458490024194
0.854042794708408
0.827425723182114
0.787461121586741
0.84251876021072
0.827033749910601
0.823283463161868
0.854695488928023
0.987656161894523
0.814952208104507
0.748277194107905
0.858520602924166
0.956247558873608
0.797954606736088
0.801484398615399
0.790986430447477
0.750320661321658
0.739867752006152
0.895006329263885
0.804097198397787
0.711150949255763
0.770717167760586
0.773205708524858
0.875809620914403
0.819199483814051
0.806463763325082
0.79441244188443
0.917476189910308
0.812974125360978
0.720348007374237
0.773262488675206
0.732628266159524
0.73742250325482
0.709284684614134
0.715101866483233
0.674911943351562
0.918017358477044
0.963698570658521
0.889239360158839
0.69810856512867
0.667271082098932
0.803703120440795
0.916018241093214
0.823165870842699
0.872330322714962
0.869439712987269
0.630267137054593
0.720375985581866
0.779172343650617
0.925872807548959
0.967070256758434
0.799853915555639
0.974542802649527
0.698675343414432
0.817735583678637
0.936307052003833
0.738048686465395
0.628384204843285
0.881287761952232
0.790306326954767
0.836547304193936
0.510160978155662
0.674331668729478
0.709601407969515
0.843804021311305
0.673789533127597
0.788153508718238
0.89644029328642
0.771516772251881
0.948167682448973
0.862366978878692
0.947654841057816
0.809718681488127
0.912914478309601
0.882201005128604
0.796225163067111
0.7497291576771
0.675886410357944
0.750403394367301
0.713849974928809
0.560485376729831
0.960593920047375
0.850126945314539
0.884893560349024
0.95515026916862
0.766560835061285
0.557351746922735
0.906730574168384
0.84249901716619
0.826169980501685
0.830653108129336
0.787806028934756
0.519056773367295
0.743281119505053
0.612863605684231
0.952917306631169
0.961024745107118
0.974057763772548
0.804904352264224
0.79388920025288
0.507617290502952
0.730047476273519
0.511256886868649
0.688926914014228
0.818049849153953
0.775172192681106
0.884742350292176
0.879340903926717
0.862878728707545
0.856106030576178
0.583733465583058
0.759439711990912
0.843184517475414
0.737077977994067
0.673213729749685
0.883688062182004
0.885347021969498
0.986898826832447
0.837437777699988
0.789863988139317
0.942068483787287
0.701585399845589
0.877422328668482
0.70539232691753
0.761628202839641
0.71446737909587
0.781855834516623
0.782240743406829
0.768163255458848
0.780859398649912
0.703078976711091
0.772278577593077
0.740680325296235
0.780774943556872
0.667180205609982
0.739129441493683
0.752406543831208
0.7406431707181
0.797856910423683
0.909627159491032
0.840912783585049
0.808186926599135
0.807975208992395
0.838478966777072
0.899555578231591
0.826919622082302
0.644869486437256
0.839477772159963
0.86686806809813
0.81919570878804
0.737039432545616
0.760711105095794
0.733919999759252
0.625592929618691
0.872012350074395
0.7089394144984
0.925698383036004
0.818231721499982
0.900700110075955
0.638844586175947
0.676910088084671
0.850718609589745
0.718219899548688
0.860417866980249
0.921446264357373
0.659339971892414
0.615833736682685
0.997200747229091
0.43304297591889
0.886852306908024
0.764681537300619
0.797320999908853
0.958998512629249
0.923822587970131
0.908449648927562
0.667968165346619
0.761784900098724
0.805907049359851
0.769518659835233
0.763176479159335
0.755150084402728
0.769899939326174
0.735880792533427
0.812369650019781
0.803166792142865
0.828074387744645
0.748329648504721
0.788101489548205
0.83973627211086
0.788686360234112
0.743575526434237
0.784477434781399
0.780226939743066
0.773857455142595
0.891656234594974
0.354680573339183
0.73811198852128
0.693598770811007
0.665490709972672
0.708505111876794
0.869573452765588
0.745832476931284
0.650347248904228
0.953297795124511
0.765435060594233
0.859570389376699
0.945603008607836
0.707314889851736
0.628392795638025
0.87361086285015
0.907300622034619
0.877705778119329
0.882384797459614
0.921454237440036
0.854296444911704
0.685901589488978
0.753323965388108
0.832249804626838
0.706595178471376
0.92474324334851
0.512841209321528
0.971138197067531
0.635007928664724
0.78012841700699
0.909320838279049
0.912625791434295
0.836688769416977
0.789859630715892
0.771396620126949
0.902500158503215
0.611337323550889
0.726214685197277
0.837476812028183
0.746334120555907
0.647715260704976
0.843969503790607
0.644388716253905
0.685760327661639
0.803262916364132
0.833930769928558
0.923576083705951
0.993346676700352
0.819625980944039
0.774386528351585
0.72686375574502
0.929956834318659
0.930206011253359
0.420531925842913
0.716660846399308
0.960799765987264
0.721186318130236
0.965516476946939
0.763730354933873
0.638564462510837
0.956431991014223
0.933146662332341
0.923414476277861
0.642070702516283
0.736338758884408
0.996031975481167
0.817531216099944
0.656418063956294
0.64610788733244
0.772006525825363
0.842787732540415
0.745259178228893
0.804792441684826
0.811411776798908
0.733054675635071
0.821323259178637
0.803826829586025
0.841542786657433
0.870835214579204
0.802496363726073
0.800719367228336
0.835677101476848
0.710766159745414
0.774574926777993
0.891763380276179
0.763944492566497
0.7456615925214
0.777713351640356
0.806847468692851
0.901869404310029
0.845466232661615
0.739975887057652
0.955359755671053
0.613839909491532
0.53519630438791
0.835163241847617
0.818458643861929
0.657031061388498
0.806101644625479
0.752514762070906
0.74820143211683
0.83779702654028
0.874920264658603
0.692792982546813
0.718075027601295
0.918980119460946
0.961197940160787
0.819652615414969
0.982769044809645
0.925019485269019
0.675391502500718
0.796094313747101
0.933545478252395
0.527190153417106
0.892239217228296
0.689931962557402
0.970646345188583
0.562818998321125
0.888969012119583
0.802919464765212
0.889949512267051
0.699215985431017
0.961425768967784
0.979186106476181
0.681216487526556
0.958729041041614
0.867788872808738
0.920694608565884
0.929548262995228
0.927971445281771
0.866936057260388
0.780141672991016
0.710559129822297
0.841919725696681
0.817940574981509
0.707054014747038
0.852375754697194
0.692138222007205
0.893290999031785
0.760040579655631
0.832734279941656
0.86297011985842
0.830316049317295
0.759780716178613
0.524989399362573
0.862624083398552
0.740200480432309
0.929371128238443
0.920244622190413
0.692349183313821
0.868472275422854
0.44478447280086
0.813820436106458
0.693708343151052
0.805117939560527
0.783161897697724
0.655495890743338
0.834798440733808
0.788232637336319
0.796256971534877
0.930953945548906
0.838340685265306
0.883388874511298
0.411815828077415
0.672170589652554
0.737852459884919
0.984952009130966
0.733875018259477
0.744108744477656
0.800234879658593
0.725150971917534
0.880900688715428
0.567924209252417
0.859756732043837
0.852371117387151
0.787285808132568
0.889116578516101
0.934903382528504
0.899214612492869
0.943155837262719
0.907268752307479
0.886380444953664
0.754521996894976
0.881200525567541
0.741493202080711
0.719333410358248
0.815940001670279
0.801273915556273
0.766694462981259
0.906242184961996
0.846920707234516
0.895117455048037
0.880367766491575
0.842919432781658
0.861699658317187
0.941115121095513
0.955396353919704
0.793228606638162
0.633354451747418
0.728487313063336
0.946329868065151
0.754093119269611
0.798419086508026
0.860514127972109
0.648442966266442
0.909419705583209
0.760610747901168
0.838775998333214
0.847525676730054
0.882926382190225
0.791884076725983
0.898055976700711
0.877106581587243
0.927320527462448
0.74312474148607
0.747433792914512
0.851884141085811
0.671705417585391
0.79345097243848
0.811078839663148
0.793295864728355
0.836625171003245
0.961763289412066
0.641712343503171
0.862920323287435
0.892289040432527
0.755210681451981
0.92846435878568
0.736812679254816
0.546413714604197
0.740077298765311
0.72991889402427
0.925202648601517
0.765466449512177
0.61255579211609
0.786309504362329
0.853263744673104
0.755931286430218
0.7735112227837
0.649530021404455
0.878041476041987
0.813561768034652
0.530576432211734
0.628630668344192
0.883122790362335
0.867062782261751
0.830496013003086
0.769947682574188
0.946885882015811
0.799422936383785
0.817176550168118
0.847755711528617
0.91893747727895
0.813358759413292
0.950874952125708
0.852676544975642
0.917042986871553
0.806668248276266
0.671988495881783
0.700679207039721
0.831556624375068
0.811830582972574
0.82871831844483
0.702710902915991
0.98942389576957
0.731985294230083
0.748206735702638
0.845409212648097
0.691858668134451
0.832925008505891
0.768616340486182
0.531905068430718
0.840758364843458
0.607290313634975
0.970164377470667
0.842431412235765
0.72581356343062
0.872094616511798
0.416081460165626
0.757129159485335
0.764937494392922
0.818370933765659
0.72045840882815
0.812511809554365
0.947959525795688
0.82121812307899
0.804221808850764
0.812553518034305
0.81369957408085
0.818567197486533
0.828447204812409
0.867065757237929
0.912688208878229
0.864472578925107
0.855057971424074
0.843578296546078
0.855874373019374
0.843482647570235
0.666484486081584
0.845296607307128
0.747289266712678
0.853789280099985
0.671793563709642
0.798754382122005
0.962351499038875
0.845533209614058
0.862686851701419
0.859905017259774
0.974558136955156
0.930296749910553
0.997654453982527
0.785309974661506
0.834989598566827
0.855601306027636
0.821900644148212
0.994720158310963
0.765030348384188
0.845569259322529
0.80657196291647
0.796032726991485
0.905821855025546
0.794873569340518
0.847934867432145
0.942555255264177
0.859191995675159
0.8092748563949
0.847568333752786
0.801013424047239
0.953507742261669
0.95466447228749
0.865752614257698
0.847143080840685
0.784421176322738
0.82841712847092
0.822624075127781
0.835162451925921
0.831922790955462
0.826893817249904
0.813176698500116
0.842352766880009
0.798126068078769
0.791242612697981
0.785552203236224
0.787219503064594
0.76158162625378
0.8029005278403
0.817272851407453
0.769473138179391
0.802307071368134
0.781675812685002
0.807189502795891
0.787408130772037
0.779960278599052
0.811617903692508
0.723669261935546
0.771037825750442
0.817342317012042
0.780788732789963
0.799279722703533
0.77696541831898
0.798923197198212
0.816443404615785
0.758589186737008
0.785371680769238
0.762133498553017
0.667740917976395
0.618325954750909
0.696591899549873
0.762890259360775
0.724342860262364
0.765859130720225
0.823943755762901
0.801371472249273
0.925888595490005
0.805022129183368
0.82975589883839
0.776657328961043
0.75782337276574
0.934611962690793
0.699280391682165
0.89220704785874
0.890756874059496
0.993349755449908
0.795636084162261
0.791142303100888
0.965253174212635
0.978176663437155
0.817126851408878
0.795574270546572
0.7678355770389
0.797717561371895
0.791317145456866
0.770953819845107
0.578924826562916
0.84524380873983
0.853312399188163
0.851714725875273
0.885016147143617
0.836254532379216
0.743646009145978
0.833795816495366
0.955644730453067
0.951185314636412
0.954201837295412
0.842531252157809
0.863045182549665
0.837612340424973
0.81855634571312
0.604002030198557
0.57610344260225
0.917225851554602
0.977824110206148
0.59913765906024
0.730322096867795
0.789543382361143
0.653637487200305
0.811126846403772
0.935873635569479
0.995908061790644
0.937459454384851
0.868593521924431
0.763711749935557
0.9269726934653
0.832693906831852
0.70451982264809
0.833914955669095
0.74848181935091
0.536648587429858
0.804340629084219
0.747884888136567
0.973055383278782
0.901572396058265
0.826191855374896
0.781868516971528
0.894354558842303
0.799874930132349
0.931444987236961
0.584475649969242
0.792980389725449
0.909544852283203
0.716697140405402
0.452536789131511
0.679605569675784
0.990258535833889
0.738756704723316
0.79748921752216
0.828288701040244
0.865425153582686
0.846869685045833
0.574106220986975
0.812669586544736
0.994092469998565
0.763075462246792
0.796807548715136
0.644037893067236
0.572491569486336
0.934600889218883
0.875407217058754
0.739689702272841
0.682466666732189
0.901447968430643
0.694241582155641
0.554299095674056
0.931939049981702
0.892012452092681
0.941419087555187
0.622493155047018
0.800000627949544
0.868772833114193
0.894677352703108
0.880008508168912
0.973547590384355
0.754863910680054
0.663916383131226
0.653235886996052
0.703786683502734
0.908378500479017
0.823250921067146
0.854958282574754
0.838962555338647
0.679194043053608
0.576570548403507
0.736703920580848
0.827366390816346
0.906653160596564
0.777300669524493
0.755465657006353
0.831094453881461
0.795106297207327
0.845998169996111
0.866161566665367
0.750368233593241
0.705704458926686
0.880853480299465
0.709939441802779
0.750433055161281
0.655726357679543
0.831305041139186
0.691132599576345
0.75109408412268
0.753774993137325
0.796410756775161
0.72586629692663
0.767957832495883
0.89554182114396
0.913921697052247
0.87740139584111
0.771347533064895
0.886446723149052
0.778149078022533
0.754470836334358
0.720527657992965
0.715210460030866
0.807177960380585
0.736528025052634
0.714670331323596
0.77822829251808
0.759539524190555
0.74031471734744
0.777203206917017
0.710151495206705
0.613586557908441
0.775368745763845
0.969124428124405
0.749392708190469
0.944308944374928
0.760866640614537
0.803557573002386
0.712263271299222
0.784304919819691
0.780523710624737
0.718167977910889
0.730967664131433
0.755662264260606
0.73464969661258
0.745620471579992
0.697097708853919
0.844737817031801
0.732928128663904
0.912802022016455
0.806391088657195
0.405849486311691
0.808893536944596
0.837573125333828
0.916685413663718
0.826271386344845
0.357214800611456
0.807246415570048
0.708885488438364
0.82830391313067
0.768521040654364
0.924786043294094
0.846339302641241
0.784288013344172
0.822029156545794
0.878056874557465
0.810552414475909
0.985160659649632
0.804306587262756
0.842759316832288
0.772387202649602
0.455507519381019
0.923726740164092
0.798616554861031
0.783786280418083
0.949964084110588
0.909324761405426
0.919680258376679
0.695595826950737
0.835005999553445
0.834412103081941
0.696179096380361
0.719445404374679
0.886450418278871
0.825209626112561
0.685795562941997
0.339772107209077
0.861301214858272
0.713541088867369
0.640547252958002
0.786115506044378
0.758450116549379
0.787381490673028
0.958956205714463
0.870579745558912
0.637806647996393
0.74716406382642
0.455080617200163
0.742020443490891
0.953727258581039
0.818676700303556
0.746432384526231
0.892057650089235
0.802841351001534
0.932686041127542
0.698536738295867
0.757410916896742
0.794526325607918
0.627065603732527
0.970654124336944
0.839917539348519
0.705863023560342
0.706725078684298
0.63847969427923
0.689427657859409
0.931633171655799
0.740076654716597
0.877648798166044
0.550244234325668
0.837091708533063
0.730538714034269
0.79690749287165
0.850218168399171
0.942287649750119
0.714825176883183
0.623629874359043
0.933819378608366
0.539502837971782
0.806437321512897
0.831616795564753
0.835611315814403
0.853126234605672
0.642763681560979
0.692134127321621
0.954414578909986
0.659474262028092
0.674713110277417
0.920568522002985
0.671577150980214
0.846624820238829
0.643483606131984
0.437630331338077
0.991006821991434
0.8404597693084
0.896370404179958
0.92831547462472
0.82616873018299
0.707258933286904
0.9540903130772
0.818576766507232
0.817451532875626
0.776784291767137
0.979081779109584
0.887275265113604
0.717365069890791
0.95129448714706
0.677083444959495
0.802389932856393
0.926213694531016
0.667814587748029
0.864530282238939
0.774141864989252
0.592772816486792
0.726204555719954
0.794113479517434
0.828093181009554
0.898080681339371
0.565129457360138
0.851051375945009
0.666313983339827
0.777270223645378
0.993136442031023
0.751876390301287
0.712777293209254
0.909488235068903
0.662368660438023
0.427550421949188
0.967356186407904
0.611019511636904
0.708998601453989
0.905912591111546
0.57651259389797
0.730656282845612
0.842080634284199
0.634102862422465
0.841019423732571
0.908097960755563
0.834928875460022
0.769128194125899
0.748203505465558
0.829086131413401
0.848879173503302
0.738784191826291
0.80497716864421
0.7844491813565
0.754261883593027
0.913569374876843
0.755799964595456
0.667718677600429
0.97688385755512
0.966574658423921
0.804207610313834
0.800213299469745
0.901607149385798
0.747822946688128
0.932276570635055
0.932456182928839
0.773005426410644
0.818075303912879
0.58839596572379
0.802692417023607
0.772166476022391
0.742216607233911
0.654671636827665
0.906914076513389
0.868078645098557
0.791410750033353
0.844925758852208
0.734627579326352
0.71907728346626
0.792991347708087
0.788376472942634
0.795655938681419
0.767387140040554
0.791448798076548
0.761347844455534
0.732181052564837
0.703136605721005
0.758631602019443
0.767883653680178
0.732488551919108
0.743960281203945
0.826779239818757
0.924417444549554
0.673491730103197
0.719326881784142
0.691798293798044
0.959168134751929
0.663749300468401
0.705454123563604
0.74425956879288
0.83005128088704
0.816171236068394
0.754123244425744
0.949162521405004
0.749187139776169
0.843928196780486
0.825690746100914
0.753627185591637
0.808381315097489
0.957504082732628
0.941783465348473
0.901922773522727
0.685613908752948
0.657378689058814
0.623607575692452
0.976724640943257
0.851339521199628
0.724167474770666
0.749844160709736
0.941720895389702
0.813417089838286
0.969769656075228
0.737628070539902
0.746158698143234
0.896177489991781
0.990695512155801
0.810889033859494
0.719487633248963
0.73010352434548
0.714952799554655
0.864864035421889
0.94645546588766
0.705138543246294
0.911685721348282
0.851838463624544
0.672093900762059
0.621315887519196
0.869862022152932
0.777951767637339
0.756515916775979
0.870591821153787
0.873060269657245
0.73367372763798
0.597309918768967
0.930497772245241
0.804913657421835
0.824099636936914
0.995570236043261
0.793519294147187
0.851729999531067
0.731715422623481
0.964939894348418
0.968185687529517
0.818113648768819
0.889997037169233
0.845486550835617
0.88490799415847
0.83478312841826
0.843011675311283
0.853978993154955
0.711181474819581
0.931308247915107
0.771031177335216
0.823409435425957
0.656358841220942
0.753198064362928
0.533482949243446
0.829232746166573
0.711263836815305
0.708746099994381
0.988036264285675
0.222953285296756
0.765287953422988
0.942052628253516
0.762615635293969
0.699475903704033
0.778991274763153
0.414153887770238
0.802545009890677
0.979264309550824
0.888373453865177
0.883756888951806
0.732331060379514
0.598030045900428
0.758631494403009
0.9013516797822
0.87925592544397
0.867328381602219
0.807856831493205
0.812030060300395
0.816718803560735
0.817293414931188
0.813164084282908
0.81678792459575
0.808708360000973
0.816201621128855
0.804416946775786
0.82352311060851
0.822336246783862
0.841471421641183
0.832683292647237
0.813262812933276
0.83288854261409
0.824514288229054
0.829545666136733
0.818537999851163
0.839123356031074
0.822844655136618
0.830458602125381
0.763415380181035
0.823019148301549
0.895563165425904
0.857128697635728
0.882965694640741
0.946782287330947
0.890661252645954
0.849148789164691
0.753324854002647
0.713966609786592
0.820203819009532
0.804143955119242
0.827732351779431
0.681647237704863
0.805786077957749
0.798623071432763
0.849678912768484
0.844033628833972
0.929799167329341
0.821656883551303
0.893055746322032
0.773903960958818
0.94413745844829
0.912917199723663
0.960926366942579
0.869507141425445
0.803584325574237
0.79563876356129
0.582272265212873
0.833565839907699
0.851415331055761
0.993126877905951
0.20414406423514
0.868789495040954
0.732059838107785
0.76761359902565
0.708380085448086
0.917800084903323
0.691956503796402
0.824610059821567
0.826801886813326
0.849115811029934
0.764375431806804
0.881224367053212
0.597215482430408
0.869168424972631
0.722530065579139
0.555232040113721
0.818646339015431
0.96282071665379
0.75849333385538
0.963690712742857
0.809089508698044
0.976591618788857
0.75804218849349
0.87893485831079
0.763670168171796
0.753712765790992
0.761060915303007
0.762295554218228
0.758061532337437
0.752457121076979
0.758242685722728
0.750719919711796
0.749234355270989
0.748113877519819
0.754095157034631
0.743351509395231
0.725359236251239
0.737628593741204
0.720080508571924
0.797884092083186
0.779651143133374
0.812442968864131
0.765494494057614
0.810295607069392
0.821259861808558
0.7745526457466
0.827874231463212
0.83280274665187
0.870883924527962
0.88593069458696
0.733312168382626
0.819219783815394
0.832942497475959
0.828644992149779
0.857548150343843
0.875360962112212
0.813898526539913
0.889754126291516
0.897717212033948
0.660871682389264
0.642257974488494
0.992508037718793
0.91610909655798
0.836747895803422
0.763289987230791
0.834540127898077
0.965327456103731
0.881899589837774
0.663396677717997
0.874882593864782
0.922505141554706
0.965434403489087
0.901365917649034
0.746269523964707
0.82832018769274
0.609586704957714
0.916492885994876
0.944452016520879
0.945311243637005
0.858831954692726
0.766312995264512
0.900670623783522
0.745839895724416
0.977352216298634
0.741596424559174
0.916570102364203
0.735982558361694
0.817234308983687
0.891076918208069
0.631627662251245
0.884701117367252
0.877935198033067
0.822616835924783
0.757285890583651
0.760046977542586
0.887670943782412
0.880443862809481
0.875019548127798
0.670500057993383
0.584356698662917
0.85197046346711
0.778520928373709
0.762837325660658
0.756665412280733
0.883846661589803
0.724612344487377
0.857310450801698
0.725320226236804
0.807281249099206
0.571600224582963
0.936573913801967
0.984955155931294
0.749950101284918
0.904241693254168
0.768540860688009
0.500176129259977
0.574342921139671
0.570012321543707
0.900893324027289
0.784613758512234
0.864797765589938
0.85267235846244
0.792590408018779
0.668425056390333
0.682719669346636
0.973677804670454
0.993694019093375
0.680524224143098
0.885040592480149
0.703034997946209
0.850054878030622
0.775622682027215
0.830839624030556
0.716572228971144
0.870502097865298
0.679267568847237
0.923946832555826
0.773403076673851
0.800426330175319
0.879760376322868
0.668106476179118
0.782974832765399
0.847862996984286
0.782119060877614
0.887768083291345
0.8024093152148
0.849853095522435
0.756015598256469
0.849112371969009
0.827154993521403
0.868734321465096
0.978109733293509
0.972696441113119
0.973822767636164
0.846481000714778
0.862333959759205
0.912769315788128
0.820303463449575
0.841108072630111
0.771958383045175
0.963270456899354
0.846599571944844
0.923868437382127
0.651689286854976
0.839018743851122
0.929180868203108
0.895072215179757
0.750943141556612
0.633249570178937
0.52281840249641
0.318373192917221
0.939874286253294
0.630403430125323
0.834411915455967
0.644211999800351
0.755599737557646
0.775529911606041
0.828498692674648
0.760695632431986
0.798056298535927
0.803117535446687
0.810493554772884
0.774902141307387
0.821443836661798
0.816723906166204
0.824576061698721
0.819709891846109
0.815932918002933
0.826939097919804
0.805445576111526
0.805412654815111
0.806803998005526
0.812009975053564
0.801671881262335
0.803007597388256
0.788807387769134
0.829257574121304
0.891288403380185
0.721354204775365
0.719415979681297
0.67335488129602
0.716515445364903
0.60079525777856
0.820251237113708
0.743491329702834
0.734389375379193
0.78400580101427
0.776079217770706
0.824184130253908
0.809737400625134
0.803664054809068
0.769218694173971
0.715299131419341
0.497327869277607
0.910228694991841
0.841082601169446
0.67612350729578
0.785613803108052
0.90757109386721
0.775347668261145
0.519070662167887
0.728046147977561
0.968090021784243
0.909718891595917
0.613914970139504
0.818430296335588
0.676235813836317
0.866785986001247
0.830992867040752
0.688364668687183
0.86801247959812
0.645717212681109
0.766396413198659
0.837299808489474
0.696142421320911
0.627634265466991
0.84342390419381
0.814176419551908
0.903660363766464
0.919745124790263
0.83458458346071
0.85160137747783
0.822710233507132
0.874417096427519
0.823618606450131
0.828888407284331
0.850490903989857
0.863787405724642
0.838064014918451
0.872469660817945
0.760491624337868
0.795955111236684
0.800673335203674
0.80623473146232
0.836578344779428
0.843570119341407
0.830688716886369
0.812606477397362
0.817430786543411
0.835276497736097
0.818286443112706
0.825714738400944
0.833300325663014
0.981609893320115
0.849392681876555
0.798971780698393
0.827984303012392
0.846033845045813
0.81400148402442
0.504088209464403
0.980266175918814
0.6795206098269
0.881767108084487
0.751425165645174
0.437465999708593
0.832970490257137
0.793181701330312
0.89721681263926
0.516640253985928
0.582428772016205
0.938254555266016
0.788091790512941
0.756425755208721
0.886276340864038
0.855789854996106
0.7298781525049
0.797055303460086
0.777937520560691
0.828320667399655
0.832654096624905
0.937845206872684
0.742144618367963
0.809148987966032
0.998759079397234
0.842938514666561
0.891102157361488
0.854680623031539
0.907437322320421
0.94262016159091
0.893599205849831
0.867857847242559
0.784833376427819
0.730051699114107
0.861399898620037
0.912453801556425
0.611373568703785
0.99333754518732
0.730093011618145
0.943238536522366
0.782924984344249
0.903222392463522
0.726129065491538
0.923533218628848
0.664600356595576
0.685274716572199
0.917376645562901
0.602362686987827
0.777115660794971
0.760476475533059
0.60432921546488
0.760993566259999
0.834513610004754
0.573614710431952
0.892810636199357
0.890453867325078
0.480094919265477
0.871518680623517
0.941792373480773
0.784370318594806
0.787932575869183
0.730439500864664
0.892604071397344
0.848054311554718
0.702192090341316
0.720941462979581
0.947706730133365
0.958531931013933
0.898073426873556
0.73970926916248
0.853074548780294
0.866313352206809
0.648888126623204
0.903355713801214
0.886618371487755
0.927183160886942
0.887036513491699
0.923814062876588
0.906731906991536
0.98113572230493
0.90645904511692
0.704963014604719
0.942294667612518
0.869494743178409
0.891664928680399
0.51086963489372
0.876321492913694
0.725757289623898
0.88198289386211
0.743487674403221
0.78676709389604
0.766880893501164
0.814527231959686
0.665512423750125
0.642343891706231
0.945379938292477
0.474095058069253
0.968890296941595
0.904341938712161
0.670330543002781
0.656284047892947
0.701472992424131
0.86581799360184
0.701332365542287
0.774636332879253
0.830253679982374
0.791825119205461
0.809527782881859
0.922699569958574
0.699436209157488
0.909196530624077
0.787358393797126
0.812501839245681
0.888548475448767
0.904889378178541
0.985552747778846
0.957434962109492
0.896376521630413
0.962398462692244
0.84531007080931
0.860047981657648
0.870344715417673
0.789766902789094
0.852318291734068
0.862435343652437
0.77998072501203
0.980465201035866
0.893362511534207
0.783130726364014
0.9551261980567
0.701273543131032
0.595145449419544
0.807102454827215
0.879409330888244
0.774401573333364
0.878141955300886
0.806856732657648
0.996013447252118
0.854271284586638
0.998325990927634
0.915167852013671
0.886026251957031
0.882813135203583
0.812790143101513
0.89295828629674
0.842068745915014
0.846875481433199
0.859189599477923
0.761550898487111
0.83548747230609
0.894253399351474
0.946297031719962
0.978936890597785
0.840139962803111
0.956746713616601
0.488854649824205
0.592794477420086
0.815324716452876
0.87590361840773
0.984912104353158
0.793172844624049
0.841577417933069
0.708800670209939
0.751378533703164
0.764331720082433
0.774919974659146
0.757412305585359
0.766812673654429
0.864766332651774
0.839263506992429
0.760075050770667
0.635458931183739
0.915368361685683
0.897247517286215
0.869073452908885
0.685610443860665
0.687262859430478
0.724243156321875
0.992743150918539
0.880067159546796
0.888354757978055
0.844288794650863
0.73754339844079
0.654790779053172
0.873782785683638
0.859818743178881
0.714861149161446
0.766198956611396
0.625584780115262
0.915224180186531
0.886021138412096
0.865366722285875
0.761456624353622
0.855735725286565
0.745411853195421
0.77929781077474
0.817567091167748
0.898062331214899
0.981103174451401
0.897004754877404
0.905698828452345
0.69332775418409
0.663702400453354
0.830098598816504
0.895231373609937
0.808003308905387
0.782372601314484
0.950410977862403
0.638440410644655
0.82617433339656
0.849442172721355
0.853292753813208
0.951023101753114
0.802614871568131
0.78380561334992
0.851257939258672
0.831206655283629
0.842554426015925
0.911869775992665
0.695623713303156
0.850030221679857
0.831749915606314
0.665709739381382
0.890264073461611
0.900818552824637
0.748539117015397
0.692495708871281
0.570986186223326
0.465584657499087
0.434991014306197
0.777329157484528
0.90322449787951
0.827102002790448
0.655565668557226
0.7207726858655
0.851014607106483
0.719370646283493
0.801391605072215
0.786857321708045
0.9746941399659
0.612116019330296
0.637971062771108
0.88251259749176
0.835593784315917
0.853820673513977
0.72504957641879
0.690653753265604
0.690658018698489
0.786331738440141
0.881670108641922
0.439683341629158
0.735995124193009
0.819537056707092
0.735025281493638
0.7396898993812
0.677810227964935
0.741321848429192
0.761208434216664
0.860179997239909
0.721309884856338
0.738746637789573
0.735725779187424
0.959006966053463
0.762661783299163
0.970993555144951
0.971245024417235
0.888196920663902
0.994191945917628
0.734761705755397
0.81400895595637
0.785178012688187
0.8129255613416
0.74658124873727
0.794081457894409
0.832205250579342
0.946327339461586
0.426963415894001
0.819449471680434
0.890159251259544
0.687436165690127
0.953144223495332
0.747045310243591
0.75077561735248
0.95407518943094
0.83723979565858
0.956990540512582
0.897973421035568
0.979009792277214
0.909502665097037
0.99677870030572
0.918990985873597
0.918343282658447
0.919772983843024
0.871153746895609
0.91375112638484
0.928450939185774
0.942696823359796
0.901055669274727
0.924443517007112
0.862387874247551
0.932426047516853
0.827546771155164
0.932503403263378
0.863656735960872
0.777934008998189
0.819718373751815
0.985426416408211
0.922263828029772
0.742027985104756
0.928765064609843
0.742944048367581
0.666648211025723
0.90153043236861
0.920374925662835
0.835393118441161
0.757300794850165
0.56959661941401
0.966065700592024
0.712966038548919
0.728173365037465
0.778452771645144
0.706685700613554
0.670618688213532
0.765055541558182
0.579893535326341
0.809323361187776
0.850866604354771
0.907993082615885
0.789810059447033
0.609994695157007
0.852737382004956
0.795243638561898
0.854843586025972
0.721026870413914
0.790212540123474
0.791688235878235
0.774488557551791
0.798566248699367
0.744948701948354
0.800014399405285
0.701025631553674
0.816486290479355
0.813045840840077
0.596400274573345
0.806682202621794
0.802604597812545
0.878530929318388
0.700822336437063
0.936386458818122
0.810399709004891
0.784823873076853
0.962460984193217
0.829897531362824
0.955692238916425
0.661735351609125
0.888334015665764
0.779053760865702
0.790058024471793
0.925013242440594
0.801107335861681
0.852044123611123
0.844708817577407
0.722335107940365
0.81090656967731
0.755382284012036
0.793064349474497
0.912493711600146
0.920373230017608
0.640959318123136
0.762630088712844
0.70084296384077
0.612454203429009
0.921166475492494
0.828826503231368
0.719547387658102
0.825458009061116
0.680657460256255
0.913104785307391
0.753865051657362
0.995284601426016
0.709770207053352
0.618422202176806
0.855186070617255
0.793558127925542
0.509834972181078
0.96656953575259
0.904035333981467
0.845917196579571
0.894515909715736
0.740984241883836
0.813221295214816
0.747927569936047
0.776698570925729
0.838512409642176
0.823913350578215
0.795155713987084
0.883324406872603
0.592214780745204
0.824545397139557
0.77955416003078
0.876308794002816
0.414729951672829
0.578841955731093
0.9302477371131
0.851022372214689
0.746213709240867
0.672059090925081
0.58122254940926
0.749940495813442
0.951748139640829
0.802702162265486
0.839810664239592
0.803783036514404
0.803810740611172
0.87038478655774
0.81266360334189
0.818573663229125
0.826733778604186
0.816432552578814
0.75954512536654
0.755393759718317
0.723784035184999
0.873645025131685
0.707052618747176
0.59955393055046
0.725351003385868
0.855194626110499
0.931537975265054
0.816981861140028
0.635362411538822
0.827238631541693
0.702335825858773
0.87144387953147
0.804267338336542
0.814415825124596
0.801121517239597
0.77707326792714
0.791677031314642
0.801849465260985
0.796251335685158
0.806013275695229
0.810235555839247
0.762276281950579
0.773812006009028
0.770476949414203
0.770410149779524
0.767278945108688
0.775238230383644
0.767971400126294
0.769306599363565
0.769521287001822
0.768945872687333
0.770335049693454
0.771392738295028
0.76920086227488
0.770151919122919
0.777272373877079
0.773044972606769
0.775089263334399
0.774985308770957
0.774817687457434
0.773840511073942
0.774627812286273
0.77435023957597
0.774312817046476
0.772023093377576
0.775316780173531
0.7742358621588
0.771485129185377
0.772977487880334
0.775240099760718
0.772415258634357
0.776033243923567
0.776921911844718
0.780210584655725
0.787111138458226
0.770504757566152
0.726080942220045
0.849979021485578
0.834425470859316
0.971128034484016
0.893399311367623
0.828310186794959
0.811644736690712
0.819724106496591
0.766074680218675
0.819616079561879
0.687111412462958
0.927752569415323
0.705801968482929
0.48749462384367
0.915611721743925
0.95067878522494
0.631959977176303
0.833274965102118
0.753018281395757
0.808547825771985
0.624498691484719
0.846655050858077
0.945249760855593
0.540474467471886
0.597199573805397
0.885826233082953
0.803793140491629
0.791324635738572
0.966340847438466
0.833221370093806
0.694712755091247
0.736753056446767
0.759677708375166
0.88240384802163
0.756025966705228
0.696496404948209
0.886317266881756
0.914004190709001
0.928851009891453
0.888073126659706
0.895876677098755
0.886961800889433
0.919540021170972
0.892295821441808
0.864892916725542
0.989174929395211
0.876281497700212
0.514608228835015
0.961212902581656
0.86678096476423
0.942230256498738
0.736240239685987
0.83729571476055
0.555731505682767
0.689903506086323
0.995841795575538
0.916211130474965
0.78225532363407
0.8966815267666
0.807401706164488
0.926784501463633
0.892927421938808
0.609281986564774
0.593497729581185
0.757089042286001
0.716215356820852
0.67436512747587
0.834166093187303
0.990429783916858
0.827409986380327
0.558141758577189
0.738698878487094
0.710397107050688
0.856101974758622
0.700426401373473
0.764362106850077
0.816767686421424
0.814183919546941
0.63201710069581
0.760204538201053
0.77896532679288
0.892825149180946
0.682880819786205
0.885590898104227
0.772158128320666
0.597717774074982
0.841302578299033
0.949520316196414
0.845320464278186
0.85101726982471
0.721891791594766
0.841556116451009
0.824946345861237
0.858635170696224
0.810243861100388
0.901545496537482
0.868859180765656
0.711172185014805
0.883744390557846
0.539877265991518
0.553156157243734
0.704576037042123
0.50092773712673
0.783384402119044
0.614404020367403
0.856355906249523
0.80192819811217
0.69795223183142
0.74645878418319
0.737026953054253
0.783323486159719
0.921729642164997
0.781167963259144
0.753176060944651
0.813396859230085
0.856499293002717
0.77290674868642
0.91019541698314
0.941527835223921
0.884270754690126
0.594628858658305
0.994956129853975
0.789783945113888
0.991094363389278
0.688627573987204
0.766435182167398
0.88591188225361
0.948087161231478
0.871916141604631
0.781022682991256
0.819039235228621
0.622754610213725
0.831345866340016
0.910230720127075
0.856307912704325
0.876205341240354
0.860084822947452
0.820928609226233
0.729105858015852
0.870963754302781
0.816252364658501
0.934423262849064
0.869989251291036
0.852000031614372
0.901039665212119
0.971527736363396
0.858499237891286
0.965104922128704
0.865571010679675
0.996979681481399
0.973053818980553
0.878082365190686
0.907955078867717
0.94296868289714
0.88311214535154
0.869791873777394
0.793458470028737
0.623130767756814
0.466745270678637
0.739209689273667
0.86147395607516
0.850042124207469
0.703060447956037
0.604144901466001
0.807166888864329
0.523585410898239
0.915843403432584
0.985532785548272
0.666135161089697
0.745657104470625
0.958099415530601
0.779621045751321
0.824553435473889
0.935688762646994
0.808065801811801
0.913230474747294
0.9940816742256
0.86145182979314
0.826660209926997
0.995779943191035
0.771178998336354
0.972603602895295
0.992479032144906
0.694564321865875
0.466212861422029
0.646623611420982
0.76886498891822
0.757357903740722
0.750583862808032
0.851119200293996
0.745859375498259
0.759805921331992
0.835112702570545
0.889617804609705
0.749757439983453
0.750972688414001
0.762490412269836
0.754927474341579
0.79808083158502
0.763882873377726
0.802229426729227
0.796162530957609
0.796659973858344
0.784042480172296
0.834202490495935
0.817716912634259
0.783671595481953
0.832340579560918
0.92960348436782
0.910407006655367
0.885305080139494
0.720464791871815
0.907505619849696
0.735460801444315
0.927805899959804
0.689489001451107
0.777449089278845
0.727582602756506
0.688222980859906
0.699237856543209
0.673033752155138
0.728872040796851
0.675949329034794
0.824125588878355
0.812539648692229
0.76046039942782
0.861660865942639
0.940196438827095
0.858138397474099
0.844173271175802
0.95716261408398
0.756626031250203
0.850065977568081
0.953877586129112
0.714510279892768
0.834761434099589
0.717537343501015
0.922448374322606
0.977735307283988
0.926306468002194
0.922258599097796
0.849255836210119
0.856982304680333
0.987728325416864
0.712819075284423
0.771197485458636
0.882730928446361
0.796283494653619
0.846307437103374
0.832026722269182
0.75795790806832
0.823554781774
0.695129274602208
0.76575328056937
0.864460401565953
0.658396797063061
