0.424823103938252
0.644588590591232
0.881301619406119
0.985656897235757
0.73527474263406
0.979788482163787
0.797849363921069
0.86095184954859
0.842400457305562
0.802375503842398
0.540590322831642
0.866997923999687
0.438585679445412
0.6294782192149
0.575645098703186
0.945751861338536
0.535241290698584
0.788690722634531
0.775511819521933
0.977293916524215
0.596169991850762
0.800851008456786
0.924462547679281
0.740698188257895
0.989232245793687
0.693701524222368
0.963676708906024
0.944912054497638
0.849424966456761
0.855958535654322
0.69235464816029
0.827377304222882
0.793385439244445
0.939270803859829
0.857370613432997
0.98976846638732
0.883629439473692
0.856978825522136
0.784290748122592
0.671514034819637
0.797493193015991
0.797056407595529
0.884681504912918
0.90927274454725
0.892916636483957
0.821566059932634
0.723748600496941
0.426555822029946
0.810041182452033
0.148321888613352
0.831338628606118
0.508720929054012
0.93173494990534
0.982177805442662
0.541506271742411
0.8590193210234
0.90321246659667
0.811481867406733
0.70720549494205
0.81086615931905
0.870941064301235
0.808646038913364
0.864755748409318
0.778680373182973
0.838746635425424
0.868873482485802
0.779638647862481
0.899366394126492
0.88563923709628
0.888248148510323
0.841496305023166
0.939243484967025
0.873888521481644
0.712699855833886
0.759846808917652
0.859168005935134
0.890438794291226
0.739970507977653
0.850450645277167
0.9757511429016
0.706228517731281
0.852843652854429
0.85625236947172
0.876818779779896
0.919181985288691
0.44697282339143
0.49586003663315
0.951372223109409
0.987960320914751
0.77328014064551
0.840879415093801
0.694839496995909
0.520689494536759
0.752664625860744
0.847882023522571
0.703677721814969
0.651248984991222
0.880899327407294
0.727103430190354
0.693889392960624
0.723133793203201
0.839329727120014
0.839068531747668
0.912498731127448
0.832291648112915
0.871344876390406
0.884183989823889
0.822496681090359
0.818575272461085
0.767667259779321
0.919218935002715
0.912029923073723
0.810806296420977
0.82331717929302
0.844775239343454
0.90547551971335
0.873966747446207
0.764574152130033
0.750924932352526
0.828275355413163
0.786142998706897
0.737503152341657
0.825234489699737
0.814058250716904
0.905181558285465
0.79728722128005
0.893369124179279
0.887587130420142
0.896405510360163
0.587135494046344
0.712368470607976
0.714754912585104
0.904375730670494
0.859986293696804
0.830317164115221
0.861040624507244
0.300356513412096
0.949882775970234
0.894177772625258
0.628240059720893
0.866939811702969
0.841660408327456
0.842015313936015
0.941159436512873
0.801306014771891
0.628043884241269
0.713523632038018
0.943049479779572
0.930957207217003
0.808568527201206
0.878411392295258
0.721385083245503
0.809152040394637
0.814149248464917
0.794009550428163
0.844308017581153
0.907847895183563
0.883083578290311
0.962241127861613
0.875552217269286
0.604882096027284
0.635838164131012
0.817817652010833
0.974272248972423
0.812979322880035
0.994605030246231
0.633162086742731
0.676068363719031
0.948269365970796
0.695037760075337
0.841551885649724
0.862797711625849
0.99877979605578
0.712413590832197
0.559916465460061
0.850472711037539
0.647623886515787
0.772363669901368
0.496211202932143
0.816096568092631
0.883555911033927
0.912839646870723
0.844000764385143
0.808303277605349
0.909458729855368
0.846944225986808
0.87127208204334
0.88223768693249
0.844948783679254
0.85790978585207
0.852061667461781
0.870825232152396
0.866152814513379
0.849594603531604
0.845918371348006
0.849258107383007
0.875145167663172
0.837134424086535
0.859237564510093
0.853889034857936
0.844742297852495
0.737040569355729
0.77832046738385
0.978855465179473
0.873952998810761
0.931383638521201
0.499191482302839
0.986792531939607
0.86776487743541
0.912074093264886
0.819033294995224
0.854829945540421
0.927319268188571
0.83447793570233
0.804267026092585
0.499597293783359
0.964626461516222
0.823654533245423
0.834643359818495
0.791854133230775
0.753099021561408
0.687704027699912
0.814238081679256
0.789698634349296
0.82925042474148
0.923107860838634
0.851663526099418
0.861525656526551
0.849652373354106
0.728839884280581
0.811275252455024
0.841794192357681
0.815150898151276
0.812218245896533
0.817347191675257
0.810108630615438
0.803360222853108
0.818425562106734
0.822236945976067
0.821779211976218
0.809827061520552
0.832397598955726
0.828192881246433
0.823186383421957
0.810877611047556
0.815091178517021
0.819646850407686
0.811452250861754
0.800385242264888
0.807860418370439
0.806373139900781
0.808093878187772
0.804040424365212
0.806494990988084
0.810919064167028
0.811822129081493
0.818028188078006
0.822226754682326
0.802095138452451
0.820836777203182
0.81237558534016
0.822218132947836
0.809635086383551
0.88336629723381
0.868281266322174
0.860556774237536
0.732746579890596
0.75345815281323
0.799213251781398
0.975049392583044
0.945360195980502
0.667790420257041
0.696120797224665
0.761300553083334
0.960561101155171
0.952491724733144
0.918784788957048
0.961982869771192
0.622595862517997
0.848349939064146
0.931480591153633
0.0710135871990464
0.697025564892335
0.907938526906353
0.896869235288122
0.637768143688437
0.614606084993761
0.823055982161897
0.671198850977138
0.520279415059874
0.679789601777087
0.741541897911064
0.74887051958074
0.93384468557234
0.620934756491807
0.795572720923371
0.842467831967297
0.750156289306052
0.886118305912922
0.766627343866286
0.860899636088185
0.975118895450442
0.880646340981882
0.70817125982164
0.672767167197196
0.618322490473851
0.77832103961518
0.790176006024717
0.798483452500829
0.669215442730826
0.99245676647487
0.994933993122565
0.724292886933604
0.879690389056842
0.721094821310093
0.852778538185888
0.783592359134167
0.804213061324162
0.776233088678439
0.749485590593367
0.749736244707194
0.68553889669402
0.826641694797176
0.694414883757071
0.615578845718991
0.672831211230059
0.996441851878455
0.877858901133605
0.689597425993616
0.908307997909349
0.849536380162997
0.900300096666827
0.877497891286286
0.6842813201979
0.847143325190726
0.789422092266399
0.801245956354958
0.794692183411636
0.655305186819543
0.924551615152781
0.969303807783475
0.871051919372613
0.967418486473711
0.915060525665706
0.625610472522704
0.877715803620145
0.88890080112239
0.872254779422868
0.849958123655942
0.807552047833854
0.854957346477623
0.655330205420739
0.730490497206295
0.536266268794073
0.713693074858061
0.782178779297021
0.801627690527996
0.732270990694267
0.772367331488527
0.731966326726275
0.873150386185868
0.878304938386067
0.667276807459833
0.533955389223161
0.870613805409707
0.920051868349921
0.88468072911056
0.830269982119142
0.855475697951089
0.819147256954883
0.98245069146469
0.853489790161609
0.83607582061313
0.708063072878423
0.901240645064003
0.983458501699945
0.691949113804468
0.569062669435728
0.752573249066564
0.968883491953574
0.719544864621543
0.810912413631591
0.763394863888115
0.881926606030682
0.919536865406657
0.741565446554271
0.760612200931839
0.818249856815711
0.846321507532377
0.893618242259622
0.932364419573461
0.700910651015379
0.786963095450907
0.9009280532681
0.818494470998574
0.661823582181318
0.92370493831478
0.523484151113214
0.855638661899694
0.833994570611892
0.870929173046011
0.867372271688234
0.619168160050569
0.864462242799564
0.982421858757893
0.808021476311384
0.800575177850411
0.973671137215492
0.891468209745424
0.881281353603672
0.729414645028999
0.49850804510614
0.889904002019523
0.956857974340259
0.719718398243529
0.91788183101643
0.81230336537619
0.794503244309457
0.945678110087226
0.721349803585023
0.912536505386769
0.730687591358348
0.845297703574607
0.823215813078319
0.633889135424796
0.92900207323584
0.894401185952925
0.947162933238043
0.896761681781325
0.818842794766642
0.639010412325741
0.919232762310216
0.747594178829094
0.792355369905476
0.607872566738652
0.896034516000754
0.840977854792176
0.877159812817803
0.802137912037627
0.86977373840678
0.847457977860664
0.96403527928529
0.887607394522122
0.283156692117893
0.926162563620496
0.997250517433267
0.98214686384498
0.675747159724076
0.900374065369376
0.84228889699589
0.963207923545132
0.90952882494036
0.832384388311857
0.845091849975155
0.599029715223254
0.898373261882507
0.57167587512838
0.878586737750925
0.746118604080207
0.671570234579482
0.839173261937255
0.820921793249773
0.704972588025185
0.888605288090249
0.793791705706417
0.734866694227717
0.758989563047265
0.862230153055771
0.769286079466222
0.999464174296211
0.530329395091601
0.525009457691472
0.956900931385629
0.901130251714646
0.997755388422267
0.70235482167956
0.82887411979928
0.854913150875018
0.766429694257017
0.955495149930762
0.991915437337218
0.798759313821764
0.894088146048177
0.95387986670794
0.845847063309205
0.88422139118791
0.640560170961845
0.883763601135852
0.928859462945365
0.926821704136685
0.91270292648532
0.794817458090457
0.997034287589794
0.732074854905731
0.756638199801875
0.696327726387116
0.833966494472407
0.815875081247904
0.818442684514908
0.763271805070884
0.769810985486451
0.788860566538283
0.83918704681714
0.749077520925645
0.838595067607358
0.812466253191557
0.890491194926648
0.925416844252355
0.863527924184952
0.911152029166231
0.691621062868516
0.64170798446142
0.92823878369767
0.790048988771458
0.886526946745041
0.812383007393049
0.903874511484861
0.856632986803342
0.788039601645902
0.847121126810207
0.994463680517263
0.672436999430632
0.916918233865985
0.91757853610154
0.966083539372204
0.688795331930209
0.824436432827134
0.75619188480998
0.749786200657707
0.888745084380836
0.813767370066611
0.801971510955374
0.941999397221459
0.91808617305581
0.988613099071734
0.864978713983676
0.780549992262226
0.925572254240053
0.826985167335229
0.699526180091871
0.871152605345482
0.694610064835292
0.717822926665378
0.708754110628169
0.711890270714544
0.710595232596853
0.851592626781026
0.861967704171642
0.764484248333661
0.898881328929887
0.300135513086929
0.765060660296869
0.931447288390685
0.565066973075694
0.758173174974103
0.774877581064641
0.796787735756688
0.790726471696178
0.902867830796677
0.790777763902038
0.776660175141267
0.64692056856363
0.815447049734115
0.827747999616089
0.794928394302965
0.988805829376316
0.92166178369908
0.83144618854246
0.87821215894374
0.925226681380228
0.765776985695324
0.999259869134796
0.740225405004699
0.763482789893623
0.918640334573178
0.868693469254414
0.794914032857538
0.732681886489068
0.875413710848214
0.697601260360997
0.977660820923798
0.979869656031903
0.805105599436126
0.859703010738022
0.757225386040742
0.859937971010172
0.829813953371377
0.979601463286048
0.792041856462566
0.824903681272002
0.924300380435317
0.859508070101919
0.959048136988233
0.897448008135666
0.882124633858631
0.911965860888468
0.919895553793493
0.912448763537578
0.918738338197995
0.907596922668871
0.899773512927535
0.927456660250945
0.914199622262961
0.901671116725127
0.785543104209419
0.814141274800251
0.925183762460894
0.86099384737937
0.96363242547994
0.800123089189648
0.961905620815054
0.940740804615598
0.772275997394582
0.875206419989057
0.826400059106489
0.744744646322396
0.968121746610457
0.978650550542765
0.938500649020974
0.821136843297645
0.656080524146346
0.950305199884051
0.831859196070746
0.760447735560931
0.875661518633574
0.840213403837019
0.785643950480834
0.941599707981884
0.95049508288108
0.951062962746138
0.953944281450522
0.747774770621732
0.891910548706776
0.946967750720304
0.521724356125983
0.696336040698517
0.904733103424232
0.731355882718003
0.711284504919925
0.975150869777366
0.87618155099143
0.820003497549246
0.736401758915612
0.95341720550151
0.932430892636937
0.966308904575237
0.759394516854341
0.704452637714975
0.951063673424308
0.538072778445074
0.749738968209055
0.797535530025064
0.593729883372694
0.774287284326228
0.900813461860939
0.72448834566581
0.778105032074797
0.764189657615486
0.97041057625833
0.866279084709071
0.970845987691309
0.768643745955938
0.644205132560318
0.691747067782788
0.942475950095783
0.943363531976946
0.838706178429447
0.834633279999359
0.762828072897823
0.701591634497709
0.851399130557907
0.907945015085262
0.849944201946387
0.887802326371135
0.798981811190091
0.892737049753361
0.733749189631561
0.794078278191414
0.770617781338704
0.785964716458086
0.784914236768691
0.848239759932805
0.792185506585294
0.963149709301853
0.868773155758332
0.766106834916805
0.967139163357994
0.739103980224708
0.541269923772354
0.889774295957345
0.834615860527087
0.833649738354629
0.840822674292897
0.908097797309773
0.900555304668032
0.797415207444824
0.835624846388736
0.778835288901083
0.841796174815588
0.725253280475242
0.746569841657843
0.756263297377994
0.989305480015186
0.600982673817773
0.726029051936542
0.705431408007011
0.729026486745447
0.970354284715471
0.472992803786758
0.907321381651519
0.692073382822072
0.897263356744478
0.94087878119317
0.720521177310849
0.861336190810194
0.489323578738454
0.689849975478599
0.927992598374536
0.887394258726507
0.781505908940496
0.805090992787461
0.559590869252474
0.940726720505701
0.920198275542601
0.868195854155778
0.812704150755999
0.824747413522464
0.794831068095949
0.7587393485164
0.588691511600235
0.650851695493428
0.928374908987991
0.939166118587883
0.832294616329024
0.79485800488805
0.811463085631321
0.735766783965022
0.838694717871105
0.847228296742152
0.563044699092106
0.667191076808983
0.73146740780743
0.762784452515318
0.967603349442144
0.676758089216388
0.912554095349793
0.471539848473238
0.864220807605859
0.901758181538342
0.518197729237188
0.756252279632064
0.761315876701259
0.798907464295159
0.796368165305443
0.889603657185899
0.74163083589338
0.792585301062267
0.874244214043127
0.806816826843915
0.760326259948415
0.798639261732026
0.864190276671437
0.693514880089622
0.637109590696478
0.756162337757312
0.802460385473992
0.761989798973192
0.791915725958609
0.747185128996685
0.78834311536639
0.826648155730998
0.83092983777372
0.828712804512598
0.826571834229622
0.820958860001597
0.82221362049511
0.836991838162517
0.834321727201536
0.8327028882326
0.828416518920507
0.831174900384105
0.833183638922905
0.829790887918264
0.830605362021941
0.831168246033557
0.831847710565514
0.830570363608592
0.829584253873071
0.830573909979838
0.832190055555691
0.831470952481657
0.831097533347924
0.833341494837417
0.832292580800495
0.82959308960743
0.830925807032884
0.830397465334707
0.829978142554919
0.831070659911706
0.83191135849092
0.831633628435725
0.831087212091917
0.830706209736635
0.830429088308539
0.83082060628884
0.830700025746635
0.830443403286905
0.830999460180475
0.830397446627215
0.830702003533043
0.831100788307478
0.830140956846168
0.831222755867658
0.830946862143929
0.830620618496674
0.830440139108437
0.830029448192963
0.830803520132332
0.829984628353107
0.829837198382697
0.834982357288486
0.836604198249204
0.832621925513534
0.830547342959653
0.827460692670879
0.842018350145984
0.834226034369405
0.839691884033625
0.837921971561398
0.840061900603819
0.833398898959965
0.838741742621896
0.833380707111824
0.844524065276839
0.873637611102514
0.837107109544174
0.818845270549249
0.806349591816787
0.745495773451049
0.857724885610027
0.782079930308482
0.867438670069404
0.920656827070775
0.799217789325636
0.914172725604502
0.732960268541335
0.726570788028324
0.766042035664449
0.772514585188909
0.772322440483409
0.862313164656774
0.818797070533081
0.866482533968978
0.880369633383812
0.924653118649756
0.621690799388347
0.794749770563642
0.890838198733989
0.848412574953356
0.954872642747587
0.863283448573485
0.736183226670708
0.997089824013671
0.823510988481896
0.921965725440799
0.735209903298169
0.97773569615355
0.665964697577162
0.625973892372509
0.97237277375375
0.69238329109393
0.980087645764234
0.789366873919927
0.828072500859893
0.779872150230301
0.816922571160299
0.819390124116747
0.827194542349206
0.825420516994933
0.832755797598521
0.831551607034433
0.849211499335245
0.96412192463952
0.850827055064454
0.890542062458542
0.358767461607879
0.84555893314701
0.74491709183107
0.731036155328988
0.813816611013672
0.828832676801726
0.823547229969547
0.806436455221724
0.992903117219158
0.645381870159711
0.783153627792002
0.839722692924923
0.682602386438393
0.850512896725223
0.899767267228558
0.859986949038682
0.696267339155398
0.705204715220986
0.59712323229941
0.347603738673228
0.835063941782169
0.775586898820268
0.583570792970153
0.749326228138824
0.642589035264638
0.81311570334803
0.99825847862013
0.788908615493122
0.991178461857699
0.607026526297281
0.904006232828377
0.837960586955652
0.897600544103712
0.96894726740448
0.971227667277966
0.879722106887729
0.86045114377715
0.985344757053999
0.740303527758757
0.895229903458349
0.777184159951911
0.839950503192888
0.45352777730221
0.982003229374547
0.790296405438538
0.888050291192949
0.904130312520665
0.858526815795058
0.917386590355062
0.937126040663411
0.90434209979734
0.996115774371069
0.749665484545227
0.935737437671527
0.916211720959224
0.873913448655963
0.755488246085576
0.810584261180816
0.896464056702669
0.804542383680359
0.802769477418763
0.853304320439152
0.861757128622523
0.797996620816315
0.827892532115681
0.973980264980701
0.786006735511187
0.915397263031279
0.72145644095527
0.73942936104953
0.684837869838825
0.928737100599317
0.688839478532549
0.947697748431857
0.838296206308642
0.911166556975479
0.923358978274054
0.759381181520287
0.902346914925013
0.876337498464869
0.782269733695191
0.689791224621955
0.84420872843487
0.703944669016993
0.652396220749669
0.746554011210249
0.858588954803443
0.752337652945524
0.67135386319059
0.62589974365069
0.736299210125347
0.768810039445944
0.802986512460882
0.817740379848349
0.90177580408048
0.952051918193874
0.894257636718124
0.99618751069893
0.857099034640461
0.950033176104681
0.905573209002839
0.852671322369637
0.808708189714018
0.932507951058394
0.92578601878287
0.717352212536487
0.821010609274347
0.875694672770899
0.761434466788717
0.922671874735042
0.947046074524578
0.878275628805513
0.471524956408471
0.876762848395858
0.469553961473416
0.769669332129009
0.771197691563252
0.785007698803008
0.747694002796076
0.626537859404485
0.937821117930195
0.861449640937118
0.735738627945749
0.770221030083234
0.638913883028594
0.725475173613454
0.950971990404597
0.863291177158933
0.692414528382862
0.86560220438164
0.644768912489409
0.665307821146582
0.604188816213613
0.773191255302981
0.897481307538753
0.816489302654475
0.966897947746658
0.687876681692635
0.586235759470642
0.825416914500278
0.809070521581922
0.771857492777789
0.854249212330542
0.736807617526513
0.872831461057341
0.959294370240628
0.633669865141546
0.735669758931429
0.711185692791842
0.793698359521348
0.958506605458016
0.89060889561492
0.397646751958493
0.950203633123362
0.739503995077716
0.73036784042686
0.825146337147819
0.88384205795325
0.875079009896322
0.871051923936834
0.883576600651162
0.745963857287343
0.705333507179767
0.832693644230051
0.724258223701767
0.877083416063415
0.967602133613023
0.612128462749398
0.862413082046932
0.778257407265796
0.857055121410948
0.871550714094396
0.865246170003086
0.760130600628347
0.750974397515566
0.886259526038248
0.792080268608367
0.775040426367655
0.945472851579158
0.85232239561332
0.970978991029993
0.806987530624795
0.724675949543269
0.85032898391461
0.917798144286027
0.934397202774379
0.718355477752303
0.726444498358116
0.902230619075408
0.543311872566657
0.912261851131538
0.990661656679126
0.699659294250196
0.734364868080589
0.917695723330014
0.846200261542003
0.873439552240195
0.650937521987628
0.884805347262775
0.77205111485663
0.629552253648812
0.643245475466348
0.815146459630533
0.794572858262385
0.810425706833674
0.860690043088628
0.833528627187904
0.777201675357349
0.788768367291568
0.875420040289603
0.946287719525643
0.94391331296287
0.813228709604788
0.814445021594664
0.493696712281961
0.836904157665567
0.285015078787664
0.811879839301886
0.743673848397053
0.692347495440044
0.802341813394535
0.940439219325767
0.925307717414148
0.711962316409802
0.972557045867213
0.694846619275725
0.80135880536585
0.632388802810987
0.687168925828659
0.543300372580251
0.979795648742089
0.776836311935586
0.88601621885898
0.689781539163651
0.664260668918664
0.698187203402839
0.774307637576703
0.762788201082074
0.775214761004784
0.926281517561856
0.887787547119577
0.982627494358261
0.978874395052964
0.929981352734975
0.714682339620405
0.835664620942477
0.905435658873317
0.852999952129095
0.448386411569037
0.816236658285878
0.894935032479665
0.550795231869755
0.825124841125606
0.86075716352832
0.817560439795871
0.889577347327899
0.886778584372262
0.819903497711561
0.851734624065826
0.860635257854304
0.893467484776144
0.795749863109927
0.751229399094735
0.921890408077376
0.742722083393323
0.802533611842519
0.489220062957346
0.901277972850024
0.994176767623637
0.914808533594679
0.856645533300979
0.912929733131775
0.887453017073089
0.83971588710976
0.913586598708658
0.728831114745697
0.998800016468451
0.949984213804319
0.61821718658663
0.699250150893999
0.708874047952572
0.814790390446129
0.852977298890422
0.74250782961996
0.854882016440244
0.720752700541478
0.735291307418369
0.718958565514379
0.787455560957558
0.881853502753141
0.515816402253875
0.558992237236911
0.857288880072888
0.808418802510822
0.805477397990457
0.85565970805186
0.856040722872683
0.854504111138157
0.782554399408148
0.762780661467676
0.573313266097105
0.737546879888133
0.687900829961697
0.71881510692741
0.539688005310702
0.46024581193745
0.856389179457679
0.876608435211429
0.860875310934557
0.630225043914094
0.680508430616056
0.923144013276868
0.705112449710575
0.745500644979305
0.718048215700888
0.955409482919775
0.571487444410339
0.761854721802616
0.838753376118241
0.649207628612943
0.896234992345169
0.543149391997132
0.866590370765246
0.81334858525542
0.644925388755975
0.856066477392518
0.803467074122409
0.729420969103971
0.805266881174281
0.884857821608601
0.870366542365782
0.880564948443801
0.843873941653114
0.949887950457504
0.873654663451035
0.774008433386731
0.921148547392955
0.93388024083614
0.712299496283654
0.741063857311248
0.796379507801561
0.861049223945936
0.778482176931547
0.878995281242467
0.824986659391227
0.889974462355088
0.956311070799386
0.953216200703986
0.593152228555932
0.999989490717436
0.929730192120793
0.838241861277113
0.865828952613439
0.943832853621582
0.645928950272378
0.744469653614911
0.689230300365307
0.870609308354579
0.708998754894462
0.804401261635355
0.934741581907535
0.878871117717555
0.815029657555792
0.850276043860443
0.553535522286542
0.999999
0.59706023695158
0.988834817705095
0.705038051973196
0.827911348647768
0.954460528781508
0.789005066991047
0.705998158844238
0.705665103084403
0.868144733805419
0.967279087823761
0.91385615665056
0.718275748758442
0.712073720934227
0.956460920394848
0.832225727009685
0.672173930402841
0.780405095349297
0.885583338004345
0.747831124752755
0.537703686241439
0.956525918414122
0.600940158997408
0.755722878971972
0.464771031988794
0.816457864871317
0.92673781742324
0.865420360306835
0.797541701149517
0.864305185410236
0.743531606129231
0.809577417524914
0.838881400305262
0.785859089217832
0.817085384568627
0.858398003942715
0.802736493128694
0.826116328939493
0.907993751220326
0.897745882267379
0.866485001640224
0.814798485318909
0.742823064225679
0.801336649630158
0.7773954181462
0.926567940351168
0.832974245190932
0.76000082892398
0.761629333305883
0.795291863421816
0.759926198405065
0.766645314414746
0.767024582836242
0.729350232601836
0.731591060638428
0.718386811822012
0.722028274615157
0.761133460484511
0.731034722781043
0.75040080269487
0.743777356070133
0.747000956379305
0.746435852752019
0.741489339527302
0.745601792769859
0.735315003666127
0.728959091421033
0.725662776668075
0.80963235835415
0.683586629556224
0.675198452409881
0.948236155770779
0.869692066438405
0.950316836322225
0.951624830893445
0.879269129181099
0.712929518876189
0.864914442597783
0.918485727319408
0.974069467042248
0.658758914335395
0.750453983007657
0.728975828477664
0.541937443004232
0.662088916461125
0.709556405345516
0.979539639740918
0.624304604076622
0.660181804858071
0.565917493907169
0.796505487120154
0.827305987548574
0.79713753410273
0.868648131935012
0.881326019250429
0.880295813147383
0.584505607630532
0.668424614802865
0.972608042378083
0.63692257829042
0.633906046809586
0.711689379706381
0.755768868368395
0.904541717482597
0.985360303506815
0.942640627037811
0.986937022396856
0.921551201002496
0.89049096243017
0.857337905984771
0.926581365591567
0.952251810895737
0.704198453794247
0.911083280374431
0.775294060693744
0.977702579027432
0.685121695757914
0.873347029764695
0.904653841615651
0.609380456767843
0.820809310901141
0.634514878247606
0.883745152368091
0.735957861920494
0.860851758980063
0.773143859053295
0.939021119458496
0.934083895464308
0.526367426688292
0.861481624190968
0.623366791037624
0.892722790738013
0.824537213820565
0.877909236799493
0.569186722271163
0.890578272398204
0.962306086928437
0.729855960667067
0.636942036557192
0.765685958690533
0.807948381339283
0.884846043756471
0.789197580322379
0.760823257442333
0.938420300063965
0.902089815750198
0.661290298359392
0.598390216600947
0.883446252330719
0.814125546001294
0.707794451534734
0.689154289071158
0.897633072806883
0.708605144754695
0.837369415741617
0.975244906523391
0.86562213407311
0.662121415210019
0.8218874239207
0.881792464505587
0.871170033822603
0.566105156220563
0.761860074479232
0.784816594861696
0.804030676287082
0.874153931459529
0.873511826834158
0.837361001513143
0.955990222186852
0.94168009723009
0.880203639852594
0.804775803737845
0.929607677766093
0.810406189854397
0.947427826460317
0.712305576216297
0.750550885399233
0.871184149377386
0.946397278181726
0.757378914756971
0.858481278094527
0.994245758293317
0.801699901386018
0.862700485559042
0.849748224304992
0.880985443880694
0.903631076350018
0.828689997478325
0.849628043362103
0.73367501325167
0.607276928250082
0.597525405379982
0.983297649300877
0.782545760963682
0.865404987519887
0.817642854376212
0.610198471038199
0.906787435753307
0.792663345996374
0.679454283227364
0.865609558617918
0.844094929420914
0.778255926487364
0.650286564951001
0.925329043871139
0.810098872409743
0.879706209586461
0.717305490870941
0.711471967380975
0.770911444179856
0.767623388470664
0.838472585624248
0.856016134876373
0.779130050312236
0.945926547131764
0.815389714719991
0.760330803579432
0.795655465059746
0.824420555751891
0.906471308104222
0.852781416786516
0.717362916037481
0.699720276027563
0.700687434131732
0.961298264939311
0.617686397209169
0.784446551270994
0.771939412605502
0.711608500689708
0.731111061583312
0.833091867534501
0.668294474621053
0.975840280438364
0.625956128956954
0.996145479478768
0.968152018802422
0.801495775374035
0.728122759665054
0.94843451773571
0.910804114123339
0.780996790333407
0.956864992729318
0.716424957472628
0.846787676932686
0.668947030652028
0.83539355811065
0.963874486758338
0.776428181292745
0.830761566497582
0.744079547246407
0.530377811099995
0.561603522114382
0.694054324116308
0.628072619788633
0.799180005867491
0.955479795419617
0.885822259034668
0.902782740197817
0.861171530647513
0.794353600689746
0.684181225817577
0.820314828529167
0.756304081607873
0.88867504097184
0.953338324837797
0.809831607720988
0.669935990378741
0.754550049352244
0.744333371056441
0.755564723753033
0.784346150624418
0.7726759811996
0.843806041439536
0.544112290947591
0.907122785963039
0.852363428646376
0.966109508990757
0.913034189716221
0.896511697481127
0.97788420849008
0.697141446610019
0.894918523687124
0.826251666952773
0.840524512460067
0.825124228505556
0.830939166653948
0.674623031917104
0.781348512597137
0.944509038912505
0.748987887814444
0.780749917400142
0.928012763944896
0.738627753014863
0.689417046593956
0.89060200449654
0.718085715836068
0.835166020508455
0.652655834375578
0.687301575057271
0.809647650946804
0.247369813494247
0.841652313700407
0.838727320670322
0.828543997592977
0.739060901603731
0.821991353748121
0.796032077472459
0.952440488149406
0.957243382188874
0.705043512281582
0.466709118536501
0.579681389706398
0.869815081829525
0.795903783038039
0.764333272842453
0.750394434904619
0.771811026597461
0.762928774876145
0.771116769215927
0.777463065264583
0.884274306316495
0.651575224420092
0.711669765503565
0.713804888227565
0.731640774257191
0.78532288742818
0.770377677667301
0.800499432581475
0.775444606020751
0.728711826678412
0.731507117843978
0.725722913186744
0.852855464017633
0.794872458705972
0.79459431928458
0.847372783071271
0.80765314601716
0.986383840771371
0.855422172267456
0.836249822087046
0.848257313843857
0.81012722665977
0.867827365599996
0.811596451581877
0.928637788786108
0.835700023282068
0.756415438486244
0.84645373648259
0.622617091640896
0.95423110173754
0.988461807674799
0.847235063305362
0.916714961171362
0.798070677637127
0.852570169641424
0.842372172271469
0.946489462419196
0.868670419547103
0.98311959402417
0.733485534718171
0.777901548989664
0.887147375374067
0.653470546107724
0.955621099498916
0.751155643095117
0.755787054164373
0.956476837031852
0.789232334706463
0.738334730862453
0.691604046441688
0.67671120483676
0.93535594676035
0.810205139495642
0.629051147962278
0.8172220754084
0.792180235462066
0.849169687964275
0.81908933097121
0.98040412386198
0.936061499838149
0.759299931072123
0.893494018447858
0.647783930954202
0.876209414063401
0.938533451807901
0.74618066831817
0.787103251832862
0.710425175357103
0.517329894895553
0.784398499603435
0.320649003996333
0.626793145560711
0.882224355811254
0.703621088533845
0.787504372183489
0.787575390757203
0.832103331646584
0.881615192288506
0.752578003462688
0.840397452863454
0.807394761321507
0.7978128937857
0.814318858755044
0.796287001789878
0.767292141844735
0.728807838260816
0.747704212372121
0.745996351208163
0.706288803800698
0.982636342462614
0.541128858879549
0.772552740958981
0.755524152367419
0.751455067380772
0.750347364096033
0.828656788536735
0.926971947042126
0.88835804555653
0.90260007462611
0.850644993093573
0.855701653489768
0.854198032023719
0.838955929381586
0.809480112421501
0.830738575400507
0.845477202867764
0.853175781220744
0.833410662952147
0.799872290800016
0.965046977968298
0.591749191235211
0.98160710415816
0.826567633137461
0.878273206188015
0.918371807375752
0.9539149047384
0.77115035268598
0.562604442108456
0.798713300055955
0.901054836234378
0.799194719823612
0.971882544286583
0.885492710859867
0.947028760532416
0.79564162265482
0.846538152622203
0.530033199060576
0.80413592349899
0.728991271448249
0.851077271765151
0.83319344488457
0.681606653031093
0.568629141493912
0.824714967040119
0.865189148334855
0.81338856385939
0.977028753375106
0.904860233627998
0.766245135456491
0.886070558016171
0.894356475818774
0.868205008669268
0.985085701829565
0.795586594452879
0.798366791068142
0.893497284211649
0.717043835100777
0.951901455479456
0.916779754648551
0.858852220130762
0.79451896157098
0.865007607023911
0.916138730399461
0.869694842266744
0.772546734261829
0.700262013880204
0.86979462398142
0.702317332592455
0.964946396003349
0.901003960409633
0.833895257691337
0.524146687483019
0.645583472442332
0.96946615116982
0.862898502651211
0.987587542327958
0.810839889256403
0.8980217935613
0.906982686475864
0.784303399471976
0.812326311439444
0.893063842809646
0.995060940826006
0.994863636194596
0.686765039617927
0.801690747892273
0.832446260406187
0.929773836895008
0.84455154612897
0.746959051513113
0.690551073189181
0.851468471903334
0.952331092023957
0.798792691657117
0.651864117948357
0.680959559060089
0.911485493832754
0.840547034108938
0.90242218487174
0.831261756071079
0.844513412074026
0.919675664752568
0.741758505631436
0.968571341180817
0.784298880381349
0.777840602207206
0.602747722111695
0.972872302834546
0.61500815732569
0.891170711420576
0.956698824234986
0.83041143688575
0.718261905889464
0.735069490050289
0.816237046214775
0.840365261580642
0.997685296067331
0.890711097801276
0.807868168329522
0.802436901067241
0.811581797616272
0.828980767835579
0.970332495412176
0.931585841134419
0.963569164234666
0.378698952606865
0.608264149776581
0.593076446681107
0.99777641985985
0.875984649512144
0.863100349017985
0.794993296766355
0.948757725834892
0.883599937207293
0.908115908709948
0.681821329209608
0.726555241903361
0.757555524425807
0.866722521356664
0.849614293821875
0.993348642523538
0.836119947045356
0.691772793412835
0.517306293034585
0.889846610994508
0.73721777706884
0.946128570084452
0.833565907321988
0.50056221772527
0.879651038877574
0.964650706110882
0.977889225875715
0.923660853280795
0.998499951414296
0.841424901944936
0.788830854445836
0.763252942255707
0.925950983317899
0.83549245101656
0.706232842949
0.838066543958586
0.865872517758792
0.94060727255609
0.808650046404645
0.708525612607406
0.818457204643755
0.922634816926471
0.882798067118459
0.890058241180646
0.830828569404811
0.824783143823333
0.757459029653018
0.843849434235917
0.774479887735794
0.902542656956615
0.661178508104635
0.894102476681602
0.956863337239093
0.644151267227408
0.726879019353198
0.945960806920705
0.844251201657577
0.525720413065948
0.842865904263129
0.99573522397149
0.867267751497663
0.804864322556306
0.611254508252493
0.708467289025753
0.772900736466729
0.667244069076303
0.915073333574913
0.591642640243459
0.98184786995937
0.852780354409783
0.814533711646016
0.772926315620914
0.870366587167338
0.816781424126435
0.756460010353774
0.842703410702166
0.838915031812725
0.96264963880343
0.818812574084855
0.786851563013303
0.835454749425063
0.845902230886931
0.839052713105649
0.834390209190378
0.850722524824461
0.87728707457351
0.859808800856075
0.855248648768499
0.863153931387685
0.861184611741506
0.857020384617636
0.8594288714563
0.849144131680717
0.864568121242512
0.84286200885344
0.855130444405147
0.836081454873904
0.862166146329534
0.852315539087211
0.886000607151844
0.901199336387684
0.861630738918143
0.864613864250411
0.918782441289886
0.855034016329256
0.929970281921832
0.860008909232533
0.756883677670118
0.967916536764134
0.817714594236245
0.851837140141044
0.794036853113075
0.841078934209725
0.775617773393002
0.585632371204499
0.893335030604053
0.858136436084907
0.938433274779744
0.991474342278904
0.917453147645553
0.998895596916586
0.588818954243655
0.90205807897576
0.979930443891275
0.690969595791038
0.860722443346198
0.767341413536399
0.818944212962738
0.69841056753229
0.945869649826564
0.517829137666932
0.934234275507008
0.722907949941681
0.593837286117751
0.650140050143587
0.981962873565256
0.69611035057999
0.707465481526145
0.822773785271638
0.854547053345686
0.593944987360993
0.848376159020033
0.800228043819518
0.825397915870134
0.779089176963674
0.826412089033029
0.804943717909019
0.858911833479851
0.894214997881422
0.820448628302715
0.773351300272971
0.791958987873002
0.831421228195927
0.840811255070514
0.83848690931552
0.868421166862719
0.925693796545618
0.829589042054087
0.802026165024259
0.987300254753275
0.834598872530095
0.852893001177204
0.802098903532013
0.92350459331324
0.853295347006989
0.748362409548665
0.982573333825992
0.882119650545369
0.74013120444
0.63689466331499
0.905016831201867
0.572516580980631
0.764559892422612
0.740177058228372
0.686743955650333
0.808770165565683
0.880017806472562
0.734838409394924
0.73321510212725
0.788771832142094
0.767052879524232
0.810162387500176
0.865822868371246
0.733341702684762
0.795827438207001
0.946822950039895
0.987854389788111
0.727688979843404
0.868281559202965
0.880802684300298
0.951816029288022
0.766904110551353
0.920566868028994
0.923841096175907
0.860495116215756
0.769295396297859
0.899649319890047
0.94239682483618
0.962132926055439
0.896273596280173
0.632869041950345
0.236931228038607
0.387203065040229
0.819639419197513
0.946502288787272
0.410326709303295
0.988446139531373
0.837277316084764
0.577606450992519
0.930791315603449
0.814608869349986
0.929194577293523
0.711149470192039
0.724585167842205
0.981794493856927
0.943330399283765
0.964348902298338
0.973597743638807
0.91159906181506
0.950887288840761
0.678965574493678
0.845786308223373
0.654690675316325
0.768131026864331
0.853973517143408
0.768251628400237
0.799792184020442
0.757105001348153
0.934281365359886
0.860984253410302
0.91452160443001
0.677847806101203
0.776614891383658
0.894337824725461
0.542317654043102
0.394786962693315
0.803849580342702
0.767731639333186
0.706836634456979
0.934602698450488
0.930920608146396
0.825032850311583
0.876088387178142
0.875141855852059
0.79322967571209
0.749409947202187
0.987906654705663
0.871139827465059
0.491718682460209
0.63670812992813
0.55543140664492
0.926356878182618
0.646913526476144
0.962782786481074
0.92976920692184
0.734936694061445
0.867781121310863
0.831004436175434
0.98145232542727
0.919106913338141
0.895630798245719
0.70985971956184
0.860260973148283
0.975646223732779
0.837181431814154
0.701576953017056
0.872451583351207
0.829124651314301
0.886376082689659
0.878933961623661
0.853749814360679
0.816485447765596
0.84205904947017
0.814874463462445
0.780871517342086
0.919622171897349
0.637357843045083
0.993402320694897
0.922457447179156
0.868389224611298
0.90685419363826
0.838659279093931
0.699227868627662
0.901389954363694
0.959596714062272
0.76386796291198
0.857672793555985
0.898938518601197
0.55449207980144
0.88508338947765
0.849011160747992
0.743967927834945
0.851542505384932
0.91655492965326
0.765685398326136
0.740821743376828
0.5482978368404
0.936888996359023
0.911084128184553
0.861184887744951
0.970398131822109
0.760112589358432
0.694434431699472
0.920403070401207
0.936899416152388
0.791287648993557
0.815530538494179
0.93688961714204
0.873195222628934
0.930731890905041
0.832822555519905
0.617857960420488
0.854385022725755
0.482967045770693
0.925955620520083
0.916365680828958
0.728883436134099
0.921070692530487
0.965393300162085
0.757747537687026
0.712145987706619
0.925449684794626
0.949887594875431
0.658741840880947
0.775901567255437
0.886467287118322
0.743270402207207
0.771342776256322
0.760008946113227
0.747876693753638
0.733731054357023
0.767348955513298
0.777391020427915
0.794426882815094
0.801996239633033
0.801193453898694
0.689379640946709
0.789912415616608
0.78084789960279
0.750731793563485
0.766501419933987
0.986012276917042
0.909445623977551
0.84061630300041
0.718086742395148
0.723230356037288
0.556740165573796
0.784879614988036
0.692677595510083
0.676144846874064
0.761451124694897
0.979487966436111
0.95456395389232
0.850588203782855
0.958403588056504
0.742948349378656
0.780037429404109
0.767682217728513
0.623637127205287
0.630780626863961
0.807653087713336
0.852839112392146
0.640699925423944
0.92305584864786
0.869229032727168
0.896374906909321
0.500876622690957
0.703571217389135
0.73245321938306
0.899117792422935
0.600394994939884
0.765789905888636
0.87342387072795
0.85716516563886
0.768250267064837
0.726174912354894
0.820151100239225
0.915830724482865
0.892621978756031
0.786039395208576
0.569947243050294
0.909031637659516
0.828105993696493
0.773200709392879
0.924980313786141
0.744573777656913
0.868553818750259
0.828022935104778
0.77736086459441
0.98856605544158
0.715130876024661
0.816445875175104
0.734767391183964
0.786396417192055
0.795641881499907
0.739436144063139
0.862972925218753
0.952225708056522
0.93488062463154
0.940377744035556
0.824057667316743
0.639839004740352
0.719817818876047
0.998381252477227
0.756715341822068
0.885015063958155
0.454919479711237
0.941048579896966
0.898242953185895
0.627037832181545
0.818365077312276
0.660926634825695
0.774770648790502
0.91717599555485
0.851978247570666
0.862739349376509
0.66555526491335
0.836924081368749
0.80439172856177
0.920162995906424
0.817864918700207
0.801309481036581
0.843449132236056
0.814046536190615
0.870806329074846
0.824646952581076
0.786612203344355
0.709274729200645
0.779627848407268
0.710313186420237
0.79053814186475
0.835758833295856
0.689281321675255
0.806365564769173
0.972591325457106
0.944631203520618
0.946705684063032
0.736689428252027
0.786254436090781
0.87601653706472
0.948939557701076
0.61307595863259
0.951411396755025
0.872950142469867
0.905539022499915
0.899403338504371
0.871209616925361
0.86440058029506
0.700637117287555
0.82166767344444
0.802735361764508
0.765164487788204
0.809496974889239
0.833335516626731
0.902226681371225
0.795825246296652
0.881538660056888
0.913400590998149
0.899204247425773
0.658803035965638
0.999999
0.999303068700518
0.800948410013278
0.810815623733577
0.958944277615157
0.999838389156708
0.874218975197476
0.693191222125265
0.602571772256486
0.651771758020671
0.539282617554055
0.884918420950128
0.949826286743531
0.903176634345604
0.815338568668125
0.857703153184127
0.795878853098616
0.701226230795514
0.84892065815602
0.759695248457406
0.888647790444012
0.84542424106063
0.886068001213531
0.817253441049198
0.82828903747748
0.638810551426541
0.66111949478898
0.740837736659074
0.954183415879736
0.83177451481166
0.997720620596457
0.921797563794249
0.80085048360399
0.915363033666796
0.677980634696898
0.671708400996527
0.854740053993099
0.766454763210071
0.630401693717656
0.707734264728415
0.759750772357033
0.863797901997883
0.928575734021291
0.95402680814279
0.932625495046785
0.373823975197943
0.79537479985938
0.742337333270849
0.851604460774306
0.893047618643535
0.829863864014046
0.944998224609219
0.763573219445831
0.787982736074473
0.64027631521577
0.714966903615195
0.622516543882336
0.746500224626135
0.958485748705531
0.787884041668588
0.506291698632509
0.868456587682326
0.924283437380965
0.749881042742641
0.625535265339389
0.826063673453896
0.925644371705912
0.916264868969572
0.794919494040531
0.867416255579481
0.948567442527906
0.820949630124661
0.838995800642532
0.824838260943765
0.870244582052159
0.844740296640235
0.856325979479066
0.870951223502227
0.763695599158896
0.60965057335634
0.417242695042961
0.917132845162897
0.717849217666986
0.972877117494467
0.79051076210316
0.904681448933353
0.833795249025947
0.99486533639631
0.589274170215574
0.859160856346783
0.827696332663498
0.870649563792703
0.84317234354752
0.834705585985692
0.91641337254527
0.648380228605436
0.713513568011194
0.979632705958022
0.657646635098986
0.650250522274377
0.975587882209783
0.766069466478957
0.818407096056361
0.75541404068926
0.780541588049514
0.992060260304299
0.819941811418834
0.784835498627506
0.817510112547645
0.750694118502055
0.679116349014481
0.573659892280986
0.731959760762541
0.669220263718923
0.857837637829181
0.932343934789136
0.739490963414298
0.850404576217354
0.976023221700238
0.764385698657487
0.68336391529027
0.990828012248943
0.818936799897289
0.712333252286971
0.987249126886812
0.745615860090093
0.779703258854058
0.898850887864839
0.688071211772424
0.797062802935211
0.60587488276244
0.899921975787448
0.725207620870421
0.870869549807402
0.905301916252613
0.907071790408683
0.771487551044742
0.687734058462474
0.893410045558457
0.875782993814059
0.855212574127805
0.568675968274393
0.849210229463331
0.942120582464372
0.861421987470006
0.865304302498632
0.892793201645995
0.85329525929499
0.797074615947631
0.645268326221531
0.777733920877418
0.728467505740982
0.985085634107531
0.780558906662133
0.695916454310333
0.982013051756605
0.670369405828004
0.756720507275539
0.740201853284935
0.983140711766189
0.795666352869523
0.961461662272077
0.644414935803332
0.809135451360336
0.810103972444907
0.875929902124151
0.87073849572958
0.808569800622995
0.753829361656213
0.794242364072059
0.815970546129057
0.840878788832214
0.838604879022958
0.87760337058063
0.846794496977638
0.890496066341556
0.879420469988016
0.869058598656201
0.880336792236524
0.922493850382615
0.814687910122849
0.814320443272331
0.787582252452773
0.796074834804937
0.667064958314472
0.827200474377954
0.897177508281207
0.833656978983046
0.9785355507515
0.784257376093993
0.739671811990922
0.765628325397825
0.866589280589876
0.786546354935947
0.864582309672072
0.700232373993009
0.895345471828807
0.821697692317377
0.655297171889863
0.863127685003957
0.796334126599803
0.744415441012985
0.958923580521264
0.638638399677914
0.830988813411119
0.858255530700558
0.742765472520466
0.836328652967325
0.814141291520955
0.865613214472929
0.864513743689778
0.954752900397871
0.915658686960053
0.901828095458999
0.892367696966873
0.838569527617128
0.839672383180849
0.819434489824601
0.82355855167122
0.823277836909367
0.82058002318208
0.827410999690231
0.855707442476233
0.805166166873408
0.763603089234872
0.808487196604495
0.778662035676742
0.791321579174962
0.8038898728636
0.799844198703679
0.788181461986584
0.777933279895144
0.806488352656957
0.800617402694618
0.78954191905129
0.806936794756433
0.765767175065632
0.727230078995374
0.820430526190185
0.706978795105215
0.730857094395504
0.786600764894129
0.789028065492779
0.749850299318579
0.844473029411834
0.717338839949756
0.880507769963655
0.592606766557426
0.844043940846222
0.687538112856618
0.785801648142025
0.73697483747676
0.692649282149876
0.78820500914022
0.891134421373992
0.811185613548298
0.833290093340032
0.828902646738021
0.844234131077332
0.763618474189273
0.699508529711298
0.859800029744974
0.749161958339092
0.7958842197519
0.872398649818204
0.892660753462255
0.764571419036395
0.635769813011602
0.667645404896879
0.669838981165211
0.862472601792063
0.792116883794732
0.767917028801776
0.807131763864735
0.885861615894289
0.713100969373556
0.741287808195795
0.932890607676847
0.935258735929292
0.908198078510955
0.840369090997734
0.726137191411222
0.935688692488338
0.932005551914019
0.96743404266172
0.935975118302783
0.877515180866772
0.971131999708962
0.87506247767475
0.860702293943751
0.999316481256589
0.731777342805791
0.752716427567379
0.863317700707015
0.650199651253136
0.87658507046597
0.761912054653587
0.374344787202968
0.811532588711245
0.987181475863425
0.659380839494606
0.791573513946318
0.838854513968051
0.684324523949432
0.957218417464442
0.648474485889468
0.942517083116225
0.78235987869752
0.833851425841166
0.975244471188396
0.724247355556607
0.851520909426577
0.66929705018624
0.784522047889328
0.798701340943821
0.880435525453281
0.9208238714595
0.910892901281165
0.8432637994394
0.746183002362944
0.847323186973759
0.789950648416527
0.841712124207387
0.783433214177398
0.7871521853049
0.737006141610534
0.760514231857125
0.748522181375314
0.43256853851519
0.900770770748821
0.625027748606913
0.844075180470502
0.643586957565737
0.954832851897724
0.809746497128858
0.817315532584119
0.856353933579491
0.598389804686337
0.85961904387819
0.812204030003422
0.925956715752907
0.826551839954731
0.751597458312178
0.477717989067541
0.91937506382498
0.661658944308861
0.854338634081609
0.840539369298792
0.890836583036654
0.81010431591287
0.957973204666237
0.83484959250868
0.92095727514953
0.955257394317238
0.697387403821134
0.930984668430555
0.757432603782478
0.486619367717789
0.943048723285325
0.707950410465886
0.745703503948141
0.801745724503736
0.975065670086577
0.741628768643132
0.953430201047109
0.683487338150622
0.874491203338942
0.765110868518766
0.90308652413112
0.788917870064208
0.681730714243777
0.966538158932483
0.884972471241967
0.776036452280571
0.724232417173831
0.714441616194441
0.792010044357763
0.89057150895219
0.491359404754892
0.781414345436511
0.914860027691109
0.84692008961479
0.799223116887219
0.826783790022237
0.855979686943095
0.971141717202461
0.75306536615754
0.646080077586701
0.78672768673394
0.801588292915814
0.824055079948714
0.733314772792841
0.772510099178977
0.723805709018062
0.809649206674671
0.747732810095474
0.717049736421377
0.787263353571361
0.712602695417043
0.718623456112053
0.743552516684838
0.814426041487165
0.776245359491295
0.835108731726339
0.953578884131435
0.698373674121401
0.882281684585752
0.843455345087537
0.809793292234918
0.854757123184064
0.765558258686116
0.757379665243584
0.745969283088908
0.716433288890633
0.672276112702297
0.725545049614591
0.755556611055183
0.758078249882792
0.936797554947814
0.505267735617448
0.952500366024085
0.735380631780072
0.916666768730244
0.852007924532787
0.984749845881517
0.955312359568002
0.790191249077112
0.851156857225625
0.905394127989296
0.939719157012834
0.73166922955375
0.530046473713976
0.974569792478352
0.745444561019816
0.93126691651511
0.806981647771555
0.868918907763871
0.769999995766897
0.569692039817492
0.875976840621133
0.811556475067217
0.85669309177995
0.813338506336693
0.916054774078844
0.802153823421221
0.888420369149655
0.680615377087393
0.692118700727348
0.791816279147879
0.925935521614869
0.818104269232771
0.98713949947551
0.890470212104785
0.719095115876039
0.702792234028967
0.932966087977815
0.881953570299015
0.704611834244518
0.580950457945152
0.923313763593149
0.886502163368593
0.832296303891873
0.717411790795398
0.740179791988428
0.78418425678736
0.936185855769823
0.715904827531932
0.751936153457895
0.977634218990786
0.99173512678678
0.967493770903711
0.908087766445639
0.939577900076869
0.811835455553111
0.757402088927676
0.951525121045704
0.551706705408438
0.838868100174582
0.840803304964691
0.682717464851354
0.704943056260251
0.791697381004968
0.9366675338736
0.966681636919984
0.844228988822493
0.658426931239167
0.73856060035993
0.966033643807463
0.57758199401638
0.619957618796831
0.80712816391484
0.585696179502903
0.88058473800839
0.969820290973176
0.441007602889116
0.913912955623381
0.626186327342189
0.768507086797054
0.759286022623372
0.87609504252175
0.972462442835036
0.809120935553518
0.755576845816469
0.938250618971678
0.788807790190758
0.793923490099114
0.789300431749205
0.546547609522992
0.845417297033917
0.842565453169208
0.699946555023039
0.800867116388555
0.552034533871406
0.779349218440855
0.666596751892137
0.837604191422177
0.871202348700025
0.938721437029436
0.653295392835307
0.844920840788575
0.889111947861782
0.857923702550025
0.840611193986598
0.76442428844766
0.831210651592171
0.929240075783698
0.5117654984092
0.954815994032734
0.699537821915609
0.834366168179236
0.937041325425558
0.836577374729038
0.684277625159892
0.937102442400913
0.833930708897277
0.820078946271725
0.819888999608862
0.83185623225694
0.711903486225197
0.711349633164148
0.655455930510443
0.965482345951872
0.792268761235169
0.990839901801172
0.69298556317798
0.861345435505991
0.898614870020483
0.986742434866719
0.629013200700602
0.780542164457401
0.80232750965737
0.83114466939987
0.861112060888138
0.965678778259648
0.360514887090236
0.840809224697593
0.820890795543941
0.619168603031632
0.468473373510541
0.902337412096178
0.830662479874761
0.890655049594788
0.856576445891026
0.773273873960283
0.757732858298209
0.765798220418176
0.737508444338294
0.846781006852007
0.914791277542921
0.968671394350225
0.77177501871066
0.963387633717752
0.96756087635418
0.990939251742563
0.792122176610263
0.9023679139814
0.986881495617774
0.656670084495646
0.992530751339641
0.707372748688304
0.859489122441784
0.638990746848486
0.742401087443064
0.653526017448898
0.787272442232986
0.699083565044252
0.968349668925631
0.912184293102335
0.81845481739405
0.781629947632399
0.806797554025733
0.756563553256859
0.690943250563714
0.713723396434521
0.805226316779995
0.701990314001575
0.895826002127404
0.689880017076581
0.725547901909426
0.742038554285279
0.693713559805613
0.800498992417391
0.728243700414136
0.773198445912637
0.862308032554819
0.947820701909057
0.715579687081846
0.901376839154189
0.694799855981454
0.938812661499182
0.86317118729706
0.874086294975751
0.843564437691907
0.721207703219482
0.84823361386038
0.824868115621726
0.931857253488045
0.84105972791685
0.818377315522928
0.828098309766462
0.791301232736057
0.762228598951765
0.845846684726803
0.927461431523747
0.769311931761004
0.559620481908411
0.744511052396094
0.90576268350366
0.844668165583703
0.780646716684189
0.872252018460293
0.784182226416873
0.986337916281491
0.803280619322273
0.849143381165845
0.908007231413577
0.889849994056959
0.808287229739131
0.588402426685085
0.74601091113287
0.903807307734649
0.771522399046641
0.561559061346057
0.706539917877107
0.547643559926598
0.849483307345673
0.819059446768658
0.990059707156867
0.767100300615831
0.989655061012534
0.727878725389043
0.918483639334405
0.805782899245636
0.832186260700811
0.752670415703853
0.80498615794502
0.293875917294066
0.994511548288204
0.517357747774868
0.946028364336345
0.886992555777961
0.950303679319777
0.685951906857842
0.62472316267416
0.925395117056756
0.698812185543671
0.764378272715057
0.810110938365593
0.844540739795917
0.705203348487613
0.743255957483287
0.721126343802138
0.783148720063815
0.825342025650091
0.953599042828986
0.70501247251258
0.888625849720641
0.831139240158363
0.902120789533272
0.714871827248884
0.981236986746184
0.743327516849072
0.979859675895383
0.826522299045424
0.901017961245795
0.819602288908128
0.759620021036283
0.779662085714958
0.629462018126433
0.739309925029645
0.983757587218374
0.859853447916646
0.972617630549009
0.744864857383396
0.876143142827601
0.919677174563447
0.817524304503383
0.929479806803334
0.8188931711426
0.811351038962402
0.817790962351185
0.804712978474817
0.817974012607564
0.814725586122762
0.813381303654314
0.811347245008412
0.815547957850466
0.814931335148016
0.824401348782842
0.819155516004464
0.822958188649092
0.841473012151409
0.793752891402004
0.807372343500594
0.817330745475328
0.826026907811495
0.817548554350426
0.801670888651945
0.835845773909247
0.820096777805038
0.803108378866733
0.835698450153344
0.780867796366851
0.90054552136568
0.849342125711269
0.872884444651491
0.837277880539588
0.938666517461526
0.862373045941902
0.922207159611693
0.682997117683885
0.987832049560023
0.923509551960416
0.809323310245978
0.682776538987465
0.699506465155397
0.73976164843004
0.922138894974672
0.922358102034496
0.871643187692978
0.867646231756826
0.765040051448517
0.781815520410051
0.651520989836794
0.741590844662839
0.893117664911849
0.787425405284845
0.898684582966443
0.669346581998291
0.882782745044291
0.957295638290818
0.927425291771003
0.725046918303742
0.937869724134603
0.664417849806643
0.788862758813499
0.780029674660973
0.90735009383558
0.813105475572988
0.800804843779712
0.814496500094669
0.90351686039577
0.836925242971176
0.596556542570285
0.815745158030167
0.757532020259252
0.763995787092933
0.569763359084282
0.562746025806088
0.881302339695497
0.726831404726649
0.662627487848499
0.845605292678544
0.930539537334372
0.861226952534157
0.801195247288431
0.679682732446664
0.820133289731391
0.791997872490792
0.751431437419249
0.761885928494084
0.758135166910193
0.756116086013915
0.750438271439008
0.757289670871121
0.753396228734123
0.75325071010494
0.757293156754469
0.753399733654516
0.740003791302927
0.755057334533912
0.744883748002845
0.828621598965209
0.689215709593525
0.792759025950651
0.825235818728907
0.814930144796566
0.790902026416753
0.76830602551797
0.75281506579826
0.838654357208015
0.853920832765209
0.712640873765075
0.821873130205405
0.830428471818775
0.862053125325117
0.833161104257868
0.833649220909229
0.819624392751708
0.839710014814074
0.788461163319553
0.830804105248013
0.824986001725253
0.723346703111421
0.500970854515168
0.957680612277123
0.66832209231888
0.725860589396518
0.652960137886319
0.832731756029963
0.848834841822491
0.490961980559106
0.853657349440331
0.71217979673649
0.974838912462005
0.861846366142288
0.637571162216468
0.87825917325021
0.9378451975964
0.704742901827199
0.904586863115527
0.954477126000961
0.915878164364483
0.551588427526845
0.7328785620815
0.787381408968407
0.778680137060784
0.842687117509737
0.979497591320375
0.923981911973974
0.464646393727688
0.964960011061106
0.915818496762934
0.991051031618106
0.693313548027174
0.779930985250674
0.810286567707393
0.632787907673918
0.69801401987667
0.702329663036956
0.952348612845955
0.783826874457721
0.357806870365705
0.938273907865112
0.888971093201233
0.839838478353386
0.896438520532451
0.65516110186814
0.829605907083191
0.782279383787282
0.763388574475598
0.729462580143381
0.832350546676348
0.871811758393354
0.878285621743292
0.409601056209436
0.735531382671171
0.965147532006971
0.996955535536994
0.616023035852142
0.784499031551793
0.979472045672859
0.934636143797911
0.486070244588897
0.753285997423308
0.796385660581276
0.91185353774061
0.6352360279641
0.808385645438017
0.862300559443358
0.637764757190681
0.913985760039151
0.776088660500416
0.762696790986603
0.741532174930779
0.771189901019526
0.772491618683471
0.61894191803906
0.827653846227277
0.481095951780237
0.695520862745401
0.910158207093735
0.774734407674858
0.867758290271492
0.864595858476254
0.848308014780198
0.808938425844254
0.766382926244789
0.798388896424261
0.833961872342149
0.850980899302061
0.859129986759815
0.888555446758068
0.761386512651702
0.791483433130458
0.73207087942482
0.922663748170639
0.750009827771128
0.90720769109023
0.822304700533708
0.914804636209923
0.846233692170359
0.932993292835974
0.866311493101434
0.986039679105524
0.864003874754686
0.883956248101397
0.808699539141658
0.790731517539578
0.973317447831104
0.694559881446816
0.695432838598386
0.928725880434374
0.609301954191886
0.473278610807062
0.853673484295812
0.939057866816689
0.875593685548635
0.881517101340306
0.809535066495614
0.673836648919336
0.803171041344237
0.752008876556796
0.787781134138492
0.853618129243962
0.832771728471599
0.799787566771305
0.815247026008667
0.832321733224186
0.809833552536033
0.822311727249885
0.823191440315727
0.819749383452612
0.814219377422942
0.801657024211174
0.801014488254007
0.80903216222733
0.804801842244195
0.799869667604042
0.823718212735619
0.756208408150835
0.799733874407684
0.831687241555363
0.709835417743577
0.695203416829682
0.760947726046161
0.778531009494611
0.728282737249817
0.819557068342779
0.853467577371513
0.684039307205126
0.782644476053659
0.792092863251407
0.806954641773949
0.781336402324759
0.900436099666318
0.640571240845399
0.888292852939284
0.681796669361629
0.424530694352916
0.653247072235467
0.88298376107331
0.941741363080473
0.666637113549874
0.826444276421456
0.724147792739274
0.856678826602137
0.841994863354054
0.728196527044629
0.751290027070957
0.965309319078377
0.867846181987526
0.99583068540076
0.79275705267035
0.759279326631961
0.704881572900615
0.870484875838056
0.661831229345867
0.835573646751483
0.820339162167966
0.77327827670499
0.679661314308329
0.946597390241189
0.653017329442345
0.812272853451353
0.80491454182489
0.834645898832045
0.871909373780755
0.88111426519664
0.85960627015253
0.801166704435815
0.846612879793738
0.881398809285705
0.852453335947105
0.825564714560404
0.786461177455486
0.832409821284976
0.807563259146614
0.806062763422679
0.897452912477201
0.819759351015481
0.825560344019618
0.812440669188652
0.840458314620565
0.794208550975036
0.811635711439092
0.850506683998449
0.818296625404813
0.800885094054659
0.837498361883078
0.842792156699741
0.764450092878369
0.84251291895005
0.626764218456161
0.845091731066608
0.9039059179257
0.708164470824814
0.858855757774577
0.539237074793614
0.84809633472282
0.898168475263898
0.677184147852889
0.69097757769247
0.94332328190669
0.879072501780015
0.866979215380006
0.928106566500985
0.845698436700753
0.883257043254254
0.756139561084423
0.686176712986532
0.761260977924541
0.709252523066563
0.948777130660321
0.799241129186933
0.864088656333724
0.90673624998923
0.981496862850802
0.844647580548278
0.826572379447391
0.985808944059687
0.833512963709854
0.943441893501759
0.844044801509371
0.830869797279241
0.809986003117888
0.787617222611599
0.883100772744672
0.897514633877097
0.919992654383785
0.829718171929635
0.919765919820769
0.819300335387353
0.861323558563762
0.695129187192752
0.807078025460102
0.942254588867953
0.850745943580754
0.845200140921309
0.672216620331092
0.932204959104842
0.827106052265783
0.630966062449785
0.915205694285612
0.94348456973357
0.941843472197277
0.927259423889885
0.529752092107588
0.979699070120425
0.704223811877743
0.85790627369721
0.883336734617428
0.816400580060391
0.849581448411529
0.596776330829387
0.949240834930175
0.707057408423569
0.950943396970746
0.855453011935609
0.742743781405848
0.721508277101792
0.937983847156515
0.712340306450939
0.736789156312274
0.958445333511891
0.685970076153704
0.775737317950836
0.952650187636407
0.96383305711125
0.958730492962756
0.893829728214154
0.914407385128672
0.870663778714767
0.82682167861066
0.786626578553237
0.768189186079721
0.873635610449091
0.588972891439801
0.924830081376096
0.803350818807088
0.385558550806259
0.887733596550367
0.906522323254654
0.85399305796695
0.794999903276246
0.873361622975094
0.784177488447509
0.755366132578429
0.641758977631255
0.977163862001052
0.618290690836643
0.967460788734202
0.710722797738312
0.67376785937664
0.680353588212734
0.886821290905022
0.748460389676056
0.948905102182043
0.793147458958388
0.80249411926551
0.716841177709668
0.783326332528132
0.890120615012128
0.610351537421784
0.825487425543022
0.912342578685907
0.916823098490705
0.849659450565897
0.884200900746514
0.755845575221929
0.916204459588592
0.893710695564356
0.867606572452212
0.827255355445758
0.809691678401601
0.839028016635479
0.890154816529075
0.903093893842964
0.977698673483838
0.846480384674286
0.963634367182555
0.946981022221258
0.790216815766159
0.907551325710903
0.955724998574968
0.835635543380203
0.965348522752275
0.850473463600928
0.980768592507181
0.729466417538898
0.728939887339439
0.889340556621501
0.884984567828638
0.699130795230093
0.710674360320374
0.78858548914661
0.638944363787473
0.879521477907643
0.830970736157886
0.895318160370679
0.709846126346869
0.946218360245304
0.690272912977931
0.971010659756529
0.872305851861822
0.98836150990409
0.851787297618069
0.722910810274363
0.7098558701485
0.85226074127916
0.881379703765751
0.729947585334884
0.852529557704955
0.82556861500551
0.644678068962231
0.710785593903496
0.716572543453842
0.743632764362815
0.782038518234719
0.762795736486062
0.779044803089385
0.887773098779987
0.797670536752785
0.916909891401225
0.93622802933632
0.868427095604744
0.801507811264753
0.908908280315224
0.64283311091353
0.877780799879703
0.77207122431551
0.746541925534966
0.735809412760375
0.631560173271812
0.992814118059405
0.800741258530772
0.754302510922176
0.899390638840042
0.814079049901444
0.813775049163889
0.882455770157038
0.902631202969738
0.736637210036945
0.750170301280398
0.852937591641851
0.754487300711007
0.859189851812613
0.618533197001277
0.729362422636552
0.537124331188025
0.839898420642389
0.986387151374213
0.95525732035977
0.967143694118557
0.749515385377986
0.641659922864486
0.689836153659953
0.82271373875289
0.724504871477767
0.665715929354613
0.644486664825446
0.676070349120083
0.880712127810479
0.587050130238695
0.813874243798457
0.994424734476613
0.859430346561456
0.766544876103654
0.833043468507365
0.787086240207063
0.803964711813026
0.822201965313331
0.710456451431502
0.909938887991692
0.766738879549041
0.754707476836641
0.707934903252128
0.599240035548582
0.755211168227094
0.679881821877989
0.795080907426396
0.833784715720574
0.667727198220253
0.664782213994152
0.930424513099349
0.645937616897703
0.918696033849023
0.956711192550556
0.922925854369901
0.800788768561748
0.723289893395605
0.97718168770516
0.243423495883859
0.558011840347799
0.822065707680671
0.635928130791747
0.765860055069214
0.88544157126012
0.95391588611496
0.984318844304246
0.741300302713061
0.862680308644012
0.63012618939192
0.806174595924777
0.718011512163228
0.771194972390815
0.801549755793933
0.697834481973595
0.72366308686613
0.73656046909924
0.888069663138637
0.817600433696302
0.740965950925118
0.831857726846969
0.793862012929897
0.728966513781909
0.808031200111639
0.708643017655767
0.76060016823814
0.858226182571121
0.973132701898367
0.786847705341322
0.953918365494969
0.950585001377075
0.767076266559788
0.732219866050744
0.68820864995428
0.885125818592659
0.823897730579947
0.936166134319376
0.870187490447591
0.696216348270751
0.787293587086352
0.725004792899787
0.5543220411412
0.939635588836594
0.98892308821825
0.832829586473487
0.638639380037554
0.968381043694156
0.89322330542511
0.874033744512585
0.962955862341638
0.868284585968987
0.904436480714747
0.920301236632045
0.84934032538808
0.848782220697586
0.833278501302435
0.826507075919168
0.829992223437222
0.877824585488147
0.834410114379167
0.854193655061121
0.959028063257715
0.674088069049341
0.851469357497019
0.876588946755359
0.431915067547861
0.900903482394394
0.702719964568527
0.721977480989285
0.769057852135085
0.971568080851844
0.547101688420894
0.773562260049323
0.746092664812287
0.562615327339655
0.855592300127353
0.83577129857033
0.915394689309389
0.704065552997217
0.769699572478554
0.743817709689597
0.467376058426935
0.641075579191737
0.832884389316558
0.903021316081679
0.786600577381389
0.786311519588843
0.889501584278343
0.937379318056879
0.867694449444039
0.748606427159431
0.873529579437527
0.661265939576171
0.777964437244274
0.926519108591438
0.797164386693578
0.753863753292943
0.860020017225024
0.785402502202451
0.775377051081958
0.753636144109912
0.83066967593112
0.71736787341359
0.58571204863973
0.877216372495013
0.572466034539431
0.937462428010601
0.680027091497063
0.981313011366937
0.583945697479561
0.94764974708103
0.900747553887977
0.658910231611311
0.86417143801044
0.781999709894213
0.782536636988361
0.846410666610036
0.78239787559427
0.856395637333132
0.772016665455385
0.912962302986956
0.855767390140199
0.812340465501118
0.74181955747336
0.998060587796506
0.869957725279309
0.426125731107555
0.711852372988804
0.765078154897403
0.915961636094959
0.763778662824006
0.858328068284011
0.79939422853114
0.818031100048955
0.792115536143703
0.988169353730641
0.793885062885094
0.958605952071349
0.698029956210501
0.868934210050311
0.8192749298956
0.811820437027243
0.989186714839617
0.602505363631507
0.966922697951086
0.931163998420869
0.944623071766258
0.907743871992689
0.881231105107129
0.825457315997058
0.817789726378603
0.807224813995509
0.785527166895459
0.781014931706059
0.755650766377201
0.918604078716773
0.75539311580134
0.8053364026357
0.827849660161981
0.784542497001676
0.574664108841401
0.721034892233219
0.702969836063519
0.784931026302663
0.645542668614755
0.82576389138747
0.692766823876103
0.533613001868266
0.801117718375468
0.814942040793468
0.933764951000253
0.850129070007735
0.880293014432294
0.866784444920803
0.802045280192928
0.854253997896427
0.797700430720218
0.936215593151595
0.879927259379715
0.815530403122368
0.689430820393811
0.770981800874789
0.776830258595888
0.938797873924467
0.840113284182473
0.469269297141803
0.860790672717463
0.973037677178721
0.858018639697006
0.697607837938851
0.932113137434512
0.853918321456103
0.831092284601814
0.858087994615956
0.799330924844271
0.800068988901331
0.800366102089022
0.803363311150437
0.816925831698435
0.791414632861351
0.826018795067315
0.788348478454469
0.780254627286381
0.769258395351235
0.778704844768119
0.769044099983447
0.767697273470637
0.771914321882375
0.768747047076599
0.768966869720348
0.769280977941516
0.76943849689021
0.768792298939318
0.773311577763781
0.771801057396644
0.767940906784353
0.773122003108546
0.774016886807643
0.773942317404231
0.773489048605937
0.774488419876098
0.774502380140223
0.775209534439219
0.774497918993357
0.774635822478572
0.775480564583566
0.777831274109731
0.775462756110994
0.773290695770901
0.774127020338148
0.774808759681395
0.774003221511608
0.77303078573931
0.7781346890918
0.770192803785863
0.775705411588367
0.742461446508204
0.69969164988811
0.802818520211497
0.760495810394382
0.716635362050255
0.846584443460551
0.85626622579595
0.83850070636417
0.808188894454226
0.828420142647074
0.850210292651372
0.746856618929084
0.859274771234317
0.787755964529556
0.964758184602614
0.985050599017123
0.834438742754392
0.798873126755808
0.897483404434164
0.884392137966688
0.946714046461394
0.930946948635889
0.855210348191058
0.765597567530212
0.829076750340337
0.698618031028709
0.48182085924414
0.909200413513097
0.836888765372729
0.930260128116389
0.908355811057027
0.667126731111087
0.978600955806761
0.836852944369196
0.789724829479127
0.810410055128606
0.764394501115579
0.809901306770788
0.912299626827691
0.844714534986601
0.855680964441095
0.87094031563917
0.874367453919114
0.867193521490634
0.868696480313905
0.933072676062276
0.898711444620646
0.836125700428643
0.86241313483085
0.915867039023019
0.764606786766647
0.730275663838577
0.715338891720319
0.638233999003099
0.794107424619047
0.930818706623423
0.697475769469773
0.768537031506017
0.618093594306155
0.917642335019013
0.922852931683461
0.647158630444704
0.620902693620988
0.788001069402983
0.835734166205681
0.81560140384973
0.657741780648276
0.763283083050775
0.711250216949995
0.845967385434678
0.992606724499019
0.713953965352849
0.715798688384408
0.702105845989527
0.986852519549346
0.836459804735582
0.85526660750578
0.951178535288611
0.795668706153524
0.91676937893064
0.818226749864118
0.841160280915327
0.819490240671667
0.883385693511133
0.873236232161947
0.78861769269577
0.62620749239972
0.769007864673961
0.757421679679987
0.79102299351823
0.742502552902744
0.754084320388999
0.492812785140965
0.653136307072044
0.899690706575314
0.768244559356707
0.790390579555299
0.804686417330086
0.897604041451348
0.72581708433503
0.606152892259028
0.885105082594653
0.94280528346392
0.988441364501733
0.713791377518875
0.721502558251633
0.92820264598006
0.922654234580041
0.968108972723637
0.64546280652298
0.922446745911934
0.741378435896421
0.833467623997627
0.63967602010988
0.865888959321006
0.995526887519134
0.929553741133578
0.945928490224949
0.90745144650211
0.93930973583182
0.586110202076752
0.914034243973651
0.944770854589371
0.667292277635913
0.940908389065213
0.711201956011223
0.785455201391874
0.830716365667886
0.902911462786371
0.735899983506111
0.714730937626803
0.951988150983422
0.682475271597936
0.713034034107794
0.850415703838227
0.837964013077599
0.263709432853904
0.703815303222386
0.859141410626097
0.689046830887815
0.837699362512278
0.702374025220859
0.926325352799571
0.887395823185801
0.893950609856631
0.834998314338476
0.87223834319722
0.810554611691093
0.90180578356133
0.568656209095879
0.910334184432049
0.751196512717813
0.939012242546763
0.923028716526121
0.940048206829335
0.776273223970317
0.776506295519068
0.90353571586812
0.388661876905616
0.978635366762317
0.922354258691296
0.939601035930084
0.979107222192847
0.648394990060751
0.931486523863055
0.95409520981115
0.451581615718921
0.841402490053214
0.930793272805558
0.802311431822195
0.895665421289513
0.921794890630028
0.821277018074595
0.770725754194597
0.869108673721983
0.869198287409498
0.960658347630956
0.921970700402758
0.801529644243194
0.816805751109497
0.824336841134001
0.826251569896589
0.872457073842958
0.664090177561829
0.779481871560009
0.92824368051892
0.687721651307623
0.914530875243333
0.724340781301871
0.897254707072393
0.921137224565358
0.980268071064743
0.730108756123287
0.851850551229494
0.814044926686641
0.737748001585829
0.77049943122829
0.776678794852231
0.75505171579207
0.797010590375389
0.806661099872579
0.81403445542475
0.796318685784309
0.785710084988627
0.817656432974076
0.804509089761822
0.855352058528267
0.799436816455692
0.844113153667448
0.949942698986062
0.837182134171793
0.954947356288498
0.600468361153796
0.765136584242455
0.83734531492526
0.834873126520962
0.689419064926821
0.712049661416152
0.711141023287934
0.697953226141589
0.692983457645916
0.681997885927441
0.704192268523793
0.701550138608082
0.605515966548038
0.952179290882505
0.953938086695112
0.996057717897117
0.941146952118136
0.717400366551135
0.896857667182451
0.849452728865512
0.689091179398547
0.916766081296312
0.891241522231469
0.53571939410345
0.786140913521059
0.800506244159809
0.757631187859803
0.943979281951826
0.820644343699131
0.942622645764768
0.870480810047283
0.644083336341301
0.89636940749611
0.875651630492261
0.709014953679593
0.964696254700561
0.941278879254562
0.91825687179368
0.70312502258878
0.702700160345234
0.786127230609476
0.846253374269655
0.933228927678462
0.797067357460981
0.777031002762936
