0.342313998844475
0.646603330919275
0.864569924729917
0.744956892116687
0.832764173437662
0.821087599200827
0.797567109419595
0.790804544593336
0.948311265103281
0.959040975032778
0.909583403954729
0.878788702702198
0.896454371254386
0.600965243956873
0.775924828216887
0.650713695234419
0.618094668767677
0.808294712052923
0.736449701640889
0.690194415471398
0.872922926777653
0.966669512609104
0.859634762547066
0.757294910429065
0.765835290722029
0.722960111235903
0.92242282303467
0.982196016176321
0.735925528321271
0.679922883445071
0.873285419096626
0.915488406903176
0.826086628681605
0.848469459533899
0.770353506388275
0.666073001474799
0.769684750404698
0.78766181068848
0.839998927814054
0.769792353383805
0.858724109908203
0.815590822796072
0.831869604301267
0.965725145282552
0.8920540810884
0.798163726174939
0.871474781509269
0.693734674635813
0.687178898023968
0.377552340494271
0.689054289180315
0.788613700297516
0.559880819831495
0.928279443023429
0.846196394239408
0.834652954062753
0.914403165496303
0.851523538989424
0.895639270197229
0.801933758536524
0.794782294765027
0.8148016453387
0.793459410055066
0.831241284201879
0.932375403824837
0.777314556257675
0.805331988083353
0.924055010364892
0.750807625020219
0.82230780452456
0.72178374619418
0.807352767535523
0.83571865399519
0.793790848517063
0.565947769484092
0.523841650622136
0.871836663481269
0.807626290455043
0.946521945239473
0.680949072848791
0.75320055640851
0.801763797453511
0.911889161446608
0.742621348371749
0.775951416868231
0.562450970287456
0.871379037104992
0.903835981433636
0.813290849860421
0.817513659446935
0.842588252233954
0.766873740091624
0.81905169220657
0.91002199765955
0.830167207776878
0.83754349638475
0.819243857078945
0.714802030870936
0.850870452099382
0.692584691125796
0.918612826778751
0.851544813591156
0.942911445200718
0.971734779428317
0.893699225250125
0.894246162282341
0.848814591830728
0.88217635167732
0.870718336587719
0.840169238857957
0.880203169037412
0.851910812646983
0.872271882836341
0.830132456976721
0.911732283341045
0.818180536120187
0.793820921278342
0.722806824747784
0.754297859362116
0.814143009624467
0.822263681634133
0.76831854299565
0.809086858767143
0.798864290486828
0.766478973913998
0.823826497012661
0.764874499095098
0.84005049042717
0.78348297549656
0.832610145199453
0.938727810609372
0.799180511736682
0.609576132991022
0.880818491220209
0.805571395739683
0.944296221920533
0.85074086124751
0.894752752196926
0.813039115411695
0.945294423109441
0.769903572628736
0.928665282714115
0.591334149294696
0.712022663104751
0.936656095720792
0.940719379576082
0.835114587834596
0.872650369317218
0.565646585921777
0.934373392615109
0.806132613927583
0.676335128111398
0.76698062678043
0.866394026659182
0.84852150198407
0.822230969003459
0.789117404705211
0.853850957975898
0.962870148092511
0.990856641685551
0.825331776682495
0.594804506225889
0.958700509534281
0.863227090812594
0.819640303875883
0.622909584649784
0.783800791285553
0.808809660727924
0.880860990218159
0.816681173705362
0.783041003255302
0.875469103831522
0.861155698411898
0.847075607865889
0.763979987464241
0.959177746100203
0.836160186667638
0.772360304679841
0.848779082814828
0.920885561807148
0.740155996702962
0.872060763456069
0.688925618782519
0.852512968363502
0.961645344685504
0.87359475933093
0.843913790113825
0.84414070239152
0.85510913801164
0.859457359074583
0.873364329840783
0.871489439946893
0.881509895224053
0.831214600137751
0.862912187456531
0.887318849474162
0.851148330135809
0.852448732922931
0.857155934642645
0.798734768360949
0.921449158798299
0.826634593971043
0.81907027621352
0.785083504139509
0.80993703110637
0.85933652646438
0.657266543332176
0.823122708384249
0.768587068156811
0.751263218999313
0.629114333707207
0.739477351091898
0.850208048192639
0.807291456551085
0.813964207859474
0.832129485734206
0.866785366683116
0.862622440987664
0.592631360633601
0.863351836473217
0.560687280696919
0.740303566039911
0.896341182056588
0.806825409075977
0.725196913332622
0.859488972820432
0.860289196503503
0.834206238831462
0.902408873284352
0.842692651394489
0.872944431625167
0.8168045717463
0.813833268496754
0.816817766993705
0.823167164178921
0.805595154805707
0.80513052077609
0.824248529774858
0.81436506627235
0.812809212687095
0.836779328150724
0.824642156687714
0.814434597520254
0.812575928669961
0.822780251747922
0.799232064937532
0.803662469137279
0.81343114190533
0.80286034052287
0.804481237155619
0.808907370121224
0.806638849337923
0.805433852000328
0.810029550469529
0.816958584883179
0.819096294498724
0.80730653641388
0.822511944996754
0.831245851537825
0.829701348563101
0.818743849093653
0.77811516049204
0.775298409078606
0.853495335257431
0.817587725211894
0.878296507735764
0.923793525896405
0.876201727199914
0.892653848676652
0.882196066587065
0.981178469971875
0.994071046151863
0.750344106402483
0.46968508507174
0.743352192456508
0.729725561150463
0.637722050401544
0.721259369728912
0.920495843511559
0.83640320890543
0.868788856422683
0.935236148852537
0.845671824067921
0.883323191629347
0.771096845440214
0.962799739689406
0.681172397729188
0.852743328507953
0.700382467619843
0.878549113357551
0.934958802525728
0.825731807517858
0.932099089030932
0.770867386187563
0.657457173302131
0.730676398917555
0.895215016563294
0.737201870171115
0.882227381191392
0.979310165773115
0.947136573691415
0.829502826813047
0.801657408219068
0.749912319222035
0.97786843750113
0.887323416704446
0.713377996585217
0.645736108248057
0.697714251688983
0.833570446906008
0.759315747793507
0.723573635756798
0.692674129574255
0.79516474379895
0.778168359541089
0.887717334626793
0.852993625146392
0.678308213578365
0.808980844609349
0.725083745401851
0.666989467766246
0.665212524879103
0.669493201202041
0.587652976740703
0.828385865203465
0.781148649279132
0.754620457318198
0.898277464063623
0.939750688355446
0.809367782198819
0.746694334597753
0.663307642889106
0.957532975262724
0.710086796966255
0.75798741546135
0.880135885777688
0.691476621111848
0.739241881342069
0.788401676957778
0.927539008716982
0.886066847978274
0.718011029956649
0.915085700013745
0.889615949615874
0.96616334427994
0.880826688065947
0.912994441699217
0.915136425386029
0.790155305793341
0.820564616882082
0.788469204383495
0.67507130999955
0.819185352190415
0.887048883741162
0.7394386937848
0.806539235888542
0.723851191226038
0.86314166455658
0.777348425424452
0.889705442594747
0.648955195781525
0.727238471497499
0.912775389831811
0.838264784552636
0.676273201798027
0.68121430391874
0.718632787745924
0.660512836819187
0.905582581239751
0.687357107927113
0.898790060159248
0.812908761396069
0.90594197343937
0.793337690537633
0.949589112008653
0.764204946133447
0.890545473861697
0.872940450572875
0.801737410624864
0.958942193122565
0.857508940692821
0.618578251424866
0.719553182931486
0.864367716983191
0.765494746631342
0.711359100865238
0.72918444128947
0.841131029221674
0.83417637682705
0.72294050622382
0.931643825542744
0.843278663360363
0.910356218287384
0.977541803791035
0.816123751526207
0.814952596626749
0.890339301930603
0.837666968625399
0.720927175720665
0.859053713513802
0.72232154110318
0.918938977450468
0.788453921556304
0.875556107367533
0.902467844857138
0.787812973352484
0.726744831074975
0.803320411542616
0.735925348340015
0.790023844935007
0.904220969145831
0.747473695674636
0.955880494317166
0.714639482374419
0.711336817881161
0.990851749771807
0.780777765062859
0.901340546494372
0.858205690788856
0.922341082205412
0.811247848466233
0.67351943859898
0.960211411702421
0.951297533255081
0.882390216063664
0.81426538446291
0.855423392860811
0.842829990218571
0.968575517568219
0.899293178799914
0.897483084575864
0.806959268912347
0.844772225401571
0.86723316626471
0.658743034320429
0.858484005570387
0.788406102783791
0.795855365132228
0.858413861986342
0.846852233133709
0.956778450056093
0.913314471967363
0.868499318071957
0.898402978849889
0.792652172761911
0.798087082465401
0.9490241436714
0.7932096319345
0.87601575620363
0.849475187836394
0.807017766519835
0.818493753765359
0.832531206161261
0.788435296013565
0.80130106542543
0.792744744666656
0.842920696467815
0.739655467553115
0.768109994014834
0.718609936963586
0.779517118610417
0.884351465139603
0.753146684141007
0.816680699576229
0.746906255059316
0.892459935802327
0.744437237840401
0.863458235937419
0.856806519032373
0.90594533049153
0.872969260493608
0.938421141074862
0.981480661557731
0.947341357247305
0.761426464867347
0.674644897939805
0.642399125433225
0.799737613565667
0.733031818839874
0.861425215175521
0.727859166257496
0.933978163586607
0.933495906304776
0.86852735849142
0.487263473689252
0.985409264194636
0.968916938885655
0.759185218820598
0.907561383946127
0.979439232107342
0.866197340629569
0.738843407467874
0.963204125361631
0.712235878544713
0.655113633378317
0.736013676744346
0.721707751138251
0.879316412392044
0.768073997397244
0.777579059030774
0.780720695086492
0.811749972237443
0.830086698669828
0.762141983681043
0.776229499256678
0.902019354254562
0.719040423394992
0.798106988995149
0.843461638418149
0.548382755048736
0.705620262393689
0.872467446998235
0.852578046148386
0.979331774803096
0.849934319157651
0.88923965143383
0.864674270365842
0.765239803525439
0.800839452320143
0.826555609134146
0.883010762550873
0.786425714848719
0.794201160460829
0.830350539207581
0.735756906015242
0.874649248799233
0.716094786904245
0.793276313034493
0.768296660864265
0.743994595558809
0.801826147564949
0.786569863310432
0.881797957651174
0.712432355039317
0.868048187763612
0.856723433964819
0.8567218770188
0.841141446949362
0.871141082958586
0.937386775867973
0.89457777722683
0.67943990193393
0.707413876067581
0.741301165706338
0.796392606353546
0.762247699382371
0.841410359416366
0.76891212535035
0.73506631234079
0.963755167138121
0.521561248932224
0.778762586642871
0.87262662699506
0.62428858075163
0.705439389622661
0.919653329176057
0.614398758053782
0.797223074598112
0.827951793752097
0.84637214950484
0.637285280498819
0.838316558752349
0.904182935704712
0.926281813319294
0.84466966739788
0.555174382061121
0.795676464154723
0.565634873461076
0.912409532862631
0.67218509695903
0.860034599105946
0.688771084328337
0.762971720486871
0.799437605330024
0.680975033425332
0.919655797786884
0.867412127720066
0.726917437291407
0.901650032930201
0.824426826066399
0.523542028023091
0.891186360788585
0.513055702067143
0.75073693752557
0.836990583314141
0.896406417666977
0.842523347519394
0.752461414725916
0.903262160186186
0.698652009160559
0.718448984721056
0.926437888143198
0.929112282362273
0.873966261923476
0.899857562703465
0.891001985209706
0.884375572743573
0.934480723118785
0.898571062919355
0.911500618948761
0.91011564642473
0.922521102181743
0.920544752486372
0.866984361306347
0.82161910078514
0.880980680887522
0.884436661416426
0.930866080409541
0.856408094352257
0.924101814900629
0.955279567748061
0.828434752501419
0.915408357484816
0.694329098636204
0.87790921550604
0.886822146961836
0.880796225041987
0.845065053351402
0.95652984737697
0.673972491064933
0.969499505879913
0.939994605863697
0.851569121528647
0.721978424214167
0.801509535784344
0.823722223770493
0.912547810780969
0.875462447683109
0.872598712397157
0.941408158968377
0.760432680621715
0.801426071112983
0.903289651345652
0.891026597962605
0.99670388913993
0.777625808612124
0.906634168861631
0.74699694197492
0.87541876688078
0.979375153720462
0.863704116062105
0.870840319563106
0.744277291239806
0.766361498682355
0.835523217802909
0.835589191587604
0.663277117796134
0.657615434539319
0.691727449317697
0.522223169733899
0.774766219723899
0.813446612914676
0.633762754982568
0.768223540148979
0.79398339267816
0.686295024807713
0.759068913477501
0.78385632691742
0.823677485914972
0.806397984614259
0.879019509867561
0.525125118195438
0.802554880592327
0.8522423816972
0.507936894074006
0.711589179188165
0.603886013159011
0.849623807029086
0.83912438011526
0.890995343309928
0.705532208565601
0.808722971993618
0.688641591258348
0.759094921222699
0.716689939013646
0.819720781641191
0.795845736550762
0.876160139970421
0.86439354068032
0.827667209770521
0.846353311188994
0.961726731743905
0.77026157144191
0.772482002739616
0.56725987186152
0.961739089474276
0.813783341966067
0.832515418237974
0.813341161449835
0.722602014754056
0.940384591442886
0.949504483295989
0.955411674504692
0.864076972486804
0.830076521891652
0.953907004240992
0.842888530063411
0.850049602391834
0.898080734442476
0.763755185968858
0.736440306077764
0.858048561825081
0.754242795319666
0.924235080924568
0.854866527976905
0.729333811586488
0.860028801305039
0.946507452172354
0.850460160568258
0.89425958061784
0.92478773327354
0.813060454476311
0.901599847913161
0.850885974408647
0.960174225038019
0.86422478243431
0.731765361765269
0.854381643003511
0.669506585413345
0.705965132358091
0.791816724710056
0.707582489075892
0.726511758203146
0.778518492531843
0.716808395056935
0.873570147493028
0.807463627971716
0.85945062156595
0.907743733184273
0.859225764551083
0.400301937548531
0.78018110041917
0.967727441712662
0.665337988622749
0.945232885725106
0.526516738655998
0.804859825208405
0.913218633048412
0.822995397246347
0.819220482314169
0.697554993043911
0.848426915487032
0.714350739224869
0.734990830083371
0.735320716198167
0.839251745455044
0.733473328789925
0.898074091179398
0.835060589892206
0.948653664285847
0.987554397678034
0.811188601781671
0.759330384231535
0.890410898432961
0.92530445119374
0.781559241861839
0.735163427956235
0.815723338493836
0.83829987608963
0.907933685204975
0.9581322392798
0.843346923137247
0.713202296162372
0.914745161953498
0.574699671312803
0.730321148875502
0.775977322258771
0.771331809921578
0.769507059778796
0.796108563306271
0.843333345147251
0.833474631864526
0.820841102121657
0.83718814417728
0.828798161819581
0.824984785864869
0.831086080563966
0.83047852401031
0.830544417234842
0.834263834082426
0.832546133851689
0.828544461204006
0.829742993955698
0.828607434603445
0.829229026875974
0.830201257479155
0.829056728204767
0.82834971166282
0.830205768686146
0.831364286731303
0.832198995472295
0.83097686935825
0.831680272656673
0.829644717103941
0.831378933803959
0.831350576757296
0.831347848106607
0.832352592987683
0.829468326619494
0.832154505690628
0.831349429151867
0.831226614780961
0.830836628046848
0.830634841682085
0.830994570041915
0.830247748963538
0.831047677747926
0.830651683434572
0.830804372049794
0.831105672794317
0.831201331585503
0.830175786476115
0.830925082803391
0.829900412427916
0.830526181404404
0.830000802262269
0.830296937202679
0.830728629667689
0.831552544542054
0.833588262752162
0.834619594901512
0.831914731079022
0.827458565092233
0.829743771377196
0.830034950078147
0.830565808744218
0.841326852079263
0.838667987878446
0.840299813990998
0.832940118277876
0.831557996988102
0.833380398938159
0.839480872912884
0.834551894081741
0.861633547566921
0.8654279134371
0.827819283946124
0.756343703351349
0.722059337935457
0.919937355082324
0.797943738691316
0.81093734545983
0.838714858972868
0.734407425689275
0.669544217479519
0.837835147122523
0.834974079660323
0.896439566881444
0.877697949071565
0.806009206350383
0.804405140456521
0.833827160044281
0.99520401887436
0.905944145913196
0.960899865997543
0.729201409740837
0.970556860975698
0.887425054011278
0.718043284466885
0.926210582350829
0.613479336214479
0.896548976262003
0.637682870460395
0.770391476266842
0.770335244797104
0.899923878916479
0.75550280819067
0.761706287671862
0.519600944427575
0.924019556636063
0.812137578526305
0.776208084096174
0.787208471533411
0.754975990574532
0.834570534521764
0.818978877540107
0.823355912711028
0.820077547979514
0.817521324741991
0.834953150181218
0.852623938022684
0.850700352488843
0.835809431310526
0.876262285899768
0.834420314598513
0.6988013862511
0.779319088280492
0.820856378208562
0.715540847335059
0.801888066563874
0.419123949234725
0.570431431087907
0.648507285205079
0.801457929295268
0.901655804084036
0.58276140303427
0.870254018169758
0.779122235916977
0.671492261922658
0.917887391565228
0.969228442130405
0.904840374047893
0.893977173372169
0.656557776088759
0.774487856632064
0.702084974814264
0.980806441341702
0.557557560894182
0.741196869882499
0.76264324343719
0.904841242626472
0.895713039405812
0.968626274199858
0.888661097254444
0.715421433209514
0.624141262378276
0.844205032800333
0.770521049944764
0.562307886500348
0.872978979550284
0.834206925698416
0.893446282413659
0.905070939544152
0.998334275173983
0.615771444249047
0.975741808233861
0.797790518108736
0.907253706735221
0.824118996038685
0.707583288367978
0.771351331070362
0.942491120619832
0.777575287711662
0.864508772008037
0.878442106138921
0.776188924857715
0.801046824779846
0.774889045006096
0.840606849489383
0.756634417001889
0.739732780758446
0.813221317687219
0.886815393849495
0.756439788615695
0.792481789538785
0.78020744630612
0.79554659184274
0.914384912476958
0.804323032514725
0.782688942227286
0.852220613880206
0.793505438748537
0.93247230882759
0.931945917616327
0.934814650424175
0.811331902414229
0.776477666314555
0.828622436131788
0.828378960074952
0.806486172573549
0.790993258148628
0.669572006609634
0.854182552941964
0.862335410107731
0.8138124909511
0.79084536100003
0.75491165757793
0.777296682524243
0.84611399900043
0.675248401738279
0.735793534649389
0.934152876515876
0.738757358581522
0.874918400693211
0.857486573960502
0.822370761944361
0.884281798025686
0.798896537706419
0.764647813150231
0.856073564684562
0.82185304646629
0.960084398651584
0.77636873411542
0.947596159823641
0.744124428559439
0.914029968653065
0.502792928964096
0.786193274820215
0.815273396053724
0.765494390490364
0.741916741349563
0.901098517285172
0.828137080591934
0.839640342884558
0.902044694409245
0.683499009878987
0.566428247158356
0.62872340074935
0.916662811214707
0.883632609951303
0.852875214866277
0.763643399776445
0.838914448149387
0.939928896218331
0.688980044599285
0.637198660555752
0.813642216490166
0.717329239251797
0.872738356950528
0.868898567420779
0.861395448452663
0.818369240952862
0.99154048111245
0.732553132630657
0.758425552073669
0.742038490633994
0.660591849068169
0.561102354527417
0.90458003990727
0.737719354473338
0.916275298954648
0.922990949283088
0.713780403592173
0.88522398800089
0.795600089774798
0.647771475010862
0.773418539432452
0.913765515059295
0.907416965221634
0.835893906108547
0.939328828543273
0.645712724424752
0.672925484601021
0.773195501386116
0.838019594930351
0.638350402239061
0.756046288653113
0.870603688682459
0.821899144878922
0.862507381410692
0.806435302344639
0.808076357729495
0.647328415782503
0.634347684519145
0.707079676924142
0.682142751753883
0.839995040884429
0.854827241949277
0.930365566809914
0.843209491114684
0.597403589556784
0.820292196780038
0.546274965046854
0.815008977099412
0.817465995637199
0.814257639410864
0.794560347466825
0.771942055026126
0.529762864676404
0.916086642022314
0.840062603773623
0.819730681553541
0.91067989648923
0.848649176500186
0.814172901937998
0.844376100244349
0.866447980852177
0.881634544974018
0.946253291343449
0.990917757814976
0.953941578840932
0.607459685175861
0.770113666705757
0.597674318830798
0.867738005413088
0.813898902389142
0.664071002394295
0.588174560350439
0.781395181601622
0.73205274427796
0.753242276353292
0.79491111779247
0.979910403244612
0.818110508254046
0.761953114893848
0.876178193644958
0.739236706448562
0.865567939064641
0.684423977691743
0.678709284707156
0.768551518240276
0.792409335605381
0.806908647075323
0.978382991576576
0.944483650480412
0.750211041982813
0.736201167762096
0.716309217553129
0.839869397747986
0.765484410678369
0.670966869582699
0.740021697462112
0.613272822953476
0.667052318204563
0.815032880740481
0.712777398740197
0.899577957614603
0.669417326275129
0.890849937337507
0.966673351577403
0.949188852539168
0.808531246562831
0.72833988011
0.962560769090496
0.76859838054229
0.957951872409609
0.906490511015246
0.892202521882657
0.735192518101092
0.869471925567004
0.908993270024071
0.717132746969576
0.866758701181914
0.832497979568883
0.680053289739678
0.937056456756448
0.83200747075618
0.853720402553874
0.845877024709832
0.897178642270289
0.864411758906108
0.744735440673814
0.763227350802179
0.639508524058098
0.725989218643425
0.811151705424248
0.797112982103667
0.735132335362472
0.882880695249698
0.835012234235139
0.704940364220375
0.819111533764221
0.763559816462186
0.873319444485646
0.776901881765734
0.885078249786334
0.790089470061995
0.880756038351611
0.826208916845841
0.882237372398021
0.836677841513391
0.924015117961124
0.940176020437816
0.806247613372383
0.884150669577334
0.871311153268128
0.779932348605964
0.780287582702147
0.765305155413602
0.839842203317122
0.68926245577825
0.810275051923572
0.765743425288713
0.804888097523156
0.914000691807399
0.757239598327664
0.729334187379351
0.801562253075706
0.809194575308213
0.901642744026348
0.852225269831784
0.917844498568694
0.802344908148445
0.813782749858298
0.718776118781843
0.686380631133249
0.686307708358759
0.76290931451115
0.776474353487348
0.873457318952271
0.866819884461124
0.861340653253007
0.803228470501093
0.740920210494087
0.734846428817871
0.86879314348619
0.806121587598361
0.457460861092276
0.685870153889446
0.905727872452247
0.689926286793131
0.802178974564587
0.887156847035521
0.705627129327014
0.91998346314773
0.565132291162978
0.702824926516158
0.639541544118821
0.681376084763338
0.791076599959468
0.871042828390643
0.59512490269356
0.780296597529339
0.80187568242174
0.716826014004172
0.895193566317119
0.744884068856511
0.769989350884944
0.827598944217283
0.869297447794507
0.711207225827979
0.840549558403906
0.946978601562056
0.933481112213072
0.866788980849675
0.94826308214497
0.89558778269315
0.895017960424231
0.813855199835247
0.863437770879753
0.910193924899526
0.891985587815322
0.906532958625132
0.878632018544152
0.800321425162928
0.876803794417202
0.873305115144706
0.958958925296508
0.880187613418899
0.704649807900561
0.890460245770579
0.864403702700841
0.717597055992931
0.823094415267125
0.808938181405286
0.957296137866411
0.797082810333374
0.833382931880382
0.818945413046093
0.718917684070654
0.763915048776243
0.745854529621037
0.737459003305105
0.743131703836359
0.820255078087589
0.760200370137496
0.662371894768909
0.711730636848288
0.721527054777151
0.667491353526235
0.976006606898884
0.781542940000428
0.891717123133972
0.835354752174342
0.926172292170472
0.860368717801962
0.782092456856405
0.884469251991841
0.794389428690325
0.794275129783748
0.752539415020453
0.875649445402147
0.448738402939757
0.77869895912751
0.818196115982598
0.786942623521973
0.713447241819315
0.939879276329345
0.721623268181825
0.756901952866075
0.553396516686723
0.570643421093921
0.706033505449543
0.732907861055939
0.77515729791132
0.934575945514854
0.824748536760527
0.843581989908589
0.8379240337079
0.893687167212748
0.862581214905853
0.864004245916364
0.839286704372563
0.825238988917692
0.788111334333984
0.918745751329322
0.825918201605317
0.858130734076485
0.91839713372738
0.846715991392341
0.756091671325138
0.789728429437265
0.731969615909338
0.775618226322788
0.873281437226584
0.718355449445255
0.784892417240206
0.815976792763765
0.778330456900991
0.79595578241008
0.781375188286672
0.765654248152304
0.743652720487703
0.735887753907984
0.72227699657482
0.724754592290883
0.724332083893018
0.725937106430845
0.74374303224341
0.755675607416023
0.743110229701946
0.728228648167948
0.745553543604859
0.740352931145627
0.738419605069591
0.738453457612792
0.729222951062405
0.723741516052804
0.750603372182363
0.789108597662607
0.856692034036086
0.882908018059568
0.844222325021251
0.899111743534336
0.561222921606458
0.875709576199831
0.549615212331884
0.839597273912252
0.592034486341494
0.743158611096095
0.78277461773939
0.794664034098796
0.917626927530934
0.759305950937099
0.846084553957361
0.71124550234041
0.786092693617636
0.819170846485193
0.82851012045192
0.778137359800846
0.853748807247244
0.796373112193857
0.84955680090672
0.877570662825686
0.861875894955564
0.824500009280237
0.821513318711663
0.728021422631229
0.875558653615435
0.727731659470554
0.781694841686664
0.613628153907578
0.707342072811305
0.948424374553561
0.643252868739484
0.907766224396833
0.817860050848715
0.88546674959045
0.834173788677479
0.807716409052659
0.711331193037225
0.833326720228744
0.776905978358758
0.693223817960038
0.743629389805495
0.771697537799341
0.664242392330865
0.926280812536782
0.954477190202117
0.653794966670624
0.781111653490658
0.664809675148068
0.873726512924911
0.87325787893525
0.843570217612884
0.823660835899585
0.637651119115316
0.951020040761572
0.706533871756841
0.897852482443803
0.486286905848423
0.832391361436875
0.945644231630494
0.728948629866694
0.752442539844978
0.93701615905656
0.850755478613572
0.735664576191042
0.791638864588357
0.879651362153801
0.791329510753371
0.800472619163575
0.789458535251039
0.80580228102695
0.720203919491067
0.990271385338838
0.889074505459761
0.770943834531269
0.768410627667745
0.922776994702995
0.724236374217746
0.817617852326607
0.823190449928994
0.868986881418659
0.773364849905182
0.885758489742224
0.914807800617855
0.851099318250632
0.847622778269249
0.907369796295001
0.767669977730405
0.702133614969678
0.786164032884016
0.826525793765754
0.855074554254386
0.836644825653276
0.892015181717566
0.860519157584502
0.834555361775164
0.857480014747598
0.800040852595212
0.826597834331489
0.954972729121556
0.831871026641364
0.901860081562711
0.833028593135489
0.686669068307617
0.869483639651293
0.710475262427944
0.800341185649624
0.89454110894593
0.888341775165555
0.803111731656873
0.841378461737757
0.918166682251652
0.892643580813972
0.871037840286259
0.835024930635273
0.91464708558461
0.929267577699576
0.698858004788523
0.852489105016005
0.806765514976539
0.643552895968228
0.857225583152093
0.679888292550809
0.763147103383233
0.915652972795136
0.909737723082971
0.682520211289232
0.95883459697164
0.628525294286549
0.724383126042541
0.981505328644403
0.871066370631947
0.959512413116807
0.665221300142697
0.696417554881275
0.756046685469815
0.850403001145811
0.915826944446244
0.721881710216063
0.698714640063097
0.996499730318315
0.879020253085823
0.629639555306065
0.793377601379158
0.899095409499811
0.599113662780749
0.917583276825164
0.736944067677215
0.814214344303371
0.812995647955211
0.705533988547105
0.967448948220163
0.955076826523517
0.68882061577018
0.855071065010451
0.733605726321979
0.735982107194618
0.834960261632199
0.796267465499489
0.944473071128501
0.839694938505378
0.919344718679566
0.90796017473749
0.953745724845949
0.939850019481852
0.887775706479321
0.887921428683303
0.860821467710413
0.813893072650221
0.684728430074397
0.772750564546988
0.46115406544143
0.938643169843082
0.924042933754335
0.723478032714453
0.669861959576215
0.780855402925605
0.856028631480156
0.876822513912628
0.91365108486401
0.678182022823935
0.739148485922593
0.797577632128987
0.823811975523836
0.859233554236804
0.826563901041225
0.764728702896263
0.806208640751098
0.811610603807466
0.759575383235477
0.642304257300791
0.723666031053193
0.882065056799913
0.827977850242069
0.76185296475337
0.789093362737037
0.870992413404851
0.956667412343039
0.782593545256966
0.906926096498144
0.735259299263229
0.607522490000147
0.814044893310432
0.967110992755105
0.856314626204784
0.861680000850894
0.939468415984022
0.946947102412246
0.887553741344642
0.762251600021331
0.817114979347452
0.851205803361092
0.761237667262187
0.797530559872132
0.811862109716107
0.988846340529162
0.940002216717359
0.733667419038421
0.939258051384521
0.910797313501696
0.646719807486908
0.837640506796585
0.867672142995554
0.776025926321356
0.685690216663572
0.769583798203677
0.997432014715334
0.918447285596658
0.796548415297096
0.836546575925181
0.701070304685019
0.853319148216908
0.725604118291086
0.811189682255943
0.860409429253107
0.763660476212515
0.841645782665766
0.619324488719446
0.528375834715356
0.841984583829952
0.754815906153041
0.800277145149117
0.711595093492366
0.741915111860098
0.743943980967113
0.793316645959885
0.737701106917978
0.686653298746269
0.647433714409617
0.699690487028978
0.729579978490983
0.741670754708257
0.796978309253441
0.800842816946506
0.746705794695681
0.722863712803942
0.647666689057146
0.801442636184187
0.806072092203372
0.859971273602605
0.764883869306224
0.753836647667471
0.826599519723544
0.631009822223742
0.955895814196388
0.846916095477669
0.802513220411405
0.824502849886059
0.837466786029905
0.937891227221401
0.849923138482862
0.937525198519437
0.921554007040554
0.878763519151058
0.773874431771241
0.926928376414578
0.843468176388421
0.664093711211691
0.9260805184287
0.917198326110271
0.830092271524922
0.84033622652964
0.52254205759643
0.765263755948198
0.763415587345467
0.64604036456347
0.771393573079941
0.854259360485502
0.69071239926243
0.902162090777952
0.711384567183322
0.735546513958633
0.853271387974152
0.776189298519413
0.824982471725091
0.806849347206631
0.889403712585886
0.909646297751724
0.902930108660026
0.879625093756694
0.770745752129137
0.931394759011712
0.574149021259025
0.885923030677351
0.795333275089715
0.870240586985373
0.869218880130572
0.884429537654375
0.845232006536783
0.743123676860177
0.702077638554756
0.902938958038628
0.898526652044278
0.585508459138767
0.776137995322686
0.843182133628466
0.790850455795184
0.955046928035709
0.778370322865499
0.720881878712917
0.685918146660885
0.881356755058211
0.873030868685233
0.881364280340694
0.813342013343599
0.875542921412449
0.796685339005389
0.797403233636979
0.837629549546163
0.755616789033168
0.753591204929884
0.799813632543188
0.731111620793006
0.74950200724334
0.715998028347806
0.730191781910122
0.789947177868022
0.803975425536451
0.557269275210385
0.841839580831916
0.878691879788939
0.678268812603134
0.789903649365728
0.890526191175987
0.875117818948851
0.905704134913757
0.846650621613159
0.841548601367925
0.850500748291331
0.833369912896036
0.791249593377795
0.825454229820424
0.862639980200057
0.889945392841038
0.780483683415705
0.794065728567393
0.910392633103521
0.86293675930053
0.835488697213965
0.892116924888453
0.604211250409135
0.78156369485042
0.833266775309462
0.836774647905586
0.852318947440945
0.864410341837494
0.685524145599165
0.717438947501451
0.970962955152397
0.848600718054948
0.863097475676193
0.678657095063658
0.723858119198758
0.729532806560204
0.742201396299316
0.711259182470514
0.79199141406949
0.852571775455379
0.736858700145768
0.85268980681043
0.627476592028897
0.902159344111673
0.950499084584723
0.910237833150696
0.49957346672524
0.795819778607256
0.795340702342437
0.852776603817546
0.739720942221143
0.866498025502239
0.819153547856543
0.707759111868844
0.794875091382853
0.776514708905197
0.889725187451605
0.742764194409591
0.717459524230174
0.813298581967957
0.824300418741807
0.88845480632517
0.973407232993078
0.800231818235963
0.906108993182773
0.997637843498028
0.902092923142509
0.800805463088802
0.869345654847474
0.695693055533288
0.881107142851891
0.545282028735058
0.794828558946238
0.817856036636209
0.838712134419554
0.71165980148918
0.928026367885734
0.923909611695248
0.845547486234075
0.909615670279118
0.849928514895646
0.992412783027215
0.768101869184285
0.931114967061495
0.801015396914847
0.852245235662347
0.779802577470886
0.77661205606888
0.930243250177588
0.755060987421438
0.793395257392487
0.928032649413632
0.829227435341356
0.737074108909787
0.707590793392586
0.821722263921745
0.774726378423171
0.594593017977067
0.929756881424734
0.815371931644555
0.903883781960809
0.735445532953063
0.579347506562717
0.569990170759304
0.96667763910054
0.790211464790727
0.871780121498063
0.80987500489108
0.787146643903378
0.856458656082724
0.933476021037054
0.837138987603803
0.816722838819871
0.795416646910148
0.77139054709934
0.837413235100246
0.797443900168535
0.912728251847911
0.900647219198035
0.914284033122357
0.896331627974969
0.698379455166091
0.88528780099872
0.884070025559346
0.864788267185657
0.647063440166602
0.897166090109925
0.707345639652834
0.736955014192019
0.659224682242645
0.937192481204258
0.654212750714052
0.734147441581516
0.880928592216777
0.645978483909416
0.693248544736473
0.857659073322272
0.931412860205116
0.894389072495372
0.75844966536063
0.934678330300942
0.807730746535431
0.956708716464869
0.50091659835848
0.898172249318976
0.767007716017222
0.658763761176019
0.929962466697935
0.786122649852853
0.401294121309856
0.913661832857848
0.601188176643177
0.981999143770654
0.780167536316668
0.655655409898974
0.96199858374378
0.756241832616434
0.692012388221956
0.80136103555077
0.75907749818131
0.905342260352544
0.768392535636347
0.967817596702049
0.736703693085538
0.829674501308219
0.881088768530604
0.72199165624511
0.951758016831854
0.816168832305668
0.856622618468228
0.702321577977324
0.828893021101702
0.768911455743765
0.818346288705713
0.695864326481955
0.805358835731882
0.791156801154973
0.832383503886915
0.890202989965039
0.598726599462043
0.743099356912848
0.853493433328539
0.724621418289577
0.671860565334895
0.652597580699684
0.672731828121098
0.407912278963347
0.975397985257277
0.772423213323214
0.590977185006686
0.785281115231113
0.979454528253449
0.733117932730252
0.800243287339992
0.839667695421371
0.894951843176171
0.801308842714112
0.807326311246001
0.817708493702135
0.851549477707546
0.770314543689512
0.819093389531072
0.891272047806884
0.851100798249683
0.858559724145464
0.841202537693383
0.842423193159827
0.849421557558577
0.847408045135695
0.855697652337883
0.874779021604646
0.854366743275257
0.862424221574478
0.858513836642653
0.856367022125047
0.855976111176862
0.853576574243135
0.844073404211937
0.829308012433912
0.853318997358495
0.853081906334157
0.880059462264307
0.869740085454513
0.850770078405641
0.783773865596188
0.838913608080753
0.788513386294023
0.975804969452552
0.756380980392717
0.811189504319378
0.728615869356608
0.820315521198048
0.834677012336245
0.809449917367474
0.852924483753028
0.8009217099213
0.826445401794551
0.78780892261811
0.740294161525784
0.740199646574807
0.81402968264081
0.973613732794007
0.916219177591621
0.771441800507935
0.949793839361048
0.713991447747849
0.943051328143443
0.695182256478198
0.871577616807123
0.810898964031101
0.696896349635312
0.846819493264306
0.858397680957564
0.852453308187498
0.666435014246787
0.697930580671882
0.811322224454637
0.647592572053616
0.939380447878744
0.871611645813622
0.715788269307043
0.674391616250182
0.868987069810398
0.810520076083351
0.726427043773602
0.728547582170432
0.762425285745488
0.812869613059065
0.829781550978642
0.807942730152553
0.778359661365206
0.780077703548119
0.88477486163497
0.702143683543321
0.8227187763682
0.912883157426511
0.828100093899012
0.824791412538542
0.846927431841942
0.864743901342851
0.73915918496029
0.784506299828913
0.854648408424499
0.851826040754448
0.700789965920787
0.967802936452502
0.904265664774643
0.979199749205369
0.972352019452291
0.832113052578525
0.890169990158812
0.81362235255462
0.70909662811255
0.836400178299784
0.531349264859528
0.816112622133507
0.603467850375162
0.929391994564795
0.669993779380032
0.865735505351204
0.764471143729163
0.791349080587623
0.772647624652346
0.746153778834895
0.78250029739969
0.918290939269856
0.847759442696925
0.719237596409931
0.811171376236232
0.762604249035785
0.642967271449007
0.790902094421617
0.695927850290185
0.853677299327125
0.753410088133446
0.825232204097156
0.87098258307878
0.873720819232855
0.674605718652967
0.659286497387099
0.623691507321742
0.590887380467375
0.998721885951123
0.861578846453757
0.99110125697626
0.898394040524909
0.934252643070087
0.794459392450246
0.605986695972991
0.902763492311447
0.831934209847301
0.812928730336609
0.755682501558191
0.686111599566938
0.931301456211392
0.626719572777778
0.865763995052273
0.903600109666515
0.946664263278729
0.687679048772426
0.812286773139324
0.943458017937001
0.863106837893491
0.781388249268027
0.83453770456163
0.835179759845341
0.785038313217478
0.828479219325998
0.795218713091808
0.713181230519097
0.79867195610119
0.865200895094216
0.777593417524813
0.790948111566044
0.954623477822763
0.830224842436144
0.75331361889014
0.83868181313822
0.976393831435066
0.701542806531971
0.848895545295604
0.905597960632844
0.748699200129971
0.934920513292539
0.910979544075077
0.992729594161304
0.779809881462967
0.909949462793357
0.827485514245555
0.719634057998948
0.977812878336535
0.682905958894801
0.900775959684852
0.818675729902702
0.655879318796368
0.754879383109161
0.841863688284412
0.865183834379427
0.676242539554534
0.754561173761006
0.87282135433443
0.902196940111123
0.999170865685221
0.740960230891592
0.848561010837722
0.796052876700471
0.877895751113163
0.996814001535416
0.781826952725672
0.896985892732563
0.835448918868691
0.947194198504163
0.773595071419048
0.923251215397994
0.861226954478764
0.902686870495932
0.787187608363274
0.811468228767182
0.805861997338694
0.600054857783169
0.922577981353916
0.936424249948247
0.841975545144645
0.804819700700345
0.988592218280984
0.850796166186596
0.939744764648109
0.760419148589405
0.780449488397699
0.837406693189989
0.696774526810317
0.887238604475918
0.849330177376514
0.761427146228042
0.840889482541567
0.790009953175644
0.851197416797194
0.757700917925495
0.87874958526905
0.920837308108124
0.718803738579754
0.661024187939113
0.869494446242535
0.87667487601443
0.744076749585226
0.991656814926527
0.70029278407115
0.812479296090572
0.901602007054418
0.839352497155743
0.667998662228617
0.822972617701111
0.750915623365588
0.86341606794932
0.692160929493994
0.952646643667924
0.704487891720273
0.824521056385862
0.835366682935699
0.754038897343398
0.874888152061699
0.76669305633404
0.671382933276054
0.801788196628174
0.829584869815959
0.856428146018629
0.841168145920445
0.846134050827664
0.834060357638129
0.720939390785962
0.779342868760643
0.741558322298331
0.737766204710495
0.746100891291671
0.749085183612959
0.76106508070015
0.813092529634534
0.712191982745025
0.833075678401892
0.834496045082041
0.789712688732444
0.840751795781315
0.816128040024151
0.811606143467378
0.793260500986523
0.895041385628604
0.753035440273788
0.947311584266592
0.610497873151156
0.803849029976313
0.910520146322975
0.726351721682545
0.675328823998062
0.819593023211001
0.899213065398882
0.934922632945171
0.681822648407873
0.911725056006852
0.85244054625752
0.62703486881762
0.656863359753209
0.683191417147815
0.883332155057969
0.607345490286234
0.741680456112337
0.748742360141252
0.889391810975897
0.932888593144697
0.787367654651488
0.691353626955334
0.877411616170675
0.836020877539244
0.606842197528297
0.757339171651887
0.763724511652665
0.834531341546319
0.976269553391047
0.930326075611859
0.786303494871218
0.864936001101748
0.800898034180447
0.919335240882011
0.848000475837334
0.725291095727783
0.549534079627214
0.801786670223945
0.648126205218131
0.962963538204734
0.738814687398085
0.839567346747949
0.699430068789906
0.930328666662986
0.563292122830655
0.824687380141928
0.752619435058246
0.857029517698659
0.712409215779342
0.920112068840643
0.834986712733401
0.919804232358459
0.902107106358634
0.883353184378187
0.841052741066359
0.69038231960819
0.683069685685516
0.764958647876839
0.719803576052663
0.652160151801717
0.715424100994674
0.881557625336831
0.85444811550673
0.984965799269234
0.855227280943632
0.923162203398232
0.839508774814122
0.771140527829153
0.643735732078898
0.85346498625922
0.880307322842152
0.656414698674511
0.796054268204529
0.786196071394323
0.811239455660861
0.866845462521407
0.841188269176785
0.839046014325621
0.810667661719569
0.821861813791955
0.819107154960538
0.800976242314766
0.780334952887422
0.744481983581816
0.824859383617364
0.760584894104085
0.823179971443888
0.797798697905623
0.737135452567601
0.987459642522541
0.791031347998811
0.922211045056196
0.772034031689729
0.690171503690095
0.925156683159472
0.648234689845063
0.730491426252819
0.73928213217165
0.606509972870741
0.812112717433882
0.771579312199721
0.790552513656269
0.799571336515975
0.749128449980889
0.871260627307264
0.831379385077522
0.828466217855287
0.826480000999844
0.880580932126336
0.91019625422112
0.89884111813537
0.805060942672173
0.826706667495136
0.798150651036755
0.770493828500075
0.719966155425687
0.601660398816633
0.75080148042232
0.856347420246081
0.661157627121989
0.703797988407831
0.656518696421891
0.743631273076673
0.691083186652097
0.653766138371125
0.833012661688468
0.919932725626741
0.866242176050475
0.752332894863063
0.657111003525543
0.870429630914737
0.586101977042402
0.770449817621741
0.870734577344519
0.80433554662033
0.770206769959843
0.773118394035525
0.727326818595829
0.843894920290645
0.730409233218971
0.852811467468352
0.783634865718722
0.787024298161731
0.717016569350222
0.848181427243205
0.85438090005314
0.863896011748174
0.716811119367788
0.831685453118823
0.766447435777585
0.777182216526897
0.991758783070816
0.901424122796586
0.781684898543398
0.777249180226518
0.769509293609022
0.752804460343549
0.969782499413283
0.886601907637315
0.986374999723698
0.822136498306609
0.592948404033408
0.828750013793291
0.841636459517715
0.901486787815595
0.785276910084545
0.882760632868057
0.950889630672569
0.746798440021605
0.883264539212663
0.761620198080886
0.747810129262367
0.798898213989999
0.87682705229039
0.944572597498679
0.770063779489844
0.613073890206514
0.997315777635348
0.793187827197711
0.953238386739707
0.745299447686134
0.754388690391036
0.818399061179026
0.843257626391586
0.801668339375621
0.67799186640003
0.754362446786781
0.897562856263089
0.792075668701036
0.893036990164012
0.815911814962523
0.868651175929089
0.820356889610172
0.821247954994232
0.868114321072546
0.751804844747078
0.519973707838427
0.627670959067019
0.805733867964725
0.813966779672619
0.638279686911206
0.821312536714629
0.501212564893683
0.995555516242109
0.734588684290955
0.912874621662563
0.908027052703162
0.982069017852931
0.837184131034489
0.868767691614143
0.864834380822051
0.749633919096936
0.948194954715313
0.763721048994963
0.641316485835507
0.577287364066077
0.800132069832212
0.993957837477131
0.703863255942816
0.701890515919468
0.976029318016802
0.788922988616629
0.962381710335971
0.623026756234003
0.857386913296715
0.699581846613449
0.726696510341442
0.622308697609092
0.594255588507364
0.787213698371746
0.659567884780133
0.816563614420351
0.629590802191631
0.820374847721367
0.684745341449263
0.751263902189566
0.969826190474106
0.868285564293738
0.874402896822305
0.814789339408174
0.808649892037539
0.853096535716596
0.839852395085902
0.840008412724384
0.919799450772684
0.766634939476758
0.860314015406839
0.738006999225777
0.907151019485025
0.893457476648689
0.871042071448436
0.829987249520353
0.840918242956573
0.796132293436836
0.732525642599138
0.599032829700358
0.843935357733971
0.560781808122611
0.70058173243868
0.802535653504623
0.796894481121379
0.658778486040646
0.764741315420852
0.807312471421385
0.868137817622671
0.978282116454568
0.757264184602147
0.745608841686658
0.91520968782072
0.864169277362623
0.888856849630265
0.626972106130667
0.52162572701112
0.777671736986741
0.817783248063526
0.978716956279405
0.942464228293376
0.773344046237167
0.819616190436969
0.641708697663459
0.859194421621725
0.961877385406631
0.734628909133224
0.822810624141089
0.836085828896303
0.855426212822236
0.797181438967113
0.792515400998629
0.841844487804172
0.873422174708989
0.902159481854466
0.86703051852367
0.898695337678037
0.879596398560617
0.893936128370067
0.834004837203296
0.787815380882859
0.742882909906489
0.822094230477869
0.509512928024901
0.821368425962566
0.836037858130913
0.66330517591865
0.871598347963974
0.731302636870495
0.807922855465198
0.765418271801114
0.821269559813732
0.782920649473623
0.710364511196462
0.844852500647874
0.955760976987265
0.602542132420782
0.744711467102397
0.824427945760257
0.80775191095993
0.811610341906521
0.812451149468501
0.828441140113471
0.918711254338551
0.860499895907906
0.945898910188605
0.820141101902902
0.839697312305808
0.876476669110453
0.788787551647721
0.755848239703928
0.887400782658516
0.868430306049699
0.934893067079058
0.872508490365462
0.82242223139858
0.836547498289176
0.820577827222958
0.834013904169123
0.804282512734758
0.809845876100618
0.839612166989835
0.814201439541011
0.794481074221945
0.776119843107046
0.809296832982913
0.799865898173698
0.794341606373066
0.782824447725438
0.797256670452
0.810121793527534
0.786345049976566
0.792605426475995
0.801820977819712
0.803232976504632
0.795268256636641
0.78565266255816
0.833412383180753
0.762984656999815
0.755454745007944
0.841112668593663
0.801913811183775
0.783496542697564
0.822376051487218
0.802650731488358
0.721290631689713
0.706093482371929
0.84325873849451
0.715901544339768
0.764749350289923
0.796005981631639
0.767571611472906
0.743638003202984
0.858393441506378
0.872961285013633
0.889321961599284
0.923384369796445
0.82818404858549
0.836373781767734
0.831948775142708
0.713321016645467
0.898470332924311
0.824945037443856
0.850777670136652
0.922301538578203
0.921787211844169
0.895149720743619
0.775059765430004
0.690301855025433
0.792821362012356
0.778996771871623
0.82301999990844
0.808549665235159
0.704439336799266
0.861701775531442
0.686714378990123
0.698015948533978
0.935480591548554
0.796795335614979
0.853759145790654
0.950218617989868
0.959954059294346
0.951139097018644
0.857086875371368
0.89566040827847
0.761811592307917
0.906203311019768
0.853400109775365
0.919416263052785
0.900508280742135
0.854904053680193
0.716580800824024
0.924641309022077
0.921639698004634
0.805587146809983
0.739548643279729
0.635496127755744
0.793996017219719
0.660675648740429
0.804323898655941
0.88908102215058
0.904255429240783
0.726128234118037
0.782990645551366
0.713448803136776
0.843110755907714
0.877017832537188
0.829319480868826
0.760957608843751
0.906390829023315
0.93509704176132
0.610201536006033
0.843280087909536
0.881737932880425
0.847421695402956
0.76497614249394
0.829490940274302
0.977809192882153
0.595276783280916
0.871229160386077
0.873454865380625
0.896914028435927
0.730515533692465
0.946004105941702
0.661380374247154
0.829302557373219
0.924230625437952
0.830585244077606
0.806103152732072
0.681707041062027
0.757142124845918
0.835671332111722
0.911591364837929
0.976947090445018
0.670268167322485
0.973470680108211
0.938116729078047
0.726553107126892
0.819053198954027
0.866718234503691
0.80306209900969
0.79923781643979
0.658656036886159
0.902186523195732
0.871595584731649
0.993731759000628
0.847155287833333
0.859382036080879
0.922872029399472
0.906179372947885
0.827715347974434
0.776021683320031
0.753263409152886
0.502236453439267
0.64057871559277
0.750592052782515
0.719714170985426
0.758641601965945
0.636238254785322
0.88600053557653
0.737675174000148
0.826811510076188
0.881644023440344
0.79815544725186
0.799620026089712
0.763546432877832
0.861533084101063
0.8866415351683
0.951004817379929
0.820278416944042
0.831703146818289
0.771104069637203
0.86124571316045
0.809880474503959
0.975125243771816
0.757745159900583
0.798035592010523
0.574364799169865
0.779881757842596
0.769075721932216
0.804153336666831
0.749636553321397
0.794224011604733
0.77033106150266
0.748306204088189
0.88343985438498
0.883199099925443
0.859334867452028
0.892199694881839
0.788302681902173
0.771679070003305
0.745273280863106
0.764197315371307
0.699097414326315
0.733301942904724
0.754027795038886
0.748615679134467
0.735249685649743
0.750685227938875
0.811179469202635
0.810538361801096
0.811995369051584
0.644949495456061
0.812156707237029
0.766667534463582
0.551045209689435
0.957445884307803
0.82220595118734
0.802261513302154
0.782043643008121
0.777508808563063
0.762913857224569
0.769217657160263
0.792028719145584
0.679459498120987
0.729045628364596
0.742671218272685
0.77635312102756
0.822513533222022
0.791456014869346
0.806511561125621
0.823660383017624
0.572828694601475
0.93514362637861
0.894281492268296
0.924264918957751
0.885284471342726
0.895208093895981
0.612405241766299
0.793602757675188
0.771575082603653
0.873782643446075
0.907736117067457
0.95215795975206
0.76808500049832
0.94701359429041
0.75854284450098
0.919435929337457
0.745721641239373
0.692261022893379
0.774178132233664
0.860406024357163
0.780098169963499
0.706900590047566
0.794960377094366
0.872702360999045
0.735869417013019
0.733732562033968
0.737934480364032
0.923733115048531
0.871514269648306
0.726317276181102
0.931737093479757
0.841745723061512
0.828510360759508
0.72255799635638
0.616662397745141
0.756888854621921
0.807230066076085
0.948057756961314
0.781742807178998
0.826406066769471
0.73842171780306
0.772932611321493
0.81087573098715
0.729058941566669
0.717591241077725
0.663459282906856
0.907393504459248
0.612009503083918
0.740754630576788
0.953569873262175
0.769792569177939
0.640438318070657
0.919235129462645
0.769006633989119
0.934791166089261
0.915195774335217
0.747293990736337
0.904054458496935
0.754529650807628
0.789603363667609
0.787589509917118
0.878740157005195
0.829200045886599
0.710591191948101
0.880521349792195
0.708928934659675
0.851996945789635
0.859204161905841
0.575826022498363
0.830506217204841
0.824983653326614
0.636860676189445
0.896549891618807
0.894656457957759
0.690357516876298
0.741598815593896
0.746551233679381
0.996914247959903
0.687234807976052
0.939795830618372
0.797018166042933
0.890723223962076
0.879613891494265
0.757383208094321
0.738112467303735
0.876524637381993
0.759963009805101
0.77230942849428
0.963305291858348
0.739764040503096
0.767220625762701
0.741724281258635
0.945959189814218
0.808178613865154
0.748225020836565
0.909167678177931
0.696248817606367
0.585614807838261
0.904778861106047
0.805613390123903
0.860322535940951
0.659602601292262
0.908331645589165
0.665313458575577
0.796833282536449
0.648631095000061
0.485161485961887
0.688984013945689
0.817522743861121
0.710108346792073
0.76676849689882
0.78118346694154
0.793085852405152
0.766739441599382
0.696881980018825
0.91708773762682
0.806298502631664
0.808165121898841
0.807407704488246
0.744778041257464
0.821559620834418
0.943231548309882
0.758411713947647
0.803315500626243
0.75662842887213
0.684034686989557
0.835385039892262
0.926226698077193
0.81466759071827
0.970973497442179
0.719574473072478
0.80634936658039
0.815932181258796
0.832889748858443
0.875408810153828
0.952799386415879
0.951320662920076
0.994463932874652
0.581021966299319
0.7266015401258
0.831124790499488
0.814364661024024
0.775835814610106
0.830979433149158
0.742662125593009
0.735021582605432
0.837953097402463
0.720642124705179
0.712885242212435
0.894403335522813
0.947450133412516
0.756155086132027
0.873019755025371
0.63017238191609
0.877302621854545
0.768525914257909
0.873481562616504
0.843014736317422
0.992931884731162
0.738458703218901
0.863069090473867
0.936889516013509
0.762738086140304
0.904975911801644
0.742132458299654
0.872265362892625
0.851701964480362
0.898409387678079
0.853974045352967
0.777886893491132
0.792973080918139
0.80578726192269
0.770238692453258
0.839221863073082
0.783217610249548
0.814076838143294
0.725406579777479
0.757059293408806
0.739304932519449
0.714458861064421
0.743394338943286
0.848282715662598
0.873154761217251
0.700333279743673
0.789877663278457
0.836071954515471
0.572494254474883
0.866686361539601
0.866855684873262
0.868070871234751
0.656424171987404
0.750351476636574
0.784071946933928
0.795272914201309
0.879715008842417
0.867938929602328
0.849837934333168
0.784491877752952
0.891015623563135
0.7196629971155
0.781258711289994
0.967004600121949
0.969205726894702
0.686529471527738
0.65523102946242
0.883146632997848
0.681548608006649
0.85084071953794
0.839564776234433
0.902626582300192
0.836564161884817
0.781272279066999
0.825220580395339
0.739684990819583
0.871020729381964
0.810804270946782
0.967462091132836
0.88562680164721
0.727340844706681
0.925861574437717
0.810090333096949
0.7477740169837
0.871143167855547
0.861664592934457
0.88105310413767
0.85645176083392
0.739997973484028
0.802329307924253
0.859545592456225
0.802150151241074
0.781547807785602
0.695089100225731
0.676795308660647
0.821348877832425
0.79605669762682
0.933507824382795
0.689585681096126
0.808629501971384
0.922397270453652
0.924669601433136
0.921735548845143
0.878217029776103
0.806039779534586
0.90299522169373
0.79303882737858
0.886005413787864
0.826888774132791
0.852253764594378
0.885652053745104
0.809506665747174
0.787029367619268
0.796077921621921
0.872005924315727
0.819725575758123
0.942856308472626
0.959571391834559
0.971603985071506
0.94149305455822
0.662095184372581
0.7985281479398
0.983011520997196
0.756903807309003
0.938512268695615
0.923085491526304
0.832784913837468
0.819306079958031
0.772529464953688
0.70649776310979
0.863187874613829
0.881066300676715
0.863689294675815
0.726758160777414
0.639670637892508
0.826863590214353
0.78178293301475
0.735088939444213
0.829779348290253
0.82466123202875
0.833569006766779
0.815333381179861
0.805813624415
0.810430480971715
0.81533621044626
0.816787793611667
0.809662580009592
0.807615279244658
0.816649343314831
0.814478022231566
0.818759726233058
0.839119080202563
0.844878118705686
0.81416968929409
0.818539290813168
0.817332357477477
0.830429267130267
0.803658361768843
0.827435235748242
0.823021048452798
0.831984317652251
0.817501219309877
0.761710740329956
0.901372033702517
0.824594333563304
0.787656249717327
0.801377395730964
0.874036684129499
0.844018260911504
0.685549776459335
0.884680225978887
0.582537492810009
0.781899024852181
0.700159105375723
0.770457584410417
0.869059392580661
0.804330363934288
0.788585300070286
0.954410704073102
0.820893132907324
0.897940259455761
0.827979009946824
0.963552952784004
0.98732333668023
0.801614388578625
0.984664441368636
0.964166515127736
0.767392766220584
0.923764821536475
0.883085222849134
0.933315432607014
0.969432351345879
0.901386275285027
0.95150595756363
0.815032595240289
0.952510354563371
0.891255549121185
0.877103411946896
0.907771306840155
0.592639867418298
0.753118110886253
0.887206531114578
0.825427405816887
0.873584826949844
0.828427468547981
0.663346004740443
0.814936259463568
0.87305050448217
0.699795139885656
0.98373929695876
0.909763678885247
0.785208323833865
0.954512609283459
0.880242072207615
0.88976299627363
0.739513322171758
0.906145609564329
0.845614937015492
0.85522200947556
0.755854765200186
0.754484437508862
0.755733968770789
0.753278477071726
0.753390932489272
0.75785789800628
0.755176288964549
0.75112286091507
0.754815572225456
0.750279356726625
0.737064349506787
0.747403776112698
0.741146992353547
0.758311089382361
0.765231717869787
0.775999234612823
0.80477286889375
0.791598728538296
0.806643193707848
0.827826655094928
0.797426780613132
0.816327702703786
0.848565992082773
0.733610570229671
0.759589694877193
0.989137692493907
0.825912916445566
0.884215636092481
0.865992694732731
0.766850726282231
0.884267960810289
0.771317027232305
0.788533328505074
0.753751236626882
0.806125906579817
0.761533577539931
0.854888430650009
0.810891096129953
0.809082285753228
0.860348101162138
0.796708951945882
0.814228499424372
0.748444473252246
0.765976612516385
0.85224322357861
0.774067437125369
0.890306875882726
0.685547114607486
0.826388205796007
0.785535211704029
0.896866975654018
0.730936350730073
0.759118619012496
0.74375789876657
0.832788170375692
0.798701595882635
0.813949216787777
0.95128934617138
0.89885278391326
0.906583245677425
0.801067316634797
0.911721579894495
0.677684729413226
0.879304475831541
0.96164412301612
0.835781254364387
0.746354622519504
0.637079132139241
0.740140250794044
0.958133088257429
0.832276125784392
0.878646182200115
0.910054812310652
0.734707903673836
0.634333331918193
0.856974706424233
0.825164865463961
0.82682588797834
0.725521169748866
0.957366004533294
0.780035386983374
0.727971350524582
0.714729914650745
0.531167301816427
0.613914959468035
0.763104454086984
0.732248747122397
0.750170767793316
0.80463135820596
0.625746308959748
0.7835890512475
0.911286008235579
0.985066719087121
0.866353946749955
0.797056449150124
0.8200709353023
0.912876941441089
0.868576828665789
0.681945736791928
0.887767719474022
0.498768863781564
0.771924080014534
0.827505303743833
0.74949104659584
0.827020954253831
0.730932384117559
0.767209398953423
0.759019527539053
0.742539912272511
0.935509430721458
0.964146012159003
0.749960935555773
0.857255097491496
0.913400771480003
0.714570714543269
0.745201931865253
0.817499365190816
0.762145361199597
0.843871152201058
0.819426452591246
0.750962808715569
0.818086708902838
0.827134612957858
0.825153674859319
0.835526148634148
0.995223768664452
0.917783840678378
0.84467768360537
0.894569717137801
0.798027702275585
0.877705446004748
0.789910205672447
0.994565285194613
0.633116496972215
0.801683078875144
0.900814248254265
0.904159117178252
0.907007662073112
0.983185790434705
0.72505425003445
0.912899499164142
0.802170164255251
0.744256742080246
0.718246391403219
0.814419263810927
0.799980833854238
0.766712766815061
0.66708335808321
0.889106047351243
0.858056698482699
0.707772897922671
0.616717030196897
0.802403580606543
0.776949470838238
0.807088345171077
0.838212243071339
0.846358500958096
0.833227526095943
0.823535317462825
0.815065251280442
0.819020713985797
0.822865375097929
0.818909845437558
0.823354668180264
0.812420057175347
0.803751897237921
0.805416024327706
0.808687852053811
0.792076026441915
0.776119576960884
0.799978701127472
0.681601734574988
0.805664168529285
0.726060161284485
0.769406985001932
0.776206311396802
0.798179848230288
0.721744358116995
0.725989004455745
0.751500358987388
0.714734424043842
0.790297536762969
0.760252646446344
0.806029826289148
0.797282161935653
0.852359701018468
0.826118517495372
0.812789816203794
0.819014847826841
0.777784953182293
0.91403954779307
0.921796742911515
0.74983612997832
0.657200636507613
0.860352718049033
0.879558136221064
0.927968503270311
0.767807773207499
0.664648187834325
0.832056285459474
0.852868360306934
0.496182857052272
0.773877536455577
0.963651477375855
0.73637157669515
0.85281845311443
0.635829235795374
0.748363602009273
0.953251822285977
0.799310033444119
0.720049596744756
0.673414175986177
0.674596414054733
0.681332317922934
0.840794013227309
0.864420336512863
0.842308413144221
0.841663683171284
0.917313543837024
0.867485128108034
0.862873655592627
0.841684103011041
0.828978607294202
0.835437679849955
0.806459910594017
0.787832129400768
0.816558500580817
0.800128989742126
0.818725586146574
0.948105260379932
0.837819438069891
0.851273354888931
0.850564140111871
0.771240866770993
0.815502977256554
0.797975463040848
0.840069776055089
0.824639648970319
0.874733504511527
0.823976069988698
0.836831538452632
0.843437807658947
0.788570587769121
0.798030721877661
0.774366654706932
0.984086559059583
0.821586523229423
0.930859831090832
0.67915980433352
0.659760370869611
0.879879286352218
0.677044521685384
0.786645400227364
0.755793540900605
0.744657961838462
0.837247044917623
0.577368942573064
0.792280629239967
0.771181917513507
0.896688638635715
0.827837688017272
0.900626803780896
0.692554055077436
0.903954044369405
0.79279209522476
0.85615383359146
0.795084162150817
0.79738827861437
0.954165879129506
0.983439229697055
0.907020407257825
0.812058172570199
0.807996106454127
0.984023693701651
0.889778062621102
0.852299763372874
0.811802845522084
0.700653655800687
0.729497297416585
0.882847975455877
0.729281161198056
0.798262684690807
0.748921155782034
0.833399642579074
0.629410095390045
0.850952570827917
0.855526314395886
0.575270499884652
0.922216876128915
0.815388204110485
0.780984116942069
0.831563587149137
0.747221859765507
0.673934355191043
0.842689324121587
0.769198400277588
0.751780291876007
0.821874481377715
0.753453314595797
0.955947908252065
0.63407517988466
0.858517316065393
0.809740457198175
0.810191317344291
0.780437137824549
0.767077619149518
0.864582143902243
0.643595736732665
0.853336987088378
0.918776771307094
0.951344705980713
0.67653108836998
0.852460225166453
0.792776872687938
0.824617339867474
0.944721771633991
0.761707633524454
0.58992989905766
0.869485705585259
0.954335641234388
0.819290337618351
0.899649926246244
0.85362515013437
0.957498278383217
0.803794466561915
0.848085174188798
0.919352039990115
0.767621906274114
0.998361176904376
0.81038820398523
0.788051080848769
0.736450421295589
0.845872911377012
0.745633528409189
0.786700154586053
0.955338127574954
0.743839379492694
0.855285098841677
0.657783934416502
0.862102971649783
0.899990440801191
0.839641422216466
0.840680662457439
0.738410247104451
0.876685429131198
0.722063284220526
0.720168479170681
0.785398599560742
0.855095887250118
0.809965244878676
0.767356050978039
0.750541064926927
0.873356383200307
0.812238698894107
0.9484362078027
0.825098516937675
0.872812164063522
0.790090463109417
0.880129975104529
0.812541410081827
0.868014906460761
0.907734862969188
0.998787100754266
0.890189139841723
0.854873894508589
0.81973534118981
0.823196497759839
0.851004876569231
0.907070009488003
0.907264020190965
0.900645658180462
0.896365705739387
0.89421001039334
0.874663068139414
0.874265096150492
0.972910047362669
0.807658009725569
0.878701784905773
0.89089496541265
0.759994323829743
0.836518365241802
0.977390536373546
0.881180546434418
0.875359803443704
0.867027540793302
0.937841659094362
0.849531256252545
0.788340871337916
0.805222153349367
0.791009961294657
0.989156832607693
0.94210799656966
0.92550717617588
0.941830156604312
0.708289347231667
0.871538128095133
0.783020719075026
0.68735534470582
0.69003434263639
0.869950787574439
0.77271321023531
0.833759983830973
0.871907542147808
0.6940775461999
0.749221067258911
0.755015361370073
0.708050429584499
0.765568873652267
0.775343181937117
0.798943720401907
0.777388097133152
0.743141386298637
0.85082843918604
0.859567904650119
0.803844292076931
0.911577437571255
0.813605042815078
0.693196782018243
0.84593996574714
0.763919604253818
0.922416800631421
0.786276194732906
0.771774882750109
0.844675139771612
0.477195028687187
0.831898173037824
0.884676073826852
0.866407673169431
0.900378778326918
0.964568085714193
0.958990349846335
0.912683502745855
0.797397901944562
0.647826035093053
0.763604038325894
0.733155660905631
0.728701783489844
0.799551643186372
0.768392358574277
0.843433178206148
0.851216028436362
0.862766111368731
0.640577191647061
0.680677483353758
0.878945303605217
0.746256342262415
0.703328075037137
0.713630634695685
0.704710806029797
0.906425853424093
0.712446153101487
0.91424250626095
0.893928316962802
0.961954693284894
0.879651370222081
0.823755354936969
0.919162860021684
0.84682072526059
0.847868945375454
0.917626128250633
0.917537595343548
0.886117475362588
0.719298020708536
0.801289654092311
0.716174084702099
0.804670089335826
0.854058326637713
0.703648700981808
0.847939260585727
0.745387117499694
0.755960760869217
0.852269725121629
0.7154327212246
0.506668998431514
0.782568330944566
0.595269940973648
0.590826258203231
0.861629244261916
0.845993227295841
0.768970613696177
0.92885871199105
0.70459604050992
0.722677921429524
0.743476751632719
0.756702214411813
0.719787338282506
0.69275016050362
0.869675298218313
0.817778378815473
0.730656416473531
0.777722046733186
0.895438031843882
0.632459722570037
0.807674900414653
0.829129671190957
0.787753893072787
0.669481988401424
0.890495271098445
0.730415653136629
0.652129376955007
0.739117457237375
0.804833717212856
0.760040591288215
0.865676549901495
0.806572967415117
0.864955777295135
0.685285268612134
0.761284459465201
0.748542134584529
0.945243382219685
0.789373596379141
0.753021798965778
0.73224499132153
0.720136856936257
0.811038502806047
0.752229047522256
0.72339933073593
0.82288137602292
0.80160807005271
0.967268952671679
0.799532010588964
0.946283901479227
0.535112461744309
0.63451122859162
0.631337333417859
0.455950817192246
0.935940120934893
0.967311930882124
0.703559143155039
0.458398964505204
0.874003620535142
0.908789568314146
0.805373847844246
0.862086517415017
0.912182577738768
0.970775476852833
0.870766034438114
0.859086468437888
0.872241984481794
0.856973588597641
0.899613499139735
0.77162181270255
0.868453869532995
0.881978449805047
0.941100350579605
0.920921717004537
0.710425380919966
0.825200579768401
0.869129241972609
0.880712207638793
0.812772148713652
0.885549359870907
0.605840029957676
0.694877231240914
0.819444485881908
0.592463012400018
0.83112723209673
0.786559451647451
0.900073529107637
0.791897250926395
0.770392014173436
0.817432384136412
0.629122721156601
0.739316425819189
0.874527128428843
0.619905152994771
0.644930226720788
0.791929184191022
0.755893656876887
0.674949761122106
0.753495101580535
0.837476725447161
0.939667610516045
0.680737909188919
0.726241110048084
0.879357698149062
0.961819622431517
0.58778294898351
0.853921417249929
0.800746166108298
0.797472985556732
0.794164779140002
0.732143569986349
0.81383908885348
0.828281557468268
0.800330867222083
0.824200962251098
0.671307537500215
0.974389657163091
0.823185097948527
0.690946200442041
0.897497569022689
0.837506543660971
0.802931752116105
0.782009084937799
0.968064482738661
0.596977639236908
0.817981023934401
0.858317628217277
0.862460199457099
0.797616227862699
0.860726156897832
0.694863109397259
0.947911131440715
0.696280440993278
0.798647415303682
0.585216113285378
0.999801232335818
0.807438995666677
0.740134158934561
0.763414723553526
0.571188197604101
0.958240971074407
0.731561630246002
0.798432697961021
0.757097706100655
0.776997313191949
0.839158629084439
0.610257488910305
0.62523694736835
0.780990930095779
0.917140104859903
0.856902941275299
0.949541744132838
0.767319988462867
0.836358378074896
0.724926393338539
0.742926837575413
0.736133433823703
0.838970882420034
0.929234349195415
0.872964052869887
0.776460703038598
0.769714621850949
0.824771056172803
0.88639452174463
0.856774393552334
0.855422927254086
0.790597323731227
0.792825370869801
0.756164939403886
0.923312036862272
0.774051426331134
0.719010424113253
0.915485031571012
0.795704418013693
0.686313067846938
0.757996080062035
0.758264115314701
0.956537516661529
0.657489770625429
0.674295412692094
0.843162058776757
0.777093115411149
0.690252267127825
0.826100364256593
0.839388127441075
0.824025504912455
0.811454242276204
0.862394887965886
0.749252210917884
0.803142714747421
0.79571634188408
0.832295375183995
0.786938451532344
0.765609706276189
0.950063178145756
0.905368399521203
0.950739537051451
0.808052329990933
0.780962990402731
0.959856586428716
0.807888415462807
0.901677373343065
0.830752679611877
0.775773140585043
0.764897609981611
0.75209535402825
0.774997173914947
0.762079725935819
0.791264286772357
0.801661616447797
0.81293815933446
0.823524527829338
0.826488770327954
0.766912808003236
0.798313978808664
0.760861679707275
0.759407055840824
0.768972845818593
0.765923695424795
0.771419406923154
0.768538386332975
0.768872681788029
0.769108170541564
0.770284923426951
0.769606589671134
0.771433559187211
0.774412976337728
0.770615463345075
0.771142451823232
0.773025163831424
0.773986583692756
0.774974985751443
0.774127732490623
0.775573846012233
0.775235499911715
0.77521132260836
0.773584939964504
0.778148755862141
0.773814647033957
0.774364624085774
0.771442121312644
0.771016019574058
0.774100767238476
0.775088064631861
0.773439932912724
0.775745901310512
0.787572081617481
0.773574815671224
0.75741355578061
0.731977149879187
0.807285827924946
0.811081508851112
0.874030070300787
0.869023798211763
0.862524118569153
0.799174153259606
0.788377765957991
0.794376907377677
0.864045921634763
0.868751685653168
0.643124395040161
0.551264321721161
0.721703188746398
0.780502344782098
0.771440760528705
0.789520695139696
0.851149691244306
0.916704469509955
0.608390689676194
0.763549589843818
0.815331796263392
0.791545217788186
0.806893658923514
0.515998153783823
0.756783750938774
0.87212992573215
0.846642861797292
0.775005558111443
0.893774307586186
0.821895688905918
0.760319373203546
0.894765049417778
0.922441774571846
0.774228208042904
0.826414249084122
0.903350054791253
0.908353394860409
0.878161521932492
0.904584172359871
0.87294136815328
0.859084379746244
0.853920744288987
0.899290244926279
0.868336680610006
0.951032970386516
0.86172989751837
0.727489541851953
0.705958524375264
0.718080481851016
0.788563917276676
0.871646021165402
0.94024414342458
0.752809204001859
0.738405464166122
0.915578803177991
0.86202849261662
0.716860671496766
0.984087558212602
0.766031477454156
0.866419906300063
0.674419089796079
0.752493757452699
0.735701215174038
0.711050035237526
0.800578146640429
0.718805835748966
0.710804133074066
0.833273930869437
0.979187546311864
0.747112137818251
0.745690914563361
0.902135566323575
0.925432976779304
0.810212883772934
0.84165165001951
0.936453488290823
0.889316133191097
0.676511202838768
0.962146711542548
0.847280452598157
0.789670915734812
0.622749700628695
0.950367314835635
0.714829137423133
0.631437137739598
0.827224580461739
0.938506739048479
0.76187151669541
0.676764278405193
0.862580823760271
0.901314317374209
0.763784197112262
0.76481965929046
0.878825139838803
0.805796782448131
0.759046787425196
0.747022462920072
0.805254765576326
0.758705691360555
0.991575303092456
0.76810442277306
0.70160519136535
0.814348174922316
0.710823489615419
0.788814659292978
0.685504288335413
0.771975329242688
0.752562875167231
0.886772640782333
0.767610607945994
0.801514248310647
0.770271456994595
0.799922657761656
0.924003665890756
0.807078981827419
0.955387039698216
0.994298557408016
0.928115929972197
0.769949702142694
0.935402280264921
0.871530882117444
0.900019185092924
0.917664666526458
0.97370043771374
0.884840184875478
0.792967052369112
0.974150930093206
0.722120578544588
0.753519493361753
0.82980840372226
0.625726173910154
0.733663793115207
0.851364408503291
0.630429907163222
0.706785028508335
0.72809054852556
0.927422639307146
0.810482006605065
0.835583155999647
0.896450755771669
0.977243665762712
0.795138732813519
0.878460438446012
0.81145122229372
0.823238277042791
0.635786839488207
0.985304277703751
0.840509794922256
0.904892724532409
0.849193415188141
0.858286793309327
0.870182574593364
0.895981634372914
0.965843781206546
0.973850772924863
0.746652932843794
0.913287108127714
0.802345159412782
0.647281543800105
0.912359649082975
0.800980903564692
0.895545301729556
0.821345905094134
0.753455053306203
0.968808382973678
0.929341535659859
0.861054183322676
0.860934326188592
0.872231902890403
0.833862193049178
0.819662013972773
0.797971418334083
0.846869672823472
0.831270654883699
0.947410213954461
0.998151873083423
0.787043648947521
0.682137060093483
0.895838302743907
0.801476210192495
0.819972561825356
0.798991772124416
0.688647473451847
0.800095154608346
0.473722756506825
0.767797154252611
0.826045053587358
0.675753031849979
0.821843934334294
0.799098157539065
0.820938282992138
0.79475603422089
0.878173326413741
0.772202166675895
0.745123694790415
0.750750484720648
0.784789322687141
0.784694021744038
0.797496706602595
0.810456228831218
0.799243478049948
0.779317460285607
0.789918296164406
0.808044475245011
0.817099281915151
0.829605889046934
0.850615892953524
0.703415290980928
0.847405444905676
0.875597993969225
0.923639409351782
0.836186823361235
0.66314398554112
0.788065265439552
0.82123260671061
0.800955090694724
0.690080481012009
0.731908356764921
0.677848799696619
0.67722124480519
0.688083915831878
0.744643890244199
0.70657192528933
0.798116109639667
0.99277277701606
0.906846588857443
0.89323743825638
0.913067521565612
0.772613825892864
0.833041546309049
0.794788432919194
0.844489634750659
0.830474683419763
0.807002196560182
0.977606367079803
0.846633029536759
0.952576348186911
0.942734560756227
0.853919096741264
0.774218446611038
0.982175843874773
0.866675149773846
0.651857040923699
0.889346042075159
0.863943193374864
0.772515397422138
0.877363743495247
0.932193298032039
0.803539619305046
0.76101815193057
0.696864742098159
0.842126379294865
0.804310192388262
0.90525242290231
0.677468593857628
