0.597715805284679
0.671610825709646
0.637115232291915
0.736524148199805
0.784049148197499
0.832991702618909
0.794270951835135
0.852441592602861
0.954802576280216
0.831432533878487
0.90647366949545
0.756152923512847
0.81341194735959
0.557326284806974
0.549505399300145
0.807825307180492
0.976379365123105
0.779533316060577
0.677533985760789
0.973481868879229
0.852839754828112
0.925527327810965
0.985713817499511
0.842257685578946
0.994701038675566
0.887053073862044
0.861276862444196
0.838182552832435
0.657781968172575
0.811711667361182
0.909409784510286
0.876673592020353
0.821988101374631
0.513055842025077
0.748061149577501
0.763414137815877
0.753666305633591
0.861793306360715
0.768091247971333
0.746701239068289
0.818509745753449
0.743386309634928
0.910735735226044
0.731909619367444
0.817712599257758
0.598385291828917
0.733136664690372
0.474659342078772
0.932462697714438
0.5632837014575
0.938526069340154
0.632019286382054
0.701402753043552
0.664974614251326
0.669428762517964
0.818043239122988
0.725411414059913
0.918830314769592
0.846976454500847
0.776085930874067
0.83944465764617
0.809997973476535
0.830702945250135
0.892314829683639
0.863269583588364
0.614269327801171
0.991292926581454
0.812943984166488
0.81658939811288
0.814540553493622
0.782265109727331
0.853379603607573
0.900663691450419
0.937623985405926
0.568908848070518
0.799392696017348
0.445232444272551
0.819159101034419
0.744090563430148
0.615958169019081
0.799511112567208
0.90485500939903
0.990660216736257
0.484145295267877
0.821738832507102
0.907528297853513
0.90793576794243
0.860631008235238
0.714695101717235
0.852492089461229
0.846988330270037
0.925176578675483
0.710434920832916
0.884158421361432
0.419729152578429
0.876267942987242
0.625149733081005
0.91443114108473
0.911769086608866
0.896909698116157
0.697347809252503
0.83854932524745
0.876266526125972
0.936135697516914
0.928543932032401
0.870689797109093
0.891411006562744
0.864619049015721
0.753207326218389
0.828247149085286
0.857398861201741
0.803901474012953
0.852211045305498
0.85574713649747
0.901596154616399
0.953390488113188
0.795293758719069
0.810798131993706
0.72486320387861
0.748760614836678
0.82859910862858
0.759638070286848
0.769076284291532
0.785217366886592
0.883638067367128
0.740627282207708
0.978587606539047
0.940735297901923
0.905198260066874
0.833816643069535
0.779644832362919
0.606079456294901
0.660181085792365
0.800054394860286
0.896437770200293
0.722839255623302
0.648730110689944
0.967562829774848
0.751874750888027
0.807766657781509
0.921517946534527
0.954638155174219
0.811276625892826
0.780838046263041
0.802491869505059
0.958550381178534
0.698922898134805
0.198580374186364
0.95736356810729
0.913247127377258
0.926213493828145
0.771292309219979
0.812376060966983
0.943115304486865
0.877217474675458
0.739897650876542
0.624891113125641
0.794970082666942
0.524368924712807
0.999999
0.965606442040817
0.774705083441658
0.792330133370986
0.895112353513084
0.899004977057955
0.879988583020568
0.740156648962338
0.782694016394635
0.698156744228271
0.6228982727248
0.900650827655842
0.74046405019519
0.538973946932798
0.786820598987554
0.962429592760382
0.599171764172363
0.693703047170956
0.718234536036428
0.871218522897376
0.695089591685471
0.771854682411283
0.808407986101398
0.987538282441818
0.848155910396974
0.866228772989987
0.812055202190657
0.871430588012705
0.862687157090519
0.858888052472166
0.881767959888894
0.858784605735511
0.849293219790252
0.877739144521017
0.878968786490212
0.823289250101909
0.861937452526011
0.874478154438557
0.864529713049292
0.851021756830663
0.865018008154015
0.854212894055907
0.815769715564326
0.856899250971215
0.947511171153109
0.856250597559293
0.832057919776852
0.760819473808986
0.719213671655242
0.863316062795032
0.714600322790671
0.578968546576875
0.645620545601732
0.698645389464116
0.870286928711914
0.85921518025836
0.74783327472214
0.935081820226013
0.902845834224382
0.890261696237092
0.865991782646426
0.736259483859314
0.786836846483754
0.728463678108281
0.927959793600936
0.98644354111976
0.714713154438968
0.866633320450198
0.824496013874241
0.741443041209546
0.850687227993692
0.839292833691853
0.820233350311419
0.799579562370969
0.82940412881425
0.805497062462068
0.794796448358342
0.801418883258798
0.816862368869392
0.814143045353384
0.820446812461861
0.826311304358023
0.819800882339295
0.821196484399228
0.815607052123499
0.80649979339391
0.80671723986801
0.807311725011877
0.808008772596081
0.801304687639455
0.802402932342261
0.796838697709074
0.807841302217517
0.804271647211736
0.796767169606393
0.805696210110969
0.824473631210399
0.824380416023907
0.820293657133406
0.825642218011599
0.80447268796504
0.81444304149666
0.816424144565936
0.810734294294329
0.856987955472132
0.832226208372613
0.874105012233047
0.669996992831023
0.903624337639618
0.811788319089003
0.920281999609948
0.772127002065936
0.767131927402304
0.905852066901328
0.900851074414404
0.489925641717768
0.908202904842628
0.670345925541011
0.999629961490271
0.798962867590721
0.988007418436825
0.892696667467984
0.905204037542636
0.569042851695309
0.671042106541174
0.862285105376824
0.776227712980191
0.876244114213744
0.789013774267601
0.666951951607266
0.858439427751465
0.740454181284956
0.80094543043825
0.899974109958436
0.615085832221833
0.984834937521611
0.895674309730033
0.957543062583751
0.820209158145607
0.991862113307315
0.700813231985578
0.980663849248047
0.507837679125183
0.842030410704416
0.961308739500932
0.75956788908098
0.882460601775894
0.934296025963738
0.800135748072238
0.690874612327551
0.846013684584614
0.997766374391541
0.731653729946944
0.835497583573712
0.862077494943749
0.766801088314614
0.93351406617151
0.836754998567404
0.645430699177777
0.73383945949521
0.745823446052826
0.636386363846682
0.770606123601526
0.844944731204646
0.741422806796824
0.900521926065114
0.781432326596189
0.845041353228764
0.844669607988278
0.868306245461673
0.975772806619721
0.815207174132418
0.841359959568178
0.787701410932478
0.709131990372446
0.73096642281539
0.765440403878751
0.607779351875631
0.829024920116395
0.664784609259979
0.829874597558116
0.755719409580271
0.942979220117308
0.918977357159097
0.862432872373948
0.947364142942802
0.984685760087869
0.840276473586453
0.959452451201139
0.828747142362243
0.792811098656091
0.756641788185908
0.755297718446816
0.746324110567058
0.71398634510882
0.682780382422665
0.801014629275323
0.761211106799691
0.557270974328103
0.916964062524426
0.890386869771373
0.518514490436082
0.864471431101342
0.81332699561076
0.58488747999221
0.94932883149108
0.761379753792383
0.822234667139478
0.988197203201937
0.873415185912459
0.695118172015261
0.975191639167438
0.81451240068257
0.725738976473804
0.677769023640405
0.677075208246029
0.862685233082369
0.852768486633566
0.576604825194923
0.990561428940228
0.858741851445691
0.913992074964386
0.725164568456466
0.857177576728003
0.70330704804797
0.744022272418443
0.820985659196531
0.80851017199601
0.825388112286546
0.832839106705979
0.898132089287603
0.877119022076661
0.759526444064475
0.906456696217448
0.903389086037194
0.941723338339371
0.965887043487874
0.918630050816767
0.877224459859172
0.759866580669172
0.944187392693572
0.747788682118494
0.716659336208281
0.976089072194714
0.916567820642594
0.807583319560157
0.890833147833737
0.790799294015345
0.834112806108464
0.879663152176549
0.677335295753046
0.741322949326576
0.973598350495312
0.763522342861865
0.93463424735628
0.532739212861616
0.925142949929893
0.897588854677294
0.790558637090083
0.985955623478832
0.831982575730089
0.77768314318725
0.841627562795362
0.659065796125374
0.80693670211255
0.97743416447317
0.965355098610612
0.850432040660652
0.731088036276292
0.965831966795546
0.914323825089811
0.878051567436929
0.848549109177307
0.890994507735275
0.88226318221784
0.94903794266189
0.876591848588335
0.835705271589767
0.830830696773349
0.817900657567732
0.987646956552514
0.962847007167296
0.559999133002492
0.862591843960774
0.850804578263169
0.743869054129947
0.739099711159751
0.925154379638296
0.94991855758823
0.800922839354613
0.701984249977573
0.846196051501528
0.867180021290507
0.73840679322277
0.723802278765419
0.778509908220133
0.93970753194965
0.879410848843074
0.913699628689348
0.863542709003088
0.851940779768546
0.663719861868703
0.732315501165146
0.750815568266674
0.761614615407881
0.808726017964304
0.746008130444662
0.850332609331377
0.898247052066833
0.784743705525197
0.800594162497348
0.749285576037232
0.579171323834762
0.544531366713603
0.781210686041912
0.614793991300383
0.840533459363387
0.689340228231597
0.726806362600703
0.803498143304324
0.806835493152651
0.764975140026034
0.938083032767525
0.276291396337686
0.958632239094077
0.639284100385243
0.620872311522792
0.932189720261106
0.959997300488116
0.940362501865874
0.951703362718155
0.932287647191821
0.983239376283791
0.63456723626535
0.936692361897121
0.659093385995852
0.681774893877728
0.861014806146744
0.913565501958709
0.772816378307757
0.781564330483633
0.764219873017656
0.841725058023431
0.967367013803411
0.940849410753396
0.737116115534365
0.824932715249791
0.953285790140746
0.717629544104839
0.684156358442016
0.714255985036718
0.725583173716015
0.749105525552061
0.879161490161263
0.915315398250387
0.90285723401559
0.914463421016508
0.832508979968246
0.988033330001062
0.867330860619244
0.871849937067334
0.901573893775086
0.894977065742145
0.781419780090488
0.697681322821958
0.831713716159984
0.815186781736025
0.78644246016858
0.813599350250455
0.738452177509227
0.775874820823885
0.749856675345027
0.846065207911038
0.851482746572486
0.61935226723485
0.793237052256182
0.687817517950774
0.849751791003566
0.864837172726969
0.858141250593588
0.702046500288831
0.921743152251603
0.867569547455603
0.709753778458483
0.838273756902323
0.941570350559993
0.795631250192665
0.937466987516116
0.713536367771585
0.780570659011171
0.908617713039026
0.672834062751284
0.855198080117411
0.712197268603755
0.982408749153889
0.88201830535526
0.867748396349147
0.592653344934479
0.746226205693163
0.894139426096284
0.854208037696818
0.83721703124551
0.843780909009868
0.875821715677283
0.790714539726355
0.874706902020052
0.746311705028637
0.930132338783467
0.786893798315843
0.792497670262427
0.774549476315752
0.85933098137235
0.614797996343175
0.824667594870673
0.80362555368426
0.761118917214146
0.956758854495712
0.794479516591865
0.784260309147068
0.715461573468243
0.547808343797335
0.773904305449316
0.810729654572627
0.517884013484646
0.924806448538974
0.761755276079929
0.8447272922403
0.804686961415085
0.464918559252715
0.792289867249935
0.922483119644703
0.967964460504812
0.891206307764012
0.935584095177354
0.938671792539573
0.916294727771372
0.907172315735134
0.927846549477969
0.932426241278264
0.939999745651973
0.924853996221519
0.910926852628928
0.92407485284178
0.895975651495539
0.924857649324742
0.982078164347354
0.986236920791004
0.809920601929039
0.820898855503033
0.855848700178833
0.951061776559372
0.905290012572192
0.943525261667114
0.878893666697677
0.880926609218746
0.936265126860383
0.801472247438773
0.976034551024035
0.927026998648158
0.954072030353463
0.999572177955821
0.797887324407498
0.72332972481534
0.939104955014199
0.81003262144676
0.94795129141394
0.965942279217826
0.954014610604546
0.994609195819291
0.792774505390605
0.946015023555322
0.969570323171187
0.964969631239725
0.902331123444057
0.992791006618356
0.984179782441196
0.736151141244424
0.859680844144208
0.99541287102937
0.880728599836543
0.829004740312889
0.910691473047994
0.867747280234875
0.931045098687476
0.681311773211361
0.98611825362347
0.883916052039533
0.794968768687885
0.759926377414298
0.828730235316507
0.838997505632883
0.748159083095586
0.945356213721233
0.617399141893948
0.777169264435535
0.77268652671487
0.750159973486868
0.734321225191169
0.577273534768099
0.850198865015322
0.772123658558337
0.704418299981364
0.563681044748655
0.695484120097883
0.741783975751014
0.975270735940131
0.759389822029088
0.71653078948442
0.761884157216275
0.767456363488403
0.872706958174026
0.90115921645039
0.926831148052171
0.953439833792705
0.825326981253665
0.906764909783083
0.85269851202709
0.894894219659662
0.784317309276517
0.810900842806142
0.855879183606198
0.897763988974118
0.751253677580953
0.744415096081329
0.998706605214248
0.836827566739921
0.884500077264745
0.88882704624683
0.695611272381451
0.921794729769313
0.963345834171285
0.765475055220372
0.952812833267682
0.777453292823661
0.86056785906464
0.923045094415793
0.802047387640375
0.667077851591738
0.828501565331328
0.753829422473749
0.758443942847553
0.856839636635949
0.841053907871789
0.416437183175442
0.808698282043914
0.704606978101892
0.701949079237111
0.800712416501718
0.922424186949436
0.623517732531197
0.812386079753758
0.805309751355323
0.852952584071898
0.986513678801567
0.860561682454421
0.992406825149322
0.941336262240519
0.961159679673748
0.761364117723554
0.940798673065853
0.807990896580047
0.574278486064764
0.767369866801733
0.853077944038812
0.880833551142614
0.821645722954752
0.932424453702821
0.978575507891761
0.666593464662179
0.912724985660915
0.844721203123516
0.669051211769574
0.970050144105626
0.797883130615774
0.59815426491844
0.887756809513576
0.528655871561642
0.622911823604484
0.743914106613305
0.908632521877898
0.718867273038978
0.871794868140003
0.825334879757734
0.521773758584933
0.792691192802004
0.729603368532027
0.908209498341639
0.639356970810677
0.5897956373603
0.687387879889142
0.683109802193016
0.5479793658269
0.843843047796462
0.886157228908879
0.871322638334201
0.914797927407751
0.767123271815896
0.847637272670723
0.775349564880396
0.811257933884195
0.843292518506986
0.55170311297866
0.911803610693842
0.951774276428254
0.908882880482618
0.725072906082595
0.779034912546191
0.811365796630577
0.729019658644682
0.959734910411165
0.851251392413757
0.796628993548221
0.830527042273167
0.81733378439795
0.829754934566718
0.843749537319528
0.828958978581134
0.834921466699701
0.835382632228414
0.832825100023409
0.83289056890754
0.833061728845952
0.829587580292352
0.830192164226001
0.829752638897201
0.829454184270052
0.831187203076324
0.827877065952297
0.828799171659705
0.830531298059858
0.831739914745538
0.831475437223911
0.832060737710532
0.830325791451506
0.83097841665093
0.82994865596495
0.831780255632171
0.831456596361487
0.830908759882082
0.830280642620564
0.831455532531033
0.830753134642473
0.830516284241626
0.830863193546194
0.830956664224843
0.83093339936397
0.830294993305274
0.82990649748854
0.830857826616101
0.830976897942921
0.830497573110072
0.831002790027761
0.830390453549508
0.830398308683082
0.831002859135189
0.832434071338588
0.831051875203891
0.831526509855996
0.830680695113451
0.831622443325359
0.830236157902337
0.831532041549831
0.830209799960184
0.828096633103773
0.829329543560866
0.833416278951722
0.837822043803383
0.836047045897732
0.849018062580527
0.842015305386857
0.856138377960236
0.826914722476087
0.840835935553975
0.836342907271241
0.868380319609304
0.852914344392618
0.811197047872607
0.855120708645011
0.873685301670536
0.744750860762327
0.815464993184684
0.963084872289189
0.771074967795605
0.866986087729255
0.829725466105833
0.75806366259953
0.99764629206357
0.770560434515477
0.331463356334406
0.935920423654064
0.924244770337705
0.900750655755985
0.83552236004946
0.88179140900353
0.744948898482896
0.686011812051497
0.938385193049248
0.977567004704517
0.902454738096514
0.998569182656871
0.878973232111449
0.597941749382874
0.74118250375925
0.924289526391701
0.864916252085884
0.554643049733449
0.81334732319807
0.377097918271682
0.82650521275609
0.705621146567434
0.962505032833991
0.871816832771949
0.930380413742726
0.787360068494087
0.742258944497747
0.814075368936992
0.77643784748051
0.81631036588753
0.792546002652303
0.814084591674162
0.809450941424826
0.830162567755322
0.827186249920956
0.900695665964189
0.890003164246904
0.965266873219308
0.900945223880414
0.887606418898884
0.716735146759958
0.883143428670053
0.73668753655516
0.78103353027834
0.786945932106164
0.6831497966187
0.901422007980773
0.784600860057799
0.716010049294077
0.648147768683337
0.865632666824671
0.948824899971981
0.977283528261376
0.7951133875493
0.958361158724663
0.934574911306612
0.761399737449044
0.795303400269908
0.878048775141827
0.67647725841726
0.879240523653036
0.935552321223213
0.819101059003542
0.809924263223305
0.96345060402124
0.792357380042901
0.868805687403498
0.71534547304021
0.851875190510373
0.971468268120161
0.782201021525205
0.859547833739353
0.67464723080063
0.768286190004018
0.632562243483875
0.969410550762712
0.756313744669928
0.930768499817401
0.710772372092488
0.77517718717039
0.756729886000826
0.823901491675979
0.949751020033685
0.656982215722414
0.955101249997412
0.861482803235895
0.879207784743617
0.854208682087227
0.895528093193482
0.900852740007226
0.682030568537329
0.913718120703031
0.8558775300782
0.880841451436488
0.896022434094975
0.935851569019636
0.847969864187366
0.811478185580011
0.765542939240802
0.765525493905854
0.849891409599335
0.924404427721273
0.815217865903758
0.83356825590522
0.957844735220571
0.979709320731235
0.999999
0.885771310821537
0.465025885442084
0.883943292426857
0.885595321198357
0.900265316819608
0.777504646871798
0.789939434411697
0.99552260380913
0.858268614209464
0.975986644993768
0.847448395797932
0.583526085436789
0.887858452230175
0.968501146431782
0.956217062825768
0.703246246385423
0.888364713871872
0.905854498860376
0.87136212848738
0.815054081903524
0.971180971584304
0.939582099320465
0.796879301947841
0.793931461239991
0.717819588087441
0.844712403772609
0.592197571892863
0.958899882950157
0.800800425089772
0.926980588414759
0.78461782530079
0.679955386238036
0.726606966230284
0.814828943264796
0.834445440960425
0.422908961235233
0.832614349342414
0.958884488101718
0.572052544270052
0.810235525416511
0.739716472374675
0.75464349123241
0.791198323066296
0.678876567391726
0.841136012534258
0.67167064972347
0.682253026563628
0.418165248277742
0.879772105426235
0.68272329083143
0.880656921118401
0.826343580207263
0.97932086250506
0.932368597719544
0.839872111088612
0.932093542528665
0.802710471744855
0.878500879600381
0.997054967149821
0.813816099184039
0.784784769962804
0.896530939480249
0.645516923195261
0.728382131156673
0.863252814667318
0.73348560547861
0.510754923866942
0.60856979922265
0.970803401156435
0.783616041507552
0.794646947133999
0.767152753050474
0.737691210587058
0.894890069795476
0.96128200727506
0.726320316892319
0.773379638383189
0.729408592394919
0.631655231781112
0.658300022327269
0.634451763159699
0.526565979926887
0.884050100020323
0.861161441293413
0.879622621018866
0.908760143455451
0.779635074763466
0.682878003957747
0.841474373544108
0.52640116152903
0.893109578563218
0.981806031409907
0.805351980575234
0.792159496318037
0.777176812337022
0.816536934256426
0.944919595649039
0.889001338282693
0.809596817626192
0.868802952530227
0.842982559161978
0.986592545949354
0.973897706680438
0.876000130028941
0.963380482650699
0.801172176391367
0.977787936101113
0.755129957158435
0.921198589639458
0.866019466319965
0.837868853759974
0.949029734534811
0.947273039821772
0.9860305138074
0.972881600972006
0.918353037702567
0.877659549753946
0.727885840903981
0.730001355078327
0.933909555836087
0.754671915068671
0.862520199487213
0.984304744727632
0.703098673140769
0.91625913643288
0.937566966708422
0.621633494485354
0.816556582829703
0.853419946424057
0.83077858881088
0.79205315309652
0.791016472698235
0.823322773575657
0.815802308985418
0.777382324232584
0.957822199683279
0.726804101776584
0.893323940345831
0.933510672651376
0.709413342970894
0.902029434993547
0.80480323684845
0.649965344982947
0.780372740617797
0.996390587760031
0.671658186260675
0.765846497162546
0.889261070075813
0.850109014236972
0.859984655063647
0.665929652859908
0.943289455468076
0.813693982953824
0.876935314041349
0.920451712657899
0.540055621150356
0.761741832920025
0.953682487426798
0.993182879640324
0.494895527949049
0.847543941961728
0.955401468122812
0.687277725869915
0.869446596029594
0.851437135082246
0.703498718182664
0.540559773137533
0.788048544213415
0.966206891615693
0.900794179049242
0.7895036640523
0.881522564642265
0.797197341707683
0.941347455528761
0.84032407991817
0.963981856737938
0.865696475585449
0.92979419985319
0.78379643872742
0.517030005146697
0.890718192543756
0.785737655020838
0.637577714466728
0.79357154474762
0.851712146449133
0.691149298849844
0.980755714654432
0.750939508634541
0.857113653512232
0.917198248240923
0.759782239840896
0.924215345587008
0.898950828039398
0.772674509618263
0.831873820510277
0.779175049861932
0.829516995583708
0.76041295236892
0.911809844350399
0.747628677095632
0.815520453554631
0.98073139874283
0.890506029576312
0.972968460190506
0.908797735244756
0.817871928489144
0.935122504404573
0.837577312634712
0.480363062807517
0.633456564224846
0.949796080213708
0.789635406771605
0.778138456703775
0.703928685118592
0.844731265068242
0.78854239074574
0.59970861647242
0.88802720048425
0.904171193450522
0.934836581748921
0.864311803632373
0.876823386956425
0.983010664374699
0.966964183030489
0.792564020519546
0.790361510969193
0.785074223217284
0.834319915121649
0.768859824626899
0.726670838380084
0.907137751379031
0.626503286715186
0.882589606350527
0.626126009101769
0.948681334084472
0.78033961886931
0.786651094947819
0.763966643862149
0.829540215640871
0.69362153579048
0.811761563451676
0.940999729894187
0.392516580783293
0.679685249412851
0.902357295295736
0.926174085972529
0.862578020191809
0.649435618174012
0.874825487883308
0.968223261985852
0.853711520943173
0.602740564265755
0.87118506260388
0.937690118868716
0.912562583673416
0.900824505192556
0.964776134371326
0.85398633511587
0.885429157640443
0.775447212992603
0.909608813469543
0.914045049266947
0.931337977242198
0.903122072335183
0.822775601456586
0.824046220379545
0.935137293490068
0.76404296273863
0.987304474370403
0.601681641930101
0.99783707177228
0.770526476803707
0.902261188077505
0.765993452118286
0.998895018104038
0.79475557105331
0.849308609425358
0.899975134836441
0.663058218448561
0.952369605536833
0.935752135782619
0.85216830674296
0.845499189288004
0.940355836517323
0.887151592647131
0.930620098677562
0.683003000765995
0.69211739818203
0.781210204595648
0.61854873862547
0.883460027164387
0.67075106132697
0.948012339086886
0.886294857350756
0.668770285035237
0.593250081529665
0.989527914418092
0.703308676185768
0.924554204063467
0.915189165633566
0.700183232873555
0.844113124189385
0.942172531023288
0.48129569161758
0.802883602141913
0.79205936888346
0.69951622822938
0.850561585646282
0.488459249656161
0.900331713179901
0.876999030614846
0.834134024054733
0.762363912868414
0.968603101788503
0.781673702433177
0.734426414862609
0.896017904371157
0.983337421294409
0.589959155857581
0.986252140781102
0.911914048299159
0.812365768588736
0.98390020890858
0.960958580571303
0.941281987346084
0.832330307401305
0.830394018733758
0.847182694104552
0.879275477266929
0.822826880830293
0.891147950861808
0.898879078750485
0.879627502258374
0.89358836750471
0.866381738656939
0.876300763105158
0.842294687242326
0.665684182002892
0.734219548255066
0.8576281243807
0.979412161852543
0.878570049295869
0.819649135484624
0.74526524627219
0.788063258722037
0.778795893445307
0.787663771332345
0.752421767107515
0.739069009119696
0.736592001184035
0.717788848562303
0.731508757217321
0.701915866488657
0.753563717780046
0.73488447597511
0.745649839767926
0.745846070273684
0.744920539937909
0.750328993813378
0.7507455779201
0.748808950782787
0.733297325711171
0.741554295699151
0.723287385288016
0.751078950632881
0.812423750597924
0.775606519984769
0.990760085080658
0.903510373139217
0.624739810338039
0.725900857561394
0.596496797222114
0.917341886479198
0.919020826600451
0.715928569128365
0.781025873509819
0.711435979316794
0.830706311278544
0.75733763242372
0.947318121435245
0.799709253550729
0.936177803010809
0.919659080408885
0.937265017433852
0.727373256213341
0.780015971416017
0.945957961206113
0.888146125701144
0.912177992412862
0.82014914511309
0.80660340014305
0.818786132780048
0.822629294827769
0.726328597480003
0.692016625579358
0.590290778538545
0.693923050199071
0.463563461046406
0.844833719772317
0.713693431964918
0.907015730599612
0.945037970301215
0.680985122815947
0.897883943927488
0.881110679670805
0.892765657914481
0.826363728910098
0.649642830903537
0.683771210016944
0.775679407656455
0.710073407681976
0.743571160989288
0.737762393572252
0.72364820922029
0.757645004308162
0.805383266220077
0.900813402464182
0.85935254978516
0.930953991201885
0.599854836816944
0.819274112028747
0.746657262730324
0.890325911380727
0.436304351208908
0.366263406353528
0.979960006231986
0.708743197571968
0.971424510831223
0.745042865517863
0.952412244590501
0.902597414735191
0.764823566085638
0.949268235339803
0.694088890390133
0.774263232637269
0.904318669543886
0.853119722905688
0.858831081041883
0.758317144738377
0.732046724955626
0.961440789735377
0.868469116017793
0.845128498395873
0.888925418843274
0.469517307160432
0.217383763110091
0.797828625596147
0.621103691738095
0.766808687350291
0.802306931616422
0.777851118049158
0.904012320273677
0.957584538938421
0.813978509813843
0.795442497625497
0.861373246527579
0.972946352060468
0.870343764087499
0.814006210776584
0.776651365280204
0.790474612472821
0.790388953210757
0.75236766635822
0.939129936736059
0.999392357198056
0.917284053585652
0.797473313747615
0.89529082075231
0.789831633447283
0.942735979878961
0.913879883266858
0.903720366061472
0.767044669633349
0.986742619837818
0.865454152657524
0.918464160541794
0.910080777224374
0.969058619583855
0.798542876089847
0.825522596757785
0.925404927813036
0.854894338010395
0.836749772878524
0.853099746637631
0.967724316260001
0.830659995368138
0.922407376924754
0.806311901094539
0.961698729029961
0.861176613029338
0.903934863684578
0.855838375695466
0.749651344848976
0.947212685958998
0.570253681995611
0.86142865283506
0.651241592300162
0.80363657770398
0.872488012266698
0.737374460159475
0.89268453818586
0.818940926563587
0.724591880102152
0.732341025719182
0.716719484564053
0.841326644724686
0.858007457566687
0.822813494644276
0.854313113831276
0.75303673373455
0.950956435947806
0.64783492311638
0.733784322956642
0.837067315580678
0.723481879238427
0.84099294567492
0.849153913055415
0.747724714681336
0.660743046342383
0.962303027136841
0.973176135053252
0.960701305819548
0.864738597155075
0.771068839614328
0.752614345988736
0.779321327593263
0.901828596977527
0.814529525146351
0.547032438277547
0.422728171520153
0.696791376839852
0.8059772610401
0.925496898696149
0.942002081640906
0.695593050516328
0.803080627682218
0.990756223560935
0.728438245998275
0.805298045539115
0.731132136629833
0.779622823350445
0.569138003477222
0.81884293727263
0.681153049754666
0.733585002267597
0.726597280301883
0.805348821200197
0.78390572014536
0.855327558348018
0.791169956488887
0.74036097654675
0.887816268041947
0.775556786928504
0.8056217670987
0.855409385855816
0.656328741031327
0.885982150859442
0.792156426255477
0.874452976927061
0.895445416980026
0.996921572399862
0.903707149365848
0.974644342944097
0.997685520926097
0.773861999624985
0.997760075065187
0.97617669380238
0.892904950252697
0.607932909530519
0.855430167473639
0.705654421649347
0.77357867415431
0.990350249928777
0.858714251271513
0.863025678737092
0.91684521424091
0.697037236115559
0.930615108131045
0.836782346057871
0.820418434076186
0.816157505819326
0.825145228526136
0.94787887099722
0.93470313631221
0.772140415930184
0.614746694638911
0.650849593899118
0.770070342516919
0.93872467208919
0.931005417127019
0.914117225861489
0.991461305519277
0.843649337010406
0.963166859301231
0.673661586013827
0.699316430611063
0.748281480025761
0.734283400523537
0.927151135101993
0.902759149384839
0.658533017997179
0.631173917065037
0.728871311561063
0.984091905725562
0.836215430311452
0.521388812979891
0.519171246771568
0.620402868981187
0.757558075775975
0.799366184042683
0.721769507784935
0.754016790119495
0.666736600227331
0.772346767311569
0.811568685402442
0.76850570026507
0.758883461731895
0.681376241035994
0.675691582406848
0.688508943946502
0.712929585869545
0.781618248137478
0.802213100749897
0.771236988757522
0.861590408240077
0.78226569575081
0.749163053142605
0.850168874584039
0.83830244853593
0.729794104226073
0.92149440967836
0.689876777630762
0.857180880670692
0.778362533912563
0.756230263681939
0.930558365425764
0.718639163907074
0.993340469009003
0.880971542157637
0.936082750056197
0.951450601069426
0.832277460801857
0.992194562430471
0.892600535028972
0.732720604117827
0.914331134395847
0.965131196290653
0.927411435513877
0.982907144862834
0.998082851557319
0.942812850358202
0.989716155286295
0.530779008378465
0.904916913351181
0.91882144030429
0.810535184508955
0.910893240780724
0.797985440502681
0.770914941700543
0.647772596839312
0.742179300240212
0.684207797002714
0.726002879116626
0.989361701812546
0.939977197650333
0.947469682188227
0.690874818210608
0.730193990616134
0.771122620837057
0.898120779699961
0.873541357481947
0.740938517983423
0.988413097109904
0.896792289119921
0.863043508582802
0.922441639107242
0.758026545759502
0.814817851987936
0.74996978907852
0.66866705748154
0.992317480117024
0.871045794852398
0.847528350032729
0.8553723799381
0.790333006900456
0.777070281737014
0.786663309777949
0.829768257983967
0.788393355977409
0.755694953249683
0.909014476903279
0.624549555726812
0.881076924793887
0.83748022267875
0.767450124321739
0.847364844390405
0.808001592326795
0.784914781653697
0.783330703234377
0.823103512807321
0.763623899277483
0.744729102664835
0.716447791512363
0.838804843756855
0.799562519040512
0.842810792333473
0.963176610138895
0.809363956339649
0.948880292547045
0.874248766281746
0.827943358844364
0.746036543362324
0.838144852863336
0.907254876964946
0.906594012898796
0.854689595002895
0.821045376809704
0.887421961338123
0.771340602226595
0.840013323883663
0.85027606967625
0.869380380778081
0.860995605679877
0.837308232939787
0.846343456562144
0.812523632267465
0.527494908499723
0.537534898035678
0.660416519266845
0.618695240091233
0.816396832360085
0.777079725327161
0.858548265501406
0.935843987888845
0.812249582094668
0.917905105463334
0.944515548758728
0.960726798508421
0.968807528851973
0.95068223822987
0.762384465797606
0.801905937080723
0.787135344243835
0.900222194771124
0.999074508333632
0.796246446959057
0.6265250706953
0.868673059110041
0.955267774657062
0.836002811424834
0.839614697302732
0.665809121335843
0.851240776141547
0.700695583110203
0.781584200349089
0.79871193036956
0.60604529772866
0.683341446101232
0.925269779153421
0.857449425175727
0.936942492242855
0.894661370916982
0.82539525535134
0.855402712804669
0.991935058573852
0.575627153513515
0.702677073862036
0.882260099860165
0.852997647071767
0.784235406492822
0.81536706431931
0.603947297370363
0.831908911317674
0.524514921999426
0.935043500663325
0.982046117645434
0.790972352009493
0.831140929818166
0.997963434174256
0.742745280046749
0.616697019264406
0.974046704368288
0.88922339721459
0.839768711099774
0.772139678358464
0.677435384365659
0.78095495473758
0.999841871503764
0.787089533703561
0.612055741676573
0.84602605613429
0.918838273152299
0.851855288289242
0.900042248585378
0.925127199275338
0.91764088759794
0.861491209334559
0.92014033707593
0.863564827721483
0.78755167540349
0.742967453661211
0.727138059168775
0.844285501768932
0.76117037321285
0.556255415134033
0.986344109644366
0.557533428138266
0.786114393465467
0.762296680028773
0.966843044947359
0.576149753029963
0.779823277257367
0.713176968074022
0.881192751818284
0.752000688037511
0.766089297856558
0.961983352113838
0.926648559079355
0.830786881686827
0.816046914906549
0.822980384261271
0.598030363678029
0.906358041117837
0.67284814833777
0.984555334797415
0.606968317298121
0.985087079015541
0.570781722783142
0.455733589501739
0.791295608552984
0.814897009172549
0.717426407095193
0.621197858944375
0.943212695090341
0.918837384044311
0.767223034370382
0.784723417173378
0.854060851657065
0.806814537665074
0.831692735534768
0.84792878493588
0.661596917171331
0.861161555593949
0.812620183152168
0.957022415203319
0.931599881724226
0.993299040302286
0.796902375675554
0.716219687769527
0.863010120790803
0.719722895924725
0.740237102226379
0.912970650606746
0.988244934742626
0.877196447667159
0.841493480724889
0.729827572742549
0.860363068629141
0.871754315734263
0.716436964465439
0.863692680205242
0.942698563208512
0.764964244136703
0.652600601367329
0.853119079789255
0.771605779224934
0.674213623009964
0.931631639228635
0.809442443362566
0.685618653602015
0.839300787183107
0.961568863047444
0.808319516435304
0.793327542967898
0.699938689334618
0.848507859049428
0.723411571524883
0.724515580996286
0.803638111571684
0.763495544536088
0.872198269894459
0.959048737983089
0.970686851889022
0.799669284457249
0.794724280101709
0.788400938884587
0.814437068695769
0.718178791520588
0.578903873233856
0.834662591623563
0.986449659214515
0.534068159223726
0.496818090791514
0.65941169015936
0.626055693731677
0.643824723675188
0.716501456514256
0.977368461372308
0.933559406156904
0.962241964836456
0.840791317565854
0.850402036931244
0.798602587743268
0.809366151528401
0.85057812544575
0.865046188883761
0.846864228427174
0.866535502750147
0.872998052087788
0.859559992176659
0.830096106822391
0.878405723864838
0.84012841796838
0.829967758954032
0.848644194600568
0.849213494724239
0.859069841236827
0.858766026497526
0.860873476192257
0.861340889273145
0.859911049435636
0.857817638345644
0.859214848506717
0.859626219552035
0.861518704218767
0.850225963201385
0.820855386733282
0.870648409193712
0.854090529094768
0.839871884039977
0.874564786616692
0.928391646628578
0.866089726727796
0.781585801750168
0.86166615150088
0.85564540709637
0.798483729146659
0.642601499438188
0.716647401472505
0.954769356890823
0.853968472157027
0.848538501300213
0.866229123056515
0.862835918891852
0.818393166193368
0.982431504423961
0.810981447234142
0.899630930059838
0.811778303212179
0.895193174969315
0.916261425906265
0.865786798555365
0.789418928812728
0.983851277754787
0.82848189246211
0.740611972690519
0.958163665888756
0.81329838556546
0.988772001875559
0.756864773716151
0.927546711880677
0.90745616553573
0.605668971921757
0.852526054466995
0.834209065214996
0.984404875286002
0.795004949731907
0.674417659510667
0.656977061837236
0.567275240788496
0.734499563124427
0.746394744493166
0.517312337417737
0.801539342790252
0.811583435773691
0.831908182573796
0.814347724376468
0.752655112464469
0.822447962245686
0.855821362540207
0.848519778906639
0.801075058922279
0.736652754871148
0.852036181004424
0.830357981795979
0.832523648746593
0.835023832130011
0.853629509455113
0.831450354766708
0.774413568772023
0.766437873527273
0.997950709290026
0.860216229340481
0.924150697849987
0.858997806231667
0.961970988042159
0.713364432629088
0.897736702682093
0.678694017571856
0.933081731949598
0.882862945424715
0.985317539588758
0.948328097377353
0.830109737870958
0.882459273504466
0.847168584909712
0.901952745994328
0.814424638937651
0.669994634266083
0.738336655475157
0.727410679836865
0.857782300576959
0.716283839492626
0.783385474261441
0.890615688844741
0.958344620644535
0.741518727818645
0.773259651619012
0.873026228136112
0.980121887514078
0.756868671426531
0.96993278688267
0.835126476413481
0.821815517648862
0.596790971699052
0.745370268113824
0.958225056977418
0.94315426779388
0.803779474783721
0.723670143914083
0.737948274968701
0.844249725655323
0.475234842840161
0.640202614868199
0.770573660012429
0.882247401876287
0.984598955172568
0.829435643541999
0.820177474088324
0.840958012783487
0.769890977021664
0.943126295914052
0.912042577060876
0.647571562802074
0.951422257907976
0.898333341122143
0.736195420068173
0.927267125865815
0.922921094292113
0.668475819604794
0.78551087808713
0.858224771414945
0.712777951705909
0.756593572519678
0.788908515967548
0.818126353041581
0.797564211185663
0.801233002202712
0.954210693365434
0.860829267375093
0.872597187566809
0.822963681738876
0.673457414128728
0.940935632168136
0.931893503154692
0.970432883710125
0.418047076676992
0.607619742961947
0.95687833932232
0.938031301840427
0.737929094666103
0.850376616505571
0.896675480733001
0.632032880280963
0.641802653687416
0.984315833774251
0.594052625951199
0.761262340864561
0.999999
0.937362538085542
0.776093539775414
0.736504072400451
0.787269967880792
0.969711757380336
0.847235695431672
0.954024268625929
0.639975724118579
0.809022997304031
0.9591612853959
0.981065096223888
0.610633298496211
0.907060475728143
0.899951797866005
0.9204036248145
0.765164903836193
0.963758314257318
0.996474844805589
0.719120282571715
0.809809890918084
0.7109602288173
0.819895909020871
0.966850937692014
0.799110616718108
0.792098358983033
0.810604264385599
0.830188797451604
0.98943315656067
0.834917202354963
0.917847529080788
0.992307817893121
0.908928390536684
0.631405447567867
0.847903211351582
0.631107928124953
0.97904269916391
0.851023808174896
0.975237634245931
0.877571586519836
0.932395925101684
0.909493706827199
0.907672197325159
0.855368305333841
0.791216992967335
0.821705324049961
0.993063865759143
0.695042380270818
0.827914165631439
0.868451588807944
0.902343334091017
0.749782607639904
0.791480479495605
0.957161196905495
0.811916327728124
0.965769292413071
0.833176032663656
0.869951549485986
0.980658409389178
0.976498918578546
0.46713540971357
0.799942904995386
0.890475398060566
0.719646120308937
0.845542475396162
0.691912551112417
0.817736634931933
0.858301699551283
0.922171637795542
0.76385721754316
0.738008081112077
0.555910428037303
0.853658475555081
0.952829205372369
0.75819323753079
0.952758802118566
0.724097006054342
0.797715915226845
0.849807800061007
0.798183073764183
0.734485730053396
0.733061571848131
0.752289396076895
0.738096696388335
0.736239067997272
0.795185483872492
0.820895567895146
0.834779195926102
0.805121939786687
0.665628830382103
0.790558309380411
0.76733907523174
0.806313248110302
0.926968456340339
0.644745558957052
0.863426541756255
0.459661557569912
0.549036894929206
0.96747610699069
0.822567409070997
0.767196362452211
0.724652383887086
0.737775451441195
0.718983930473724
0.698001031386764
0.898494893405406
0.764339342516493
0.991116656723794
0.6219916564772
0.702422048573272
0.652905317170318
0.833889845257169
0.893205709749564
0.677500139976254
0.836303331682324
0.656441631205847
0.783791569874604
0.708215030646954
0.673788376143318
0.884466482292001
0.990163348735531
0.654585248259686
0.918467589935901
0.768294711414694
0.786299063230795
0.756008453773276
0.844136159071119
0.775585959024633
0.937476570293444
0.917591857985506
0.647331057484146
0.659235638924705
0.822287208088978
0.775841130240174
0.651358973846247
0.872020521141376
0.723584184956279
0.803292040372299
0.871554555040062
0.857296769325562
0.755286678326885
0.874156094378748
0.968421708471321
0.833161211431419
0.776761027985014
0.730604080742549
0.810389724055674
0.879285951257892
0.780249912652728
0.769102329989036
0.822023214422341
0.834145012214744
0.780946000592084
0.829629130813194
0.80605707993765
0.778963585681208
0.67632206754316
0.939901713423866
0.908227168102118
0.987920807557958
0.839734716579175
0.892837749913893
0.769097496721334
0.658572940992929
0.836866422597773
0.964051283576205
0.937244994586385
0.805910785795732
0.794250694821763
0.916844570941839
0.824643902553296
0.838516591660865
0.803100059977268
0.856251783072963
0.827040311194871
0.817815425680628
0.818945283276778
0.801680049652101
0.839192643150182
0.777391588034607
0.81694742050743
0.758725087784294
0.772018823088743
0.832909862518421
0.889001844307387
0.799765485769557
0.771640650890103
0.763436786325916
0.927999154638089
0.839220544074976
0.831124644466421
0.920811957355181
0.832196046338226
0.878190576932326
0.791761375017818
0.957457324591687
0.64563505566995
0.858185652475883
0.854562456676481
0.756105717492745
0.786656281850683
0.867610769082816
0.677199271791011
0.792031938057762
0.769139827351053
0.88299122525558
0.889719067630274
0.83828889786244
0.910571884071438
0.979519986757438
0.942102696513059
0.913346069016236
0.996265557290187
0.803217444646542
0.812090263084087
0.622861452325905
0.896502418688452
0.695322600357967
0.825375043412755
0.51751489330757
0.882081319712793
0.839837928900053
0.798730633902952
0.75103962878207
0.95712550121809
0.584478125297489
0.896196568049696
0.70323399094467
0.832022298378288
0.590142085540204
0.854024505140511
0.956494194402924
0.662152907496577
0.801486605164377
0.813627138187425
0.860431092147127
0.768431854647288
0.735281988760166
0.556131855086863
0.66499182428759
0.919038527158002
0.880229406919732
0.86720135758469
0.849921315864053
0.706296621069553
0.775652268561936
0.800738390154253
0.803260135243419
0.829630736899352
0.914288935022923
0.852233711286626
0.731858286618805
0.679414029877044
0.780044315003787
0.532291469515747
0.790108094440079
0.921261906005183
0.615305246389541
0.999708856892178
0.689588430027442
0.549374217462713
0.85056666490827
0.766588968061531
0.800439739179129
0.779545183055106
0.850665473314128
0.853869302767631
0.918405042458981
0.833739263182841
0.768304661205091
0.979089984910764
0.897272416213966
0.850276232287723
0.994174704138828
0.823088586070444
0.974637430420926
0.837217209991928
0.710611441391725
0.755445624111461
0.80544733813443
0.765349921216379
0.81306480551851
0.853549542408423
0.794432325986077
0.830591374641861
0.818800828783002
0.898460538886287
0.810218897552423
0.911271514537776
0.914819807325974
0.881010826060513
0.87642292291388
0.609818278993416
0.743365061049236
0.965645517121369
0.882501393564304
0.638596532693529
0.675261226767579
0.707750100829067
0.632603145155641
0.938623465040585
0.902430978965819
0.872877477318599
0.865155175032595
0.753088416083227
0.892375490070289
0.848389209023869
0.79561818803996
0.933856686800003
0.704005631895065
0.940144196663078
0.690298718132192
0.817713299218078
0.823130937535981
0.926325608590885
0.82532743043994
0.502803119525288
0.984191512587266
0.989091798971782
0.73421282749895
0.595194022779252
0.972493769622524
0.551762885386362
0.570624031174327
0.532031400587272
0.734926192635367
0.953068142073161
0.912178241236907
0.62091891901617
0.584382483877499
0.938127664945404
0.917548258982426
0.710217226883742
0.551142134127434
0.77888453664495
0.932902007016422
0.964608549114923
0.950539227182233
0.831239770821613
0.874768577250573
0.827431376935198
0.941412668077346
0.855149407605836
0.921573691602834
0.810968630429679
0.910972440661567
0.498896810392426
0.939160910047677
0.848376391815921
0.89887662000499
0.855148104632787
0.955699760292058
0.891484448677188
0.582971919756113
0.853573782803735
0.532462724712107
0.699194104687177
0.831093504845551
0.981291024396678
0.600889836747197
0.979576782048136
0.793446104076647
0.788765620909352
0.930558152923075
0.894911791500644
0.614934192062382
0.905990594064077
0.91873207956631
0.687779210856954
0.885544286330548
0.948098554916961
0.999955605013598
0.959109895829976
0.973072621403933
0.761832059219962
0.761266803906859
0.755218103100737
0.891369494871798
0.878901043276536
0.900661787882058
0.79965004067467
0.826376423507131
0.791081324840186
0.797518650661038
0.845081572601292
0.835502348653648
0.865413168344013
0.903880651811408
0.875005176266823
0.918938193357837
0.95628115256104
0.773633066515866
0.802361434402056
0.893569844499329
0.891687498605295
0.786213505089205
0.964293042081168
0.855096587861036
0.765672798311817
0.535746444802494
0.962391674487996
0.429271551531935
0.905970877920145
0.984596044908779
0.766157584170934
0.833450284609784
0.977997358414278
0.789881435009569
0.867993821547894
0.582865183432765
0.828956607450769
0.831232856450425
0.847639106687879
0.76881521901516
0.819195522725967
0.882305062627445
0.883115170435114
0.808621376978543
0.834788130894735
0.853625924255756
0.861085663801449
0.855044453616958
0.814056959435498
0.837006126130862
0.803867599048347
0.809828639432685
0.973471837551057
0.900759139983873
0.822518649044715
0.826331068968775
0.823211768049979
0.837494841136029
0.788364264525405
0.822299039108248
0.821846635686663
0.84158796491158
0.772006611884217
0.788898601345287
0.776118946878702
0.781262072643608
0.808197326561247
0.804609706607736
0.78417484643207
0.808242505419617
0.779491077458468
0.795531348835775
0.801068009825936
0.783624255879592
0.814654074674199
0.77838206760299
0.786961874528178
0.783998225700516
0.760826680064031
0.685867695308518
0.778649544055483
0.775234954346285
0.807254182772889
0.844329307612731
0.802316942879437
0.813226873524734
0.928748930331188
0.673852649231945
0.702159003837183
0.770984781845744
0.668798667798527
0.748958151039752
0.709046235880493
0.864948106763537
0.820329689316388
0.802690142248154
0.905337854683519
0.804362723693471
0.85959052097348
0.795190187824534
0.900257155896107
0.717503471062787
0.8549359514255
0.798865339941106
0.734092779497977
0.988589319175441
0.879236532929759
0.854522396722268
0.728718953035866
0.741879710205946
0.810484599077634
0.780558443343793
0.759789878339594
0.716955328184334
0.902273481604783
0.977364956812037
0.89924311603074
0.917989651807193
0.914445106349321
0.922948556241802
0.924836726650102
0.908920535853457
0.799402076541483
0.845157013701096
0.953105367747533
0.974903912040134
0.871790381003801
0.869146684580616
0.961692976294121
0.742775869383219
0.793935358631387
0.971806717967013
0.952273894886626
0.52936172179144
0.902658136780511
0.829176956990881
0.692718965600006
0.692842188045662
0.823076086223484
0.912620653712336
0.78461640589977
0.909035381907713
0.725102353880199
0.878725149512607
0.851614359042939
0.986590021493223
0.879214223440273
0.609265229598666
0.728872939506836
0.830007198147282
0.772088364932321
0.914685671191252
0.988441420913907
0.893556458212112
0.80469596200166
0.450034600128333
0.889961196802676
0.985902359987386
0.784620659388297
0.786020123948001
0.826310698744066
0.904015943898088
0.80242925279708
0.576273325116677
0.90242153206908
0.898270393882127
0.898517986386877
0.798011787128814
0.809235931681969
0.845089524834615
0.914813727462857
0.755388018191045
0.79700906777428
0.60145192625243
0.818729532219945
0.740215290232861
0.737553797154463
0.92147012068818
0.861334850576495
0.797061362417615
0.996365060784409
0.735774436023583
0.92377741177917
0.69623555095311
0.786776491451711
0.808749346993362
0.528854560021621
0.941851489629832
0.884089109625763
0.792274003544806
0.686294919124551
0.751233407017037
0.745795706247743
0.534217556095636
0.794412025392344
0.898514009844604
0.678103453874724
0.953498554186028
0.918719849786065
0.955047337072305
0.850360735359635
0.981568751894014
0.827396324540852
0.858187889211195
0.888972215050198
0.883412419700896
0.861723918917831
0.945975325823804
0.855399830914716
0.806321818779326
0.944418954317226
0.87000152721336
0.781349882747189
0.879283613717389
0.659683834546684
0.976386600904293
0.623699250380816
0.800545304860013
0.902264290606465
0.756739444276661
0.682657840635001
0.861849261055179
0.836198932112141
0.714554327969694
0.735830464980521
0.721166352565343
0.631614626796882
0.956506602124906
0.805068591153028
0.708855658688972
0.742066056323767
0.801116841412675
0.758058763845725
0.774611722404818
0.701543045083249
0.788335904292802
0.752337290366361
0.811706068267591
0.720768868864811
0.757437161946028
0.762101243843947
0.844481385633583
0.845099872886365
0.770085889126921
0.563197175236399
0.819727328782559
0.859787769625615
0.845513316681517
0.793367111027301
0.728882789833404
0.788981259654787
0.766653817757572
0.688467650135321
0.710394975072411
0.696892755509893
0.750706841275024
0.818285435555497
0.599168741388545
0.516835291167547
0.547376993374302
0.806186487857982
0.899716868332434
0.949258131693047
0.857539739795647
0.955017102536092
0.764784475200995
0.94381007091911
0.920553844075476
0.946318205588839
0.734007169395027
0.866260131196182
0.858406869407488
0.954701250456696
0.830195168396062
0.562655218298612
0.679169189670626
0.738767652386693
0.541339790111723
0.938231627361332
0.970123422705471
0.951961083831135
0.981446087377777
0.895778925010162
0.93919294213731
0.91631712834231
0.787344840194464
0.938139959513167
0.958384136471369
0.915061863726413
0.963068606227228
0.998216275229663
0.859421458339041
0.931174569731937
0.895188571443747
0.810821095252672
0.943340856855308
0.877503744215201
0.758251264063002
0.944119834735158
0.660031160927901
0.792931322463925
0.76021563865959
0.787853216489703
0.773755798456531
0.804797689268197
0.898182943597969
0.782987554195882
0.966104510128283
0.936684750257534
0.764799173258436
0.77328248837303
0.786107279251924
0.803126076460386
0.854333310756541
0.945877908492801
0.917447870174469
0.683890103337457
0.982457933457396
0.858843923096971
0.978259454156582
0.809347127231161
0.818490019310742
0.88409878435251
0.692825524991576
0.849684584858962
0.83505417133553
0.892849521016148
0.775034202379231
0.654990119571849
0.919582133222352
0.956142020053665
0.839345280744162
0.921112821873414
0.862261553618319
0.496124740025826
0.669971552141965
0.713510753995095
0.79754370468997
0.858653474426681
0.843866115268604
0.826146401181865
0.973429505034458
0.901806020877005
0.85440681011246
0.846526039645585
0.804372277433832
0.693770305363708
0.903282605887751
0.967571693865709
0.971836928230692
0.892060738925231
0.542776392555305
0.8105068281994
0.548436089066977
0.789655817042556
0.766408225350358
0.952784915759921
0.669896383065597
0.845336583918386
0.60609914213646
0.892511175615515
0.889224874569623
0.750420046743763
0.84334572727495
0.701214363772988
0.82794186955175
0.745064407372131
0.789165314385976
0.809776360645221
0.952023309721911
0.671955288155601
0.882190774920107
0.729893309646092
0.778664436963829
0.948851699472825
0.898599500186667
0.683038863413811
0.238378751314982
0.838260513221472
0.944058068781327
0.637388405963183
0.798817513735396
0.948671274442346
0.7990954371757
0.847284793945133
0.747388455523864
0.801909838589401
0.807423961975221
0.776619696895513
0.871142358953584
0.786764667612916
0.880014019610174
0.863182887480118
0.710017227294108
0.803376265162178
0.859978703158333
0.8659723286957
0.637666810733079
0.986751460937864
0.684463480921914
0.758045997294546
0.825809978119056
0.886686434659616
0.738892713305367
0.806405887219486
0.77165988639866
0.681292108080478
0.73052947038014
0.611468303771318
0.786317847470622
0.766492326693617
0.839728026170622
0.960004895844595
0.900164829590831
0.852613259221146
0.978429252933188
0.883550370233916
0.580760983953636
0.812987268426546
0.799617126192503
0.855444480535558
0.955221057406061
0.976116704798408
0.904858958968383
0.917502284357618
0.90484645900349
0.864360569478945
0.790741318685153
0.842428697652489
0.818400463742825
0.72362518150051
0.773975009211016
0.844498638734109
0.762822529656325
0.593821022267323
0.696378733303345
0.736361421651177
0.72967044013127
0.718273552103354
0.722372552765392
0.737238488748142
0.769749629747991
0.878915255418384
0.620164597904646
0.644619931641136
0.95417343625876
0.693496395290915
0.549937825426572
0.618529014306722
0.87111735558792
0.746128257154962
0.681392176702577
0.856088454058354
0.817221507852923
0.772275534298798
0.904964433443015
0.908226463152158
0.764502733859899
0.789895492671109
0.909647718440073
0.8724176195659
0.780447255492326
0.962034827057517
0.971986971751348
0.808878277080709
0.770959080214562
0.973394468726536
0.766763991945043
0.884203827670605
0.942430055220624
0.87306270507726
0.886484454185395
0.934585636207781
0.898005746641765
0.960521297039045
0.58877031768271
0.739196521879125
0.96441610791411
0.84466694349313
0.973293737931685
0.902668400467435
0.739248378281873
0.804847292775165
0.680807317684061
0.920840673965742
0.956406728977838
0.643868899686553
0.782713221889558
0.887861285866308
0.936231384934174
0.95869574070809
0.738588152139857
0.68319840742452
0.80438288727319
0.884511471134728
0.74235352844619
0.830129424346013
0.852182305202726
0.93031494544144
0.698007750101139
0.966828955607978
0.84788141222773
0.951891439280926
0.85227163716491
0.75131451044242
0.81716311471828
0.973837925310041
0.889093904803271
0.861663643217162
0.989262856501923
0.959747822168756
0.960190931127418
0.841321958496745
0.896302297110982
0.844138010755445
0.992743849410569
0.740616712278146
0.789109406434202
0.812374525900244
0.673953592372626
0.788690429088674
0.779042918290744
0.868447691597456
0.971030334199992
0.957763849864568
0.794124001546929
0.928610860355409
0.978482224692581
0.853865029782493
0.78004409774476
0.898798920225313
0.85885900614236
0.819343426699277
0.987349722388366
0.885580557569317
0.740071656589778
0.765017384696027
0.760434197088531
0.808029696759534
0.824924132620902
0.808017731348048
0.812586097527254
0.810988603979071
0.814022032018327
0.811875642735103
0.81644698474706
0.821413724517653
0.822632707584586
0.83867169775685
0.801637914422621
0.802781574110985
0.838227302748653
0.822618194780527
0.790147620172121
0.831017846046779
0.827807401706341
0.836426089877724
0.819125243636472
0.824398881833712
0.802438083318972
0.818332227503333
0.7931589821894
0.802696260606746
0.719917166865252
0.986973312825103
0.825935475533652
0.881930781738034
0.764167485130638
0.692320138004485
0.723018942352738
0.776269758395988
0.863461916892046
0.741448274066648
0.829473266994819
0.864951209232816
0.904189595492259
0.845860420525725
0.830148044461281
0.97180273112742
0.880585611755175
0.856020611381994
0.709215502445975
0.73713873166338
0.771869667734897
0.943232219983859
0.938561078367533
0.878656660142044
0.930071646251814
0.90396054018283
0.949565722626709
0.887096662116416
0.851428397992634
0.907284787030033
0.747041379898383
0.870006461639232
0.697287348636369
0.769221377214576
0.646098282951876
0.840307525211134
0.837857273081338
0.879117630267383
0.921305877833696
0.772959741276249
0.795914480446873
0.587611640361268
0.543417998445641
0.774461180384676
0.668803695613765
0.888833804664366
0.817529899863628
0.958458574678832
0.812296731052033
0.918792015628794
0.857319366805056
0.939450027468955
0.87801737685619
0.775609780284581
0.766234733381049
0.767400313776991
0.765853915522348
0.763453399975234
0.753862417232056
0.755847556733703
0.752640354162244
0.754161082294742
0.752131215133397
0.753843449831927
0.751932678598917
0.752186571280196
0.74840859171742
0.746234716913497
0.831997093117339
0.703404383157036
0.794231808095009
0.825265225248653
0.724364087893418
0.790284406104156
0.793757808375736
0.830205777256475
0.828795776611129
0.839636593670387
0.847839106410175
0.759085792190887
0.83685745287907
0.794112592093733
0.839997183804133
0.849398761219101
0.874631199213139
0.821021479381363
0.778316050695485
0.869788897170455
0.860013802469314
0.978198843532448
0.713314481491837
0.939189517861614
0.79458076812518
0.946938249126355
0.811804809646148
0.941809904583394
0.905954775655847
0.885317566823933
0.882313577703674
0.739492085471992
0.733114546172425
0.915942403715125
0.971417317612048
0.56211632084625
0.602422061722952
0.869817798627089
0.678264635216066
0.780881285817423
0.989409426404005
0.881982031248488
0.831321495122818
0.842411853634926
0.92379811724338
0.770052719117015
0.822176847210099
0.961642789230736
0.852698414539819
0.780202111902619
0.631679504885031
0.766808291849858
0.913858872634023
0.779015426784943
0.833947737523507
0.770889692094671
0.967272412438233
0.847047823112604
0.854401679179963
0.98097642291181
0.858286439174937
0.991701428072765
0.796717966422886
0.966521920650413
0.583032856437754
0.81823484207183
0.865442851826398
0.597716848349734
0.731514971989219
0.745800870215574
0.533246378977408
0.985461775523258
0.841447163695441
0.575424356823261
0.393400988723553
0.938835433342437
0.883342717371011
0.920888673971465
0.971072951011273
0.718970352741377
0.766773835461904
0.826220653502374
0.898985617499396
0.732678570417449
0.682095580551102
0.846236885237429
0.948596759912086
0.827206449483423
0.828121219932379
0.891727972672792
0.813349904145312
0.736298374168923
0.737108347211278
0.719957976247178
0.787721512073091
0.658313116660073
0.796146947130814
0.652050448238546
0.616226401967469
0.661655487016947
0.77737493518498
0.835291635005397
0.961439125628778
0.93002829112728
0.850388793549825
0.759996408788963
0.756946159441102
0.790436440727946
0.818842816339221
0.84126050666472
0.884678842432652
0.796812023388979
0.93476548543154
0.945598345958359
0.88672528730247
0.981041540086154
0.801297472119931
0.874497535274072
0.894390380261222
0.851727532395218
0.755014398396349
0.729209670656991
0.853500862947715
0.835452980140571
0.907786400480837
0.938615361190547
0.871978353226976
0.984509750990538
0.928288296899893
0.826691997794541
0.665764341863195
0.602771215067751
0.877310298745501
0.499708165305414
0.686719176824576
0.62824105182592
0.452564507420449
0.693940480633178
0.736143897674243
0.81536288997292
0.738260819609215
0.79644838703503
0.749710693390144
0.888304860646193
0.790619867100349
0.84396560949709
0.845773386040631
0.813506926751592
0.803134114290607
0.81677657313119
0.822105127086299
0.812838697517356
0.809020223430983
0.781789161915301
0.809498752230957
0.801372961170832
0.789671171946264
0.773609785666316
0.815806032179968
0.80516474848041
0.694384162938669
0.742988091695907
0.77740718064928
0.789960221593587
0.718353328698145
0.733772954125383
0.619817817925269
0.732082651050128
0.706852407570216
0.680650490228073
0.781165622067112
0.822539405909921
0.837731740257074
0.819539753206882
0.833943073214976
0.869413202819063
0.653167195188966
0.969049727514158
0.88242919120444
0.796523650032428
0.679439279973389
0.958751556922328
0.82210029691308
0.775513815335167
0.968784469137792
0.78693909484405
0.919661319096459
0.749941412137551
0.922245004405214
0.986824293606876
0.959365075558026
0.813763542430407
0.812300579982922
0.928308818031104
0.97514903548252
0.704943118633005
0.787125848763286
0.779095834277408
0.556162573065987
0.960247739694418
0.733957685920514
0.842275163021124
0.81886412487501
0.820660231149724
0.862745603512705
0.928103459686327
0.849736191714015
0.869910162871465
0.835192090952149
0.837168036064299
0.878115914122377
0.855242645082213
0.777203756769188
0.802762057897619
0.813872971326556
0.79781027021012
0.8078738374534
0.878718051359993
0.829608163357566
0.868756636368235
0.766562594267986
0.815149785193386
0.816497480822802
0.868958751520102
0.838247480884678
0.941716612914704
0.857798548441082
0.82228819561793
0.85788529905397
0.780626906157063
0.839350043727096
0.834869476500664
0.844961465185692
0.813422476053747
0.907932491945077
0.45769530254115
0.381857310754714
0.733695722183379
0.792374658398397
0.447168853901339
0.660884120614849
0.805237767602368
0.453575251748442
0.793744742277729
0.812174066046095
0.801779689928926
0.887401054988087
0.794048594798525
0.623258634797815
0.733155122009872
0.950346232679616
0.867585078433361
0.956057570957357
0.878655729760811
0.832317046509641
0.932404728886182
0.934566695744152
0.926649550086014
0.921137032677836
0.91115414936119
0.883229088564275
0.855152904280703
0.809434668566333
0.874533197310651
0.876629956324013
0.746401866209591
0.809016189942815
0.544601694790716
0.775902184586581
0.859328093620544
0.541507789319265
0.519731959585901
0.950963952475647
0.630390880009975
0.801480632585754
0.788119204985152
0.881000766314196
0.806769077890214
0.555239718049905
0.908204687459484
0.83342612228373
0.905915156121065
0.805312281249481
0.943062213329709
0.607406716642578
0.894424302800896
0.910965138116311
0.905970378186317
0.89464475236078
0.85402633888506
0.78548347230435
0.845346578907353
0.783358529324151
0.889251692285457
0.780617802417852
0.982262652415215
0.708140824330444
0.78554613155296
0.988984840047235
0.708592146107205
0.89194087252373
0.8294957925484
0.61265104895587
0.753831304189934
0.919581336190779
0.924251152357165
0.654974739794193
0.557773286617044
0.999610174016715
0.950506635574994
0.675329902040066
0.933339840801054
0.962802792891004
0.902937390475709
0.707940217032321
0.982982204022275
0.568198622815156
0.738657068538053
0.785168075410922
0.820370578067992
0.933152048078895
0.646401338241515
0.759836917839189
0.705876266104518
0.923395982629774
0.312281039997
0.745867153157584
0.902106218847099
0.933569517519666
0.848643682327511
0.545934748493256
0.40418420260397
0.821486045884737
0.805638339666804
0.7955636290025
0.844778154836699
0.824896498748447
0.613420177713688
0.993983351147026
0.838677903327388
0.961833156179187
0.827503348401176
0.74521876960676
0.972435490905841
0.946888478116569
0.943258130992261
0.953285254433321
0.745493645763119
0.888936803119156
0.912182707433991
0.893609067614857
0.802490426609327
0.905407798965768
0.683880680251374
0.802719406646975
0.821778645655087
0.888482059075214
0.930621298341153
0.940875697164
0.815451653225089
0.802396094316543
0.861918589908699
0.98689535882425
0.958643539945401
0.946591492680201
0.744209827498199
0.839929512696433
0.75354192266428
0.975672546838476
0.902453404029716
0.960758746742268
0.86569874374545
0.864832440998593
0.977397021544308
0.913827727145535
0.965609328573061
0.87536030478629
0.897714663437038
0.878481567347459
0.923415547630935
0.849496636874486
0.827251111626962
0.771202502642791
0.919676717490333
0.835792650497442
0.872177742458326
0.559071031407319
0.538924082295396
0.82735533850361
0.992748399524685
0.773935588484084
0.706242678502232
0.835974186816519
0.682370554074514
0.714653915423054
0.758278591760095
0.786313463894927
0.796633530054037
0.749730154656937
0.797618483639925
0.834525699494707
0.878381090205361
0.914450141809507
0.900497975042886
0.756136650384204
0.758889376613088
0.733360526053452
0.78169134612463
0.802896955243343
0.867862783678983
0.722878738092407
0.749721839767546
0.922122744466088
0.934864039690535
0.858504953775039
0.855954126309068
0.901879066489797
0.863209088154148
0.752707743169581
0.734692517179726
0.924978478167288
0.896709483983948
0.807774714352793
0.776950827947543
0.977053364199088
0.958485796665828
0.80657248383172
0.833716220276447
0.878888840070263
0.891211367071037
0.919244376503782
0.681074455606763
0.84852733617679
0.96033879153848
0.718994547882964
0.853836430730887
0.688986453249815
0.833951549857062
0.837154137304255
0.961521233749128
0.776481449785381
0.810351812012603
0.785332797102123
0.824263781113948
0.751239703725423
0.727862980770881
0.738026448880134
0.840113338037121
0.656878497964071
0.643006506051395
0.953957491989131
0.916005119246159
0.879661564098626
0.773651586774209
0.905233366878514
0.783388676828285
0.90107072208244
0.846279423676942
0.567389159336248
0.530399995260085
0.980825134818707
0.901492382048443
0.774103642370785
0.913755555430077
0.537797429781527
0.953065648046724
0.522142584346047
0.743740013243383
0.851922251100418
0.87878487381
0.915701213180529
0.790916507592117
0.751050703588863
0.738410364338247
0.718077651736161
0.69543110964619
0.981454727139265
0.890271237032279
0.965010304687257
0.85966822180318
0.669641961653237
0.838210414162532
0.82925951585037
0.914170745336429
0.546382499363118
0.607423897279038
0.608489638476548
0.651213474664238
0.723071794676131
0.89392090782803
0.908077182856483
0.76711582270236
0.732301263374306
0.815308560018446
0.712217080515889
0.705551246342075
0.982379629713457
0.854507183404352
0.794890038265384
0.8131974560139
0.707720393186984
0.789594854490655
0.723655786685871
0.724193815125771
0.868026003557419
0.571959983398304
0.990073310029588
0.914751231660602
0.903818200644118
0.539180046412851
0.744863910054634
0.849078784634719
0.659153634858642
0.857411248102065
0.921222987999224
0.852150459759693
0.861764500319317
0.912879385079999
0.7783758424276
0.880891227737246
0.886575188715506
0.944579287301532
0.967289866299037
0.833507408479326
0.993506373420752
0.802031153761786
0.992764295456105
0.881730913004882
0.88689545879801
0.868381180103407
0.922645827950521
0.639793278952198
0.86863655723302
0.78100221433117
0.740329449795112
0.931620043030867
0.943017143405116
0.839607863368631
0.974467958435641
0.698063932111566
0.745781026753221
0.64852416247831
0.69980434839719
0.948033540067561
0.874197341859009
0.953278059198436
0.872189267496644
0.869525704886862
0.825909186343309
0.809904483369396
0.738939623524033
0.760489710605079
0.869858261982595
0.665250849156795
0.759663170044532
0.69704043418148
0.728238216381184
0.803340397601578
0.841549586111004
0.798915636889132
0.752145441496603
0.753358139185593
0.918049640682384
0.732023917073951
0.687828314439476
0.638650387090514
0.771218970124605
0.731549324642992
0.797324709353601
0.778452322269317
0.800313257719748
0.82727612409287
0.813253078083982
0.981474923604856
0.978721043085245
0.854602414339446
0.865826253787806
0.979198824408638
0.908164033498742
0.831829461370007
0.300272192973956
0.945709187475096
0.958511543937656
0.737657349080496
0.710308743829031
0.671310292792465
0.826503905439517
0.897769620231504
0.937878034084898
0.703701633335396
0.838050363041744
0.848513337002588
0.809567983244909
0.633724641738966
0.853963287582252
0.754056878670162
0.914077621176045
0.932644564570123
0.686010849369321
0.667723970220075
0.550049209589976
0.790374063271985
0.804056091987908
0.707036649665446
0.933954696143705
0.687127555966146
0.857667217747063
0.876406603739068
0.800463639161522
0.709948809730858
0.996387209592452
0.891871995324041
0.855234417175721
0.761653173945227
0.779400084293208
0.864458869751543
0.749331535448934
0.85653042145
0.874315735723476
0.858969583167787
0.793525945148295
0.796458025625712
0.813108269761616
0.831790739166201
0.664081867395497
0.764327313573753
0.666607696392795
0.776935474708987
0.85874270052826
0.861738754807466
0.972894380462104
0.817645837906584
0.963650588124231
0.964549896188061
0.955743649768451
0.869705274199683
0.501406332835391
0.676358393218401
0.903955949031314
0.809872359443804
0.431113660616923
0.89773445605032
0.896978277039955
0.856633378179588
0.815117994976729
0.790246462924332
0.84215222976135
0.866442854523966
0.829692978415664
0.827025328704218
0.78184745586266
0.650666697047385
0.845206183176904
0.962547285551618
0.68935560345141
0.864482797773664
0.857574036463687
0.982638033320053
0.813085671747988
0.981868882901103
0.586693807534659
0.756552132034487
0.746391599447661
0.746300339060074
0.830335733371238
0.844079735818633
0.781640440214035
0.779617742724856
0.7958200329031
0.804569601472496
0.804389085564902
0.820563627608907
0.772094979709658
0.782957875815052
0.778194159360052
0.769963413156381
0.771348316597477
0.767659998322611
0.766119988498457
0.769737988873787
0.767941790194335
0.769220963076771
0.769185556303051
0.767846110326118
0.771368389489974
0.772613358583578
0.774162515559454
0.774821422053883
0.774186290027278
0.773817690333714
0.773934261928669
0.776062121174296
0.774991635367285
0.775201190972529
0.774674889677123
0.774730803033717
0.776193996374273
0.777963062382894
0.773467521314172
0.772387698162655
0.775118974483152
0.774979092374838
0.774671299735772
0.773649896836017
0.776465439817031
0.777863784083767
0.730967139996683
0.708434944548896
0.723064102958332
0.802582599957553
0.869580791560266
0.908159388330629
0.849904692127325
0.869317081297758
0.834342446643049
0.813502552388979
0.823242390878427
0.767906582671551
0.455237485886136
0.847153785148453
0.573082845575787
0.726780030650122
0.970853524302161
0.820235891816426
0.8989569083873
0.990385455312445
0.932652670459011
0.799772023982376
0.854720825885901
0.624714722030747
0.87568626021244
0.925870408660346
0.675130873284203
0.738590612503476
0.756557296663075
0.840644867507417
0.752926313160817
0.910788047973214
0.739669784291829
0.885551953155047
0.915770748284567
0.831554827423202
0.817650488512708
0.868018706511445
0.903322158239533
0.85239461902774
0.917998522293868
0.870118191394442
0.844484814365902
0.876797845447358
0.927678155295895
0.860274248887033
0.991402615942015
0.946916287297263
0.921027085464995
0.525579241169856
0.598603356444246
0.42158144421316
0.860530765602895
0.887270150799547
0.659318153912902
0.98099745343475
0.822226940569392
0.594587915248702
0.579388085759331
0.725742220674871
0.714309382429925
0.728793759618212
0.945978660676187
0.947552970331463
0.838161074890534
0.742561727948602
0.681246245040816
0.74433931150449
0.837095303291639
0.833744170881836
0.907227047434783
0.890252281813269
0.675057705395319
0.760087619600976
0.825759445163222
0.939385061984746
0.777901531177857
0.888592821305235
0.936106800631165
0.835240402219125
0.884093139762915
0.973516212219119
0.668458055676371
0.681755283273439
0.56382725101808
0.752158327147919
0.873069709414165
0.849096290171086
0.599149973723982
0.827086575568161
0.798853898480076
0.840108026764454
0.933677587707847
0.651277794566759
0.710388174979426
0.904735082250404
0.798796512244945
0.824376683171137
0.827319243186922
0.696634357200271
0.908461395930138
0.735816360585566
0.880953339231595
0.782463797599154
0.794030994697824
0.961522444152705
0.692342890029456
0.741811260266082
0.848898223359444
0.930398934027973
0.383623932693979
0.764955319138391
0.810355907647585
0.895856665547458
0.985235066068824
0.901427978606703
0.657529209541465
0.835359560670126
0.872556457356309
0.796502048179181
0.908668720098914
0.972246662919403
0.996872901766974
0.945650664388595
0.663300735498695
0.670085292484597
0.931712000197338
0.883743686948941
0.903139693768561
0.927177417043683
0.715626866158372
0.882824048532914
0.981302389906049
0.859513272026292
0.957000214024199
0.910925030151809
0.889200749204701
0.845433878939812
0.993258109700135
0.98722477912412
0.751627184003657
0.706988609005382
0.826313297641057
0.896490714789179
0.899316008640524
0.901115101163478
0.882472879994508
0.863195548561491
0.827212227151384
0.937928344438207
0.813659122732828
0.764259575588209
0.858189053558162
0.960085357332962
0.857213346697906
0.874685755487429
0.731803134915838
0.929823745728365
0.877364938776523
0.873685111937251
0.867007078999538
0.791201495603534
0.929528321018927
0.994214768846533
0.874441871473924
0.684661299851699
0.783902295307589
0.993152654841602
0.737407537442122
0.980893412908644
0.987095416730264
0.829191628138561
0.975818182794282
0.802107137658654
0.86871659393734
0.838121952933257
0.888008545076514
0.749622282097072
0.710913223677965
0.836631075670523
0.848064843443178
0.858407898523885
0.757090541061826
0.794980065565624
0.862439805732462
0.953414394803192
0.757237052446111
0.878291916018865
0.793970367855754
0.745674480317676
0.673586430311019
0.762795989913081
0.875373439863485
0.793693493218489
0.807687655795533
0.876536106424406
0.726278162989354
0.788467410142827
0.750741587769354
0.715307886540735
0.777646100506138
0.777907575273955
0.813945143328368
0.784416371224914
0.795345274986096
0.795251261536221
0.851257676584294
0.801902313133802
0.822574013432306
0.884756315800809
0.904516518234059
0.898847839347502
0.846025615717684
0.636628931446373
0.974652680413795
0.80458207035419
0.487527381487693
0.396745089790202
0.765354278681467
0.725292415434154
0.677672362620841
0.686687340892325
0.673722593963701
0.669977513430137
0.726885727385042
0.627974448715786
0.658520376308384
0.928203660209784
0.95483750887839
0.988269780924747
0.969969044672628
0.979115894633965
0.978959151816997
0.688626494180262
0.928535731119347
0.696133116602993
0.859284775384003
0.870239294465763
0.756252780023229
0.882485054255916
0.80762285259063
0.849564379145989
0.920780804218002
0.843004041379174
0.997293325371336
0.731904825908686
0.824476219134587
0.884261247230174
0.894762511608269
0.812329092093026
0.841243763777117
0.80279337819216
0.728148630016819
0.837991946065726
0.907722118826365
0.918722947563113
0.831794066844301
0.735319294381795
