0.558542544767261
1.85025758800186
1.96419347762873
1.33551809795099
2.32647497931142
1.70704703014041
1.76557467712093
1.77475072285163
1.7929394405772
1.66877902270025
1.87006766667987
1.83268013993307
1.98677430236689
1.56315201494716
1.69349756865558
1.72970201981115
1.67208281680076
1.749442186303
1.69585164698815
1.79119415322637
1.63780409627355
1.67068038021783
1.59890330775443
1.7260275315442
1.83809696024808
1.69211264017633
1.65022813068852
1.80040277097962
1.49926588967042
1.76379379986687
1.94132296236847
1.65314639395229
1.86635797471388
1.74972370860366
1.83628942781271
1.73657402364906
1.68880417028078
1.53067530162618
1.85749166823175
1.81888054684658
1.62608002526524
1.90454881996507
1.79469880960203
1.81265911841741
1.89749489168299
1.83495551193243
1.85193232481435
1.76851351017406
1.76290245452545
1.88452408996438
1.85344409783099
1.80500877218969
1.86400497177209
1.84315564535811
1.82444911940822
1.84637948471863
1.68849441646966
1.45533450421037
1.59942900933111
1.94239835360856
1.52329242426109
1.91311042335646
1.92516590002889
2.08608926995836
1.84085778849043
2.04478484666016
1.91354000621368
1.64877967869899
1.95565615111776
1.85008313812514
1.95371192950759
1.83043957256601
1.84174919273758
1.65448570989734
1.83081672090784
1.89795344206091
1.64483402362117
1.80845053981586
1.7502918885984
1.67124651702436
1.65571480985675
1.75613539158864
1.7658227394488
1.75262082319157
1.52812166177035
1.5827349974466
2.00029302868081
1.69734508349495
2.01890168922193
1.80615078217851
2.03024531599582
2.01374043888476
1.85113649607902
1.80578455406486
1.82893927448423
1.88580141716683
1.99013444021534
1.97810755145115
1.85751953840217
1.54924389260058
1.65707197902314
1.84914557989075
1.73926560788729
1.79073917651404
1.89714869620377
1.88986769072796
1.70880364017016
1.77547829040457
1.95680049959384
1.93725913550221
1.86371139177416
1.67568537376173
2.02506536009337
1.76873750725397
1.62804341827775
1.81785367274795
1.83693663554695
1.7700948608991
1.84898668660109
1.67576772485298
1.81958838772918
1.78512022698336
1.80152280404302
1.8143818867795
1.66072276729567
1.96474417756505
1.71989781063294
1.76650127542676
1.74010129635153
1.77082967782577
1.843086459503
1.81147404560464
1.74103938542577
1.72778844237655
1.72712993445746
1.70760697165948
1.73472521886446
1.68363605865471
1.70276438100363
1.75846407022476
1.68704172849342
1.70814813887455
1.72385641268143
1.81086469130245
1.85163585187366
1.74866486439193
1.59346718453682
1.83156864292846
1.80662382038364
1.7618517196616
1.72299703646241
1.89264896635624
1.80745656769672
1.80173500447491
1.78456122559665
1.84114686969016
1.84070487502728
1.8589930523682
1.79422826246068
1.74822780358634
1.83105729209689
1.84197552639102
1.843793456207
1.7677856499479
1.83307565768192
1.76358762375145
1.8157444830005
1.77457190274423
1.84478788993002
1.75302675446623
1.82572490242147
1.85802201351579
2.03364219773875
1.70836800256812
2.15661949471098
1.89512858531127
1.7029106684762
1.67437302282743
1.73409693155029
1.75686850596053
1.74762031665942
1.73843393509329
1.80704107319301
1.73912883852433
1.77916132084382
1.79828493759591
1.67852691935846
1.52243969946812
1.73593250099828
1.69924046353166
1.65915900049993
1.63337799147405
1.77752038816139
1.68250655512737
1.74426533408919
1.70131533052965
1.79994922332836
2.00372815885622
1.80852199195146
1.72604486442135
1.72700919445573
1.67754529634297
1.42288095007991
1.71158437436671
1.8025308972249
1.46798471637655
1.74474792299657
1.66608039446388
1.82745989837074
1.78621064597838
1.73964078953804
1.6154934041256
1.87362047337776
1.86588475339872
1.7220018250779
1.54341953691457
1.56514495377887
1.57578647819434
1.6759334961077
2.15423168758218
1.58279312390071
1.66725318347454
1.8637438371179
1.77739718522027
1.76911737361355
1.83783275261425
1.74506550507642
1.61242884599322
1.76273921488178
1.79859641385466
1.92997060352524
1.68421606910275
1.62040319792153
1.70723703185653
1.81983524000147
1.81233268969878
1.75847838884594
1.70231511241018
1.83578701347178
1.93992763256801
1.8190848284187
1.73840869263154
1.51847989888816
1.65444824228549
2.05718573296983
1.35662368680506
1.78528830247686
1.75097568378352
1.77802954867417
1.7546113014448
1.77843800263916
1.77835448528092
1.75593380232991
1.69005661574153
1.87620973344289
1.72464720099054
1.65713274699277
1.57958411310203
1.73134284558757
1.71233957175594
1.79549224094677
1.67270863901444
1.65326537122341
1.54827644592612
1.63238198967338
1.67927505656406
1.66429296658627
1.71344815694718
1.61327364569533
1.94630364071136
1.852590261141
1.79780693782794
1.82022352619951
1.77050165176856
1.77366323984632
1.75586575450022
1.7388079119902
1.75568428979962
1.76520968210755
1.75280094191676
1.77137521798955
1.78537608965555
1.74232255435361
1.790370197523
1.79674217862419
1.77241193760933
1.8038385536123
1.73111371312878
1.75065035303222
1.82040628401138
1.76070731994716
1.67303757570508
1.62183155362706
1.62446572092058
1.74341898127436
2.11908665581503
1.70338469922456
1.70091483969308
1.88415763261349
1.84805206174647
1.94952764803182
1.787531019756
1.89890713793619
2.0315414760282
1.92212956882105
1.84775575085541
1.86211157081011
1.6787625250874
1.94330583868419
1.71847806030351
1.7412163564543
1.85577709173191
1.71406176448042
1.80397562724346
1.67073908487603
1.74646609554541
1.78479650996056
1.70105085810514
1.7551872015685
1.80597606656503
1.78212845787715
1.80751543411453
1.76442995215103
1.78262943447398
1.80965627565098
1.79882412238047
1.79438513234974
1.77597981326606
1.83678251850399
1.80611252424318
1.852244108076
1.79354373932979
1.8217968679494
1.95341084356336
1.58952882195512
1.98662344468269
2.16097135768247
1.89049806953397
1.65307170223635
1.83869136433028
1.65011888201057
1.8341991137833
1.72464864192101
1.90872821338677
1.87587386853834
1.74470093928764
1.80990266916928
1.70500884301889
1.77801788433575
1.69089031793444
1.72554953338336
1.68356217174318
1.74264174531576
1.78613705356859
1.72121451043084
1.69852564808177
1.7359441625342
1.72716294467165
1.71920901331973
1.71177279903864
1.72459470268058
1.70475876289628
1.7156940225985
1.72273147974552
1.72619344477368
1.71597927438778
1.72254150441464
1.72143945436829
1.71309050734308
1.75698925206295
1.76056820795187
1.72026933933576
1.77912144713481
1.74178519561658
1.74398600968928
1.81406192907498
1.84218653690014
1.52388439677897
1.82709937531768
1.87232568844738
1.69105742725907
1.70189673543832
1.86580159564805
2.02603608675175
1.36933847603111
1.89053107456794
1.63221909561076
1.68445330412255
1.94580237457629
1.81890403716981
1.97630563905921
1.75261674048146
1.73881362534744
1.72081899297913
1.80290653001274
1.81553645468442
1.89559062219792
1.8339395439266
1.66749323507788
1.83082508814449
1.85143859978819
1.86456701301392
1.88032604044741
1.9375440239446
2.02299677296924
1.94451435116558
1.88875141839131
1.52061723767913
1.61144482030913
1.76637409590242
1.64645362931513
1.90856998391343
1.72552246866446
1.87296109762785
1.63411791836817
1.59921483255267
1.55710406985636
1.66735129845637
1.73683662190492
1.49869278477623
1.90235674028385
1.82315938755147
1.60580452384993
1.58774106929498
1.47612664581942
1.7777399877174
1.83439438419756
1.78042102106577
1.72116968100413
1.72797551055251
1.73930218569164
1.72713285119727
1.8486924147589
1.70699217685185
1.71634118480545
1.70168393746033
1.62975844754658
1.76213817265112
1.68202811696477
1.60714944704222
1.68924894607192
1.79328964042039
1.90252935018531
1.76980021393052
1.7641631661424
1.73901833139678
1.70776070056405
1.7421838963369
1.75904797600885
1.76183225129248
1.67065944501589
1.89011396352964
1.65739862824506
1.70869821436518
1.79444672896282
1.77944524961666
1.63158791124274
1.55496069076398
1.67456283617967
1.53334513471208
1.7477063652908
1.7379019139903
1.7870180745802
1.88458024543726
1.85916100532838
1.93151422615392
1.73520798586575
1.76158366838577
1.73259957284932
1.70896018193306
1.67599645948142
1.77230087530551
1.81298861301257
1.76287041172205
1.80919568578549
1.74576701559259
1.90240883733683
1.72773394239566
1.62010534409044
1.82122817117544
1.84763744078727
1.76951484331336
1.74355125895101
1.74504395155046
1.86624437792438
1.82016886113183
1.62195257997877
1.89662852925621
1.63249453873423
1.75090776373925
1.79251380943144
1.47923310492876
1.56696146373999
1.71660377004629
1.7970686000031
1.99707243752396
1.76037669099682
1.71334999512379
1.74674561451298
1.62538434522761
1.79177092614862
1.85207604011266
1.81441935899817
1.73270841013348
1.78142044838328
1.79726311835211
1.72349922606611
1.75400789143279
1.65597037342777
1.7658998414905
1.72903449627775
1.74907355024062
1.81687924968051
1.8895207330917
1.7976538340333
1.81272647447008
1.83330328663916
1.82485647576176
1.8247000451524
1.80353600045961
1.79621770080255
1.80179104502212
1.85894734683672
1.78742405863106
1.80197763475218
1.85945035336556
1.80504236522503
1.83448438426171
1.84612347288687
1.8652979294738
1.88513997234699
1.88271633582357
1.9062375715075
1.91770649698047
1.90589214089106
1.87393798319516
1.9156475696558
1.90140699036207
1.88063950009732
1.89253434354621
1.91287293382603
1.89453125907529
1.96032494612127
2.04124528367528
1.82928424082143
1.86386057075928
2.05616610749461
1.77992901780763
1.79969547463006
1.79897488190944
1.79965680653869
1.7886983009282
1.7987363912727
1.78450252302489
1.78230108334578
1.7859334547722
1.79013066897756
1.79984116992119
1.79636942066185
1.7928618459077
1.78891626506506
1.78717949960155
1.79128838875715
1.78954682826012
1.78332735403502
1.77788721578676
1.78407971079809
1.78761383141702
1.79510873608267
1.76243095910438
1.79427165611618
1.88521881594077
1.79021569219221
1.78892276520725
1.81054209113818
1.8183570009988
1.80607079330042
1.79988135452351
1.78770946166188
1.72787374436648
1.64605371155291
1.7729608259731
1.77661856738264
1.81867026714056
1.7046362576463
1.81058654996613
1.79822824697349
1.69084120360437
1.66807846452947
1.82790595424127
1.81816536506163
1.81430603604725
1.79024616425544
1.74162498033111
1.74295684199823
1.81188671227676
1.82237743911395
1.76029950248342
1.72195154960016
1.87722171780963
1.78682951626241
1.73355663348801
1.67973874571881
1.72479172184913
1.74133814261771
1.7136558383998
1.77122488129423
1.73960156330423
1.81049715854943
1.74241729424419
1.74606461846098
1.77981669773051
1.73321689642395
1.8655119444522
1.64644189062623
1.70322713743277
1.75761239171639
1.72851086805237
1.75606264029951
1.7754865937531
1.75440909646322
1.73655310961354
1.77679081260755
1.74809899165224
1.75067521662292
1.75811915899329
1.74141136394634
1.74426870767483
1.72848966003215
1.75424652200482
1.75269356575828
1.75534451024613
1.75373416219648
1.76206630867199
1.76125799097461
1.76209105484505
1.76843831312396
1.75838232176654
1.78067198845838
1.77807601414145
1.76909587498085
1.76703548144912
1.76562024777907
1.78137988900803
1.78007955365397
1.75119001250238
1.77044872673073
1.76099771965848
1.76186871115886
1.76275579670582
1.7598795781473
1.7622973720929
1.75142888226978
1.7300347600977
1.76271036741083
1.80801567948648
1.81713456281705
1.81427131273295
1.83555793467155
1.8249553103491
1.75510113699062
1.66529644658749
1.82189078043518
1.60920860962358
1.76816765918462
1.74123287322439
2.07827104056411
1.92061561274493
1.96333900826237
1.59760542317301
1.75844797770858
1.7567344188398
2.41446261389577
1.82698719831557
1.88911233499011
1.8477217275917
1.77235905122877
1.70557545118786
1.81006900182752
1.7400726555855
1.67193922887317
1.70345985616719
1.94808872725482
1.72395413212669
1.78802061285891
1.90038127064176
1.76195207773644
1.44802328835061
1.477463122666
1.75768508150515
1.77131799853937
1.60342537995812
1.7617054799755
1.62768874860852
1.84022296276264
1.86391452006231
1.66909137534596
1.63984331656264
1.92854354028749
1.58172027061715
1.85665337219171
1.62048885916393
1.74518098301041
1.768452070268
1.69574534942961
1.45660164657385
1.63249915792405
1.96352206886955
1.564148127772
1.77350669605659
1.78030153385507
1.72663681610854
1.72367213685038
1.54158052192071
1.59150925520217
1.79550105587056
1.7584587786665
1.85653286663389
1.77155347943862
1.68331024285242
1.87237664734096
1.67061990998402
2.07978837579332
1.50570935586456
1.64567485083184
1.59920236455169
1.52064348758587
1.99047986487256
1.53015962544808
1.8993953648242
1.80853443422938
1.74358773487536
2.05096954068998
1.6072619233392
1.83147690076066
1.70252370100142
1.91400526820875
1.83131834133786
2.0074806036523
1.57004273921327
1.7885070710796
1.82354035219813
1.83195572029741
1.74711226681095
1.64594714879643
1.69075589365423
1.62811721910222
1.79581960837246
1.72069495332865
1.6569234917504
1.57256218927518
1.81458163220094
1.89152268146758
1.55574813800851
1.75886644364264
1.75724885304337
1.70845410041523
1.80848469914287
1.79022704723764
1.7979489388859
1.71981586346276
1.65426830714377
1.71709289259968
1.783364302984
1.75412717465233
1.80401155453675
1.81503308640005
1.7506242884568
1.71427840999015
1.81719646934121
1.78216736797976
1.80984394392665
1.7303034036924
1.79397287705552
1.68684199799514
1.50307888140345
1.79538555591869
1.62922939559358
1.82057013408691
1.75852014466802
1.66553652311669
1.83699002205563
1.74703669243657
1.75896442963067
1.7598789428981
1.68405703034895
1.71244540130696
1.64912366332783
1.74448396753198
1.69713906510339
1.7482873306429
1.81027379915836
1.6878738317791
1.69641833087371
1.70071459888633
1.75128570010407
1.66131681078541
1.59249013770146
1.66743795802656
1.88474435386116
1.77180120154731
1.79731178474223
1.68314521863067
1.83573700409931
1.75641049657792
1.77655715758474
1.63038106178255
1.86274349911448
1.8512726378128
1.77225465996663
1.76974651576247
1.75375891119837
1.70651145862394
1.96247378553398
2.0270603151724
1.68180695698257
1.92874216810183
1.77989598534041
1.67907655479318
1.8583611797826
1.82386481327138
1.67692705483609
1.74041709971688
1.80502241356768
1.73390972471607
1.7369113773061
1.65938644058063
1.77470243449368
1.79002866609097
2.0858030663135
1.67475467964225
1.65264346550189
1.70059036232038
1.85555215494524
1.79719496221613
1.8043707909281
1.60496305497548
2.11819906461497
1.50540376071983
1.83613366279026
1.70112724893538
1.83959427800093
1.89790761644225
1.75619169847689
1.90430977799609
1.81535899869041
1.65400452472401
1.88129314915412
1.51494333664727
1.80663344249329
1.73347792818845
1.86850469079554
1.71104524106625
1.64707187614097
1.90999835774323
1.90902710464962
1.56821252256714
1.81528730900168
1.75335055567325
1.84802639847528
1.83060627694548
1.77966869713616
1.8035106154028
1.81399984412359
1.7834575699517
1.78570895616692
1.82888631284149
1.85791831100892
1.7711060174545
1.77220582895208
1.79925132392766
1.79518391115903
1.81410860875676
1.83522250526152
1.75345495761934
1.7885350483825
1.7840593033644
1.86041823966538
1.80198108631329
1.75580773215651
1.78957281590616
1.8370628939449
1.83414525864597
1.82538451991028
1.9265505861498
1.69146987097699
1.78101218899834
2.07250670957023
1.84236467203387
2.0560077079401
1.75827794832071
1.93750730135046
2.01228364796533
1.83037598905181
1.78827594197036
1.73417188401255
1.67156526085005
1.79754254336427
1.59558397515848
1.6657051321536
1.65904606719421
1.87966664671755
1.72299996252551
1.70402944049631
1.92346937483716
1.67067235717824
1.6089594793351
1.63585384400652
2.1312120845537
1.74107692473531
1.68099726765056
1.73815559279642
2.07343219937436
1.86824605583458
1.84910932732289
1.97958722794396
1.25086392569297
1.8674817930067
1.77718778660789
1.91873320884829
1.36126631384929
1.966168443707
1.77639479617663
1.69506676845009
1.80077711741248
1.80911854932631
1.79402189034118
1.65915577269566
1.76493075499983
1.92378742005524
1.92436826963887
1.7763701632982
1.84837452119642
1.82058839083462
1.86846517154208
1.78346112191224
1.82946044650639
1.82253791394834
1.92024416884372
1.83879442754232
1.91450208286902
1.89462894316839
1.79753505836774
1.85912775670049
1.82179463916694
1.84358123514471
1.85239959865846
1.82482365350621
1.82525449750452
1.82986361369912
1.78442374557563
1.81108351583811
1.81948548816197
1.82612308467707
1.82535442296899
1.82659970581075
1.82409533539779
1.82394387678856
1.82518995354345
1.82435367564022
1.82105734898638
1.82139752962701
1.83180785659281
1.82417573830475
1.8272625956802
1.81960183048762
1.83046215139646
1.83115231961216
1.83377970301
1.83078866916492
1.81931167811151
1.83680669637656
1.84022438579516
1.83295318356008
1.84242876293998
1.86245444012892
1.80680091617711
1.81958400816456
1.83799369633648
1.86372242494306
1.75771188772517
1.87062714823096
1.89399069887818
1.93245395554513
1.59851854641861
1.64886863748786
1.73966621139383
1.66618911694034
1.82204973382127
1.87959726156599
1.85744215341522
1.83919984337611
1.72183074013429
1.75806149380444
1.53321081073772
1.67195477774448
1.76097597380982
1.75147825548833
1.79639540214844
1.92511457126843
1.66664323978684
2.03112909915996
1.87989820039708
1.88801442340346
1.89250224772724
1.88834281566278
1.91953272958451
1.82918468508432
1.76782980923312
1.73117757542476
1.83308740610138
1.71515722426587
1.8523333390956
1.79383074644567
1.79787607485451
1.85304419904501
1.72138710216513
1.83366290715344
1.92837733448107
1.8890201359052
1.77016072327913
1.93450705517363
1.81623001386074
1.77659169717624
1.82620186501556
1.78169611494949
1.77531116371161
1.84212485764822
1.8871578285282
1.75935917874488
1.72560769521252
1.64816160449666
1.66126880632717
1.76695756689257
1.40223317508339
1.87962226293532
1.61684488485299
1.80719643170635
1.71446134341273
1.70571528364744
1.65198185530038
1.75000445346121
1.68394514511738
1.70166187805879
1.92656896438397
1.69465148909454
1.76930096920938
1.9626976156456
1.75444525695644
1.72557186813457
1.77773425810245
1.7859766247873
1.75174945444288
1.83909517178117
1.78463391984055
1.66103728556153
1.69255615222083
1.82015760919927
1.85902943323947
1.78354058138624
1.67510078395466
1.718470410786
1.74563662003641
1.67657699519461
2.06561676882062
1.83149458939205
1.73568917484246
1.92307587082465
2.09242080197485
1.91508112459662
1.54326123435963
1.71115947045466
1.64690051117408
1.81940770087702
1.74759973187541
1.66548994486827
1.85911480481486
1.82892304702684
1.87726466748635
1.76715206284292
1.7495503170042
1.63118903402635
1.711011033149
1.87040024326895
1.60889026212806
1.65523193017926
1.86202711162359
1.75038452496775
1.8180550074477
1.74568937001531
1.7292129331696
1.68963014269553
1.59024008654513
1.76713383356843
1.77070799394441
2.02552260489183
1.98799246602555
2.02940290635106
1.76523602989606
1.81261049550771
1.76872959298404
1.77384120942522
1.95665002367096
1.8344203511583
1.846695332196
1.80191719224725
1.94509960598921
1.74716621447542
1.66340618151333
1.78319080480342
1.85193514886988
1.72715619485083
1.75109550878066
1.77322584280881
1.72561943980636
1.5643704086094
1.71994823894171
1.67245274405112
1.85081763395434
1.95922060186934
1.69454729341803
2.16429057483479
1.74207164842624
1.77769819105051
1.89281759769134
1.87711408324834
1.75976881120443
1.77571910002489
1.77674112474966
1.84417026858613
1.78061861469375
1.71372254092516
1.92743061481141
2.01184417025065
1.82203118223848
2.11900130128715
2.25402844305785
1.76741340594111
2.14379923171736
2.02497896589381
1.92473182612618
1.73146296158824
1.70917158421611
1.6501394923754
1.78439523515943
1.89110694602652
1.96189474060142
1.70635816246239
1.81543054264766
1.81152658097701
1.81382169811401
1.76810010682996
1.78498758860594
1.69904713189221
1.69315970452348
1.57703488115161
1.74282710552936
1.82237875405903
1.51459721206864
1.81915891384191
1.80029130848034
1.99393899078623
1.87531376722042
1.86304982578442
1.8838621091087
1.8204808076583
1.85928088747822
1.8823999060165
1.84850489216649
1.87037897632331
1.79779344484811
1.78852242607983
1.81063989536876
1.62650379568696
1.7366108782447
1.71959174024031
1.99224651985886
1.71620405975049
1.75815893241613
1.79086088800704
1.7941570813931
1.69892539166844
2.032526527611
1.7354958955911
1.99569710750979
1.57042538648437
1.71525681364963
1.7543434914376
1.65356079493339
1.74813129356273
1.63884913362247
1.890008051901
1.97202045555226
1.2924884196124
1.84398775207904
2.0347012233389
2.04082112852128
1.90232034217491
1.80061681614727
1.94911443983745
1.81158032568923
1.71598946011771
1.69869770838586
1.77101722984503
1.70877073160017
1.72963322325381
1.81237133647747
1.83356804837872
1.82181104769976
1.83954080190151
1.83127447842175
1.78455295792869
1.68271483472338
1.80160359959432
1.74930286193029
1.70427512767957
1.74452076504064
1.70692198680503
1.66133415179133
1.77509476458052
2.09622230685971
1.95790045699937
1.79922768813284
1.74110512569595
1.93371952340389
1.76890128780306
1.81868419979618
1.703498463917
1.85279987426447
1.74024537090879
1.667441613498
1.7674488346993
2.07146887682126
1.69554514840979
1.7236176119219
1.7238005585589
1.79003188755973
1.8434043121623
1.78298151626791
1.74727363880432
1.95741574209729
1.75379876798023
1.75123549823901
1.61822244718159
1.99559694081736
1.7284644184689
1.75727354157884
1.8450208823317
1.84041206756827
1.90015590602432
1.88579319241785
1.77107999154965
1.83397455041061
1.80754761864837
1.85354065051464
1.8104388680974
1.81227303418323
1.82816674184689
1.83516333053063
1.82842012137811
1.81067508777617
1.81185530546044
1.8661702931989
1.76857895266934
1.82693527787015
1.9253725427733
1.62545620526575
1.7615003743445
1.7303270776931
1.67273701095585
1.60228116820733
1.82218715216983
1.79261360835836
1.82282469392088
1.91749817166788
1.85826623019705
1.85242223237148
1.84813603306018
1.79493834845525
1.84371802282957
1.79511760000592
1.78404692080707
1.84407713859204
1.83453970279871
1.79391892024699
1.95105713251971
1.7566680389647
1.8418412442938
1.82156415932975
1.80731237256576
1.76774785462036
1.93188422014547
1.838885962685
1.80629860141033
1.72967035561164
1.84595824583613
1.43487032465282
1.76793451981203
1.84820046049945
2.01212882501071
1.90204511963471
1.96028103228287
1.9210342094844
1.70799541599646
1.65796583462856
1.91746403145302
2.21121405227822
1.7476882665954
1.65813999849074
1.69407510922194
1.79398455710046
1.6118673944945
1.81032456382137
1.68948784207083
1.83215217362829
1.70990495378775
1.67971004181077
1.68185430542957
1.6992664073118
1.72128254816815
1.68431907336769
1.71303335611719
1.70680951508982
1.69157902713548
1.71255968458332
1.70773487770982
1.65087959818282
1.7527269308853
1.76924266541281
1.68102189625699
1.74982185180633
2.0374941207386
1.94162415525867
1.7551681901609
1.77380463605208
1.96300202012368
1.9584792758731
2.03020646338749
2.02208368369474
2.07955845777894
1.9190842676947
1.71288532745769
1.66555934956939
1.97277581089218
1.68035542232545
1.66616270697575
1.6218668581682
1.61594732955512
1.88132912383596
1.63431933360266
1.75745787688934
1.86556996707274
1.7850224217988
1.62385265380526
1.8349074593876
1.50883908602893
1.68371103573033
1.75376189561874
1.84180933589387
1.84257647397455
1.83808321015619
1.62766394594451
1.76951388005144
1.81976706854497
1.81847330670247
1.71508970767611
1.83081190627056
1.68884534112808
1.8134476490947
1.7609952144798
1.79525490600622
1.88723993108524
1.79403481089696
1.74062314996241
1.63481866582905
1.84575643112507
1.7373859155274
1.79194370697068
1.74169032622822
1.78060794851076
1.86762469918345
1.75088247023338
1.71139099839365
1.7059532597685
1.69054822802655
1.8097700111077
1.80248512276743
1.79860089405422
1.71863157651384
1.70251492703921
1.76613578747041
1.80127842446891
1.78230956140565
1.73467307091377
1.89895349102905
1.79196938941291
1.83148494969467
1.81463442998183
1.7986671302996
1.8283629052101
1.78446136337813
1.6883331069122
1.78369146066507
1.83870054291808
1.67884374119803
1.82908891892191
1.76463512796237
1.7067678521972
1.87764060747723
1.74070034930698
1.77399746176025
1.79364988846612
1.8200843932941
1.77961082619945
1.73872813162004
1.77734361180822
1.78635080773646
1.74921531178945
1.75236875872198
1.8037474239475
1.89850418015945
1.88272351879308
1.74558089466217
1.61757182142194
1.78093606225454
1.80019709896297
1.70518370248918
1.76677943074263
1.73587124769949
1.72525586693242
1.59745048902291
1.65826386918088
1.73282974793259
1.67358223313165
1.69460578423247
1.7177002913239
1.7379549806817
1.82060658442786
1.89014407428648
1.72684940485955
1.75722023879614
1.71612303415106
1.57857286458075
1.72232208854965
1.80922197001447
1.74230723358829
1.59369706109581
1.75269745680695
1.81069012025845
1.71684174718705
1.75165310537399
1.74003304691675
1.74386669810991
1.7960491099715
1.72123989930906
1.83623352518626
1.84321889185129
1.68129551992496
1.89482622481462
1.62321896762195
1.79473559283147
1.83354055581894
1.77246835422512
1.71709371023073
1.89249454298905
1.75922333258657
1.62732124432496
1.65938324298482
1.73493079680695
1.91453103984646
1.73563618204609
1.52139771096043
1.82626994193975
1.67935414819909
1.61590225427571
1.8810988692427
1.77795701579039
1.77633380216917
1.79027065658021
1.83398106736668
1.77193508380355
1.75209833815002
1.63148530668474
1.76860822213421
1.67803953774878
1.74158781180359
1.81882410727648
1.67964403744047
1.681683379351
1.71848705870429
1.81294784789454
1.73336095570877
1.81337328005938
1.8339320819543
1.74891431334279
1.68447253300669
1.45606338696784
2.00705636047398
1.61079275941015
1.75242304125038
2.05628443340499
1.79796679085426
1.70878163936681
1.86993133174119
1.768303473464
1.66961643129705
1.93224777714613
1.80734578088256
1.82403994964327
1.83393991677436
1.94287555876036
1.84863366669471
1.72814563454217
1.61345722472956
1.77428283121588
1.84789263984836
1.63170731419783
1.76068582462049
1.81144874978073
1.65471090105616
1.78533246950535
1.64798198796988
1.83064857635794
1.80538423251647
2.0011070782266
1.90178915598194
1.74651652943615
1.5941035369336
1.8312599796062
1.53674285998956
1.7683193365802
1.81182760009799
1.69499890310563
1.81120142899637
1.94953827897012
1.78536184960049
1.89198327319856
1.78948493270037
1.85170826237424
1.74464458171712
1.78957422514191
1.76022484252847
1.77738866916441
1.83799681910665
1.81425801669874
1.86215851654975
1.82873547517472
1.92517549923617
1.81966937531612
1.94029715999633
1.93291685108874
1.81732064496816
1.78599857768178
1.73130700338053
1.98899766675095
1.65893751936178
2.05645847071829
1.75021954469949
1.86927290631383
1.77090101283436
1.79041004848097
1.80077440181848
1.91496106438172
1.6849834889417
1.79580773324801
1.85900319739821
1.79613895364248
1.85829189459675
1.88389356388723
1.97446533045775
1.96699634302855
1.84762017175641
1.83323596892857
1.71028859057692
1.80352022775778
1.78933783719874
1.75656116432437
1.68301623113084
2.0338092991801
1.73253574511552
1.68342987562527
1.79995685080116
1.96494748895627
1.76580483997298
1.91532661467344
1.90124424035551
1.68299578638112
1.39265926304351
1.77944193747678
1.62433889793491
1.82612435463644
1.76075795506803
1.53081714246265
1.82007328147331
1.76154785161821
1.6783958387109
1.51383003481526
1.82314663572503
1.81354573869807
1.80668010390355
1.70491360043302
1.73169642967035
1.79456881596561
1.7481295851053
1.79312632208579
1.71302311994543
1.87260459586959
1.87661225760437
1.6096371250456
1.71409476274013
1.81532067924692
1.73665006837251
1.60947617954685
1.65708291381809
2.01171044696684
1.78827333063206
1.99666034613193
1.7932602128502
1.61547161708243
1.68577297811979
1.60770749760209
1.67388120507196
1.67121408310411
1.66997709317104
1.66161527738031
1.63112081864953
1.63325396427213
1.64829534387763
1.67737875026533
1.69331661653184
1.64767693388868
1.67659282446712
1.67742161590586
1.6868205841997
1.6919085382795
1.6895696502985
1.76400859362257
1.7603811863727
1.90115759930331
1.74680440241717
1.72588262614879
1.79206006839741
1.69861185908448
1.74022946331819
1.86174207576928
1.71147105115488
1.73905410410941
1.70289784399131
1.89502055905878
1.98543530227219
2.10239281344294
1.72900864508216
1.66986094214781
1.7606257885477
1.75090966083424
1.72897401062114
1.78506870890675
1.70844989535375
1.72068071732033
1.85298061284173
1.66188754941755
1.72311582726161
1.74813143698252
1.79093580886591
2.06001981541035
1.74935235984358
1.61205893265687
1.61058939355829
1.74503430172857
1.96475893329129
1.76454006253472
1.85296902476945
1.61171610208258
1.82604317565236
1.66849382354158
2.01789623814093
1.95260527975524
1.91432414638956
1.74821800992049
1.52843707328709
1.60946806830605
1.71935960707446
1.63463470736011
1.54339485200584
1.87822050178432
1.74718390048969
1.71794297147324
1.86576722866766
1.77445418199246
1.75794637887399
1.86202569520098
1.68490136532281
1.74885220039587
1.64002522740728
1.72490514271609
1.70404280346516
1.75039246886721
1.69481254917582
1.75786448258139
1.76122097763423
1.76367996745989
1.78808097864683
1.7481887881289
1.74110965728501
1.81534313187576
1.80777471377236
1.70041617150214
1.88375674893481
1.92301068521112
2.01077154599744
1.85730351614809
1.85719980496537
1.768263975903
1.83607388860579
1.76706813194052
1.81058200049383
1.88528544758026
1.91003397143947
1.82589978835793
1.83705867431619
1.81729750418946
1.84551630671719
1.81173430905843
1.88246303885287
1.84161891102535
1.90874999449361
1.93002250220274
1.86060640613514
1.7346112155468
1.85541304326493
1.75396889827228
1.86115858866548
1.74054871118465
1.65435663250244
1.77588561337239
1.88565626503818
1.76667966327978
1.77132020357748
1.84615773022381
1.80317699364201
1.78311884481383
1.71544133653153
1.58081017671597
1.88328784130511
1.69261727796381
1.88962739853644
1.80964498839823
1.90732482790245
1.80588086105723
1.58933790780826
1.68766764019329
1.55868027633788
1.60134108639656
1.91354485136129
1.64927719578276
1.8564369239465
1.57516434930727
1.83056456536431
1.83903813998814
1.64530976133349
1.91226275332508
1.78282325132917
1.49779888777349
1.87508395136039
1.69979391781835
1.97651343603778
1.72260934751085
1.69220491610682
1.56187910908572
1.95775614176798
1.82274524904811
1.99399973982727
1.75982589491047
1.68230710354119
1.67325384051567
1.75973769699339
1.67709683737734
1.79749972122423
1.60092785141868
1.88815218222614
1.82659800172176
1.7615596278865
1.81743981247113
1.90513136794581
2.04737991529661
1.81681410656493
1.73601154013362
1.57620512804207
1.76784704730173
1.69315063242898
1.67130334862714
1.70350441702356
1.78037934066166
1.80617484310758
1.85469867619148
1.7559685035862
1.86246462785852
1.86597864706771
1.91772099400911
1.79865824914345
2.00500411629069
1.73007723314508
1.77838900111045
1.68846070922623
1.86150439731896
1.85861986583765
1.67889969527819
1.51326492050836
1.71194082325829
1.80311752430356
1.71006278581949
1.73757819311717
1.85198711730991
1.6749997964809
1.79986277445403
1.70148206445655
1.76400810883098
1.73222902569071
1.71660329092219
1.73301604281331
1.73318058920217
1.69679161803813
1.74189392956633
1.72276500727727
1.72524224385162
1.74314891136866
1.72026111753101
1.7265356035265
1.77195289620187
1.95555824319981
1.82317099201116
1.96367949213729
1.75055512645423
1.74884529031109
1.69218872487544
1.64090693515258
1.3670787755779
1.86606939094413
1.72989442423999
1.67617735672243
1.73978407692258
1.67538998997422
1.7333064217381
1.81613530359644
1.75511912570555
1.72266800896416
1.7364732716372
1.7322342119632
1.84303677308129
1.71553780312889
1.75963120885375
1.68744082120121
1.84501088023453
1.79807258863652
1.65244899195778
1.70620624596677
1.61034772190694
1.8491376285403
1.77335549317825
1.7865112699734
1.86941076601175
2.04768492186944
1.90924330459191
1.94222411292778
1.73234329303452
1.85486294906101
1.78260104837521
1.84987153011129
1.79726650977712
1.93873445987542
1.96935518105236
1.6846407251478
1.82894729284743
1.69081115013279
1.77234967595366
1.84323122328117
1.86282583781977
1.89116733264764
1.90941033626402
1.83642257028873
1.87042052621379
2.10724766073875
1.77308812943597
1.70333637821751
1.65313526985447
1.92284352553101
1.64395941687406
1.83745417549098
1.41631381660525
1.5783762233466
1.84788418282251
1.7719172108073
1.72207690493726
1.96285051289382
1.69845094719642
1.85069219848707
2.13367546465867
1.80537600306758
1.92503388892554
1.81822095186209
1.75414457699926
1.67053803988642
1.89170075788666
1.85649820353072
1.99472231356964
1.93485402395829
1.94402147628981
1.8796689184259
1.89136377837732
1.91326430079047
1.91033549634976
1.8973729905781
1.86752166263326
1.84274159639319
1.85227391594481
1.8893796555553
1.94587842905771
1.97469689444122
2.0471800393583
1.95893954070247
2.09293811847807
2.14168395226365
2.04147137669569
1.59989274965971
1.98757474551466
1.78530906892825
1.95401217365201
1.83163154792799
1.85755286402654
1.68582841075827
1.96585473229813
1.77564372569756
1.9192742222482
1.84000627456396
1.89918986346578
1.83601389579721
2.09601729486755
1.75614840523152
1.83130476552365
1.83507208745247
1.78847585046139
1.6914357916097
1.80561152423318
1.80547924914761
1.88501736203976
1.64669243958678
1.95139554332779
1.69844028496763
1.8263551329404
1.64109640149588
1.84116174975435
1.70985072785152
1.89886020770741
1.75871578053944
1.86619872744073
1.77239139658291
1.59587538491073
1.91184589704971
1.65237656802858
1.80241017019893
1.72925861954748
1.72485021662438
1.93257860340133
1.62341324086578
1.95345312864259
1.83308457032842
1.73346562179439
1.79055013388025
1.79912947791974
1.79813883200737
1.73344249997729
1.78646991762939
1.74407139690529
1.70490074613644
1.68996779312963
1.65556056174279
1.71042129094743
1.90141667521398
1.86562072618241
1.76083765309503
1.7564282743559
2.02665878776144
1.63561356549356
1.8092639737973
1.76229622980481
1.68589994866186
1.75493928001181
1.55248101622601
1.89492181191499
1.76789216688704
1.80054842897257
1.68519109418822
1.75693811090798
1.56733878468827
1.90798866145117
1.66901278013505
1.74298840263945
2.15894769177268
1.76949368209436
1.77817287325835
1.72272196594166
1.74888923781948
1.78697053815762
1.88551030956229
1.63950809606978
1.61193050041797
1.97978894137477
1.74821651126768
1.99014863566641
1.97948609469344
1.74394148875664
1.84742972809413
1.91640803989254
2.0997417746128
2.02557792727135
1.62935619746048
1.70519197853731
1.83273805646719
1.67444496124487
1.514634738946
1.6034265412738
1.94435185439034
1.81222211260628
1.67158249754911
1.97314806435004
1.73618437586438
1.74694375542744
1.95584648019855
1.84409709632487
1.83795067574908
1.67798278365416
2.09026863149926
1.7752814777257
1.89127582969711
2.03502869271603
1.4955007817557
1.59647995604453
1.7390961082912
1.83523042641172
1.81412044808317
1.73250978826246
1.71225915253524
1.77741412717097
1.66258754041494
1.72705664912643
1.78292589655142
1.67756445905628
1.72609381914771
1.84887159969686
1.63354704455081
2.06218845069627
1.89793691998526
1.79395923169448
1.79940585868839
1.81858701087959
1.65786095488535
1.681177019705
1.81876139332362
1.83924126278099
1.85746224428722
1.82256026003675
1.84714102996157
1.9632344556717
1.82411271375474
1.81068769053039
1.86695101580268
1.72084903316663
1.83667414685154
1.80743398734638
1.74062710402541
1.6524730165922
1.7606752804646
1.75813047618423
1.88928012128057
1.73209121744213
1.75701211518917
1.822217375743
1.84033802078556
1.76051048896436
1.73737761024029
1.73168739268706
1.72623352288847
1.70359335705194
1.7625404188621
1.77230239992768
1.71695386911637
1.74505499125412
1.85405484688039
1.85760592344422
1.71482802398116
1.80040419035687
1.80358708303189
1.85432922305302
1.95110499570187
1.75887849715604
1.79359121658214
1.82096165755715
1.76019078504357
1.78454981935945
1.71777524972372
1.94000338676553
1.96247075467934
1.8966100046616
1.56530247841699
1.77734769079475
1.48467262196826
1.78101609586364
1.75380270244727
1.85355056031565
1.78171169757582
1.80106320546198
1.76403114381372
1.78684639927563
1.77515388451544
1.70875939397228
1.73976375296664
1.77446857685445
1.84771892153693
1.78575004312287
1.66603992832896
1.73256451763754
1.69940190180642
1.81257610753765
1.9260314087146
1.78652041572617
1.96955500954414
2.10032922969153
2.28643836097673
1.98471529978844
1.91545075439165
1.92923515793972
1.82018038118694
1.70436655120119
1.81972462380579
1.85316877517971
1.82866603706666
1.79402023032129
1.72201532848258
1.85856306602282
1.71299543148135
1.81860795040269
1.75356002855309
1.69396061192208
1.73292726570132
1.80297994472282
1.79788299109795
1.73417556964065
1.66481662682925
1.79485069233574
1.83894624183159
1.88601012239578
1.90309863615799
1.85067750228678
1.70568340558299
1.76359969559675
1.91724691301429
1.70348171682321
1.69777605749288
1.65916202788603
1.33610656158984
1.99098418566493
1.80942959303977
1.69709862451927
1.77204460617866
1.77107665504505
1.7936272271603
1.82234880562835
1.69577716211512
1.6599870543123
1.7235936994238
1.78501258592435
1.76610540128263
1.75337496541814
1.76321436062424
1.77537503839947
1.7389591039799
1.69517937126424
1.7301503499993
1.78040054336115
1.74256503631257
1.76335214113158
1.74233677001777
1.76992737125156
1.73333494146403
1.78218048445317
1.79362765133224
1.78943312280702
1.7850760715204
1.7848213641735
1.79213594407772
1.78830441046273
1.7893807221012
1.78806694043863
1.78759806975068
1.78956570660246
1.78801916928456
1.78888500092295
1.78567558881295
1.77390916429571
1.78379462534216
1.79157385862062
1.82605598161743
1.80381107015559
1.7716662026411
1.81762001850589
1.84307465382069
1.76276557098883
1.77257781996189
1.76934652988467
1.80454061687936
1.83315875402548
1.91754523162389
1.91907600592456
1.57573157579227
1.86253788951341
1.97534771428292
1.72130617934586
1.74050566189095
1.72202038470175
1.56107326114181
1.83801623426323
1.98741518803391
1.93294023816397
1.80349180917676
1.75633173536058
1.71288425055408
1.84997703223677
1.67382890469364
1.75564437978243
1.81999161822456
1.73230257183654
1.71667276399252
1.76331569201653
1.83561377528678
1.89139441181522
1.61022084084651
1.7797789681925
1.8683555297813
1.67707398567798
2.05277608144552
1.66206846772354
1.82057854203286
1.66889981006548
1.82102242494448
1.90504752823428
1.86838295998965
1.81968660963991
1.93436611198257
2.0637269527527
1.55565869225538
1.61580729429836
1.99216143355856
1.69564683658937
1.68126399608878
1.73605502459324
1.76920855469444
1.77597400967737
1.71509195114381
1.66648508952585
1.80842616014901
1.93298162371993
2.02387802103131
1.80134793557487
1.66756037031901
1.65352559223031
1.73852332956292
2.01507901822936
1.91612307706597
1.73903722501368
1.84624837234424
1.6932160104939
1.7399341799623
1.7636972856166
1.77647023170592
1.62443560868697
1.95664248419758
1.32096882189819
1.77567802144283
1.71471225899715
1.50012986312671
1.72145482384761
1.86033439790266
1.75414224068786
1.42860092813215
1.77088260136909
1.7648018196132
1.79969103794898
1.66425667953812
1.67277632260429
1.79229031785478
1.91809873755306
1.81574443522252
1.88766763722901
1.89806431455062
1.83601655276384
1.76582159011733
1.76854325080258
1.78902086869817
1.80139002658505
1.82642950604355
1.85161535385056
1.70215069637258
1.80151307041718
1.74389886704817
1.71335008835584
1.39962567125075
1.93299818483258
1.97837848202677
2.07509298176118
1.6185864231682
1.64631000954113
1.98207955642972
2.02166628481116
1.94043521742929
1.87528308598156
2.1628816318585
2.13747969388131
2.12302853017696
2.0509851543583
1.48950479022672
1.67828166448447
1.49306587914177
1.78776059155349
1.74928342570092
2.02987183638823
1.81766180718225
1.89720258558381
1.75489211322129
1.67617740128452
1.8102140445171
1.69272576519505
1.70287199349538
1.73954309236803
1.72580602194526
1.70336844810199
1.71248866037073
1.65295893443988
1.70935788989303
1.65258227324352
1.77765357091626
1.72893357557999
1.82321976363606
1.77302303629596
1.88128945163408
1.88783513056844
1.8520340151371
1.79212491859701
1.8344035064043
1.85799864637942
1.9090501092991
1.89079360660863
2.14956856149493
2.0139168443737
1.69328755395127
1.73890550596154
1.797908839591
1.83470026083906
1.61672046639274
1.68889947583085
1.95742881361023
2.02789757542004
1.77979259069171
1.75507112381566
1.82433035321791
1.82772988715035
1.86952496471302
1.87891478082984
2.01798564006227
1.76488963422528
1.83927091287973
1.87331649993923
1.86430985410557
1.7954985689896
1.83260157484639
1.77474932252897
1.78644577423173
1.98539034883769
1.69206867447226
1.68465920601656
1.87171972449633
1.69453089029671
2.07011911250548
2.11400205319213
2.14015731205515
2.0738209095174
1.99330584585605
1.99657109016573
1.70572087576089
1.85317897893474
1.93457321499422
1.90249281471354
1.75736301177908
2.11535169767097
1.94389975941602
1.84135774627272
1.77266220715841
2.22819614353434
1.51649470586455
1.90688213903763
1.61088424995298
1.59335179513799
1.86605982127279
1.92538636200034
1.57860522405952
1.82001063844343
1.80509291488543
1.88747635908684
1.79559468915173
1.83683954406785
1.79051313515553
1.71875242873535
1.85641701937533
1.85829582462078
1.87988240694584
1.87017744723588
1.93801334050049
1.82351955811888
1.71906997653512
1.81787743133522
1.69147552708516
1.83725772405702
1.73290002649752
1.6867075962495
1.72614503973727
1.67347966581457
1.67271636449732
1.66913311932032
1.84052001637063
1.81421473701498
1.8779352357464
1.91602660704571
1.85422544430876
1.84750662194712
1.8511579489236
1.84265818331407
1.87981312708137
1.85099459662003
1.88122003071864
1.85550605442928
1.94597222731715
1.9214531073824
1.93369961136581
2.04003894641309
2.10754855081183
1.81060268223727
1.76070654637855
1.79501723643549
1.75603359507784
1.80511169950343
1.80054259724332
1.81010738417099
1.75587835278452
1.85747337025719
1.72882237639472
1.83029986713128
1.84470603945236
1.89730481393687
1.94042967261578
1.82884423888734
1.62146142174895
1.82650080145977
2.02654015502582
1.91979812329153
1.81252619956194
1.65839855084039
1.65457899978327
1.7308046057903
1.61493430387286
1.6902304499341
1.6770347067365
1.71319159621855
1.82880109972422
1.77850822577395
1.84183017186115
1.83314085961492
1.88013080116933
1.73805401506502
1.72099996440613
1.76688997613708
1.77197264359285
1.71901297087645
1.93760354451353
1.96950831427941
2.00461411389712
1.81006521416641
1.65579612073386
1.67831690474799
1.77181521464093
1.79869779776785
1.94320656753664
2.06961454106451
1.74800045105811
1.72961065899521
1.73891744220004
1.95922337786754
1.74828303227748
1.81687975105103
1.81181603499186
1.79476100671216
1.68155470712053
1.72446478383006
1.83208775944478
1.72271232397602
1.74965010981545
1.89147391050248
1.71741899288544
1.77144228417695
1.79344778623023
1.6861609189434
1.76993529921179
1.7773358050774
1.85209664978223
1.84551118836567
1.85003595299602
1.83429484264215
1.83250240376812
1.73973598217427
1.90154443506515
1.99007488704793
1.97992559447147
1.74035758846334
2.05246879909014
2.0828972132645
1.81641417923811
1.67611110684134
1.8495571470089
1.77603323057381
1.8618360147608
1.64506069436577
1.78812606451297
1.66424240054078
1.93793489249675
1.60641659038983
1.73937052571702
1.84220228850376
1.74644798565283
1.71207101318951
1.69053471040672
1.71850988325413
1.71767891821627
1.72248877000293
1.71323339829966
1.71945917345845
1.74016619745201
1.71901626899043
1.84344097291198
1.7932191001137
1.83033394155498
1.78105651777151
1.75879389923146
1.76406781455667
1.76061957620553
1.74815153626865
1.77838832460264
1.84279897461085
1.6488046045205
1.77033586942149
1.89032069670555
1.8287956129279
1.84998621396551
1.73901503970259
1.77948831429358
1.62055772619342
2.17381880328431
1.8580501889196
1.71439027226438
1.63923429884855
1.72657935194453
1.92110940360248
1.61908587557839
1.93373991682736
1.69676564042156
1.53559818896871
1.56412653295814
1.74488706940752
1.77745100778746
1.63508305744678
1.63351405452864
1.76610907928326
1.78491182968905
1.90246819545948
1.68004049938093
2.035850746834
1.64857452633348
1.86179410397355
1.92810012020311
1.44345455025122
1.34544232243101
2.15174370965462
1.65472127596775
2.29496775926731
1.81727287167066
1.7645101823621
1.76681817593555
1.76590699526706
1.8958541323836
1.90078443078594
1.82680874939807
1.73234832672716
1.92528300175845
1.70442076831984
1.7795268060935
1.75786067050042
1.78240549167519
1.74336151840596
1.78900612867163
1.70830173991516
1.66556153547347
1.6724029577829
1.88907722347195
1.73897443048489
1.86189625604255
1.76432826343427
1.52932907013476
1.8216244614332
1.92566601121533
1.88225875711033
1.8626347962013
1.78997794828557
1.68099044956408
1.63569721865028
1.72448614417315
1.51071230218516
1.6426708067091
1.7284770785612
1.99826442115125
1.93015475204962
1.6644213102263
1.88323925140624
1.81395728011048
1.97758062535057
1.78025653973669
1.6728706246607
1.86501031331365
1.85009513102168
1.71658331535935
1.90297189610283
1.78777611068108
1.85670023022014
1.84606582520838
1.74180818386874
1.80147133676425
2.05199529806526
1.92751653786183
1.65566364614718
1.76336609114898
1.78339194738779
1.79194429981281
1.56767395007514
1.98446938795603
1.82844782469075
1.6424164269423
1.76709439108832
1.77393523057367
1.83743023027548
1.7364585663018
1.67869549860969
1.74441290359473
1.71488762448745
1.88843288553073
1.64411837247913
1.75691192070815
1.74021812260647
1.74035032832963
1.97862877124668
1.63491314137508
1.89084488980404
1.75124143888534
1.73810557562925
1.71643370661476
1.65041978823744
1.71625301379012
1.66115595279723
1.72966239073416
1.6783871769869
1.68423369158228
1.70725217217233
1.73024036880034
1.70510495752155
1.69596592951037
1.6754471999707
1.73029346377873
1.76608859941705
1.77422564828358
1.87518206099151
2.00394378023575
1.61972037013181
1.997179569748
1.72829986554388
1.7754117534446
1.77650936797651
1.76465940835232
1.79878397919425
1.77734191493164
1.73578200447622
1.84361336766394
1.74662960277364
1.7650150106151
1.73588503373495
1.82522453219433
1.80391272108031
1.8612722999984
1.89253588286636
1.92071398175249
1.9243850138364
1.8970556974021
1.94516877880646
1.86538244547481
1.67151439599139
1.760606523514
1.63227529462071
1.71419345845115
2.01770430988708
2.02840043325783
1.93595306510337
1.71342765404418
1.75056445389393
1.7642885309838
1.97755063927891
1.75315539317476
1.79392269348395
1.82281671863586
1.60932146474966
1.90037374974602
1.6029798699473
1.83763996036795
1.95356327197358
1.91781950132472
1.85983419584193
1.89535044160059
1.85555144750114
1.80990193178257
1.60444300576359
1.77465670164201
1.75526528266162
1.82594888295568
1.66611843860808
1.77429039472836
1.65975452891793
1.75639657697355
1.62489209464894
1.61042374524855
1.70032502470313
1.6235081284623
1.50265402661098
1.83767486658226
1.66577543700061
1.82048037068621
2.0268456328755
1.8822549798234
1.94106743440446
1.84933476536992
1.71248614095519
1.89638617999477
1.77825415886783
1.75387781323663
1.68382633725908
1.85671593728643
1.602628577853
1.74047068412205
1.75030347896191
1.82657350221979
1.82146094916561
1.65507948344841
1.74252234179123
1.80267455534438
1.68104739739143
1.64998323265317
1.73306340715085
1.63932364422518
1.74062347136504
1.97144287670529
1.68287190132
1.72128311425998
1.78394713738565
1.72208020002825
1.72090671660423
1.72630992158239
1.71942420393772
1.72296496127934
1.72520099239381
1.72590273614186
1.72433406932083
1.72897501904696
1.7275555082116
1.72672223489077
1.72862806642831
1.72927716059771
1.72758805034552
1.72851911421128
1.72768510692365
1.72861256147649
1.72813419123377
1.7308758829055
1.73055540106621
1.73472799220763
1.73232502779666
1.73588892702704
1.7317830357323
1.73220894773102
1.73504840976253
1.74032553153602
1.72950600160864
1.7298419208785
1.7245161059469
1.72117672091295
1.70988440620818
1.75192839188702
1.71507329781481
1.73861903934483
1.66604106216293
1.84195582645525
1.63714213552983
1.6944666725781
1.70332388803149
1.67184902527239
1.46505455034718
2.05045994499341
1.73256403718122
1.86506684709644
1.67075455213531
1.83940337670321
1.68342921309303
1.76754851924555
1.8592456003432
1.78619410077568
1.85801626002189
1.81353549814055
1.68033845714737
1.77780109132283
1.76324900303371
1.81132678883498
1.85381848435218
1.81681283932659
1.86096614457624
1.75553542919096
1.72337079054155
1.85985464662852
1.65102670725013
1.63915497787955
1.92892049971127
2.20258412649585
1.73782242413594
1.8687875682008
1.75506187572279
1.69925769521453
1.85614928456723
1.83515823254985
1.68064146946062
1.73781891820638
1.72924999624184
1.72932852955852
1.81230740575597
1.69736488781782
1.75237080578904
1.83542440264442
1.74125400185034
1.75405602615025
1.79276538132766
1.78718819133251
1.72448373487486
1.8366890268505
1.70293220715903
1.57150958496555
1.8415727766266
1.69300937542553
1.62947672855842
1.66521163327338
1.6466331123267
1.74070801332838
1.84355337064346
1.80818490137355
1.73192548193649
1.68834489849511
1.65205994841853
1.72509825920259
1.87124683599144
1.83627238390353
1.70546385554956
1.72684560393064
1.51617242242668
1.78146313078728
1.76639909740797
1.94767510969586
1.95869246048465
1.67968617801929
1.72434264284551
1.7554975538982
1.81689980278647
1.56361656010445
1.90774344432497
1.74765277800975
1.75722614909638
1.68722508077807
1.88925091889849
1.98858838292505
2.00877608785474
1.99464312397879
1.69923313172351
1.82530692235884
1.64836488584284
1.54979667021701
1.74260813845841
1.87353519500432
1.80490638206147
1.90854577936805
1.59778340631269
1.91992440271151
1.71207062376798
1.70198490514527
1.72300958974151
2.01784690659308
1.70563371867879
1.80885740472882
1.9425027578225
1.84006258586189
1.86275172423953
1.98062696763905
1.87042609357835
1.5680044072464
1.99918373587773
1.79418434953257
1.75351956549066
1.69742207433746
1.84714445969265
1.82928981926573
1.68865675395806
1.6722555452099
1.58082018164254
1.70060039386377
1.65382747440988
1.73866426562409
1.65290348905988
1.64832796867084
1.74727343933806
1.78326532200821
1.77655659395938
1.62119009466328
1.74171093209759
1.68110259581474
1.70235979231153
1.62832780053766
1.84469266866231
1.77718820265603
1.79738124135506
1.929518003166
1.72429707787294
1.88994519767446
1.66030144680268
1.77002580812355
2.10300731770781
2.08240166105491
1.28454768454914
1.78041198944626
1.67230452465708
1.37784415760305
1.88426596545161
1.93634778861364
1.77317058269315
1.87048896166655
1.6463126117904
1.763442287105
1.86559613823431
1.97538484553839
1.82729834910803
1.73205717293875
1.65750163295625
1.83526738032719
1.75691976727137
1.79264409137845
1.9584723106922
1.81869510111047
1.8998501110626
1.6870176271583
1.69635044505521
1.66728672154361
1.72927628161724
1.71887947874021
1.72084793316178
1.72318854384157
1.70497808689585
1.68379407223861
1.66942161089435
1.6879467657815
1.67018885936383
1.69541819939622
1.69903123843414
1.69220609893121
1.73073518143401
1.75534652339621
1.77722687533227
1.69540000136334
1.71454893663444
1.69587457220749
1.66037185691404
1.86882135471784
1.79555721680757
1.88819505205073
1.95561914250801
1.79342470140173
1.84714148740211
1.76280438292129
1.83527580627173
1.80374058824522
1.71059534431009
1.74059718743858
1.62903924132993
1.7142162047839
1.7444921706387
1.89509514805382
1.61727375087358
1.660739614103
1.5903058608556
1.87787449533796
2.14023283375309
1.86791696852621
1.7947479463059
1.71609969128166
1.64692464873443
1.98568294246583
1.88321525096332
1.63372342492329
1.81829596923089
1.69259891088216
1.7755453227675
1.75349860296087
1.8393385855763
1.84479180534925
1.78783180977297
1.88931820511118
1.80104467132295
1.88189328584328
1.80948263531224
1.85480092191241
1.764149392864
1.80282374450099
1.81422990252003
1.74167182791372
1.7803240149183
1.86551038560556
1.69821197338959
1.92811256889304
1.79681537785346
1.70247202214173
1.8742906457972
1.92559556331988
1.86881611447175
1.96216611693543
1.95902595358206
1.79663951632227
1.54023322546844
1.86060939262934
1.59486208244135
1.84717952446474
1.85763634240627
1.69382574468338
1.82867917564481
1.64233089614907
1.90420200205808
1.81595862313134
1.68863293087029
1.94147440675675
1.88634846499878
1.98359928896681
1.99469014365761
1.78977635237753
1.53092185160756
1.76520157439258
1.71612099952464
1.77962577041722
1.7209206346709
1.70973796371669
1.72369233039318
1.88580842031519
1.71843394614397
1.84082424798847
1.82471979288673
1.62691717793425
1.90745110220542
1.80852034168693
1.74893094146893
1.77556550311634
1.79433028714304
1.67314701825269
1.78702043501673
1.74347254739494
1.74465410891192
1.79898540333614
1.82639910234422
1.78038918091357
1.88907296410507
1.79131921071605
1.83265227694509
1.86136161388904
1.79756780886871
1.80130939635132
1.77913855518872
1.74769094944493
1.77252023802488
1.82045697054414
1.91691477742526
1.73522510923402
1.87911864593656
1.80049204466948
1.74281509340932
1.74169684409278
1.71311733455001
1.78140554601654
1.77129267436578
1.75364477842839
1.76849686845116
1.7730184432908
1.72953228304179
1.70706660182642
1.60017866620384
1.68229390279953
1.76498715919523
1.90043590159056
1.67712889332751
1.96366178693736
1.99084016201017
1.71634261754533
1.91309417149313
1.61249527137596
1.79842941184779
1.8555881492721
1.64925400313647
1.81908445226634
1.72562116990488
1.78370264960533
1.75255892905501
1.83156558812832
1.85154031136524
1.86619261258543
1.87061781694446
1.83134941826544
1.86917694305941
1.86963276434599
1.80749694966246
1.82939359977338
1.86104162018371
1.83107377863849
1.84039177379999
1.85276505137209
1.81160827199479
1.81710841117299
1.83712979875386
1.84740978951722
1.84052207746566
1.85981407027295
1.85521072131809
1.83855380431811
1.83929784129029
1.83658888763991
1.84324852568084
1.8443972811364
1.84634591525452
1.84461129904501
1.8538706589481
1.84432074454227
1.85384859698007
1.86456381138152
1.87065130379778
1.8841047653107
1.8836405708749
1.88733042728105
1.91292119585186
1.90071893072812
1.88787386660743
1.88592278754908
1.89481354122034
1.84681387106459
1.80783117037061
1.84941479855277
1.84862584876222
1.82970188666911
1.8402196505623
1.83174863946365
1.83707694743198
1.83530549074123
1.8294286014802
1.83149860046617
1.84808924773559
1.84829784067015
1.83327443574443
1.83643117089108
1.84362912203261
1.84906467455743
1.84171539674836
1.86671344961115
1.85436146179962
1.86678121280891
1.84687123754972
1.85034662508981
1.85061020907012
1.8511542748368
1.86907218198252
1.87642940378435
1.87169056882212
1.870327410257
1.87954660047388
1.8729181448213
1.84493614654092
1.86310885920774
1.85387404232788
1.85237880062677
1.86960969326604
1.86547226136531
1.86861556934487
1.87427959097775
1.87144646007413
1.8734231604288
1.87002949763935
1.87329817604943
1.86928977776207
1.87470181034636
1.87043545635355
1.86293861072415
1.87033083810315
1.84381536915956
1.8536647180169
1.84325733826299
1.86392398338755
1.82066116113867
1.78001861875049
1.85022684853154
1.82216980311779
1.75686629828538
1.80867782920522
1.7221630019375
1.84759315470145
1.82791076875332
1.77727165016755
1.8904917905649
1.88568126962148
1.83343037684971
1.83144932552231
1.79098431103124
1.82334138249823
1.8179176040556
1.75561524159797
1.70525670683593
1.74101174179355
1.70206337850244
1.67454341360195
1.72525300266115
1.71726222575667
1.72031799470627
1.73121340290799
1.72528103791892
1.72059634231241
1.72054703703902
1.72075782598081
1.71920133580162
1.71662630145744
1.71164894440576
1.71102145040653
1.71422122357937
1.70212418931463
1.69506029991802
1.72553881485345
1.69814350459111
1.72309664163038
1.73695977008792
1.74360623722133
1.74437079783353
1.75299459182578
1.74639256413356
1.70082525761704
1.73400234095636
1.71720503761075
1.77515571304295
1.96788249552971
1.72624119430242
1.97306213107508
1.92929481064143
2.5135014055767
1.82115940103513
1.94163692448136
1.87176374707147
1.82368999172499
1.64866016875883
1.62658646277725
1.79782808879979
1.64355327844786
1.76136237399812
1.68937839151463
1.76194184698
1.75204871346679
1.76993917310038
1.79906180096607
1.83471585159015
1.72208363585684
1.96638377824397
1.71518903267361
1.56421245291018
1.69359329187194
1.90131682851978
1.75980912154483
1.91045645978221
1.75162163503023
1.67950402500038
1.75511443480075
1.67973421414338
1.75975211830708
1.78198559191732
1.87763433554804
1.59042441176665
1.73427660217959
1.67474338680441
1.73547423640928
1.63271357056627
1.71985977356024
1.5886522136225
1.6506853948647
1.74448688156495
1.84096725841498
1.8073153440522
1.82906258742188
1.76624256954325
1.80434168384359
1.85375302774658
1.79885763255699
1.77133362935829
1.79908342969066
1.75615166526771
1.69747745484087
1.75838173823305
1.84219245053119
1.71087960722079
1.71542417939493
1.7281384605699
1.77292305819249
1.68265170211261
1.68438752556308
1.73334740242042
1.863052043396
1.72285291715858
1.86769093466463
1.66604782142487
1.87668858523886
1.76882265170546
1.7222837472574
1.92588093472809
1.72698550480739
1.88382489233926
1.95622490353407
1.89009756642141
1.63746746427818
1.76124623318619
2.09877926643533
1.70315502887202
2.12331836631852
1.79980604500053
1.83827751597029
2.00289918298699
1.85319137355038
1.8634563100918
1.82407026163564
1.87165488066727
1.81437301850091
1.82685405278403
1.8605253809679
1.73545553465913
1.81935903433506
1.90347458392709
1.89643010818829
1.79315206809238
1.96186304076655
1.8922359284771
1.84311762447544
1.937730067487
1.78776270040544
1.84226543239522
1.63070628388319
1.78124626435733
2.01332934133606
1.85981449598654
1.90298528809065
1.84932771513565
1.95940736940253
1.81907535641685
2.12832594162442
1.62632905841037
1.81471349842244
2.22496693062796
1.95787117800965
1.85736559195001
1.57401589421722
1.65659090936112
1.48134759537744
1.33632830900646
1.44260277047808
2.00620961426122
2.01443100412054
2.09321910914532
1.62950453198334
1.95658500642831
1.87546689294834
2.10768290300715
1.89106213053442
1.61216282899793
2.00222548227416
2.01911037962988
2.00466237299713
1.87772076374831
1.76591930168087
1.68588368955263
1.87210038974944
2.16827104432689
1.6884417299957
1.82033639989482
1.60602073454344
2.04449560733448
1.94817973870735
1.75155005297028
1.80771044926785
1.607849489249
1.65408874135527
1.87367784944714
1.91513167113541
1.50313007559172
1.98715312212309
1.45195016962127
1.82045608643784
1.76287346098604
1.58486442531649
1.79411433369366
1.56443392319431
1.71146942038933
1.64392512374779
1.64924443363089
1.94580561436074
2.23978773242495
1.91758887048111
1.8203159538623
1.85010720636326
1.75267956837809
1.83758642634013
1.78199332843344
1.84555473993176
1.80584114457107
2.09995787310783
1.72009759659117
1.71803723882684
1.7445969312913
1.56397818951146
1.90231148294714
1.52852669136391
1.40208414089903
1.8060651995387
1.73339986464887
1.71732576355277
1.85131028149572
1.83754532673014
1.77758392066556
1.90413251770025
1.7457800288228
1.93368019932419
1.80127482423617
1.68464612925635
1.67574057697605
1.76726830256569
1.75053049719735
1.76372311283978
2.16368582178583
2.16700885217569
1.90038419201334
1.80027615272738
2.04628662780219
1.85724178898182
2.05469249306207
1.99860308020088
2.09806815854753
2.17405154624698
2.0279698416272
2.13560912154348
2.18454259423401
2.18537052058383
2.0944695237421
2.08846055435933
1.8323445012975
1.9119069382586
1.70886951883864
1.85541884243983
1.82586348959813
1.79383534767839
1.8072923835542
1.85119307577271
1.75316197571413
1.73370014354838
1.67698779281039
1.83695867678967
1.73150978883262
1.77364733519505
1.67601868674023
2.11332449757882
1.82329815045093
1.77742607371508
1.75343131089578
1.67732480622694
1.54887013356831
2.0974183087439
1.9385721634497
1.68053921710678
1.77042233477389
1.80103250513623
1.71336273043883
1.82545471923995
1.77922994883882
1.83040159737524
1.78544377439443
1.70640261468572
1.84713348725726
1.6958221486643
1.72074924725799
1.74595017213108
1.79328785610979
1.85816705028945
1.88486465875136
1.47519577046708
1.41390782383288
1.79077968186268
1.69684647182654
1.69246695750639
1.75998885226172
1.74644939181358
1.79402787918887
1.71170918195983
1.73300402784152
1.76794621540341
1.72113436434109
1.87989190601769
1.75779780376847
1.82535787887455
1.7403005312408
1.89320638323976
1.7830939809915
1.7307090930069
1.64886990556416
1.94068743909687
1.81431848810748
1.75609184287387
1.88743741416335
1.72734399476218
1.70463598810936
1.73132800712454
1.83871309891023
1.97132692262573
1.77203834428915
1.82946507861153
1.98287995601684
1.59105264694346
1.97911331932627
1.61621238177854
1.84864440506944
1.88711734316119
1.91541696758565
1.97083256027128
2.00168485930231
1.95851836486266
1.98600015037145
1.97381226205563
1.94724823041831
1.95800716480212
1.93716367778542
1.97985744805843
1.9663711089649
1.95828094212779
1.93914134007845
1.93860309641594
1.93515132003509
1.95362363099563
1.94764649968635
1.89429082289855
1.9121447930123
1.88079217550442
1.91863079342486
1.89964637609409
1.96433192416407
1.84416069022498
1.94635293417487
1.83125769886603
1.91236029341095
1.74574102131614
1.83719893648887
1.78353641031454
1.72916202880673
1.69985960177465
1.70668608052059
1.55704526132466
1.42308812201577
1.72277891017053
1.86390504902471
1.80981160281376
1.73310429364237
1.87628895984099
1.89389985279957
1.72474111575177
1.61956091415401
1.79374475058853
1.53395465014905
1.59733541076227
1.87436950652532
1.57214639526413
1.71352598216215
1.82342073626366
1.638807454072
1.75068595298652
1.61748499008865
1.82292273783777
1.50811818239695
1.68087145941647
1.85608294340983
1.77995630531336
1.58611624217867
1.75438120130821
1.69921761955069
1.69281243252926
1.7621376069281
2.09940706495859
1.74936969802456
1.8204998418342
1.91606952050825
2.00399751293327
1.48361698058515
1.66559051279743
2.03952824568119
1.81037540885345
1.91497274106755
1.84060298875374
1.7425350038451
1.79823075223727
1.82823331868254
1.70865098106178
1.76892270406038
1.68719794859286
1.67639477949831
1.70610807030027
1.73129842099654
1.74444773169408
1.7329785398935
1.72353780943275
1.73434540593362
1.73733604544101
1.73875734021425
1.75149285482721
1.72083678997564
1.7523998174456
1.81310365594868
1.8518609109119
1.68348960896046
1.82259136114324
1.82159347314843
1.70868274824947
1.75157613457818
1.9753300778172
2.01572518415838
1.82651207974866
1.77530261880157
1.79582832905401
1.77325565233875
1.81282301550102
1.87851946045188
1.89896382937837
1.82212533836608
1.90360811496113
1.86679437886379
1.83377449336436
1.71057766612536
1.80611683783835
1.73027728710358
1.76622426743691
1.70274629383206
1.74230311975018
1.81035450110165
1.86806623477122
1.76107826762299
1.74594273777073
1.75579813518912
1.84220519591216
1.84732407005816
1.8559091368859
1.82262857732824
1.52636288300056
1.50343434203653
1.6661646347515
1.77449523937865
1.79949067522063
1.81296553689295
1.8472038943482
1.82099388702452
1.80930116768805
1.80786676522659
1.80895046588057
1.8077970815502
1.78902412584047
1.77941950093127
1.7829867735334
1.79292502936871
1.78081519562305
1.7915335918645
1.81967258157793
1.77140737799677
1.78139558823598
1.79669627504246
1.82163008961138
1.77884314990027
1.7778294556795
1.78066960256014
1.79206576771715
1.80567625283952
1.80721195552352
1.79237251466539
1.78713073662094
1.79517694732661
1.75330639360088
1.81252535698805
1.88402658180357
1.63705412118297
2.00852244616734
1.67917159569381
1.75604091891542
1.86584454649878
1.78377679952616
1.84401198791001
1.87040286876706
1.73219735185267
1.76173305335959
1.59574350769596
1.78254685268285
1.71526154830432
1.60790691545145
1.78222755565746
1.70214303397894
1.82878273065006
1.77528190935204
1.73360318894993
1.93394033910829
1.48373126170796
1.97964235624023
1.85866380805765
1.55503598137365
1.78244373913552
1.9133631291488
1.77193028370134
1.73142027730825
1.77216336966924
1.808698163106
1.67801607432934
2.34069673700322
1.69983350115362
1.98473754969431
1.70946168993806
1.45983734758373
1.90175421348476
1.89898390607448
1.88029413336107
1.51760246707621
1.51618870920099
1.3871759777815
1.73671509940735
1.75349029962038
1.60112250041692
1.68404682955101
2.01342360895775
1.81319726117183
1.91887291781941
1.88649996588768
1.86096144046252
1.85807120740302
2.13965641825995
1.75632669030037
1.49376546503356
1.62733087894799
1.35532986033531
1.72497616253915
1.66613664392025
1.66337241695636
1.50423378026274
1.69599829137604
1.79110906954607
1.7508528017358
1.78051623581699
1.82126141798747
1.6046334453254
1.85977240775257
1.62740624349904
1.71110075013459
1.70369069750718
1.66850430821275
1.68671704674142
1.71652297939784
1.76225187569832
1.84388149948505
1.56964049817506
1.86277829177559
1.70356757973677
1.6608342967012
1.66887877130601
1.65654574563519
1.69433369461375
1.67467164123713
1.7260241960008
1.72774858839724
1.7033697679596
1.72452555836322
1.91125264493438
1.70719110246628
1.71769799540092
1.79509601000215
1.79225175519824
1.80157437201985
1.7522191661203
1.83450162046173
1.77450344537301
1.72282104253078
1.7857257287206
1.71405228790199
1.63798604047243
1.58170911743431
1.69939534136662
1.70742340537657
1.7316627107693
1.6959523272615
1.72839069622572
1.71681315893972
1.73330101015994
1.74471012018745
1.66210322712167
1.66473852581637
1.6375553796833
1.76083250214521
1.67242008390611
1.70797316929525
1.80424994484343
1.79916676001398
1.80520792231602
1.63622726853075
1.79263886417346
1.73926197575074
1.67812745937244
1.82777129508025
1.69863126663374
1.74276299761688
1.83990043765989
1.96775539168141
1.83874169646237
1.70400982729803
2.00116767640908
1.83914109222826
1.89291744701399
1.90463934802734
1.83750659658255
1.77901404790499
1.80523115466629
1.73324162972615
1.6804139979511
1.89060939153834
1.83941381015616
1.78782005524284
1.81458017391368
1.79004132132963
1.77830634454675
1.77398188059991
1.77176528911815
1.76548786531317
1.76506236274273
1.76904748624259
1.733840684509
1.74796942360261
1.81854342278646
1.58186371637001
1.74935048778172
1.88184166936677
1.85368136490938
1.97643568025121
1.86030216200623
1.70613095855639
1.9317332094254
2.06314515235967
1.72559954524863
1.58229550481815
1.74118722717193
2.02014611976319
1.83581241402206
1.75960511320793
1.82578491184658
1.981858650631
1.57100427991045
2.1822283925397
1.67777242648135
1.73681130222606
1.83759910244522
1.60694914308007
1.85135646187623
1.5725245353714
2.0519469576836
1.60880590006151
1.86424238117132
1.97918831322115
1.91496877192504
1.79871755542966
1.60786112460749
1.62528837085867
1.68268817413433
1.78847899054978
1.94812308461311
1.84593295997441
1.90101947752457
2.15297555926973
1.73137044431525
1.66926299627473
1.75521391448359
1.83348229827657
1.44383849195326
1.881680774834
1.68040073418605
2.09949587871196
2.03306901613718
1.911291675461
1.60385769034609
1.60208808041517
1.7904832279956
1.76103168273522
1.84676858916258
1.78973388505153
1.82478102537616
1.65963021220658
1.91319755123569
1.66502269257616
1.66010600173651
1.63414136245603
2.01348460598894
1.69797439308597
1.78841239313988
1.84221035939645
1.7957067837989
1.90567595650463
1.83687940360268
1.88824983065996
1.78192994785971
1.78548174262665
1.72864640266622
1.84969731952283
1.82150955519738
1.79808486035786
1.81223546851544
1.79432493154249
1.78018514187115
1.76068529287662
1.73506318067362
1.71864567606376
1.7476544035258
1.75119284718584
1.74006900226743
1.73944938458802
1.76059768607667
1.75407159455615
1.75068768417654
1.75044051413491
1.73308299959871
1.72968888552677
1.66073513271387
1.74207159604061
1.73266719929929
1.78300686117088
1.79277354040187
1.77313067080452
1.77730350882606
1.78305841834909
1.78245850222067
1.73466664372388
1.74477989367871
1.79401729253418
1.72002269850736
1.78998016309287
1.81829983306252
1.90432995523318
1.87691858978069
1.93126946655048
2.01284728147441
1.94696348569668
1.95035190825354
2.09845804080987
1.72923338059119
1.79284175335146
1.78952011280926
2.12242391879218
1.84231961899485
1.51470683301278
1.81025601068517
1.57053281027784
1.6177489563713
1.91357892186463
1.80859379800577
1.91748114981161
1.93245786243545
1.74179818882126
1.70295015394225
1.77448817896738
