0.489371608849615
1.56001686856598
1.62508737394622
1.59864860495729
1.91056088036413
1.45338813450593
1.5031514147543
1.64340695363237
1.79100454566242
1.51725051433813
1.64982788907172
1.79936579878902
1.72780492939876
1.67787056020204
1.50152231206819
1.41595683387381
1.54173810498584
1.59042860625746
1.37167262243886
1.59945554528306
1.69531345458026
1.64259749355083
1.65931978978108
1.7163736043986
1.6586548758049
1.62458468010322
1.6815271389208
1.60641205460117
1.67021662194037
1.70159139450897
1.78595403501459
1.64905466242108
1.80668331546592
1.78876318664065
1.85400018897063
1.78272159261915
1.76246591852086
1.57244068834284
1.63800443212827
1.76932892474022
1.87055343578653
1.88034700633449
1.88904722976374
1.86793205575721
1.84484814678308
1.82231089784458
1.82367060005238
1.80405241417811
1.82659584237887
1.85315825232382
1.8711976790179
1.83086808622907
1.80960131373794
1.8023216666799
1.81574865733153
1.83527684630782
1.78463126172686
1.47323745740668
1.83689187971493
1.48929968606054
1.77645042887817
1.9360525004223
1.72925662183936
1.93587915320759
1.93387082718394
1.50567147915997
1.67491006298311
2.04504914389238
1.77668626177033
1.62289506018128
1.65478373110768
1.67323065641418
1.38286185573216
1.6579781618938
1.80196553175139
1.75661832848113
1.40309462258487
1.9027771071937
1.76797570187481
1.60687153118979
1.63396741265515
1.49519584988613
1.85978391540182
1.4247584771569
1.63618566568739
1.73166438511343
1.79912691741581
1.56778354716493
1.96334757000194
1.83583037235673
1.94836177131795
1.81392053916666
1.80403643029963
1.80338477598724
1.84310061152157
1.83945676505934
1.85949761048285
1.77928638241764
1.80685234432974
1.67259866430456
1.73907730362955
1.52206107340348
1.71031877287666
1.72554632996575
1.65796061598117
1.66185345242099
1.71073408069368
1.81098815945437
1.84540815288979
1.80813755277725
1.85972449513672
1.7012819737107
1.89240176376733
1.92102032918589
1.77934226856058
1.65395843164945
1.70948916295369
1.73379284243812
1.82747697514743
1.65693852505068
1.75354302853737
1.70351539431093
1.85183616361368
1.86113944194054
1.71751755052931
1.82857597279395
1.69527107158638
1.93667752996184
1.80304444198343
1.85410022152261
1.81326543932984
1.85963912811629
1.720586739125
1.72462958155254
1.73736330388455
1.69751171120694
1.69543147980045
1.69697192669046
1.67806690849681
1.82280185358752
1.76802763734687
1.6359457123071
1.74568684097482
1.75748509194083
1.5834753691845
1.59694491532139
1.69674442599242
1.77666019413448
1.72918085956074
1.77214064583989
1.78441287658477
1.77341802042336
1.8564465228178
1.750393469611
1.80366807855029
1.72703035627539
1.82523428614751
1.84078979506699
1.79815672441765
1.90814697038319
1.70281873230661
1.88386377227941
1.84295337123241
1.82218430894946
1.84885076876449
1.79285454017049
1.8041277620219
1.80448702970826
1.78537597766318
1.71283212500678
1.62526755212748
1.8309321207096
1.83674705926082
1.72401845117464
1.73567980947319
1.46063720635282
1.66362153203605
1.67062819501598
1.66551764529342
1.72307860731457
1.69166927729863
1.74443050500554
1.67616242791463
1.79695019293544
1.79369568388567
1.77593902133633
1.60526951192851
1.47789289405401
1.52085969381959
1.63260476608842
1.56708638804488
1.46484138865817
1.55690877401791
1.69262993201777
1.74277100851305
1.70452076730847
1.50458365663258
1.78755018073733
1.62288135511065
1.64122869160743
1.5778265637276
1.69080902674419
1.68724530741678
1.50476771499435
1.66201491647931
1.66536831962515
1.59437363716134
1.54884987953234
1.85458192035986
1.72407748160118
1.39956226317533
1.62774528160377
1.8122561863089
1.69526597067144
1.59713081525661
1.80228840672374
1.61175367584681
1.93541435394873
1.89195528387498
1.79351947829393
1.93982226050356
1.74203461472062
1.88727939671352
1.75207666931699
1.64523006490054
1.82961888607394
1.78294848969717
1.79712498629957
1.52389157794231
1.59551433797101
1.42171544320088
1.55351324010862
1.59386252176981
1.56950832812778
1.80872278479112
1.86720075137305
1.80003577024556
1.89425900966072
1.60664875207339
2.06042758583934
1.56373207049448
1.46452990070628
1.62978403827363
1.63644901621746
2.16446584289981
1.32219589725213
1.81972092900683
1.79080680106643
1.78105510714163
1.77717537137709
1.75690404016311
1.74651219678707
1.79817300490359
1.69905977385001
1.73566797945807
1.67633740655955
1.71097142194039
1.55696648411528
1.63748669305095
1.71395298394494
1.63043426357307
1.79643691265958
1.67336729953889
1.69003156297593
1.66670504578821
1.71665445003016
1.6300431433098
1.67637273465721
1.71564477505906
1.85226188860682
1.74920255648492
1.75305097552117
1.76066016676423
1.78227981788307
1.77985631129852
1.76072402599749
1.78645205104106
1.75370747544122
1.75471684176912
1.75741276921867
1.77793551041258
1.75518461280112
1.76539826574756
1.78473470973875
1.7902475025293
1.76745698392626
1.79493970724888
1.72762399628356
1.74472815972835
1.75460290036682
1.75024539625826
1.83049705498747
1.74334384423435
1.88346645596427
1.80482237270553
1.87500785735536
1.80816331937364
1.50004774179046
1.68465163411868
1.71723232287692
1.67086502589123
1.64947432550934
1.48505602643572
1.64095674884099
1.61532186362095
1.89479499455598
1.66313614719212
1.57161658387187
1.66976525173769
1.66032205877397
1.74858273658443
1.73053678791754
1.64083888722705
1.7798697976679
1.69602925894193
1.55435559017949
1.7798144358725
1.7620112829814
1.76373414417015
1.77761249007776
1.8545429737831
1.74678752159743
1.77095514975737
1.74058415535744
1.81993567389266
1.7888961148138
1.81085278373553
1.77764426629118
1.83166190317678
1.70264192804988
1.81492378964291
1.83459619747982
1.8060519951585
1.95560034446744
1.91617564705892
1.58169445007231
1.88417524870787
1.63819572937937
1.92844692786975
1.57098169934404
1.83702097709661
1.60886690206335
1.98204317128595
1.76890506761861
1.52946674933298
1.77424417169805
1.71705535645178
1.76649777266821
1.80928212837548
1.71802578400756
1.74169256088328
1.70397196429608
1.78488960651476
1.72367338699216
1.70191678679094
1.74227342405912
1.73995862104084
1.73734689632953
1.71854371126722
1.72713122303292
1.72157800031408
1.70819085676528
1.71059668810971
1.70379065553948
1.71729423417482
1.71762045155667
1.72004741201865
1.73888144560165
1.70129696498049
1.7996088324791
1.78928330231211
1.64442730699321
1.67938361252388
1.73575483662963
1.71827208745455
1.75099094713632
1.70478142295536
1.71525166366616
1.62766437189895
1.56404552175968
1.71590568000899
1.52626072463951
1.26421213313799
1.7125913477188
1.75624553308782
1.7174301890091
1.36735297725547
1.59855045279859
1.75692421662604
1.59622670988098
1.69296354360775
1.6318011622174
1.84419828652752
1.67945157183392
1.72711105478479
1.41761538457801
1.66212961141185
1.77465607435609
1.68074684559808
1.80505537494963
1.79502722870585
1.88283602605425
1.80676806631529
1.87837616818114
1.91156203599358
2.21011610135047
1.73225691263019
1.57309218502174
1.72076774941657
1.59445960021081
1.59668289886221
1.67242415181208
1.58782296413802
1.60725095592245
1.77987738817747
1.77152138673042
1.6041628314754
1.75431491752623
1.44148347143418
1.51203543923884
1.70720784334595
1.83017555051208
1.70753855344796
1.49950487710639
1.58184146861451
1.60454733824884
1.60682982563304
1.769733558954
1.71936898746654
1.69297379482426
1.70337223519499
1.7327962546271
1.61562089916616
1.66866568545113
1.44731601724405
1.62309975366586
1.73076467584792
1.6045845379144
1.65224855776564
1.89446234718146
1.3113580710719
1.74671389517842
1.89597169021235
1.74884338605852
1.81059945791068
1.86810255823983
1.72398454059722
1.73088610848507
1.74000173861436
1.70805041216258
1.64606755117525
1.63667356426846
1.97694419432022
1.84492780723533
1.78191828122726
1.82831265163156
1.77796629887608
1.61812814969666
1.68595337401928
1.59343383917407
1.69261651389118
1.65707348885608
1.64147469904292
1.65014410813798
1.90242279795783
2.0346320972256
1.63695351861772
1.66723755538905
1.67271589225878
1.69453918370432
1.70802461725767
1.59338386876497
1.72201795695676
1.65981915738719
1.77176670240976
1.69513090483595
1.67669091159062
1.4794400458086
1.88445692023913
1.65520344620182
1.68814109608608
1.84777050757929
1.75652218192793
1.87089762652947
1.76257276614735
1.89532786989336
1.61518870121054
1.63296802495674
1.75697109795574
1.65078028799933
1.60204659659933
1.5888788872832
1.45653894529337
1.83854402391349
1.40903480484668
1.58136681766814
1.77947435874608
1.63509001510881
1.79672338570794
1.58962603991585
1.94502481570693
1.64780830367846
1.81553230297179
1.77300129143579
1.7585172176095
1.75855217017772
1.70986139842488
1.68295941871868
1.77928308613758
1.79440270827569
1.80522566772011
1.80234538760038
1.81023956611807
1.77880148907686
1.81860599720135
1.80871003098551
1.82735786920456
1.82747578860977
1.8276287288074
1.8126112440946
1.80172203212425
1.85180814203256
1.78718520640666
1.79892696527656
1.80294182519949
1.7574306716512
1.80589890583543
1.89471147951834
1.86937313993048
1.88922961361596
1.87370486316636
1.89165827537626
1.91251548234465
1.89709429564829
1.87416227882142
1.85791357404689
1.87929043810274
1.90510691584597
1.88520359582403
1.87691457706167
1.89555578110335
1.94265093253036
1.90315167008817
2.02448697032131
1.81676428619862
1.94043412428038
1.68365709585555
1.79335624647995
1.80981695888803
1.77982554309737
1.78878509334627
1.80184926223803
1.78079515330659
1.7783567166848
1.79442271689916
1.7926516173099
1.79064669211472
1.79423847887536
1.79137981263299
1.79448860800619
1.78813802655417
1.78896239344102
1.78943010836829
1.78756502805992
1.78106394310227
1.78529545004449
1.79344247236217
1.79179342719695
1.78543519071248
1.7585210862228
1.86555798865421
1.79117370777159
1.7793368606077
1.7911124575086
1.80159922001633
1.79536896116936
1.78655404731659
1.76705812770762
1.7951906193359
1.7871840678395
1.77458346540645
1.79531548203032
1.82075760041904
1.71718754520836
1.66638127472239
1.81981884539645
1.69997500207605
1.6317382202787
1.59875150602644
1.5075874899613
1.70643201721389
1.71100357376979
1.75351535782431
1.70685150755795
1.82009407923966
1.56639779912402
1.6983894748891
1.45566454302342
1.65674382489738
1.4324965007759
1.76421025618057
1.62862115196055
1.74910354387098
1.76507512282064
1.76069650436007
1.91226660193613
1.82484274847541
1.7879276636803
1.81729399712538
1.74474776790153
1.7329231991795
1.75200731966883
1.7718897179584
1.67158829071925
1.63095761622649
1.70882698254324
1.7257684861081
1.7543744922531
1.770373037336
1.74768668887983
1.71599134367294
1.74646105297448
1.75097259861715
1.76373297337041
1.75737451924362
1.76449771750662
1.74851593703304
1.74774781197096
1.74431545407957
1.74821709594725
1.75150372399827
1.75084140855752
1.76116778352205
1.75894439635477
1.76140757694497
1.7656684073512
1.76659435848794
1.7558882391694
1.77349438403275
1.76964565527909
1.75147615587134
1.75303079878821
1.7606229791553
1.75881439447779
1.76157557754147
1.75909040015816
1.75753330846378
1.75726002978495
1.7602199823301
1.76314069020149
1.75426729373443
1.76926238250632
1.76882256987471
1.77425736775332
1.74686241791424
1.81364584324051
1.84004678745044
1.7423996572112
1.84648321751833
1.81869678032335
1.80749631877574
1.7520032187804
1.53783630500479
1.95040064521718
1.77927140880353
1.70838676962794
1.63870766940049
1.7162285781852
1.71752817398187
1.72080678461774
1.97270409253915
1.87544415042092
2.25189777838838
1.48236161459929
1.9960355231096
1.66261833470479
1.59262917163803
1.85304657780376
1.73934448605076
1.69392209966062
1.70114013213947
1.59939068738425
1.5635385832227
1.37739212840899
1.74633887374076
1.54388497817249
1.62104080942314
1.66798980509904
1.5861664662362
1.74074720690833
1.69737088588079
1.41208496222678
1.55760993662891
1.56782551640212
1.80181631769048
1.80596594888753
1.64493280387116
1.9328709495387
1.89568571906204
1.43298699129982
1.56944220515943
1.64097947358858
1.65369156727649
1.65133985928716
1.71586901468051
1.5808483116875
1.50841499954658
1.58220774028642
1.84435851611703
1.66469516142502
1.41162984272792
1.63941606340092
1.60054886800315
1.87281214568565
1.53464522141929
1.59748114338856
1.93270859053027
1.62335441382158
2.12009319522904
2.13745406032842
1.35181075722659
1.9758391073199
1.89528239626453
1.63713970701745
1.60838370124078
1.45709572837934
1.6026823821333
1.60931845294894
1.6566246487012
1.8603836421907
1.77974857800622
1.50264439693375
1.73737991135172
1.75577547407038
1.87955217471696
1.61031362440499
1.82040066410627
1.89427641148115
1.96866046106186
1.87367059092858
1.77489614215399
1.83711455649363
1.80681178561649
1.78176625737307
1.63926307434047
1.76467356938653
1.68965145855657
1.76102660814026
1.66170056062556
1.72397026173436
1.63659328360111
1.7205650784012
1.6729596807545
1.63982792053973
1.59340918131013
1.76773612078547
1.6851381218788
1.84888529647959
1.75373875773841
1.82492909207804
1.69516981029997
1.69854224286875
1.70912493598031
1.78281802219645
1.78090342550223
1.78718824833494
1.80408684745951
1.73096268999961
1.70433397919101
1.73156382138196
1.78224725102345
1.77238121520334
1.53748116535496
1.76072634164678
1.64954218567735
1.74999955161545
1.61930458914719
1.53574415138181
1.86101506099838
1.95932595074523
1.89543370686797
1.80194598444037
1.83013480738346
1.83327271040026
1.72294470521972
1.64512095441755
1.72248823350415
1.74736046652082
1.5894391549321
1.65457730559965
1.77388880015617
1.78715106980373
1.77318402108128
1.75590202585683
1.90094697731558
1.72196342800432
1.85609695390712
1.79004609934906
2.01111474190495
1.88786465128206
1.67578115832109
1.73797739484672
1.64093756946778
1.73955427601034
1.74303260145526
1.72530588830241
2.18377498107029
1.89956290166136
1.92566949870811
1.75636857188222
1.69354335205862
1.76905914494948
1.83341600772486
1.99177462651852
2.01528442275191
1.92363397237935
1.67144996146297
1.70087982142074
1.71709270450719
1.79477731950145
1.77033183160173
1.7691481823372
1.82505440279238
1.91065795965965
1.78097265921
1.52981196124008
1.63213491681732
1.67506650542419
1.89110223374125
1.78475440469338
1.5471447264389
1.55079752482423
1.78447545776216
1.7092056513776
1.70105575416869
1.78725186654301
1.83576879567611
1.7973670083538
1.49377911614528
1.663733735721
1.65747278637444
1.71515028918666
1.92249159918994
1.76977370972915
1.73819610239315
1.55841888607916
1.77565522318494
1.69814298661721
1.60621864885137
1.79484738484559
1.80623733964191
1.47493879902594
1.62226450596144
1.2096781257717
1.58912489676637
1.94858543911592
1.64941742295905
1.61871300121876
1.6609327096427
1.73812844954417
1.74909484913134
1.74667326662355
1.7766762717847
1.81120423135993
1.83259429920074
1.80060781003907
1.82536909821324
1.77076644407353
1.75105000815711
1.80679305477578
1.81743252865739
1.79927417457111
1.81282887614139
1.81837210031353
1.79189553043338
1.78570760928648
1.76270141589083
1.83160879442838
1.69118642919415
1.8206821912938
1.76499252077981
1.89824839290631
1.80912334181503
1.84957545876164
1.72021339557688
1.7687531904525
1.84719049059673
1.96470103383905
1.76047219340224
1.58043244957868
1.84988438743819
1.62021137486725
1.69268640990174
1.86065778378856
1.61653414866779
1.63120577025298
1.75056713321224
1.84919328841595
1.54442082486246
1.76696400218091
1.7750408255905
1.75761455476845
1.50761136832024
1.65448682151924
1.85454756138516
1.59570632698698
1.70403672647917
2.0414376064958
1.74620521009895
1.61207814686351
1.74971003758141
1.77365639149055
1.69663739758369
1.72102671292805
1.783556472614
1.37286775156236
1.49946301732546
1.81740951106569
1.97223404116269
1.8559521479256
1.98720623252956
1.59212861026917
1.74418433005334
1.73151875295686
1.74955471138701
1.70275325197818
1.77121178778334
1.64105524531679
1.65160177183984
1.79235268425377
1.68129066928258
1.82021543925766
1.86501156305722
1.78977205143362
1.86545779539525
1.8893783856358
1.86250052964494
1.84737038067887
1.81101299436009
1.8718807917267
1.9330300361512
1.8971347183562
1.86672433400979
1.81234784901162
1.81461323007707
1.81746863655828
1.8335564027354
1.82452156000919
1.81796336948661
1.80824686749471
1.83321542914379
1.81127154686356
1.82020193191319
1.81687173157203
1.84386547773844
1.83631475229685
1.8235225427682
1.82203052913943
1.82397683656542
1.83353628539099
1.82437018808761
1.81989803101753
1.82663026544129
1.82681408605414
1.82910763993592
1.83053085483642
1.83590178136223
1.83504455974425
1.83715931227061
1.83433554741051
1.83605644213587
1.82545569578204
1.83647320339906
1.82555021551277
1.79929308152667
1.84809939426443
1.81372469156808
1.81076188659036
1.8361839599208
1.78500930816939
1.78983985090783
1.72775605837092
1.73113461892957
1.57363206409865
1.68656235553249
1.64245493494115
1.68337351419474
1.77164053165441
1.78483187785846
1.80491472684239
1.6432548924005
1.84306680369886
1.75920831359732
1.58788538325569
1.49553075634927
1.53052339663139
1.78678248827879
1.79114093667577
1.8022700438136
2.01248451138988
1.51785045140201
1.64805643999142
1.52352305180659
1.91123024157839
1.82117994595251
1.72122009660132
1.93459313378726
1.81179892169817
1.84348013771742
1.75943764212841
1.76336753647404
1.68930815370663
1.76959080062114
1.73030975515265
1.78081236656181
1.70755626468967
1.72842537155537
1.97092004608811
1.87950559805514
1.65660759050608
1.81338982416048
2.03527719486237
1.72339893071705
1.77581001002169
1.80340913436233
1.62211365024707
1.71787596034988
1.83399482768571
1.86806994858604
1.6964451238681
1.6021115649736
1.50234958341598
1.67085871422935
1.50558074294995
1.46793383762463
1.78969272060179
1.64498896326875
1.69331857905651
1.54835134926827
1.53529200339556
1.42298608156747
1.37580921402406
1.65688417590349
1.74795595457771
1.53331764121905
1.9338915254532
1.78116012664034
1.69328611807284
1.51253516589098
1.74412111855411
1.66666554930772
1.91158278233962
1.67753348244019
1.71176010942569
1.60411206161568
1.58602421046086
1.66066666937267
1.64964969705147
1.69142887576503
1.76796270797612
1.8498653980477
1.88827011724225
1.62622378251781
1.72279416534283
1.78732430674715
1.62718815313849
1.76889783742019
1.72538855671276
1.84463369487839
1.8664851962938
1.41605171553391
1.57306995391391
1.82400389715466
1.62162502119798
1.59031729104157
1.78638266854733
1.75983867408111
1.8681031548074
1.62747627424075
1.97277933930328
1.6608344899968
1.78807361266403
1.5513798205967
1.59389242099493
1.6344518539276
1.56161773835946
1.79750798969774
1.35629087460388
1.66678846907423
1.7205646805234
1.71978643134468
1.65980611695627
1.73196606062193
1.73331938440934
1.83523158527105
1.74298573431965
1.53207219980503
1.92685340138402
1.82442445163848
1.66627488659433
1.70896871241705
1.82303463830154
1.68192577921969
1.6803193167685
1.70539444477862
1.68446538738333
1.54654092657591
1.71243217030285
1.78140979557884
1.79023469347763
1.77584035200952
1.84162057222657
1.7773543506069
1.72952831231667
1.82796723547002
1.78809105107189
1.5841361271687
1.70264054185295
1.95012215268905
1.71070951637982
1.60827389509513
1.55572393801103
1.52456936398463
1.57427631119355
1.71222000821126
1.80366105615125
1.80974199765647
1.76210924578246
1.73328014447529
1.79542934344344
1.63551080893522
1.63630876530712
1.71935147413191
1.50799360564656
1.54133165062507
1.71666922361415
1.81812865230261
1.71089203632743
1.95323627760104
1.6235694388074
1.56686974972047
1.79912231490786
1.67365047924601
1.66349252785785
1.75835491566643
1.74876502754079
1.93265400379971
1.69507884940926
1.86682423857278
1.78161298803807
1.51530865475106
1.70371410199978
1.69656468583226
1.60615352756493
1.54634879110521
1.72462796536111
1.91008331092528
1.92565412573941
1.7744466931236
1.74874470888789
1.62359390021882
1.59569991069021
1.75973070855021
1.91289185164635
1.970155404316
1.69692216545036
1.87607131335611
1.79271812155914
1.77328498657338
1.79356164076931
1.82199960415797
1.83844570245275
1.86650083389211
1.65277806376022
1.78193461416368
1.4179133358584
1.56024018147418
1.78675590062475
1.70864276773713
1.49717661954669
1.48964070895862
1.66631834155772
1.41907524234443
1.67514669818593
1.54431982065895
1.63901460937685
1.71164483690877
1.22619069975536
1.84029883186072
1.65317816560661
1.54833668576268
1.62343528633809
1.81472233072491
1.93991808178678
1.6968869999932
1.68703646637106
1.78100023349372
1.95419310751841
1.77755304075823
1.97420847912543
1.81426923682215
1.7051539603012
1.64637178573837
1.52252232347816
1.48142939012953
1.54550442668987
1.63462607616595
2.22165028548354
1.57314652632978
1.82312369788148
1.81944852481855
1.90465270629327
1.8210771900487
1.76655230053028
1.7322050957134
1.72905410891191
1.66620153411528
1.74863399952844
1.75268071388203
1.74695130098215
1.64996334820321
2.02934510118036
1.72330639391692
1.80922660925346
1.92947172117443
1.81558562950488
1.59774133350028
1.60103991692502
2.07833159269002
1.83823867876235
1.64396351105868
1.50464082274549
1.54569649750222
1.78633039937003
2.08748130781219
1.60458447703739
1.6654663816699
1.79175912222936
1.80672369800149
1.72726074444836
1.87313726704405
1.8104204943864
1.460253188924
1.63851222523316
1.8389819849037
2.0026239763987
2.08916414538114
1.89100335797799
2.11629349517219
1.99298112785119
1.91281064192263
1.84458734339186
1.73369646165736
1.6997236363767
1.73517063942168
1.86467056034727
1.80772929915193
1.81380171015864
1.84087523520324
1.82969152667546
1.80616521667602
1.83793518114062
1.77503907102062
1.77944661402285
1.84792535628945
2.19040829674518
1.63038137944349
1.89317487426696
1.92609980369543
1.71085757874986
1.6868958563392
1.79466610274469
1.83820308751986
1.91358825092692
1.83999897308797
1.91368121775327
1.79996453595471
1.84567936940604
1.88308142799579
1.80571927905926
1.84354502807241
1.80194193725325
1.960123635365
2.01113288245259
1.57531661151003
1.53868815478189
1.66464702185074
1.87957560779743
1.74131717474875
1.86808117951657
1.89999363789644
1.92592966794283
1.70228597797058
1.87255129789484
1.97902877255339
1.54595235705918
1.92325037912377
2.17327913087239
2.18641570517843
1.83563212776766
1.97834089989399
1.97282343659662
1.84701457574957
1.620062301679
1.61661402531792
1.96049569881421
1.57674133498446
1.90131144563995
1.90572093869951
1.8538374681567
1.7213719738448
1.69510617153763
1.79580341579015
1.73733610748885
1.73188554353471
1.73302780433584
1.69938699559414
1.76590330889288
1.718522982339
1.68539316170051
1.67758986063747
1.70073905745896
1.70058472458001
1.71378917958118
1.73228347441487
1.71753365947103
1.73714207908518
1.68852796185793
1.63808946970816
1.73470596865344
1.80466099503599
1.73008911900011
2.00169563695689
1.63968482434386
1.72042909882742
2.05200941890406
1.82273470009108
1.9417560674121
1.9206704121996
1.91029076567963
2.01134073842011
1.63916627568212
1.58429890000543
1.59517843487481
1.74926767890149
1.68002757645395
1.59347583881091
1.60552826031016
1.57352206476267
1.56783492293333
1.64212028966626
1.85886043832646
1.2815762070557
1.36285366793374
1.67707407820887
1.50421059349115
1.30337887775481
1.75811682214373
1.41121599496958
1.77966792708886
1.35252007437363
1.69533799819676
1.76591855793876
1.81787071849403
1.8198289542643
1.6557314492287
1.76119576865581
1.74572526376948
1.75500454537726
1.74332410036472
1.73740198434438
1.79023339407835
1.74847153860358
1.79154129754776
1.91298311504115
1.9104373064783
1.74585256376427
1.91731695245278
1.66447226794057
1.77442874827583
1.74728613480592
1.75087552881167
1.75470080430392
1.78444134247115
1.80917303722019
1.7563251264288
1.81125986890326
1.78571072512282
1.7895342899092
1.76170444807478
1.77502491385826
1.81049139011038
1.7853712089546
1.83251470294254
1.85567638771853
1.77586704310047
1.72962824270267
1.79038228011252
1.8303853249661
1.81885445537489
1.85888153803412
1.76788851184535
1.77075279729073
1.76521027324933
1.75820329218274
1.75735718709723
1.74915244675441
1.8193564305402
1.96291008212923
1.48798065308762
1.6782585924158
1.83910283208986
1.82413182843678
1.73341853725536
1.88671309889927
1.65419720817748
1.69567903471954
1.73739304968344
1.70784359526515
1.82333569601486
1.79124304278217
1.88521633600314
1.68978141703724
1.79096274463004
1.69240780019719
1.78005396361439
1.66519146998525
1.57138821912864
1.69292058385776
1.69988711960746
1.68258925214081
1.64110854220028
1.68589745991726
1.76817421938387
1.73803271429222
1.71629396699729
1.80521157073897
1.7408060782673
1.81113274561798
1.62068139977993
1.72693017261281
1.83602286428073
1.78999051896722
1.87086817845014
1.82098551532199
1.70542405749456
1.45318582285814
1.76910611535257
1.77027026151906
1.67843108510664
1.76459092476431
1.70879634017197
1.71478288105161
1.76223980393343
1.77917108381902
1.75791494521638
1.82536115269075
1.67188428996817
1.60743993633573
1.65798034665132
1.6461982116049
1.72323794947726
1.77523492282698
1.53514260601122
1.37333227939465
1.66729229617049
1.47711072552782
1.45464383929882
1.59616732422044
1.6210713704517
1.73616192751063
1.65068270183416
1.77713243482793
1.59723862567741
1.6398461270625
1.56523470107223
1.84252722481632
1.83898400473459
1.74404095222621
1.81060171092042
1.6699102212122
1.78127309420506
1.73899336000893
1.6740371126886
1.5961166974997
1.72046418222526
1.64208214886909
1.49489827004169
1.73020392263458
1.62359886824249
1.84369559476702
1.74288877033709
1.8191243440224
1.56471442359522
1.6006024618482
1.61180490157586
1.72906550475455
1.79514552794051
1.57462689615392
1.55129041525041
1.24844469555148
1.5313968501229
1.86146409313947
1.89818624833145
1.72313654272689
1.766088729274
1.76473075082911
1.72885190574116
1.7953774794124
1.81537926879831
1.79125798759839
1.91671521092345
1.75069832269684
1.71800211309126
1.65021800624779
1.61607300721343
1.76950301329889
1.78547839566291
1.49952209011937
1.60819924993427
1.92719760312651
1.50522499350011
1.52198631013546
1.62412043817892
1.60020061576795
1.43483611346874
1.59104250461541
1.64866599852665
1.7141463802403
1.67667984264001
1.46812546128199
1.50690851921623
1.69151069979732
1.82093773346966
1.61794714930849
1.7397251985187
1.74850236608767
1.75789206641055
1.67318518978133
1.60182115681129
1.53286414155213
1.86036627874736
1.77604408509584
1.84667573051542
1.7434173841759
1.85644851946524
1.9030036181581
1.86994759207796
1.81611818264662
1.89057410435266
1.84205126433024
1.81015027735254
2.0115309623924
1.83278224897711
1.73127013116294
1.70602032844003
1.83021566126148
1.58623014944556
1.54837775371331
1.75109200194513
1.63051018406263
1.77772010448191
1.90921539887589
1.8156748055303
1.76959209992542
1.81015488340825
1.94463467022173
1.87721558427097
1.88804484901356
1.68490126862949
1.87919752885048
1.46854873186542
1.74164029248639
1.77672064824727
1.91199195540789
1.71838107804194
1.82417852335326
1.82436844477366
1.72210190789401
1.58080215051879
1.65873137501351
1.66582769785179
1.77705726075457
1.92769809352783
1.79221339063706
2.01417542030732
1.6461565936642
1.58467945160257
1.69777620115128
1.49536244167627
1.67996264346571
1.7155768399519
1.35249170745797
1.62135101927602
1.54752944610196
1.38662530995536
1.45201610538952
1.66206981411045
1.82045554369613
1.69264268806173
1.65726430472042
1.75222857887733
1.88497019137591
1.77206475032171
1.83734403570179
1.64582948737051
1.75411859311244
1.71357874371075
1.77634319038156
1.77528952221242
1.48410338745489
1.84293100489121
1.58404025502866
1.62698937419017
1.53861373091011
1.54597468821784
1.5226813160237
1.66588971919213
1.70596446548546
1.64412652382518
1.60927891018654
1.62821549644681
1.66899549998354
1.65135471982665
1.63976983269813
1.61342438694597
1.63071054585229
1.66296809737202
1.65499189729914
1.67285281308696
1.68565953868685
1.70198335021521
1.6882671885154
1.68659262250019
1.6794652491258
1.67409943380741
1.66522532927673
1.79842598486486
1.67692949904747
1.8776998535382
1.86189302142476
1.62377613210714
1.76075792904323
1.66886909537639
1.68608876601242
1.79738578065454
1.57164768120712
1.65869271121746
1.73568367935548
1.85288531842045
1.90395184350452
1.5292636023574
1.58676864001611
1.86097047733119
1.81116080823615
1.73406698862975
1.83267812112905
1.76621116847393
1.45744200638138
1.76906184700608
1.92078767188811
1.92486118115175
1.54945363002948
1.8850187858666
1.55138722230159
1.70855222638529
1.7562630413109
2.07810902404155
1.7532779480313
1.75954285461486
1.83765165091684
2.05748241197033
1.54448368121349
1.6669489687089
1.60967865707059
1.61827828698588
1.46311693121541
1.8373268813003
1.86943279242742
1.50572555664899
1.77054275526717
1.72522885382754
1.57969572134119
1.49256022166013
1.6869094235581
1.59137639785522
1.5524015404245
1.61161257911708
1.64612007758526
1.76747599984743
1.72337857534035
1.72130048845558
1.81598547090203
1.65595253679077
1.77407806143292
1.68828201872035
1.6918810685505
1.71620774083749
1.75427475470156
1.75135598817751
1.74958753320454
1.76130420475473
1.76709937469134
1.79961035113951
1.67086392526907
1.82444961920562
1.85335416211199
1.89959006320177
1.8547019606672
1.93394033208513
1.81889555369746
1.77835302605194
1.77733031652412
1.70123768155653
1.54077742432499
1.76975849349271
1.83897534390751
1.85354772215806
1.85641414339186
1.85545367652204
1.83093642316651
1.82719087768412
1.81304916270125
1.80536735938982
1.80950192476719
1.89937686749049
1.92659665188543
1.85060954810316
1.71183641416598
1.96586638678033
1.83716580356388
1.91110484377268
1.74903105579203
1.57748688184569
1.56536772779341
1.9318811318615
1.63907980456855
1.76572097822784
1.71545095209346
1.56109951751499
1.93453051051415
1.89270722858718
1.68058849197012
1.95334361817819
1.93632211751006
1.51808359110522
1.65103639420299
1.37543470093688
1.79920079871229
1.87325547563038
1.6873683185143
1.74148334025597
1.72022855850382
1.67443969528605
1.77145486105142
1.54258523954018
1.66035088112413
1.57247008394446
1.44860305408499
1.58697998810752
1.88882412029508
1.55924802948882
1.57743005359694
1.7380477918686
1.89826526482486
1.87553226380081
1.82709232760798
1.5160603926663
1.67828891437644
1.56145604309172
1.47275773953568
1.62664414254371
2.05729861612087
1.56725460928917
1.7834097745815
1.83641245117925
1.44222928587414
1.60643223917758
1.95168581015889
1.74417971292433
1.81598184983276
1.85315732077735
1.80101102830884
1.77314194963815
1.78590736513029
1.85594136833549
1.87437277613251
1.57776045606025
1.81635390808254
1.50487823150661
1.7917835012721
1.84083531873805
1.91233631603031
1.86393296549346
1.80793798435515
1.64302745567096
1.6493548427216
1.72498954160639
1.84971948253826
1.77288377564463
1.68057461131273
1.71666550698306
1.89001301813168
1.94867606104927
1.84808474193381
1.63899707844892
1.66059133725148
1.79606377224286
1.74711445564306
1.50468068631592
1.8279003755133
1.66813395564646
1.7173336521816
1.56781575619838
1.65599779583897
2.08767809680658
1.60871700110066
1.68793762869095
1.7660281132195
1.74276838809455
1.6979020467546
1.71759217740983
1.71374389503182
1.73519915100894
1.72612584467051
1.72994288950195
1.71310536026873
1.75554819305739
1.6597310559605
1.7041697442214
1.76224175758956
1.73225095054159
1.76211472515046
1.68385861288501
1.7336699106586
1.67459926646899
1.46092587543595
1.67772713269247
1.69544155998862
1.698489328581
1.65036749792079
1.65701765390155
1.71067045653927
1.74941844764795
1.6340778990436
1.78853523506143
1.65437304823832
1.74233198370475
1.66669191977597
1.61036167132642
1.7217238626751
1.65180272615339
1.76384232162851
1.63382373685353
1.77669098067667
1.62945554086354
1.51527411941419
1.49301679548427
1.82940274208942
1.67054192252328
1.93673142097156
1.66172779046429
1.69776526854224
1.92778444679569
1.87951430372841
1.73394506446811
1.7017177598455
1.89607858390327
1.71124920932624
1.91831635389823
2.0668835436342
1.66506119102096
1.58667373032104
1.92157551686912
1.83012567310548
2.02904967053715
1.58119921709385
1.77852095649374
1.71698691753951
1.52414981190643
1.69434269563061
1.45991803802721
1.67319952818301
1.6356796365125
1.62226543957142
1.83507913710617
1.67002557951045
1.78003842036003
1.78981004232404
1.404445527396
1.68157439328461
1.55444492709461
1.55955425733668
1.77129556390491
1.73781938970112
1.8658734483508
1.94971425282692
1.91000926956371
2.2828874153253
1.9808612634625
1.78778908944742
1.95475825455042
2.10604928507767
1.84239256349029
1.99165620202807
1.85642419958807
1.89724599801681
1.85991720696425
1.90867525032758
1.92072364468209
1.90860274631135
1.8952521498237
1.83898156826306
1.79209004942978
1.82211527828544
1.90037342420086
1.81937603417513
1.96745984652071
1.91067865813942
1.91434772181211
2.02560405820508
2.02036874921473
1.98323966023417
1.95605347975321
1.61073209661967
2.12067970180136
1.71986170488715
1.957343732177
1.74310255153412
1.72428656567668
1.79285227647042
1.95367493097457
1.82295780694233
1.60672210800022
1.62887118584247
1.86814043232431
1.64722057969651
1.80439120845823
1.68627588581718
1.70128660393816
1.76839362069665
1.94610145583952
1.59415005136893
1.59375924382632
1.73839858604274
1.31557250873791
1.6141175723138
1.56852941386873
1.42965665199455
1.61783804365408
1.65668146256734
1.85728316943497
1.74116137876875
1.70133664038943
1.80115627838244
1.64923276516526
1.74171179373751
1.42104722552855
1.66414391757677
1.51763706279158
1.59651014071539
1.43926776700535
1.78537363579559
1.59310448257934
1.6295354812222
1.7704944842957
1.81262863196801
1.76896681331903
1.66153202472209
1.82333422550771
1.67031780721994
1.82947763898122
1.74082278656092
1.68237331030011
1.70411749437016
1.57300791243736
1.66164283778741
1.94648721302188
1.58767427071685
1.60593300904015
1.8246528484075
1.69461867207542
1.37520363531653
1.62860072597572
1.70474935808912
1.47766191812263
1.37888408066406
1.46712053034862
1.58362955427267
1.71658798497634
1.79090215263455
1.90816080548744
1.67113175764365
1.4909847504789
1.91628573824019
2.12439143986729
1.7788212699707
1.67541906607755
1.65892235870804
1.74426073312778
1.48182243637387
1.72823113019171
1.75993865110375
1.80963366614758
1.91042640786017
1.87640222900123
1.68523781483785
1.58154416664465
1.39774864055691
1.98936871429933
1.96736042007456
1.46615416893605
1.80716124531914
1.87079007239377
1.58152665760932
1.6988908814363
1.68350346039811
1.66525268203685
1.48260665826959
1.52401011072929
1.48038982768109
1.77159174169331
1.79563925010466
1.62026869276241
1.66403883205988
1.86292018345679
1.71945485115632
1.63580481285481
1.84327604003711
1.80696036166753
1.70872094877812
1.34747529091017
1.7855627925381
1.9741999626408
1.60829734894732
1.54282108870713
1.48149649795886
1.68268305101366
1.79930352627241
1.80998676652321
1.82799203577424
1.56895281413123
1.55573138294661
1.77090082541656
1.49008853382134
1.65223771805155
1.56855604497241
1.67301212145701
1.63735904586785
1.78168079730787
1.3250508957145
1.69185276396023
1.59220700318802
1.47948180217772
1.68999208674381
1.78504890734731
1.83379714185501
1.85089645513709
1.85945179732957
1.72618759895878
1.78187236055613
1.85417023286201
1.65033460108663
1.44422236882841
1.82983228821146
1.65138874151702
1.66550757709873
1.73731353469866
1.70233111910298
1.70581389418624
1.86594500830375
1.69437513377652
1.67372798365133
1.83252849442527
1.7912397548079
1.66516104298678
1.83681992417191
1.71828078560883
1.75657771191841
1.73072983646411
1.67515925082967
1.76218166087211
1.66308609539105
1.82240191016892
1.75154115504796
1.73492963499252
1.96280640808544
1.90334886404248
1.82056158592881
1.88729890624076
1.82221940109136
1.79066667856016
1.81678294877874
1.82568126027987
1.80481734313317
1.72920858412408
1.75963409612211
1.81209296472156
1.81974784001836
1.83492083980142
1.81747243502633
2.00268833801182
1.83071490033267
1.73932379572217
1.62267659360991
1.80557877046654
1.70512101012075
1.6961884965998
1.73789079570172
1.79469198362395
1.71216086562833
1.71032173431651
1.71683922019379
1.77130341592019
1.79344173918015
1.80522354206482
1.86499469151058
1.76899722408508
1.78555108532656
1.86019433128128
1.59347094194674
1.66844061827665
1.81647077529567
1.86792142113588
1.65559705675854
1.80250512213296
1.71069334663909
1.94696083529739
1.81315142262739
1.89387863368576
1.88343020733767
1.8452992091645
1.6494640885234
1.79197347566175
1.84693381235113
1.86422683037787
1.78093422074649
1.75022394471749
1.61732177091102
1.75311333233756
1.82458542417005
1.74300551200533
1.76706342875394
1.68702833999559
1.78592431446364
1.67925700716274
1.61811048926105
1.66255836197768
1.48897603254792
1.84162325409542
1.86816843805173
1.96928762484481
1.95452537729631
2.01952103214111
1.7969243951395
1.61872853418734
1.69873095505323
1.91074156798156
1.89128873710206
1.69671868175744
1.51729117059162
1.61130500483987
1.73320533742484
1.74814944739806
1.76066650422598
1.69487307071061
1.63320115307163
1.58651814692811
1.75567323322663
1.79198229115722
1.74509436476408
1.74752395690411
1.74929917128563
1.76087869077595
1.78854775872734
1.78739978836101
1.71215353146099
1.8627339946237
1.85244914948564
1.78395448507208
1.64725006306858
1.78634265924951
1.74988224901261
1.76320114124109
1.76604272585981
1.78036082290568
1.79121631193543
1.78930535594561
1.79239024643101
1.78401876268164
1.78918439249227
1.78984751376546
1.7882866282704
1.78842126668601
1.78818800302757
1.78991327015668
1.79377714572465
1.78241806727527
1.78317174141267
1.78676765431021
1.80296683073029
1.79975675545322
1.77742641948515
1.79771350086061
1.76383831586726
1.73809246509946
1.78268058408368
1.77421932597772
1.78066507219837
1.74736990228702
1.64756295132291
1.75181201456819
1.75439874610219
1.60339983913267
1.78663919432779
1.93386904696163
1.53704409983643
1.84788866050227
1.62970269054915
1.7204961493834
1.79519916015804
1.69996407095611
1.77295308092427
1.91636246975679
1.68099596200867
1.62625917308291
1.61565196499122
1.46783273136094
1.7349612211434
1.66600231038695
1.85155228854758
1.67011505815696
1.50767879059407
1.6186526086369
1.55905263494549
1.59058173099734
1.44188866604943
1.47375758865478
1.8911187269813
1.30461869859643
1.69750949826894
1.75041530622194
1.52252033917666
1.69503527281255
1.47493381133661
1.65120116071468
1.55730440835709
1.71043613738827
1.87573468949092
1.74292754260679
1.71964199966523
2.12091902496172
2.12035753692177
1.54029454953263
1.66869197192115
1.77690803910295
1.75275723418077
1.72849180730096
1.83298708678826
1.88572129697296
1.65980641668785
1.59269567715941
1.62797080688833
1.65322397383607
1.66721793146501
1.6842127666522
1.7056770172644
1.7960796840352
1.90607413429822
1.6938063509474
1.54623156815088
1.97996809038166
1.64692117013184
1.46514040932099
1.68608078393633
1.91044294001072
1.54947306052061
1.45772026018475
1.58942465304937
1.5424889570592
1.65746740996646
1.89849413940614
1.78790502472354
1.78279156817626
1.75215399867979
1.68485562449349
1.67518905712136
1.77206552759543
1.65886666300752
1.77809369702326
1.8366084399343
1.79827710083926
1.84424787345868
1.84284462363216
1.69777277734651
1.79311336629953
1.76434829285423
1.84616164082631
1.62731804394529
1.83191996672248
1.75177027335253
1.53172823666104
1.73669806126543
1.7080002356351
1.59523391099769
1.99861286707184
1.65269823178819
2.26785083608887
1.63938045561638
1.74786628261654
1.83620985857465
2.02548817164825
2.05407747947438
2.03667307937055
2.17390579316497
1.97412631784852
1.70619860852484
1.77634154814308
1.87670266887797
1.73158148822898
1.80754118735396
1.70465629431723
1.9317171994038
1.6885785399315
2.03778418647416
1.6757915047416
1.70899611140895
1.85510007094975
1.78210671386792
1.75387731067586
1.75181808239308
1.72333961496811
1.70768365341682
1.70787987522155
1.73202481916668
1.69861866190936
1.69826879599045
1.78134186419275
1.73855872980665
1.80152283511922
1.90304890335115
1.89681342968634
1.75033238994188
1.87400439617218
1.85979845961281
1.87387854263286
1.78130484092752
1.8079203792872
1.92313178405765
1.72317688900361
1.8915715686596
1.85241672993094
2.03187601601141
1.66942367508815
1.78783317111208
1.85428463180416
1.62215679539893
1.93420034141418
1.83471493212132
1.18288634862155
2.0109770240425
1.64475744719017
1.81920179244097
1.84967724132597
1.83384149737608
1.8248129192984
1.75162363651809
1.89769522560024
1.93856814468013
1.78493744119875
1.73432018535145
1.85284165442606
1.69244549229836
1.90287238283727
2.0223371048596
1.8062915571758
1.80153250115381
1.85456125692704
1.75411361062939
1.49082793729839
1.63397010824515
2.03064820017844
1.69835305030727
1.88275757902269
1.97058024879153
2.01517370042575
1.60500433146211
1.95534749525927
1.88764509002844
1.99253129339031
1.84954994233848
1.91769612213454
1.92314266917021
1.84295488515006
2.06487675111084
1.83580328439215
2.12294561366941
1.74398554312162
1.48149241383997
1.70183322561781
1.45675298724402
1.90296086975936
1.5648809788004
1.71772873094512
1.68211643043413
1.85992651355213
2.00415372417894
1.79031820832416
1.7926403303412
1.81229397238723
1.67425037121366
1.86630488272134
1.81242431705582
1.90079842167405
1.68945391434887
1.83396574642955
1.72678133477294
1.54729971030025
1.80262380119604
1.87461913896171
1.86202039476405
1.78471925785993
1.7069168165806
1.71616187973473
1.58216661999672
1.62048659655106
1.58616623042782
1.50623455337511
1.72649343987874
1.73777642568223
2.00454756173837
1.8234098518658
1.8478299288734
1.86025848905177
1.8521560970603
1.87953715727934
1.86744686665449
1.93475223507767
1.87713733482784
2.06102805744237
1.75426319835632
2.05159293995126
1.73283868305995
1.68365492825448
1.69054338393
1.92011455180034
1.76166388152025
1.80575040342162
1.81682804277666
1.78350595393374
1.84425048259578
1.79179138637424
1.77622049425093
1.7573645078538
1.75655244601428
1.66562858657796
1.78973374982883
1.80792714136131
1.50711650899776
1.63062262925939
1.66979639615273
1.99241828851293
1.55068910127216
1.75777359597552
1.79593042677523
1.70791450791081
1.71659118408494
1.69305766797535
1.85467471053566
1.66644795904425
1.66353734616772
1.72094985069701
1.92563029263363
1.73768871065158
1.80504089991344
1.51918559461461
1.95464120468879
1.77847344976371
1.84341545256972
1.64537446388134
1.54388165614709
1.91986630766455
1.68752985307849
2.10318842927563
1.86250882286064
1.69800971721246
1.75292877198174
1.60858150606693
1.74257109225049
1.60122232226752
2.07039527912516
1.53393922798825
1.60302091422339
1.48755580334875
1.75965640329159
1.86322255462248
1.98111444386513
1.74974541765425
1.69455286196203
1.69388153018039
1.72178015681341
1.73490837925599
1.73969115831603
1.79297562985186
1.71959068149597
1.77838854411418
1.65602474328128
1.75067555121575
1.71020121017935
1.77583396750501
1.77719441621929
1.77008626025624
1.68908562519474
1.69439015694164
1.83087771926705
1.79650751271635
1.58440101000294
1.77540759844126
1.99257316364003
1.8522204131278
1.5009819430863
1.86393813589865
1.59998604329165
1.933185220047
1.80322528183456
1.86327649402716
1.85514501872894
1.84185494096774
1.62466155454135
1.80658252756727
1.72587893146472
1.48770305941749
1.54140587331294
1.59623180201767
1.73951482492785
1.78886408268269
1.70321109043362
1.71365185506427
1.71499163438378
1.71929493815936
1.70578456310633
1.71782206996237
1.71636234504178
1.70634586602838
1.70997918166092
1.76239993499072
1.84757665670832
1.76592449904645
1.79303377703813
1.76522120621717
1.77093159571567
1.77403928615062
1.77081569880227
1.72873030552041
1.75375070276935
1.71007375615276
1.79090585215717
1.74623760260358
1.558719773109
1.59257642887462
1.83616147588407
1.80246893323632
1.96297031403566
1.82689843439554
1.50911055476619
1.56346893718504
1.82372637051873
1.70840772571976
1.70627432767768
1.64846753417126
1.68083222175854
2.01132670215828
1.53005711841178
1.87378795095928
1.77101078748275
1.59364672509232
1.69495639612415
1.54842090812623
1.86731789764982
1.78702397911537
1.71541858838177
1.64354231962731
1.33722704154768
1.66829503383074
1.77941926654568
1.83026400932312
1.58527941172393
1.98818381106833
1.59406075376955
1.68483689112026
1.93045205871733
1.82103648266498
1.84901467715311
1.82299728979024
1.81405989372212
1.54543953670646
1.82200569208569
1.88098151694785
1.79861862150891
1.59629388633165
1.77092988301233
1.74621761426607
1.79396111835803
1.79937646945936
1.77949027144321
1.77734631138899
1.74705203625913
1.71820309284796
1.79390352545352
1.83813662545878
1.8607732912188
1.76720900824385
1.80622925517832
1.61189128521773
1.66726442863525
1.49200688961459
1.89396018872468
1.84684298786984
1.46704071781904
1.69257333860267
1.65573398825611
1.60740469781742
1.67573020119483
1.41370002837878
1.9126681718074
2.21636589739044
1.64707661210621
1.38153323375492
1.73875725019811
1.90921492944956
1.63333912372091
1.62407649252832
1.65526638471673
1.73019590803828
1.82257109692836
1.73056928297003
1.80676520207676
1.76704331339809
1.74441635850273
1.7280194278643
1.72495938362412
1.78743102822257
1.79004373156393
1.70691858385756
1.70367425912789
1.60278172518481
1.48862123863173
1.52129537462357
1.75496016778347
1.84015099505088
2.16208391180792
1.67212770129301
1.51555489954697
1.90831301537586
1.81461648012649
1.62414901723065
1.59974437611501
1.71794284478105
1.77317748042881
1.80296018090501
1.72001909092281
1.74661447288893
1.57701347761886
1.65955592488934
1.38670354320775
1.79219950480946
1.78989856294247
1.79638720837327
1.69193795741128
1.63458145541653
1.70386248911046
1.66534910853342
1.70567065385779
1.67721326956124
1.60763940380034
1.68084741305435
1.65465466784136
1.65325692905902
1.76003285035781
1.52119941588804
1.7397223202191
1.73176034930389
1.77091667331205
1.70392646162046
1.60691841354545
1.50850340648613
1.83177690294322
1.57963629873822
1.97690132286962
1.82901133579171
1.73640780069538
1.81194550935271
1.81000517467811
1.79165620820091
1.8182633172642
1.52175963376827
1.63085556959825
1.58592090177969
1.70696264298689
1.79498024766997
1.88850096834259
1.83600807471086
1.90041683689974
1.86635253762402
1.79663898788395
1.87619425806086
1.91376900143804
1.69457667225409
1.61555945529344
1.66696993569967
1.78972430446866
1.6926439477952
1.88225793403828
1.91771708079537
1.84200119204434
1.56661479451837
1.76377253789074
1.843427871887
1.50963639076272
1.81100580042135
1.71702886481058
1.82293606725088
1.75361317129017
1.75337326360969
1.65391102095795
1.56672216828983
1.41460654707127
2.01904041162489
1.98608069364147
1.51904696583918
1.64588555837169
1.41790539684544
1.79149466860533
1.97449558572114
1.90913419328442
1.73970962955767
1.633369378075
1.78194722967081
1.62197584389649
1.81013984678736
1.46283780772479
1.49923631372032
1.63204013141108
1.70653112751738
1.72162288455416
1.74160883963701
1.8484978443371
1.87681751363596
1.62900652547152
1.88947550244266
1.65341953356472
1.84934206114633
1.77151033704799
1.79911644823546
1.72720676119019
1.68227588235644
1.59906934039167
1.74896121808024
1.70592121516576
1.82252779771345
1.79670867408115
1.92334210582719
1.78796811366171
1.7773761556018
1.86089458780594
1.81246496225671
1.65371356774305
1.97697141859842
1.7491457193867
1.60928592821003
1.7226980264896
1.56574490149003
1.74772103744705
1.70995126842256
1.73534584893777
1.73727326713946
1.73508850449621
1.72392439285968
1.727127782738
1.71965374340273
1.72703240378809
1.72571095474369
1.72362430700945
1.72830431501351
1.72854585864503
1.72734797271877
1.72514005363202
1.72647008441215
1.72689003547918
1.72764755911424
1.72625550522748
1.72595766413854
1.73182168214556
1.73021848255753
1.73551241297824
1.73106101480292
1.73228930298839
1.73090639192021
1.73791854092471
1.73843903362487
1.73811810135289
1.73266280708291
1.73186870544039
1.72457287890941
1.72105487294925
1.7294488996962
1.70935939002541
1.74602898317761
1.73501471141085
1.7799924388194
1.69988628027585
1.70074771497473
1.6567178406013
1.61867241993011
1.46358249975071
1.63625890173605
1.61467279333241
1.87452015760431
1.66442566705145
1.70622069114239
1.42097209020532
1.72365050117647
1.64871309862049
1.77725405229447
1.79281337634925
1.74211602127124
1.76306953291703
1.91583819667966
1.53909884005123
1.70375136446007
1.73431822263387
1.79208294172174
1.83290667519785
1.82125992392873
1.80230788281376
1.76993614771607
1.88374635525783
1.7428028401156
1.77933766240099
1.68936186219965
1.49237504521459
2.01190393955563
1.93304778990013
1.720644803634
1.7472955459957
1.75113803162422
1.69619878116175
1.63905810168105
1.74214302981688
1.77522467438196
1.83482436238449
1.77572396770063
1.75564349732743
1.79401317058108
1.90897908799566
1.71511511145113
1.29690154551099
1.64673690952684
1.78148304810183
1.77991420229843
1.79514490815327
1.78983664359857
1.66627201769842
1.53339325579765
1.62246885963184
1.6210387729482
1.65926560925368
1.58608686639247
1.48116091040585
1.49475628312537
1.73225041062969
1.61241073825928
1.62989171698708
1.58936093717657
1.66430840773372
1.63821519092182
1.49519416614685
1.80062855918248
1.64395387495214
1.83892534784275
1.62752367351831
1.83100136807908
1.8476101615286
1.86202395475339
1.90549320371431
1.79744418507586
1.5780298077697
1.4879426632649
1.69411088228368
1.82124059056197
1.72707072098591
1.80367456880361
1.61105236568421
1.77837741501794
1.69162154641681
1.91520353177685
1.87032143156528
1.99258222310316
1.69819620783418
1.94696811162391
1.85174261855217
1.67456159739772
1.97140900183513
1.85218390969708
1.35281179565684
1.46933044748437
1.74220904048993
1.77712826039361
1.71798222488804
1.76224276877239
1.70453957151169
1.83748359216496
1.83968155188552
1.7248871360356
1.8652548661092
1.8956572447721
1.69775731542112
1.86121561740259
1.51533372624027
1.49257898609466
1.86167418542345
1.54621109679914
1.6332049646887
1.71147962565641
1.75542664913681
1.92525664363939
1.79937782282808
1.53379034773689
1.74285286709119
1.85402337931749
1.6850312855578
1.68354630351017
1.77238390911171
1.71723554747019
1.46676420495564
1.61530958669981
1.69748484725572
1.33556472049499
1.4987379664463
1.68567067024169
1.72152403913446
1.7406340077431
1.48118505075839
1.68409778622956
1.59592372783581
1.62585672215029
1.82602375597312
1.79248599651852
1.67641632377259
1.63048983770211
1.79064447498358
1.61295040636982
1.92702912157865
1.75930278611393
1.92173479031848
1.6138151417968
1.88253587812902
1.84803803065553
1.66471031113231
1.78325131847062
1.73051101884644
1.88822522369262
1.59190630353808
1.45298284474893
1.60766539142331
1.68441531733529
1.80108154503713
1.85755423648801
1.82137890081687
1.74267319085632
1.51224894513978
1.46896950577201
1.66328747450282
1.79892306383418
1.67078353420884
1.66298088442803
1.74138244199572
1.70388528104086
1.69588371216689
1.76026472782102
1.71978328269791
1.68435817092308
1.7006635360573
1.72241010936486
1.7087375781065
1.65591281992661
1.7093677001426
1.98520862005788
1.90234352973492
1.71074388284095
1.77711875234447
1.82374344118286
1.70703132784867
1.81593823134007
1.83123471520503
1.77031262140625
1.86842122486983
1.89463157053245
2.00360835388905
1.76548018114606
1.74805476515337
1.67908116944544
1.76363305840107
1.65272191058029
1.91762555359177
1.71281243243541
1.62439778783374
1.90425358011468
1.62288672652022
1.94949362715131
1.71081308128683
1.57443234703572
1.69109900527726
1.74381232747588
1.8524208976148
1.74912374664408
1.70913303506188
1.69481100091504
1.84653148997155
1.85882275025326
1.92104688528739
1.92628288315028
1.66911083137679
1.68886947113135
1.83755818842428
1.57486487515512
1.66734526228488
1.73715468053926
1.77854953327647
1.90490596883279
1.86618261444241
1.80988808541716
1.83781453636084
1.72865517205506
1.75485287899786
1.75193266248442
1.7349276249206
1.67612209608453
1.69793124632999
1.89395919970208
1.62820410558063
1.67357256064135
1.76380688976756
1.87241140898615
1.65578818942062
1.86200420578404
1.8838802828174
1.67283843095504
1.60943434313468
1.62828551901497
1.69708270281815
2.15922710922848
1.66197823379075
1.94314783699263
1.72181166230885
1.61519072523668
1.79384684753386
1.66113287343032
1.57944115133894
1.60029333886415
1.86968449342839
1.6029829545106
1.72745048223069
1.62909566333099
1.66782890712162
1.81038467632898
1.33866057902264
1.64103686023751
1.72810338686314
1.52750650623765
1.83060044972008
1.82326459836917
1.64359020390594
1.59956787822204
1.66457641971677
1.93236598390649
1.70737652216614
1.71360038944141
1.81382086587128
1.82017549821997
1.74592286574515
1.75407760603645
1.77723762898821
1.71762330443879
1.74210617048366
1.79742327655786
1.77210164697363
1.78322709228412
1.80501831159549
1.88447810937889
1.85325460684091
1.90784466200457
1.89079858065661
1.83100734426562
1.76262517505078
1.82520575649127
1.85314550256249
1.77483159423269
1.78881997106135
1.69308395904391
1.72017001625231
1.80154238140867
1.80334380622881
1.80199817056934
1.74858819929015
1.75148376423143
1.75384750182777
1.77584771148136
1.75491180543768
1.80645905074674
1.8041687032232
1.79541853469756
1.63436059994684
1.52104889346738
1.68308233369146
1.61571877972306
1.79197486076596
1.75105433747116
1.84989041050988
1.6660590119053
1.88799529380874
1.77055923308524
1.66731782470334
1.78295831752299
1.71242808745884
1.69936559899657
1.69321397429432
1.68650030795001
1.76472313957278
1.82756026198475
1.7325778874263
1.79418875257641
1.84646999025135
1.8179727828901
1.84842388040284
1.82162609683487
1.8541802284764
1.85911578302982
1.82558682419802
1.85973536179001
1.81366906302008
1.855227419765
1.82540501207218
1.81892599303521
1.8586470486237
1.87696758147002
1.85738494449935
1.84550671241324
1.86063599596775
1.83487686574832
1.83559363277353
1.83573720382226
1.84284883948818
1.83595564528503
1.83969025979223
1.84337688357251
1.84514002107322
1.84201985667726
1.84506057138215
1.84627450911007
1.86027708145091
1.85875736968017
1.87824271380276
1.89117260570483
1.88819974630351
1.87961494725666
1.88734054258285
1.89877021355638
1.89189979858658
1.88903486684913
1.887429286867
1.83081903098714
1.85146414073501
1.8420249279879
1.84372990374042
1.83718832168034
1.84774077095136
1.84641908896938
1.83525096239577
1.82315802734604
1.83123170393245
1.83662695212726
1.84570570612437
1.84343762080408
1.84445008702766
1.84256970480381
1.84316817375968
1.84635541232699
1.85857811249057
1.83672510862322
1.85804014434507
1.84942929136651
1.85910852468669
1.85686458508521
1.85611059324821
1.86234358888135
1.8679672323714
1.83648275700222
1.8759780828377
1.87851060326062
1.8598477675235
1.86622280919974
1.86229735471295
1.87570990538608
1.86890231675827
1.85256002624447
1.86921017616521
1.86656759099953
1.87458787273701
1.8750040153257
1.87043341803115
1.86819134785184
1.86979381653275
1.87215531671565
1.86907516249933
1.87620858442069
1.87523163049921
1.8578669972828
1.87825928533722
1.8567960040898
1.8421478619371
1.84738701788402
1.84129341114008
1.87782061025566
1.8572392524319
1.78452766087678
1.82501989302337
1.78926785367344
1.73543602089243
1.71493837212524
1.83242347180023
1.75180649930884
1.82009351795987
1.79068303159705
1.55474569440772
1.7846711345471
1.70095944368157
1.68090675549249
1.90609438538973
1.8525665292324
1.7483312265862
1.72611268271545
1.72889876625584
1.70382568713147
1.66766209531365
1.71667754033779
1.71983238251401
1.72135732862117
1.72782924635526
1.73102547638961
1.71877663725617
1.71673395149057
1.71739130019183
1.71927967242575
1.70856343060527
1.70900061958388
1.71393238585802
1.71364664178352
1.70843420053115
1.73411368223379
1.71823488782089
1.69576838950595
1.71518552256562
1.7205970883671
1.73703607434176
1.73402585724103
1.74933787256704
1.74841322388884
1.65528495218412
1.74091308973157
1.81190555718337
1.82576695756991
1.87111022997012
1.84976478557481
1.90746625222796
1.69857557589073
2.08496129048813
2.24029452706768
1.65046823539765
1.94884356591314
1.86234029495761
1.87109300008521
1.59146995740359
1.73226306364904
1.78919837078204
1.79164633447946
1.67491367732531
1.75616767283906
1.73748786577536
1.77884727358252
1.8074793711935
1.73898985437874
1.81424824087644
1.76976726073204
1.5614851953212
1.63636621189598
1.53664890452848
1.35636860168743
1.52046490621737
1.50815259414295
1.71694934168597
1.73362072202055
1.70957275099003
1.64068766708868
1.69061243556336
1.77770719325097
1.80219695357196
1.70878763723102
1.68037513582718
1.55963733251842
1.80041846609289
1.71737454916004
1.79178992183495
1.64323292197438
1.78731359372536
1.83461626275319
1.84794297669074
1.78718896043956
1.74238378703263
1.77748994511379
1.81240485065312
1.79298863917062
1.78250043902882
1.78906527831765
1.79117771178306
1.72389192723173
1.66549127913004
1.84330904502714
1.80144946184572
1.71626070264876
1.8126630107284
1.75590061502785
1.53667740429708
1.52161335286971
1.9356384323142
1.92013276845238
1.83625628096409
1.72548219892388
1.74302247677759
1.66378499211786
1.81940680012908
1.74320531154318
1.71509672145634
1.70373799370715
1.68944360210487
1.6546062194011
1.73055639314768
1.7511433096263
1.58553060750552
1.69594909173632
1.9220439154632
2.08472048669236
1.5815710366385
1.69165916012236
1.73119661151637
1.74573130851722
1.69615797398996
1.77838321839018
1.85274818704504
1.77877381540072
1.74162251245809
1.69999669630591
1.7042325542094
1.87549786257634
1.85489008963375
1.92483317714143
1.92138432018805
1.88461391514256
1.90496414083324
1.90444184266249
1.63892417722852
1.51813841681139
1.73548059631441
1.66323230479435
1.56964305390806
1.78309071214618
1.65525377913608
1.74588054862473
1.94717522318202
1.64701442130932
1.78958129625335
1.95896753636806
1.94509618861809
1.71728627563294
1.29441772413389
1.9208515222591
1.77047715654451
1.72121487026816
1.91805373233161
1.45040708544411
1.6749554421784
1.92002388114348
1.74269407017412
1.97097364672208
1.80182512442323
1.87237392226971
1.78014918055938
1.59959892700279
1.68048473764818
1.95093107627712
1.62931096556819
1.7819863111993
1.88011484010666
1.63656013287027
2.05256999288797
1.29250914716642
1.4378558939119
1.54707332255772
1.76815914682434
2.03742890585127
1.76348261445108
1.53900245218948
1.63970911102151
1.66584129246064
1.49449389934368
1.50209432887439
1.70973178831549
1.66803170142373
1.72281397216338
1.72514645380441
1.87735784021105
1.65816781343038
1.80440216703273
1.35530319338196
1.63772708698451
1.79708607664808
1.64987109104985
1.73356233255616
1.54785663210398
1.69172429463904
1.69789792972124
1.6339463677244
1.75838223473273
1.44098425544849
1.45852463386974
1.80594215019472
1.67819020608068
1.77841137493279
1.93317274538786
1.71883156429346
1.80619114226935
2.0557638247419
1.99832618512675
1.86992618897407
1.54970928637373
1.80385678945172
1.54853621942894
1.83301887100471
1.77845200831832
1.74785235886323
1.54442627709726
1.65499288613603
1.63064350968564
1.75180724696577
1.92264845294213
1.70975251164778
1.83513469586672
1.93597772911365
1.6261975340133
1.79952132241159
1.67451386257357
1.64499447169719
1.64909548337203
1.73576481684082
1.62829239778998
1.99301129347535
1.62955087277782
1.71266179180309
2.0631664240761
1.87715208945012
1.95738748310752
2.03673454378774
1.99756457363174
2.07734082235909
2.04194526263387
2.09321746007914
2.11861332452455
2.0223950552822
1.9118709050576
2.10443600006818
1.8104654280437
1.8304751282553
1.81384468902929
1.74835805480569
1.82515383093483
1.79339190844661
1.8098293035008
1.79759611015553
1.80714184985176
1.76417988788839
1.70625375581042
1.67796144034285
1.65689373274203
1.63495617653809
1.86310292771492
1.83816966810537
1.59184009011575
1.81676029806008
1.61864313366808
1.74998283511358
1.88278908871646
1.62152957497068
1.47596749122996
1.86338756852664
1.72610356327037
1.88940388382132
1.76740272530178
1.80104656218654
1.72622117279603
1.77102984960537
1.78937766953795
1.74082797913192
1.75015375339777
1.72637662426302
1.74498105092016
1.68148134767136
1.79126849046194
1.79065139695891
1.75141413559472
1.72058561274827
1.67305040230105
1.67884537589523
1.65316168022907
1.56815358625358
1.99373779971451
1.73307984737716
1.61767947473391
1.83857368829041
1.7748957837135
1.34181263080952
1.64354911989888
1.83069945164709
1.73516171410395
1.69421954226385
1.63464347294669
1.81131768914588
1.66700427159692
1.82644528174068
1.90705901697957
1.8956367626308
2.00641949039421
1.87011576072539
1.88863336555408
1.84434091875575
1.68805590197184
1.75155892074627
1.75755435909217
1.75248427523676
1.42758857303369
1.84805897394342
1.68996144970836
1.51673335442088
2.1584247212608
1.92998741249845
1.59114558895574
1.9137512671195
1.95885992399475
1.94082811372185
1.92265416004763
1.9793070336478
1.92874110589487
1.96343295512141
1.9412182646653
1.96868304964117
1.97242502036868
2.01706791476679
2.02141168259938
1.97016831053581
1.9487072155959
1.96008941427626
1.94986865739408
1.95197676374189
1.95473116211788
1.9394021878416
1.91635691554513
1.94475137384049
1.93149976920276
1.88368560361219
1.9233124342343
1.92222699888216
1.91746655640794
1.9148997410487
2.04916621027028
1.72581132946865
1.54475277110872
1.64451395430217
1.57990537853241
1.57060508085086
1.71066554697089
1.76079367075665
1.60310056391818
1.43752003420383
1.81353373846935
1.76565449300829
2.04219916184097
1.92968604363251
1.62699661447095
1.56362005489078
1.71093257801339
1.72878082669123
1.7472379624875
1.81407503909917
1.65484192914872
1.66608144565633
1.42338133727642
1.84579933864558
1.61241002545385
1.5564483361327
1.744858144054
1.61914296246584
1.6573264404602
1.4262858628528
1.5888990262667
1.7097017985203
1.66256100032046
1.72479858262749
1.71064254450856
1.81716639741916
1.75147420936011
1.2738082192586
1.39343666529934
1.77667312045019
1.749801475848
1.51079055684539
1.72887337270318
1.42882352851216
1.46457847760717
1.72781144329082
1.76272423043697
1.50584032075958
1.76255197307824
1.64776924751285
1.70752405130411
1.77718583937262
1.77898344727699
1.7282569933004
1.72299090553562
1.63610958567018
1.74762772327026
1.75611370257734
1.74606300256741
1.73403596870385
1.75258971420177
1.70436051615253
1.71678434600685
1.71991269690918
1.68718998450697
1.68628966410043
1.59689046781115
1.72593939163684
1.70746672774058
1.69029615368298
1.68513090567364
1.63042398497159
1.62059000102165
1.76866634533491
1.93511891242048
1.43078078670903
1.83425647637829
1.78495810468747
1.75512055269551
1.81117058122471
1.77659958741732
1.88468218023835
1.84556224448258
1.8517435643515
2.04753792890577
1.96479214998617
1.89096151301152
1.77453436393747
1.74174535316016
1.82890614491637
1.9078030150924
1.6137198082698
1.85885065828544
1.76780651299795
1.61277041107871
1.82257563986392
1.64693637081086
1.73220786537853
2.07249965782917
1.49524102816893
1.42793201921026
1.81649940125166
1.62802590320574
2.0653897306373
1.82350163216163
1.80735852750989
1.76636993680514
1.84176126612636
1.83390633330249
1.8283887426655
1.82064709698856
1.79776706968382
1.81200215005888
1.80169591679659
1.79689795608402
1.77162623697943
1.79452583263774
1.80242944769837
1.79033531434154
1.80198733105439
1.81590401862358
1.77617405015375
1.82232818858418
1.77584999436859
1.79090299790459
1.74517313570934
1.79344488807623
1.77731685537498
1.80050145902617
1.83858390189168
1.77799619267116
1.7926200715561
1.79140006873433
1.76010576092419
1.81125763920295
1.80788121858648
1.79350872317012
1.7217996141823
1.90280458199459
1.52260610622143
1.53119145232387
1.59912957522253
1.85029528865082
1.78123596962503
1.56723994084013
1.90017682536201
1.46726464894631
1.44631020717942
1.96774236415994
1.72448796787793
1.81582613965614
1.4257300784893
1.39967995205893
1.72231698345419
1.49511152658168
1.79928732676976
1.92613281393894
1.72054139996468
1.58668367234187
1.55721281876134
1.7125541582018
1.87705766413955
1.52005829340925
1.68389929393022
1.66785755070755
1.7750657779222
1.49179371884189
1.61189262644688
1.67801233245565
1.21975935068003
1.58519487287581
1.69152899296651
1.83799352591645
1.80823199362991
1.64057576191733
1.86281302135261
1.75505864103366
1.99855755399274
1.35588342422329
1.80222239146724
1.4186095524118
1.60199713010085
1.81140680522929
1.66192974811351
1.56490954070448
1.64808813714535
1.81880297344308
1.9564255643838
1.74861578714182
2.30079487417974
1.54690534064626
1.49030605981946
1.57594010499178
1.36681848897817
1.60180567435459
1.34907271547459
1.43481588952182
1.65216525051681
1.68043230936885
1.80776058725967
1.71104928720606
1.89236846769012
1.7200432051979
1.70157086385961
1.47894328410817
1.8725260860352
1.54112708008439
1.71711027227459
1.74039956694933
1.63624613336535
1.95549151885372
1.96550062280458
1.41183077839668
1.94486505586219
1.96664035709871
1.76832747812158
1.65626744447807
1.6867227647892
1.65510794855201
1.6987413120678
1.69353555600509
1.68846177270384
1.71087893627324
1.68401029656777
1.70454500590654
1.64915521563243
1.82982598649014
1.78441988732155
1.80321503183508
1.7839092195263
1.79691515534694
1.78021426368101
1.77348869776538
1.73359547477362
1.6561554668508
1.71356436905176
1.73191015160075
1.78107962771481
1.67797048124151
1.68231259209184
1.66236603601784
1.7087844733717
1.61376691471024
1.67023195945273
1.70751473350718
1.69890276325145
1.66710535658992
1.63981656543674
1.6216560725833
1.65892321237016
1.6891819753003
1.70762600054326
1.75517091742165
1.73464230233002
1.53333329893156
1.67454935995667
1.4766927221936
1.82077503365633
1.67349532530127
1.67002792896555
1.49752541606427
1.80396399278237
1.93173079278065
1.92590349323095
2.04485052588163
1.89077856103727
1.95153767260149
2.08683337463289
1.80857662295513
1.86496607296095
1.90133758567531
1.7679065537165
1.78604696992409
1.76960763736704
1.7639700107952
1.75091426923981
1.94247406661187
1.74684584959205
1.75239636232139
1.79368300899273
1.77259930008933
1.77158408708605
1.77649656404413
1.76822687181249
1.75974150776109
1.7703083512461
1.82140558375037
1.71897576288721
1.77025171927686
1.76346777734246
1.59856934607774
1.84820892710883
1.59876631621757
1.72218074715583
1.83439419503968
1.88205879120249
1.72057557403591
1.82851867915983
1.89201648286846
1.62512413454361
1.46992991922337
1.79147279003454
1.84958731034095
1.74351391676491
1.76389127415671
1.83167729471412
1.80150525496677
1.66994307952973
2.06954568999293
1.73084873955264
1.57218970984089
1.66344661065664
1.72718833946499
1.58530838109341
2.03433851897194
1.80308875748539
1.9595669005532
1.93792423585187
1.67221984143943
1.5833823375032
1.58783503813051
1.61692136160454
1.67849096332984
1.77057055468821
1.86072269892537
1.81350817014892
1.75994987294263
2.02057242844944
1.86782765201548
2.00290449653963
1.66195061959285
1.69246969145015
1.3034759657779
1.41099333405267
1.81911327329398
1.63424881454023
1.56755286528459
1.72653519379242
1.93295083636031
1.93056943049898
1.79497729889775
1.76539543070749
1.76356249746664
1.82428675077692
1.79610046181394
1.88875412725279
1.7761477023621
1.78610647708365
1.6260673542638
1.57462884255937
1.59966348883407
1.64185659004612
1.8744434308018
1.77863436383596
1.85877557075063
1.81102542953785
1.58106942878079
1.80356720523379
1.77843891023793
1.79914711784966
1.81391254377211
1.75393266848762
1.7995070802179
1.8521448864282
1.78752646555962
1.77794733389497
1.76995849436233
1.77361614058135
1.73517729340086
1.71520917376971
1.70626114693453
1.74506447536203
1.74601179050802
1.73847896988906
1.74200542944801
1.74822679341287
1.74778642228426
1.75090029713612
1.75423989492799
1.74100347772903
1.70605498774245
1.7137668949392
1.7918866199616
1.81964166549661
1.71541087445214
1.50492537340495
1.71419575074835
1.73378215305764
1.73158255553386
1.72722476050563
1.71224337532963
1.76991503121402
1.76522421931135
1.76655164337222
1.76820446875595
1.75713563940274
1.82235889745556
1.8476454927703
1.90356112088073
2.02196767575725
1.98635149398492
2.01776053095903
1.73302271215457
1.89353867874212
1.80234879794028
1.74940454602064
1.66124700241427
1.81203758811167
2.05868114388836
1.99370122033496
1.8980241166086
1.51835164196456
1.73315703348809
1.68287735055088
1.75397028436925
1.5703856654926
1.88469720778936
1.67971341620533
1.52391465998485
