0.0883250204147771
1.73107018399417
1.92157414713088
1.38974747234249
1.95829494799748
1.72024256482149
1.6332620116514
1.90536553366273
1.69668926732581
1.72659991934416
1.79127080665142
1.729204253881
1.90761635224917
1.84596050849789
1.59010577798689
1.64674351038482
1.64525686127545
1.8729188805826
1.83657125527166
1.68743007993217
1.59858620143788
1.52254562571703
1.59114234995696
1.75087263593554
1.93043153311674
1.80616111424256
1.72809685922252
1.76415887471252
1.66099224752298
1.74177235259393
1.66190945388549
1.79054160893868
1.71992477554478
1.77184684023406
1.8260641364951
1.80436607404751
2.20311018289663
1.60192444407075
1.68151831714132
1.59790129963253
1.73673555701687
1.89875938758089
1.78143964441037
1.81416718110779
1.80879437494264
1.84959420936212
1.81556256442675
1.76084404306518
1.8163049165862
1.84025541465797
1.85814166294129
1.81376560080026
1.88917684889019
1.90294455006935
1.82197502641202
1.84081325213855
1.42826573624463
1.74627531987735
2.10755298711791
1.70415080169719
1.66859558361329
2.07279867729741
2.00037073642576
1.88395636930129
1.98261269233974
1.80868383831955
1.86336526556339
1.87554179109482
1.48420050216709
2.03496139731424
2.08829897379732
1.6537177744203
1.58984913710932
1.70027355785645
1.71627754858813
1.31419342905431
1.61256061869694
1.7996951217173
1.72820664063545
1.70547836123388
1.61059099877031
1.92532638668271
1.81225945139991
1.58818124313736
1.69454224505502
1.62378546720437
1.75279060334236
1.95515518386807
1.96640108111933
2.00956126325018
1.9786663688291
1.97143388337945
1.84259645109946
1.77459643863872
1.75609300157622
1.85534317119792
1.84276767394153
1.86922339300287
1.88820935361258
1.69679956467153
1.72618166865472
1.73072086044667
1.60317497312816
1.57143042682375
1.70063096425254
1.72423022567897
1.65693287970232
1.75525104944227
1.82438397853907
1.69183254444561
2.01712814814602
1.74734927626915
1.67389852807253
1.93231136425631
1.74838710978963
1.64757766104983
1.74261071439986
1.83557870893581
1.72344563523519
1.55205720899356
1.78987708887658
1.61913656814684
1.90235371729232
1.9452268207247
1.78816998363536
1.52740844242232
1.57774088641292
1.70578333282867
1.76057257006802
1.83177780014244
1.82503941487632
1.84784693976723
1.77315015203061
1.75534597877364
1.75267165654348
1.71888374830251
1.68273775285894
1.70011216532445
1.75671578694184
1.77233713618813
1.79068615003629
1.677443477107
1.64469038429441
1.83192447489852
1.80230999885475
1.25767480612285
1.91749106835492
1.88018323281975
1.72243783046861
1.81108757651531
1.72516782674066
1.84028966559474
1.88196777281408
1.85729037785459
1.75517489290866
1.70294356755127
1.89122318621085
1.84542675725933
1.78979530877883
1.76861699175154
1.84360792499996
1.75718614088672
1.84875757707646
1.86830725428724
1.82320761334399
1.75224224734322
1.81319918926107
1.76640331758141
1.83496692523143
1.74820254818756
1.7516322851671
1.81882018307234
2.0058542150352
1.86750944317732
1.55340314072364
1.75063907086267
1.67903728213797
1.64834799470165
1.73804310557174
1.7158622975755
1.71999618851683
1.71332341488019
1.64693911315938
1.71790416384301
1.92869869116086
1.72358353803229
1.88014434306352
1.41037983522853
1.84018693329026
1.48035194039314
1.75699440671192
1.81147226484283
1.71181246526516
1.70495948944422
1.65113614862896
1.75665592925295
1.7599304228673
1.79850494815439
1.70247019723141
1.93113769691872
1.64237772670693
1.78956725257086
1.63237795123856
1.61509412284919
1.55928776689392
1.50091525498139
1.76795612059589
1.79117498817677
1.53511852694073
1.86943069323625
1.84384261467642
1.60414602091424
1.68478643849286
1.79094334351144
1.85659466591619
1.4593005489259
1.95833054933196
1.87389818624255
1.67921563013266
1.87984565490718
1.97111371171764
1.66517115786794
1.86235094216113
1.81137165586997
1.7135559670065
1.75509373762992
1.78997491559818
1.94708690288732
1.54423690355528
1.68588323472056
1.87406594259661
1.64728828544419
1.74763524196633
1.85787581124812
1.46073569452428
1.84287287817696
1.77082281402354
2.03067741901651
1.9494938018486
1.78795438259321
1.66689643750123
1.77986702003836
1.9533787951153
1.6019394487142
1.82903711720107
1.58909178498867
1.75772390258185
1.7280889401591
1.80272469688066
1.79179365101797
1.77937028449322
1.75310685098048
1.84267166000594
1.66383475215443
1.85678319738142
1.58966668995607
1.67232857170758
1.50423996208938
1.60682067803738
1.7129866339272
1.66870894583692
1.77091812925428
1.81643293349264
1.84927698181289
1.62362648438463
1.61093237254152
1.98025149579958
1.83314308619035
1.99660313434595
1.68581454960035
1.72394236102378
1.77407537870808
1.69529145029997
1.76925423878805
1.76597749631616
1.74798656804725
1.7695367947533
1.76232727173224
1.76139972175245
1.73401746172006
1.77766448345841
1.78424189961613
1.75975894502006
1.79872085118313
1.80574318660954
1.798860298445
1.78721686591774
1.79871349498944
1.71909316795161
1.74790678954142
1.72095776046312
1.78364311052354
1.60404920779151
1.65774304073966
1.82761910113607
1.79122370729018
1.97960333282248
1.6791305763423
1.84292317628561
1.96260975235764
1.65311348536035
1.74699834561844
1.70070215616928
1.64244941248154
1.65558821932167
1.87169806134325
2.09570581658323
1.6814897614741
1.81296480557835
1.80483004286192
1.77540227181854
1.76853611359394
1.78452242740779
1.83644376310426
1.6585626743444
1.71870853494084
1.86381140970831
1.87244391954984
1.77332325059418
1.71188808925396
1.81047460569378
1.79173122109898
1.7964312382581
1.80679052154259
1.81572216236282
1.77097173679187
1.7623817694684
1.80280421457324
1.78325363099565
1.72470163909752
1.77894277064182
1.9213810367112
1.83346242517402
2.24753248624164
1.38653065310551
1.84550715721626
1.79156064964946
1.97299484471425
2.07413123260354
1.78742580731978
1.86168728834187
1.66564652489976
2.01968777342376
2.0288757072619
1.91147398804119
1.74712460477476
1.74568837294797
1.77129486773069
1.77169847022733
1.76542487108791
1.68800692491456
1.72794889957945
1.67361208540664
1.73004673741606
1.70944289903825
1.75085428278096
1.73050587822828
1.69130815690161
1.71734004348335
1.7171172612377
1.70271521575293
1.71223788334612
1.69321445466537
1.71633629534883
1.71654462876808
1.69711507633811
1.72976186051924
1.73254802437355
1.74074702617471
1.73092767159759
1.74804450565119
1.80556653334885
1.68696532567245
1.82288664077399
1.7874356458104
1.84794570599668
1.76697933721799
1.98665780307087
2.14732236675429
2.10295258227099
1.79338422452843
1.69940037076876
2.06862515273058
1.67620676021971
1.93338798590069
1.6584436828145
1.75934917701353
1.64043948838468
1.77613178797199
1.60268986857868
1.64178577124744
1.78078859942264
1.89894904749789
1.78192038740135
1.73632466888565
1.6487475638998
1.76561154067653
1.8232515687136
1.81064360996324
1.76706024971237
1.84780853966954
1.84795098728302
1.92122798416331
1.85471874491234
2.04805080246345
2.16800459774094
1.97842872562771
1.73390649571838
1.76299436234548
1.73933283476211
1.5547461292149
1.68654845309828
1.79656535294953
2.03975402719024
1.65287693399296
1.71641256077974
1.59129849013331
1.81045895218472
1.47813549577174
1.57978641754846
1.71392237093359
1.68544804754117
1.6994832983043
1.945663003007
1.9128521993401
1.96935130477612
1.70580530384108
1.80238672872376
1.74112112093375
1.7390291023625
1.68707726693062
1.74672131224323
1.76481423544301
1.79908440133608
1.50505136072948
1.70604726617191
1.7195161974561
1.74399661888297
1.5721273363998
1.52457337861598
1.74970432500167
1.60059011309079
1.76015254378978
1.72474227186174
1.74380536200087
1.8159345588394
1.75952419881685
1.71033968040091
1.73347888952159
1.69126321985105
1.70706759282428
1.8081923649079
1.77405461109058
2.01176259393979
1.65168526325491
1.58530032044913
1.7332076563044
1.74558338597679
1.75582638411681
1.85146509113073
1.63513421316416
1.90424901635153
1.85002442953764
1.57792962593051
1.99442319870711
1.73054792549566
1.63743675364673
1.67345271859695
1.72765730137362
1.75071691072534
1.83707828426588
1.59327613257531
1.84898109608496
1.65170307559875
1.78642893139752
1.90609336261509
1.69601717472649
2.03358694252414
1.92848544328279
1.8423016420703
1.69985447863159
1.75742748993368
1.71455550941596
1.8132486547064
1.74095046920118
1.86363499229951
1.6193299555576
1.7719946420818
1.60873907863656
1.63333076741549
1.73641006936843
1.57831250670143
1.8602705620365
1.76575856594227
1.69150537724952
1.84009763738775
1.76136994728074
1.62904748586054
1.83133055690468
1.58585832278922
1.7728260438675
1.89795991844919
1.85711668162675
1.70492887927576
1.75249540855202
1.79676896942945
1.75346936381174
1.71364200060105
1.66472263416012
1.70756916101954
1.71288279046762
1.78697101997794
1.82120187028861
1.95663270977514
1.81760581914424
1.82083404719428
1.81637491390558
1.82875080144199
1.83214540597258
1.8217724073129
1.78075004400707
1.81868092872212
1.80067580401564
1.86977403443668
1.91452412306878
1.8212419035033
1.91319390031576
1.8784555220319
1.84699577820209
1.92430524771451
1.88434048474334
1.89066086111993
1.89261892027142
1.90237026657121
1.88983338593858
1.90874007752823
1.91155543103492
1.90847336445406
1.8830128660517
1.8945264529311
1.90344784193531
1.93749968457603
1.92473749287543
1.97385602480327
1.84477075496463
1.6989685002729
1.60038027437575
1.8671187467515
1.79049146271504
1.79484436045443
1.80074547026596
1.79070959809755
1.79759451321061
1.77915508166202
1.79153497354354
1.7930159516604
1.79581493443704
1.79713126213601
1.79491923954628
1.79493004986011
1.79099593767356
1.78861328051838
1.78645538209064
1.78734005594515
1.77976831450465
1.78147521148694
1.78886068317051
1.79044869189886
1.78511882435672
1.78117528264551
1.76845322349021
1.78457441948705
1.83247463223819
1.78602698051719
1.80685803038576
1.79938115804188
1.7675102940835
1.80703128846092
1.7762344963243
1.79542386480849
1.82551212370741
1.86387374651816
1.83573369514739
1.8210564924228
1.60034691036617
1.80630657014865
1.87033250895999
1.80624051035872
1.7732074174648
1.66842490707999
1.76378823187492
1.86369734851484
1.88877164195769
1.65429390720402
1.34827716681801
1.73041107943083
1.66967981816237
1.90675502157114
1.62693045832187
1.70233847639558
1.77985433990706
1.67254067150941
1.71113257666307
1.74697862759493
1.74438759539026
1.74241995517129
1.80262981177318
1.79177848705841
1.80329490060038
1.8185750921955
1.74885992237844
1.76025485160994
1.77722787189949
1.84242059500552
1.74404148194875
1.78458235328775
1.71634769776135
1.77333888807525
1.75449887882805
1.7537187133243
1.73407582972337
1.724304262444
1.77341657347011
1.76196949271943
1.7426404686653
1.76010485923235
1.74834622259795
1.75581982711556
1.7432658076124
1.74946372122737
1.75158294496001
1.74996018925109
1.75907399229203
1.75761459466486
1.75942764057533
1.75902743581377
1.77665856268036
1.78042228439426
1.78964700241941
1.75896368477896
1.77161406666954
1.75714324992685
1.80759909789988
1.76679468845928
1.75632001685386
1.77188806992664
1.75246149540526
1.75666587236739
1.76017389439632
1.75744427015281
1.76744922411891
1.76017580854077
1.75378491207549
1.75427392681286
1.75012329868599
1.7878790727115
1.79236892841217
1.81524291714756
1.83023171078208
1.85489330563391
1.74189763583471
1.7880950870354
1.8475869464224
2.09143049114391
2.18654926725391
1.80682385601713
1.89723819582789
1.81822205095915
1.98097011964408
1.86952125500836
1.5972554547323
1.71097167200434
2.16638740142291
1.91196053590143
1.80244779998846
1.80992593975662
1.69414927325067
1.94876321888687
1.75450083666774
1.71705026459914
1.58019241995632
1.78182492903655
1.5695054211376
1.81579590376161
1.82041065986636
1.86736805773972
1.83388981299019
1.50387045681441
1.70043115358399
1.72736275376779
1.62808389379754
1.64403038433608
1.7017455186295
1.56899341171194
1.62089524436816
1.7735801554985
1.78710452993276
1.6543260065066
1.90931949871786
1.7479851462487
1.91949100868603
1.51871538960283
1.62018656837326
1.83138441718767
1.54730859406041
1.70083821979576
1.81591736097672
1.75900829892662
2.06359218381911
1.66556926550741
1.86494769432503
1.82317362431227
1.87210278752547
1.94718250401005
1.74909432578468
1.6197588020557
1.90946225499028
2.0177465456355
1.66949621719141
2.07769303570242
1.73221101407335
1.95292131164764
1.77617086832326
1.6920188194358
1.63833286900662
1.79411705987667
1.59308823978826
1.39524438094418
1.85455547408041
1.61569998718394
1.49208779223982
1.55100991659241
2.03754489961894
1.90073217540747
1.84870649248172
1.73078166440836
1.76421398697349
1.84812872790525
1.91130234416352
2.05614182042623
1.73859618405594
1.8040541682077
1.81910168837152
1.66649722951603
1.67153860123752
1.62899254835794
1.74954303357751
1.65353232529373
1.73119990844811
1.6381702116453
1.80219195064829
1.76818762111276
1.77619892651965
1.73469711079458
1.60760551384757
1.80227809948296
1.755551226207
1.72194495432644
1.72510094221232
1.73627052340881
1.75705735313611
1.77860585016062
1.75983323733502
1.76721571096235
1.76172699317664
1.7695360226898
1.80144235305472
1.86475017941955
1.68255798505147
1.77839871829178
1.75494761252672
1.72174525762848
1.91823344120896
1.72261642467325
1.74811346609906
1.81755264808092
1.71188493335716
1.70700520614353
1.64313412223182
1.78295493200696
1.76340888168368
1.76561714636952
1.75492020436024
1.74029747941588
1.76765614693118
1.65457783757054
1.69344939307766
1.65526891848045
1.52935987063599
1.59639185275786
1.71931246424947
1.81290703794046
1.76037800220858
1.80567105292499
1.93160937772571
1.53968675812981
1.64603784885348
1.77789974623331
1.78632183826412
1.74556370405413
1.79628463190461
1.82663333064233
1.84135350449681
1.59006212910743
1.57158241335814
1.60231591981739
1.67026157585056
1.67395339992819
1.8282321932827
1.84075680873683
1.78874574198214
1.78574331513179
1.75907117252433
1.79245621099075
1.86160036866421
1.73581412356507
1.87771959875621
1.73524115637683
1.84504597922446
1.77762337131441
1.81359487625638
1.71939412432138
1.86709382417029
1.79798138500461
1.58896161470469
1.43054492490936
2.01009760146281
1.64736729761383
1.80853628887358
1.8535585458372
1.96584275502689
1.74934570924705
1.67680617147117
1.72013397370043
1.74463333962918
1.75307918170199
1.94572187110197
1.7383197439075
1.91605917555875
1.69560307719421
1.92779128187664
1.55721550216108
1.84544673101695
1.88668302550034
1.63419733177477
2.08737752504914
1.73432557346827
1.87000572105786
1.67774198617437
1.94611966934836
1.70490031586801
1.70972449596442
1.75958929664204
1.77941631827189
1.88369710245634
1.71139521657219
1.65856250537487
1.69505925566501
1.69271121243155
1.68773820571065
1.76402333693014
1.83748660296111
1.76100975707884
1.79386389016784
1.81864578555706
1.82781647607915
1.83408054450938
1.83588159594407
1.75425088999968
1.78559674566378
1.80894076722191
1.82466953833352
1.79285538908281
1.82848993124367
1.7832425050626
1.75160983142879
1.7368004123922
1.8038560462633
1.72446904682619
1.79377373517971
1.87167493482717
1.83402996290682
1.82062008290635
1.86341341196753
1.83308861853856
1.75037473551981
1.81483104290099
1.91238258963778
1.62380026882779
2.2293744500397
1.68811443344539
1.85637234372296
2.01756232136731
1.79209899705817
1.66245406651154
1.80674361978204
1.6791490017736
1.75851326339272
1.74933502820957
1.76652863903755
1.77639224839535
1.6620094900227
1.49032840694382
1.59481146565216
1.76334453948692
1.56768663816303
1.62219754046576
1.90966588350626
1.96567923079071
1.64841980173587
1.56819963045668
1.59655672828262
1.66015926206191
1.9396797583821
1.94930039172016
1.85835688295768
1.55015297790769
1.89405184844505
2.04713725695528
1.74492383641473
2.19393557067263
2.18023672433438
1.85815504955787
1.84944129606025
1.88726738302383
1.71099266281776
1.76477234008277
1.75816967587346
1.72101440103857
2.13175833664314
1.85753614792946
1.76327907733148
1.79799151157448
1.82876569895447
1.82408584537976
1.85704338798574
1.86754105410994
1.85120262258801
1.8762477293719
1.82124667361236
1.94034142074157
1.90031985487477
1.86294873722537
1.83466240545028
1.81834441687182
1.82655910892381
1.82456036204759
1.83203872670799
1.8197490523973
1.8231585166914
1.79118862880081
1.81070291353864
1.81511470450134
1.80438726250206
1.82711129037973
1.82946297830084
1.82069223764647
1.82265720429493
1.82161701784612
1.81718848314728
1.81319184299987
1.82183155268647
1.82995363859764
1.82305067728755
1.82815123492819
1.82962135201458
1.83012845953297
1.83690434574646
1.83782808150798
1.83501132895323
1.84066167580844
1.82436163914804
1.83792059377923
1.83457615552131
1.84244272486853
1.84489282600979
1.88103038181408
1.81649383545628
1.81897608282238
1.85248405670181
1.85850340378137
1.81493034288903
1.84829602509468
1.64361060520287
1.70134008995474
1.60082912788477
1.79821758719863
1.76320400646745
1.81803680357293
1.95429993729731
1.7965448748256
1.79998265064986
1.73528763404095
1.76003549911042
1.69391987056856
1.68387255683103
1.79358999840763
1.80142782044517
1.63443303215602
1.77967335846985
1.52424782995386
1.72397708100659
1.68913083989735
1.91924791733784
1.79763789747429
1.76695611949943
1.81630045926103
1.86162204730712
1.74769646525249
1.71388047995682
1.81433316775659
1.68346893520508
1.78064157564673
1.850587810165
1.74976101121627
1.78113857102161
1.67961462839849
1.80769793100206
1.87726847720226
1.80338794673051
1.7600681717074
1.90116859826104
1.84283926371
1.8919021892816
1.64508296798083
1.77597668695588
1.73352222349908
1.74540455024942
1.79021425510983
1.81978548950006
1.7185888234423
1.75857316418424
1.74801099967171
1.70156370959193
1.7621381319319
1.3236444866918
1.60494015672678
1.60893885455089
1.80313656639878
1.60261934138251
1.78143945332733
1.65684933119312
1.97438310721503
2.07156794398832
1.81782032239681
1.6874553662307
1.57871350024331
1.99872944532984
1.733055268325
1.93314194987998
1.99351304027038
1.77585965297045
1.67439011999324
1.61487673483434
1.71842552637621
1.65705976198415
1.5757014062477
1.78094490997383
1.7633207626043
1.80800074912573
1.7478656503091
1.67071567459726
1.72432880054821
1.5830992425112
1.66319267753653
1.73550107492933
1.63717971170819
1.83655011830436
1.86883439544725
2.01243729195098
1.80541995333453
1.63280796226083
1.78728560269326
1.69876482070286
1.68617000211996
1.62335239726643
1.58163004474711
1.68196979560122
1.5122062407954
1.76485290930222
1.73431506001328
1.6717758233201
1.72962187457156
1.70833248159137
1.93462874652029
1.78061128461528
1.89667991767458
2.0170732609607
1.82833464154085
1.72891695511102
1.71707073628186
1.69258515150125
1.65516211295199
1.74300372211865
1.85910676649273
1.73836853176099
1.80022333080721
1.82196679853978
1.63694774137332
1.92402447019229
1.76143468827998
1.72436651565352
1.8302773966622
1.7300726331173
1.761215584013
1.7784854966036
1.86650047385209
1.76201773046814
1.75458987776754
1.80152642932329
1.78021471309893
1.80667021196423
1.77699518583176
1.7105867064675
1.73712159755833
1.71352576156188
1.60223257869153
1.80865093529628
1.58457083701799
1.68291828784137
1.78462240885547
1.89882053831403
1.84581759075558
2.43075077780936
2.11652508453587
1.75231689432626
1.75649552180694
1.75853592981394
1.7472706411568
1.79001359553446
1.70464327922081
1.70298878676063
1.73657111860636
1.51977904304879
1.48086137511804
1.92029470893576
2.33643628439337
2.07225340540813
1.83572855897631
1.93688067965484
2.09947722675697
1.68454418144914
1.77239926169291
1.60384374310375
1.702960315886
1.79411637996993
1.6948069992844
1.58200874004319
1.89909963278945
1.89110186983305
1.77713603864067
1.8175276607642
1.68692999907061
1.63684969150298
1.78485387714957
2.09257040275458
1.8346768326235
2.08221288226268
1.75874911005372
1.81809937738154
2.06929876035742
1.75737842749243
1.995143380705
1.81060515671296
1.88026380517656
2.00208122043384
1.97148062203798
1.73161939670679
1.83955280659668
1.80477722798488
1.81507854292586
1.80318021843176
1.70598521771336
1.64750351687321
1.75809941269129
1.67408018669311
1.34779819967926
1.70564972783841
1.64112419009569
1.6908524150537
1.5367695039015
1.74848159536041
1.84851156994218
1.66293849566374
1.52601808450077
1.65313535659412
1.61098839479179
1.72233203512806
1.616968177023
1.77705215180478
1.9386251883065
1.64694973315573
1.88925123891217
1.36843672426186
1.49825269712045
1.8992750000438
2.01638692014777
1.98413709234495
1.87448184014814
1.8873667712262
1.84397108217543
1.92337111630329
1.90516673310282
1.74250269815478
1.67683016210371
1.76855048273323
1.81878639879453
1.70499817330833
1.91368056468077
1.5112490581429
1.80010610112702
1.99753023548898
1.7395219518734
1.8332920770829
1.6230583079951
1.66460512714724
1.7062979181911
1.73229939922737
1.65921940028085
1.59119736822228
1.66825639808439
2.02570611269003
1.8198297626576
1.79370811725499
1.34910986176481
1.66354283341537
1.7569309594164
1.81487225061558
1.63352163792349
1.56369813560121
1.72386725243009
1.63317000479407
1.92238859216874
1.78781788697868
2.01227357795974
2.23169179325611
1.60227192485027
1.88274407669551
2.00897545349423
2.02288611896588
1.83637274234837
1.64121829495814
1.93539905326123
1.71004554447791
1.80602019894288
1.96405834428417
1.8095273715956
2.07467710691818
1.98070686550735
1.90756662012446
1.87632698053821
2.03263750586863
1.95475153436096
1.85557006842738
1.8316935171761
1.81194239268347
1.81868369079785
1.81784538289192
1.83327352315965
1.82237750256593
1.80661041935817
1.79539484229594
1.91431123857163
1.81897336506778
1.62445030246639
1.79182137742112
1.75551836847528
1.80985703339614
1.80498952466658
1.79106222599639
1.84170329438754
1.81950004294492
1.80689726836079
1.80210263729983
1.90317340174883
1.84827011363434
1.84743675469672
1.81402646851076
1.79890183434734
1.83775839723472
1.79349876970056
1.76119346115262
2.04383231994794
1.76626068542838
1.62829316549343
1.99529845853454
1.72953763402051
1.83552180865248
1.89891215928992
1.87440647230484
1.95852680356862
1.85188474346632
1.88510885621115
1.91682028618851
1.85231429040737
1.73989242439708
1.71489604688621
1.96606876613058
2.0802654045461
1.98338646596695
2.06232213797624
2.04029833654118
1.81108733005522
1.70867777426744
1.61925414325539
1.87944661690222
1.79504882299756
1.82054658726962
1.55558249518894
2.2134015240714
1.77384865773804
1.66262549229442
1.8101408415399
1.74109128366657
1.860671887041
1.67650766764396
1.71812733712669
1.69623895135097
1.70161668535699
1.7016955281764
1.67646106618458
1.68960165991312
1.6866401047734
1.70862260061612
1.74700032268905
1.70461931886341
1.70861229728032
1.69336804485979
1.85947625349341
1.5803356751379
1.91441478539968
1.87656774614094
1.91791237746519
1.87415357610894
1.88756666031506
2.12270853650528
1.82273582494918
1.92176258873077
1.9444658122936
2.05333431398923
1.82881045389543
1.54589289492873
1.59648005695787
1.75057813942739
1.84136849380973
1.84628048456531
1.75649181118481
1.64827784120836
1.65259454675349
1.66114555596231
1.70928567231333
1.83685212485069
1.6994813134661
1.62202280474746
1.74890923564622
1.67453894245509
1.62640046830535
1.94966950158988
1.99608610388046
1.8474166321556
2.08737547687192
1.46803353697267
1.68741712777043
1.91895580909332
1.79808646078008
1.86785212484565
1.846268580102
1.76587865253479
1.72144137188882
1.79123871761857
1.83303926929501
1.80745355870637
1.76444675494852
1.72546172691159
1.68793566151252
1.49341396001276
1.50942847353264
1.78282356565613
1.7118481451916
1.81342157465321
1.78248700360224
1.82726479544362
1.76284239512192
1.7712399694182
1.73868092598702
1.76123794412816
1.7901024856113
1.76537161759433
1.80814118150012
1.74814787546087
1.83711533044341
1.81255537706462
1.79199076522364
1.80586141565723
1.80447747678335
1.73467835023126
1.79236977498403
1.79732727421285
1.85030755326329
1.81769018173691
1.74296826675709
1.77603447332876
1.73450587318374
1.76674798139225
1.86865295381565
1.91051597120019
1.67988452864968
1.77671977785165
1.84252709526046
1.81478968149259
1.65961848281895
1.75496220357969
1.73823884311685
1.73672347084323
1.75905235492096
1.73862716201616
1.71881910278063
1.76056227069942
1.75367248154928
1.85024480105247
1.78361342753497
1.85916664620191
1.82192614164964
1.79721454660452
1.70828504325606
1.65080048873932
1.65639375271518
1.76987152040522
1.69747234733815
1.71481496290213
1.83215286710845
1.70482515725991
1.67781499481002
1.73904888053954
1.69663850192451
1.74262180628357
1.74109289732007
1.78407984920646
1.90799690799478
1.78686818685531
1.73621088480811
1.82883106087102
1.63112188689914
1.66649200826262
1.60087753003735
1.73599631462251
1.90011921036033
1.76827664894427
1.78007802767228
1.78006567185186
1.82519476051836
1.7245902103964
1.74305114881453
1.77563315587435
1.687591823055
1.72801357088566
1.72428893429083
1.70796140390908
1.56985941871761
1.80133489540959
1.67106540504242
1.69362089478545
1.64129662115384
1.76873137038789
1.79910660887898
1.64296872814448
1.67595803162378
1.64278311235562
1.8230214800912
1.79710555715165
1.80262364922379
1.65401033766654
1.72153071836224
1.74787786827863
1.83720887391459
1.66468564478946
1.79968127048495
1.70891560790225
1.74525006261869
1.77693436822605
1.93102454900916
1.77029893008048
1.7951533194948
1.76891846895885
1.79583916601474
1.61384630799396
1.69129194157913
1.55497984428652
1.80880127541562
1.64190643008533
1.7702519735806
1.67580265540945
1.7742674267576
1.74748773261942
1.61714939973842
1.67760185386727
1.58009191450593
1.83984137588228
1.80722327648952
1.8293975818585
1.77075606500296
2.20448986075206
2.00844675135103
2.03369598879388
1.7493737409215
1.74590317772443
1.70618321788311
1.8195196568233
1.78622968185847
1.76466696912231
2.16213340586045
1.54711425242694
1.8903601601553
2.11790708545516
1.88666090153558
1.84701477805888
1.79115827562338
1.83135854925354
1.50374911206826
1.79430772716558
1.39446034799801
1.62342215882893
1.81291847660053
1.87634831820705
1.63933168531229
1.74468722094635
1.77384668469985
1.94361398430933
1.62692046069215
1.85295575831609
1.81161193552204
1.70916305827554
1.79933411398998
1.65159061819026
1.75592979236003
1.8497748496477
1.69587913496372
1.88055776471561
1.79911900938787
1.66241936212076
1.70143170244556
1.83928623979916
1.821778499095
1.83952198739301
1.68328714673738
1.89419832516533
1.92182541366086
1.75143025146544
1.82102178894589
1.86700844347278
1.69692451458855
1.68828686105488
1.85777980133855
1.66664366452602
1.8398605025163
1.81144739618049
1.65263988209447
1.60139454381604
1.50492629803011
1.7704621264111
1.73251596736325
1.76139305267115
1.83817261775969
1.76195534166062
1.9135478666684
1.80567904687664
1.90798279305141
1.83327646101034
1.87056928071705
1.93310094707607
1.83546399668052
1.92272357169266
1.74818787274814
1.78481576374285
1.83566841337437
1.62896464480988
1.6252785600569
1.72678679194475
1.59292430040962
1.52494446706421
1.57552331896085
1.71498033462212
1.6780485677562
1.67825520719199
1.86753284067222
1.66517254615634
1.78347235242932
1.86771013939946
1.62727563033881
1.86127461104733
1.73518433536796
1.69865986429917
1.78598172393164
1.72891009651208
1.46002813583273
1.71994387073722
1.66421920360492
1.68937942569301
1.56266722882261
1.67867402943523
1.56769952693126
1.81753738094686
1.83042146211836
1.67853130333907
1.77751703829061
1.62696085635983
1.8061172152112
1.81513123524107
1.69271811820531
1.82614755759048
1.71610268401635
1.78373910844592
1.87004630415325
1.61065771839304
1.48560989672532
1.66323626961725
1.41088909503485
1.66549255290781
1.59043893151657
1.68909606642612
1.67853519911387
1.6337614750973
1.66507670017757
1.61816566940483
1.61003550088256
1.63987601012348
1.63145784505184
1.64698238958236
1.65937140548061
1.67295698297402
1.68435799752642
1.6795506286555
1.69871090744451
1.68983069152461
1.67732143867613
1.70222734548137
1.6948661225959
1.70051603091503
1.92776496216344
1.730659230546
1.61930446588342
1.57800363666968
1.64559686077595
1.74560171414908
1.85535375869368
1.77689830965526
1.89203235649736
1.86205335810486
1.84388057169897
1.9788800105199
1.95704966426329
1.68271262299109
1.8526116754969
1.74282377390565
1.77797012054769
1.81478615513845
1.49018120718179
1.64657741654007
1.75062508171762
1.75399090208132
1.80846373869875
1.71433670257232
1.59222127204805
1.80973650473641
1.89584835417726
1.79062070089394
1.86169462920436
1.76361240356928
1.41547777172085
1.70202743731734
2.04271218019648
1.6582175515646
1.72173766317509
1.5581080403219
1.83324460449679
1.86322500905928
1.72595259795871
1.79470973399902
1.93940622591201
1.745875127703
1.777569818709
1.67845535654534
1.81768649007527
1.84770591288491
1.68695203374532
1.75250818128081
2.04680559180818
2.01988519778769
1.78337308140948
1.80910001132712
1.89063907483197
1.72600422581794
1.7335041087389
1.85065735615474
1.64411480691916
1.75687820567356
1.7287477371262
1.71234436448148
1.76336888677023
1.74220473624091
1.74669330343124
1.75882717194041
1.75547050060659
1.80021418056211
1.75856565242869
1.80926776512639
1.84396540075866
1.79364580212272
1.83288971633533
1.93844396103352
1.66677694773633
1.8602397191557
1.79957114231308
1.74405675387187
1.77256638174585
2.02493587351921
1.84113802554696
1.84997049465
1.86372692658307
1.82882697162063
1.84074860874283
1.78099031229608
1.82040725532769
1.87527192802905
1.82709446225385
1.89989362130438
1.85111945439768
1.86302232169257
1.85348885744393
1.95899579583615
1.78188640537609
1.89921398089015
1.83152128697152
1.8687165918407
1.7873157223163
1.57406877383416
1.7455666119834
1.85756813214248
1.75053562334739
1.82660212867043
1.76826761738646
2.05053856908205
1.7487225579207
1.80748922799654
1.54670067310045
1.61624687034969
1.75531936425334
1.77848801838186
1.76102599982535
1.58013496101473
1.83827365661464
1.77552065070703
1.50013828251559
1.5460600340992
1.74633091243853
1.43182136893149
1.8773925451782
1.5136922249214
1.73520922161095
1.76470815174572
1.99985373070735
1.61119754518291
1.48117057691028
1.99228479204901
1.74386236451713
1.9792915694409
1.87275487691515
1.65308748444947
1.67525640376443
1.47344761541875
1.52624839145455
1.59176665525487
1.68590542606086
1.61195682956324
1.59742503439068
1.82704888988957
1.829826662744
1.65909407147972
1.67613900079795
1.85022487382606
1.78477589253843
1.89168864215551
1.74858387821039
2.01783820873437
1.90122965294706
1.94910269847514
1.66510860732355
1.77833354729617
1.68672068464263
1.72256417432654
1.43899540787862
1.92500003914464
1.72279589883722
1.92666853917409
1.71931235855404
1.76682359933948
1.62480256213837
1.95062441192463
1.93028182158718
1.95069014601711
1.90585995541858
2.02185332111078
1.48390008964888
1.67850070560432
1.78202802090659
1.68737566854675
1.5690821604855
1.6054470092469
1.54544132706148
1.71366782444533
1.89944093903862
1.62289744382888
1.77466217237162
1.62619289027394
1.98495674628777
1.92816515719124
1.65930823486675
1.74042209703895
1.6903909926556
1.75131381110775
1.73065552023946
1.7163695351688
1.72210554546986
1.70779726873816
1.76152121770636
1.74980996445355
1.72297535971409
1.6844011128813
1.73685400690978
1.95072536783222
1.73084226544809
1.77935460324312
1.73235690792793
1.69248991401893
1.86507604760778
1.73846270647424
1.77912652650316
1.64804793939663
1.71364711838153
1.67922872255
1.64290381509134
1.58313425201942
1.72581207965111
1.83647222516051
1.72905559573725
1.74400014732538
1.72461411467569
1.63342790706472
1.83355740448239
1.70096506334608
1.70765917264915
1.77172625436343
1.77215239556818
1.59495189608967
1.92108771927015
1.74576906059957
1.48182920845343
1.67791813681923
1.71584321711903
1.70856112390388
1.81154163796731
2.11694348683331
1.91777654804862
1.85683489799228
1.7944321739959
1.76422326779266
1.81790685667801
1.82997679015617
1.74745272155554
1.85766889813368
2.12558257083114
1.50068013817244
1.86926805622853
1.88440161258386
1.77870164346727
2.11846278507895
1.58102684884369
1.69322376629803
1.67332429304354
1.66376866891286
1.93894365033162
1.60327805567902
1.70270167828026
1.67311867418942
1.8362663662775
2.01656942899109
1.80863430655492
1.7230539515332
1.82315898096301
1.5991422807997
1.59919825024526
1.50387743385971
1.7664715941882
2.0844697280492
1.85368762000349
1.79634094828653
2.02481682217148
1.77987556450441
1.94760879892368
2.01189649055131
1.71660194176618
1.76435300093018
1.85917577801185
1.8100128324471
1.92228566188668
1.86591906213823
1.88876783644743
1.90779860000751
1.91672076808762
1.92971475148664
1.90543223243051
1.92313259041154
1.96816910329253
1.90972120365502
1.81926469246098
1.88802956663635
1.90932445585586
1.92966242732951
1.89840701166817
2.02147658289897
2.02428150945784
2.07473531866749
2.02130958443725
1.5916266877166
2.28274076790227
1.82753305157785
1.88016784222228
1.91965333985202
1.9766093916807
2.04677390877694
1.80758116303578
1.96905406877933
1.86540309912302
1.69330158567924
2.08774262840639
1.94213557665733
1.73279034454503
1.83984142700127
1.79979463047255
1.76186766748588
1.76672321779595
1.95159296966323
1.93453633524256
1.73157621220584
1.83254830746951
1.79052101430373
2.24998596244033
1.75836802575894
1.97492349632302
1.79654242940604
1.74874688601205
1.82594332332131
1.7456577800431
1.82675292568712
1.7266332478709
1.59564442344026
1.6755422401167
1.62443330866398
1.72695506346572
1.81371689107825
1.7025103277082
1.53244089990147
1.6829719041043
1.69546086254382
1.83009834233365
1.8106237403111
1.84939884264569
1.78490569317294
1.53237675465809
1.79806450639545
1.74498097216612
1.73426084662909
1.75682980893538
1.72911228013138
1.70217027580293
1.63255850474822
2.02680501152804
1.8892938328851
1.85059207487351
1.85002561383673
1.79788625679715
1.7414479300551
1.82793696162052
1.77845309598362
1.84110964795321
1.72247298799004
1.85177311640083
1.89441897679809
1.66145281186036
1.67919977371999
1.66805807285254
1.81180528890585
1.88857161235416
1.91587430721459
1.64901518305157
1.67204166248585
1.80036769850295
1.74138674459451
1.69597715784929
1.78844221182938
1.65765448909416
1.87909633756822
2.06525111593644
1.6501522144309
1.816789760587
1.91179869376152
1.55940640410138
1.56033456188629
1.89530678449072
2.14146217616593
2.03124201037196
1.69256253774712
1.97586147183653
1.93201248544653
1.75133880599525
1.68691948301648
1.56976847020072
1.65395439105179
1.59636031802787
1.72476755754871
1.33759404347008
1.55069846299815
1.96315891858523
1.98392311175193
1.9760437629747
1.74655920853643
1.81720481654791
1.97553001899048
1.94323435695933
1.76930458086052
1.7179639449354
1.89459581996679
1.82317341192605
1.62284708815462
1.72281824914125
1.3570767487705
1.75289807956836
1.87438151140241
1.76494090374457
1.86248590584987
1.69845381104652
2.02300886063014
1.555268427392
1.87742403941911
1.7352381053777
1.79105909898713
1.76402524185609
1.72603817884519
1.60459625241482
1.70248225955101
1.57994597588558
1.82111536881093
1.80139720346115
1.6920673592449
1.77384910541316
1.78963029155631
1.70351595735541
1.66307661673036
1.63449887153758
1.76205040771515
1.78040543436876
1.67575139866931
1.56217416590216
1.80427970201507
1.59917639657037
1.87507005243521
1.83363262456738
1.80689923861847
1.74819372463659
1.75175824863088
1.6703751082461
1.673134488277
1.7758593826521
1.71966879530331
1.67181776128968
1.5317656528219
1.81879978315141
1.6520981527863
1.74105740596857
1.69718159460455
1.72440999931837
1.69919414458369
1.78932471552975
1.82228149630762
1.80458602886909
1.8015639622289
1.76674476881164
1.82006840879089
1.83022688158809
1.79016119983404
1.80810132978058
1.87851935340643
1.92837056488134
1.82250363311142
1.90936126936366
1.86008310056414
1.73629156732209
1.86051080787299
1.72410433295244
1.8660548400649
1.92682782091536
1.77330761856508
1.76448517206544
1.82436026878622
1.73414068721579
1.66993771064924
1.50757406790104
1.56468935416971
1.79840096933863
1.84726729768066
1.72375314552575
1.71503804852101
1.70749614857574
1.78227655897061
1.77007099439858
1.7731018046585
1.86891401233751
1.79293937431275
1.76266680257215
1.82447281314996
1.69282139803436
1.66867531614271
1.71338942461186
1.92178560671424
1.91083377878742
1.70607231558931
2.15831886806541
2.36047935747425
1.92390603560606
1.89329826004148
1.92623503335781
1.84042327432536
1.82439957670355
1.84080871897193
1.82421509528777
1.81267567193956
1.81491054606083
1.88576691760602
1.67534592212425
1.75703520119754
1.71634123557059
1.76051036254994
1.70567934855496
1.75863741336615
1.70699663479775
1.66753123525589
1.71764371193945
1.79824667236385
1.71883207393495
1.7619993481592
1.86236802995135
2.06515332498454
1.94768613046109
1.96524390907023
1.68576021866459
1.94336269562649
1.76653953992112
1.69074424245931
1.61847194772842
1.28319310792499
1.34282163019855
2.10426478950695
1.86540388321171
1.79892778779756
1.74090467557898
1.6694021488377
1.53721161809741
1.67240507984635
1.73532408299879
1.73548369923346
1.74899020707864
1.82210333179169
1.74281023771267
1.77332692225942
1.76703783520291
1.78776007715785
1.88268524763599
1.86216873938459
1.87048612204988
1.75203726379527
1.78445440051574
1.70944271201548
1.76534791340766
1.76523860314133
1.79617664455079
1.77780409621018
1.79735731832291
1.79225661452708
1.78893741938862
1.79141320582863
1.79265056814736
1.78872428009167
1.78919141945947
1.7877887459601
1.79090037778113
1.78946737878339
1.77828323276791
1.78783483646298
1.7818283471718
1.78175118542971
1.80889733437589
1.79227189975311
1.82839585287426
1.76598861177196
1.8282553486393
1.72371751878052
1.74902034974163
1.76913292730168
1.77621356299629
1.7441355414824
1.82652696155281
1.86474689825053
2.00926362937256
1.51860958647413
1.62294930281988
1.79330661319244
1.8685257242281
2.18956459477503
1.91622674176867
1.51666754660758
1.92034919766663
1.87657012520125
1.89071196421845
1.65658809597099
2.03908129129424
1.71833438211989
1.54529386531365
1.75529114968653
1.73476558144436
1.75258633749758
1.78278205216435
1.69737685600341
1.72424904682634
1.80086622135327
1.96623336852942
1.81690622293375
1.69068634420144
1.70885577982652
1.72749892645646
1.66900369284353
1.71438420512823
1.82580842242465
1.96119496626242
1.32030060352326
1.47734367429747
1.56271208860033
1.77956527804397
1.84891944392068
1.73955408658621
2.09097703043384
2.21298169294396
2.0779078402295
1.62903872861128
1.70733276544275
1.80996801116785
1.77257085211947
1.8379819546558
1.70402379427683
1.64297948786096
1.95275629734533
1.83644433861807
1.52949015117245
1.802067647834
1.66813982054999
1.85586869694279
1.74767069381848
1.73863422318161
1.81843899237372
1.8206342277714
1.82074618725188
2.34395941860308
1.78203584258564
1.76553178417594
1.75315431578873
1.82603387825178
1.58207826953438
1.62895544827741
1.72617394690006
1.67450250260406
1.83241346264174
1.69215232901522
1.7706314019276
1.80708725579191
1.88804577487046
1.57100042844254
1.77166821669062
1.63353526943712
1.65665128908093
1.75017387924355
1.79313926995386
1.70314339211462
1.71415145458643
1.94759780831112
1.89636325849932
1.84872990748503
1.79072597318599
1.75202112544003
1.60246513478266
1.70781161314258
1.65863977524602
1.68022019612684
1.6662762921505
1.71487401850524
1.6892266846474
1.69691422659173
1.95913770927343
1.66509044889027
2.17018915003744
2.01908931646138
2.00169104938733
1.94619250717202
2.01716632102523
2.04626371238664
1.94790886972111
1.92183730531979
2.32825348228988
1.83155421054838
1.76552110349635
2.24194522801397
1.56508403984187
1.8548004519258
1.82655750850901
1.93598524157185
1.6515064311329
2.01525173523768
1.66372336227593
1.75779412677487
1.74041972093741
1.81777732342596
1.76660773250891
1.70940159621019
1.68040229139866
1.69980309315767
1.72553819685184
1.70356518636718
1.69555237119259
1.69566325966994
1.63846107202798
1.91055215734567
2.0920367449851
1.8095157717711
1.80248503696329
1.81321136858512
1.78659255306829
1.81250845625309
1.83851872011519
1.84158612639158
1.73575461242041
1.80558329345158
1.8064405871253
1.93716074854901
1.78901453238771
1.75101481029737
1.57389547046996
1.88181934949792
1.76067894819638
1.79177122579134
2.11118832316512
1.64175711845805
1.77922557484588
2.22172581064586
1.83909013491982
1.90389365767178
1.87734400416184
1.84049794639743
1.8269894364775
1.80535477132614
1.78278756439231
1.86861038450945
1.72019699614835
1.83519921175173
1.843388722573
1.94362428553136
1.83516888201853
1.87079109723357
1.8350798632639
1.86452349336495
1.84159275447958
1.88668282768314
1.757769745962
2.15095035293158
2.02418636119014
1.61652647954561
2.08459404372011
2.21255704445199
2.302173872232
2.08326476191127
2.0000401347082
1.99834292330888
1.95086634984664
1.83618494625562
1.82323651674711
2.06389994640536
2.16889234327989
2.09714930114005
1.9525646403642
1.85434201021242
1.55433412957575
1.41307353949355
1.87006967508732
1.77237746080512
1.95974103740833
1.80002638018325
1.63274081092225
1.87595932918106
1.92620084582994
1.92483903238324
1.61307284697896
1.80928807682899
1.80457937129088
1.81138974495965
1.82502202386268
1.85695629667372
1.84710625812011
1.85514754914702
1.95502271767687
1.73130082530656
1.96168887343688
1.70295529891694
1.97988675762146
1.80449494169686
1.69140452441699
1.71364917246923
1.70659261676262
1.62495351227306
1.69039101342263
1.66299453762218
1.98276170902865
1.83723739877833
1.83051729056522
1.76497562207986
1.8731156228634
1.92383581594168
1.86610102510905
1.91247538430599
1.85864822505968
1.86144611442865
1.83880455470426
1.95376162899672
2.1993050752098
1.96500274529174
1.94729601776373
1.80144895726637
1.52192189856446
1.74846942096358
1.67745676505809
1.78279305799605
1.77778305984817
1.83366855339304
1.8310509659182
1.77882947834733
1.8224437163571
1.90136061853295
1.77372770683863
1.74860793285321
1.7464741718694
1.75516547309558
1.81965891084242
1.66312291402922
1.7744398389909
1.98899904890138
1.61638706581264
1.8453775452513
1.77510217071921
1.82108874313419
1.8344159625559
1.69916617439732
1.62765631519559
1.64993831658971
1.73590252637048
1.64170165622849
1.7175056333079
1.89408821933233
1.75896912529777
1.76721411315772
2.18967938493807
1.52214433681196
1.8014445935734
1.72611470002496
1.66941924874863
1.7667343991187
2.02092563875839
1.91668001445053
1.91544408325022
1.66540714330225
1.99393011918301
1.78616161699257
1.78915038165366
1.68627965286771
1.61460014113541
1.80657529566926
1.8123007484117
1.60332522490131
1.6101089758496
1.95205351574252
1.69405742558164
1.90095857429387
1.63688067657303
1.7311760165724
1.7668484173516
1.7125070942179
1.85513713413422
1.69922227524109
1.77304177121423
1.91837630884385
1.82343408993473
1.79350933460014
1.77280608084303
1.79335182864955
1.76586881694553
1.73985205012275
1.79518180301232
1.78890487780913
1.67850168407143
1.67756970208014
1.89173389705895
1.75230977998056
1.88257410466471
1.94676656856837
1.89508380342882
1.87593610452862
1.72943761796427
1.81225549445156
1.91401846348573
1.94477931213575
1.76311261673302
1.96591651436011
1.75378848254622
1.75708985886333
1.70267720706133
1.69766421576709
1.94697259116933
1.90665920105291
1.81083903864166
1.74778589679172
1.78242312960791
1.77716314990844
1.71753265458971
1.69277574968598
1.7132088013915
1.70781100317304
1.72376313645508
1.73297865772582
1.73911277069538
1.69661050802968
1.79662294323797
1.74455554453371
1.7407050136415
1.79598317182591
1.79616252275431
1.77880223959402
1.77910051760009
1.81056035869623
1.77876612520138
1.8089595663663
1.83921623938
1.8856296433321
1.92754233581246
1.77413113057021
1.73546782029607
1.83233107570235
1.79765095304658
2.04169825840479
1.63521456468595
1.96549371886879
1.8866325413744
1.59716738527554
1.57712692070372
1.76420690995292
1.64267278318306
1.54899949421096
1.5190323325023
1.54018085287119
1.77927278983735
1.7808182492758
1.60789721019881
1.65291841861596
1.57102233506293
1.88493905332633
1.72479034934144
1.96177578096666
2.02323990589402
1.99162274787258
1.82240401889016
1.69944566103651
1.85653236452251
1.54584070982443
1.98556786473513
1.56909275498608
1.65668052503702
2.04410219191833
1.46480462046522
1.66595783075824
1.90910603010367
2.03956379186463
2.08931175529806
1.92169489707679
1.70154129369167
1.86580710698253
1.70554628580877
1.78700590984551
1.80899862884426
1.78060239744894
1.78936014324327
1.79132247336749
1.75205653502044
1.71524875580796
1.6478210542074
1.75372221197702
1.69166831741087
1.7572305292866
1.70827533778893
1.72931009040406
1.76501723101183
1.8767338427887
2.12424629800821
1.78689833756888
1.76640124625912
1.73895312767217
1.97786880161117
1.89744031190106
1.35324834309745
1.56320040682671
1.70042643391151
1.90376950236661
1.78482349355828
1.83173548136102
1.77374697175879
1.75453951685284
1.89543004890966
1.99274600131636
2.15132920793093
1.75025077823692
1.80779497997922
1.68506070476597
1.70495146285309
1.8437034901828
1.92004672909084
1.84883225876023
1.73490182325224
1.77497830701316
1.83386653597985
1.89275459385699
1.7043210605669
1.62619340872322
1.73317700171056
1.71190200701048
1.62109137189
1.91015661937304
2.04398456084501
1.86565004924041
1.77844772588681
1.81253863555376
1.70074151689182
1.8790095942732
1.57395589320823
1.77467927376892
1.59890592105907
1.83406477934964
1.83800206771323
1.88674757756784
1.90344724902765
1.71563987937375
1.74638572088083
1.82188932664504
1.51550630607535
1.74093525172898
1.7599111567436
1.67988912673015
1.65013744817246
1.66687329918821
1.66804518710259
1.67616093078668
1.65225362878601
1.6258912879806
1.67133054297938
1.64012263308274
1.74420786058935
1.6802036435221
1.79826737166673
1.71882270505215
1.74592448686015
1.75487710075409
1.76565278357037
1.77650144015061
1.62505907520766
1.64165584138535
1.74289137885677
1.86562231759008
1.79679809473681
1.76323383677104
1.76155709619303
1.80764882206429
1.7726682314036
1.69805300207342
1.74451523599776
1.51541417189993
1.57009433839829
1.8044940047328
1.7940181467691
1.81463479859282
1.88943780039199
1.91097412121756
1.89175155990973
1.89544488546483
1.98684743583879
1.92734266275567
1.87161260394853
1.70872479711412
1.7257527352571
1.71996003840491
1.76399330358929
1.89737220785272
2.00173079571317
1.66857533120118
1.82570192126234
2.08311877704705
1.95093590916583
1.53662755308339
1.6898855628058
2.07926655972988
1.61908411252103
2.12197698886251
1.74126918680365
1.59966014694014
1.74127718725961
1.54832837115992
1.81378394663639
1.85236665009596
1.99664622199616
2.02633287870812
1.65046541670674
1.66288768822743
1.91247600890639
1.78964455101302
1.90541479706097
1.8329290696462
1.72999481903298
1.74973633578035
1.84655919614355
1.68822770982733
1.67985496377506
1.73354154446473
1.58174471712257
1.93393060276637
1.92288118555262
1.94467610715426
1.80768572394867
1.65361929327904
1.66311306116097
1.73902058442049
1.91636331857331
1.99343162679983
1.84865028091999
1.55604095614612
1.89858718755015
1.92606843234692
1.73780622848631
1.73152488411024
1.64901915530589
1.79002059396873
1.84039536744708
1.81152509339292
1.99059531794301
1.7628774630813
1.80276557303733
1.76550226936627
1.69238825558075
1.6798346345258
1.62141722748808
1.9062176362086
1.68482150267023
1.66876111014453
1.79074223763583
1.75035770675073
1.73904429910111
1.74235234529959
1.7300477291097
1.72376431346809
1.72828574570231
1.72940901353612
1.72830798157944
1.72593918947476
1.72577222950547
1.7284038557568
1.72745287480318
1.72562687317094
1.72759269275773
1.72747363661617
1.72766947332326
1.72824325993036
1.7282916488773
1.72905735613345
1.72817218101098
1.73229265481105
1.73518643768798
1.73267769887778
1.72902411036573
1.72849748073388
1.73036616493066
1.73796251935638
1.73420952265678
1.72720422175696
1.73753614493766
1.72145536059262
1.71978004152081
1.6875841765474
1.78694954452339
1.69670304311358
1.63878059341153
1.73145347248269
1.66247707141413
1.7100573585184
1.66307156181433
1.72373930860991
1.8171076253839
1.74476646573934
1.73871762967079
1.67132467162581
1.7904643076994
1.56392293403186
1.64894604948495
1.69078815640351
1.83376529413346
1.80715366060849
1.77592810346603
1.91559487074784
1.76705404649891
1.64486574135927
1.76054980246601
1.84725107248774
1.77378446379332
1.83842139407591
1.8295733756235
1.82356654818851
1.86669823784089
1.80823120468574
1.82544401563284
1.42237283362303
1.6935092179993
1.81192912328952
2.01289970136526
1.76110285391746
1.7604608614113
1.79228363464893
1.71681387271156
1.76508054029905
1.77207474696357
1.75446560345997
1.78263519218216
1.75772140779
1.85369930107033
1.90137342195822
1.57965267383442
1.87035645287052
1.73192928806429
1.67530943162943
1.84041694039933
1.80467547820893
1.69442055664859
1.60592169165437
1.86950762034056
1.75509524666975
1.63437941579178
1.78650885278031
1.72652686953091
1.4194449863213
1.68350048549216
1.67190075251789
1.66923648297822
1.72656125768437
1.56322057583006
1.78659785425031
1.89616186455238
1.71517610745608
1.88874753645615
1.80407974452219
1.93126099994075
1.74493750631476
1.71903752944935
1.71874713961588
1.87696006507532
1.85483148489241
1.74149894441438
1.94609784688851
2.27119584109933
2.01251576770751
1.80307602621486
1.80256441731788
1.91948263256174
1.71679816802003
1.71436538775977
1.60616763309411
1.87418260984586
1.7944122849034
1.84986433426225
1.71820926807314
2.03761513979319
1.78516962356121
1.83458032375009
1.63286668515381
1.74830886931338
1.9601896872134
1.89497050572884
2.03023592995059
1.73685409850204
1.91200382822049
1.62371066293645
1.76713974662991
1.59814359375294
1.6391188113987
1.90429433484117
1.94463567619466
1.59159216320979
1.71918166032681
1.80371043212064
1.83066840911421
1.90184346526468
1.92828195069829
2.05945020585073
1.81172726364289
1.71013272659642
1.58398760553576
1.81565234219684
1.79648525282361
1.84772029735641
1.75239712280692
1.68057970191411
1.63026579021144
1.61603271014406
1.67136177734733
1.65631224159248
1.69826150262031
1.822171281886
1.5198056580232
1.69994557053906
1.43108314808392
1.48034673582713
1.96054204716786
1.67863702455169
1.94928252931242
1.8240070107187
1.7696579567792
1.90412955875713
1.84604496184546
1.72125314759988
1.73358578606722
1.57855266174748
1.7214527557242
1.62927664036876
1.75599740125206
1.54150136689232
1.77311346142548
2.26167670269129
1.7713859885609
1.80120695681938
2.00687786019671
1.91165213980804
1.70992591538144
1.84328239324943
1.8057060586282
1.67378124864613
1.94751771135587
1.86388383476313
1.81125526877575
1.62320652951034
1.85350376324399
1.818203463103
1.60708674747521
1.80669982343114
1.55858944595293
1.73323478449374
1.68709478748199
1.76496579388034
1.71805225362657
1.63796983653368
1.74504438980377
1.67472603717934
1.71842484824346
1.75787788663122
1.70843862986723
1.65388059453736
1.6860733772213
1.70580485469369
1.70672071059771
1.72733998848932
1.71120817668648
1.8390618825511
1.86411758210335
1.82928076123934
1.79936771620112
1.79081337448263
1.78938417269477
1.79031744983361
1.81406378783375
1.69782322496004
1.70210519719476
1.82312605721051
1.87989903803794
1.81249039935831
1.7689372782438
1.64175689850955
1.72103302618263
1.82271553750933
1.85600079218052
1.81791061342397
1.52831863477363
1.70930636527953
1.81489213930372
1.7617566528568
1.73298405899902
1.60867501149395
1.76638255947807
1.801073085417
1.71271680463648
1.77760264485539
1.90537769937483
1.65506001293461
1.77213061993774
1.91642564014851
2.01723126953234
2.04657028904736
1.57138174045766
1.73354388232647
1.86133440837425
1.71749877120031
1.76754180521647
1.84652231108365
1.73588046366644
1.84028114468537
1.8161607523284
1.83944541758898
1.79847694283494
1.75159914828413
1.82717075478089
1.78755687312434
1.75906387246096
1.69586742304418
1.75616438367029
1.70154738020603
1.75685488321399
1.78233205029993
1.78191012739452
1.77408065308796
1.72060806064035
1.76484430875012
1.89832482558401
1.74627813298062
1.33359765678532
1.9760403107394
1.84559055990572
2.40085996524656
1.6087125568132
1.84581890551867
1.70776615218448
1.77961386374413
1.76806799920987
1.63235538785413
1.46280522196328
1.76598658573934
1.72454155477153
2.05890048945708
1.67469705309096
1.70967024064944
1.81434339011627
1.84189951068554
1.8941905483539
1.778236367339
1.84385181280018
1.76499344231535
1.57494590987016
1.804377021125
1.72091900347782
1.72166027975609
1.77817768409036
1.80234278130657
1.82845637692588
1.86866213087013
1.81443218015512
1.84232715090432
1.72460809690706
1.7462446143218
1.7423496547537
1.68527605340068
1.74054029433265
1.77619226982921
1.80540449855433
1.81266456920512
1.80379864894837
1.87294062233233
1.84695678929647
1.84194265824258
1.71855040978765
1.78064283156706
1.83177258315332
1.81301801984452
1.69873654187039
1.76956654843816
1.78747075738013
1.75616793934245
1.75941548879374
1.80835463231728
1.89392973414071
1.81891608478166
1.79608972298922
1.75601317218385
1.76887404708122
1.76719546553282
1.75567384626487
1.79051638737774
1.80308236337093
1.78385318270611
1.75666239364161
1.62345938323608
1.8891740636543
1.81973221901467
1.69282129195703
1.91031712897382
1.83736738626448
1.8828400085637
1.82651363365747
1.91220624555138
1.83066499960957
1.77864048828071
1.78647339620999
1.75578269344119
1.85453604972247
1.76748506077271
1.84744099357557
1.71469222464306
1.76480374813329
1.79907349580914
1.82634677837425
1.86290569624011
1.82508098027141
1.84652927661605
1.86410168059697
1.87178613769849
1.84623937446445
1.8522251858791
1.85308705469369
1.8404150261913
1.83099722840142
1.82587963531783
1.8246052124063
1.82236299462025
1.83938025086487
1.83686174263603
1.83935295789696
1.83043776373314
1.84550277653862
1.83846016516163
1.84167297725265
1.84685588636289
1.84735657203374
1.84678862541433
1.8441803003362
1.84891268325017
1.84980419404518
1.84695502025298
1.84731688991289
1.84475424762692
1.87204113689344
1.87728294907389
1.88607497431445
1.88323190112151
1.8800101159043
1.89601231352673
1.89386372065787
1.88434303372903
1.88682318626335
1.88885694305058
1.86023670603292
1.84243287101717
1.83837060391141
1.83707667354231
1.85078150798695
1.83788699186909
1.83555590574027
1.8268817018002
1.83548051993475
1.83411067316718
1.84133675762268
1.84909205123776
1.83893032190207
1.84134587509775
1.84131560682039
1.8495171939034
1.84932124001652
1.83767444271018
1.85746781258606
1.85123736858299
1.85679024372101
1.84317585626574
1.84178657378342
1.83814219214697
1.86389635368952
1.85714431287065
1.87704945507995
1.87841129771195
1.854665710883
1.8520732553285
1.87712883862677
1.86663642842137
1.87035417076235
1.84912005917329
1.86750310852953
1.86351335723733
1.87283128941032
1.87960946090718
1.87298870280916
1.86856451044712
1.87147667870096
1.87221567247294
1.86988216755738
1.8704154114114
1.86685174909892
1.86777035116356
1.86718528650832
1.82673700151136
1.86657585278725
1.86126286414499
1.8429038645483
1.82364791950139
1.85911910136498
1.83833452980439
1.76151929631975
1.79539274494554
1.72290948302987
1.79315748195004
1.81642643914331
1.72721158652564
1.79129662007713
1.75484084590702
1.80734272031119
1.77036548123505
1.93604860844842
1.71545459003914
1.7838692548078
1.78224375438582
1.63641924119618
1.78843095772147
1.75301861551442
1.70166507082336
1.7294334048729
1.69589211228423
1.72245896365131
1.72733171892098
1.72865932164607
1.72540410260562
1.72057886787251
1.71640011357156
1.72184133972493
1.7167768175532
1.70678454856889
1.71751353128761
1.71464970455475
1.70884575999891
1.70850015824827
1.67117369725387
1.71251706383352
1.70973417469125
1.7240978771187
1.70678691389656
1.77498104264414
1.71360884010727
1.73942833167801
1.73816874890263
1.81277470632806
1.73044288189522
1.70937751612546
1.74141722668001
1.85439882950758
1.81044762223039
1.95877960384953
1.93177285002255
1.46005271820136
1.72588694151802
1.82139804912784
1.81430842980283
1.91775808285397
1.82668173753693
1.49540849941262
1.59384177575927
1.92542121862245
1.70117091254572
1.73801832707502
1.74751367483283
1.78480944413451
1.79295395846359
1.7587096508577
1.74364528082758
1.76175166256742
1.81403714163715
1.88740319364235
1.63240424023524
1.63460033864622
1.62009569148479
1.37715423951825
1.87633434671759
1.72644419343384
1.82113993281086
1.75699019499198
1.6845259172934
1.63601785865953
1.67945902407514
1.70719151274921
1.5906523941058
1.64721029142159
1.81913599273959
1.70211571280963
1.79778738727545
1.69346363140935
1.75329378264987
1.75498571242789
1.4398407369953
1.82397764164242
1.7707769949599
1.81675579181355
1.78771747987778
1.79437462363382
1.7328786443894
1.70094710348044
1.79715509640675
1.83449283196442
1.75530020374654
1.77709573547915
1.76755414470365
1.73505815410278
1.73383669809584
1.66360330565831
1.56022370365176
1.86219206655559
1.63311149735272
1.97251671695873
1.98623450201252
1.68680008685808
1.94751145909135
1.80738423022051
1.86113442317549
2.036039159044
1.73446519478315
1.67081950189654
1.59043812688172
1.77941882197947
1.73721270698712
1.87090864199982
1.67971967312058
1.60112653816915
1.80816611704385
1.80702311872512
1.82560714966084
1.6595431052146
2.04303491929713
1.61177295971096
1.86899799810537
1.76120502880923
1.77849489325825
1.71986428885439
1.78412633817186
1.71738964500908
1.70387500229123
1.69266683379568
1.85100126564037
1.75728290436141
1.89326027137857
1.87498349456666
1.88458045449284
1.84982252621534
1.88981808556791
2.15112677697198
1.8071297551653
1.67066406163788
1.76206485148595
1.8474141206432
1.71783125965268
1.51998120483166
2.1792064717183
1.77206197403584
1.61578751384709
1.6972485547425
1.92386710498708
1.98406349045739
2.13338626679967
2.0264434754731
2.19583993365202
1.85493150987173
2.07974138215
2.19900155870232
1.73357439688696
1.89857415548126
1.61267432752715
2.08624234386705
1.62008677078653
1.90097382298583
2.14139372661678
1.8420004899852
1.78102686937892
2.16275678182634
2.01810158193806
2.06945060162565
1.90081675906088
1.67910780037352
2.26729482426985
2.42601796857042
2.18342347343095
1.91053357977785
1.72931656257925
2.44909455727671
2.27004159992512
1.80759330887282
1.78574934756379
1.77130012853277
2.0102410231799
2.00396695965842
2.00361098369671
1.85208126877676
1.83778895061966
1.63572925253651
1.82171755264757
1.69874598058807
1.9329954497698
1.92946263175477
1.70706450585279
1.729223087497
1.72488173154748
1.74403090193445
1.7561133077572
1.62173036638606
1.64748022546292
1.60906852838222
1.66541166258281
1.76205995460492
1.81004095376275
1.69825434309031
1.67219184656663
1.94391084505158
1.72569380408617
1.95927240002909
1.83550968288953
1.26668934486061
1.82030283115861
1.99900559560886
1.81154090989905
1.72442233834903
1.76877406696581
1.76016174439773
1.63267214270769
1.75096851933209
1.82087618707198
2.25597329350381
1.86694637301974
2.06357823936267
1.79151172566001
1.65140795521832
1.75873703332609
1.81331424469657
1.9020118054794
1.62863975383854
1.97666356075726
1.76274441012782
1.74970328449936
1.93068578442608
1.74933956931096
1.56201235501406
2.03027408820258
2.01443249605689
1.7874431517973
2.0283343618526
1.81613120678431
2.03114085346117
1.97409309475413
2.06037172542106
2.0825131655584
2.14881905883361
2.06775624509887
2.07303101204575
2.03427464742699
1.96593446150909
2.27313891149863
1.95447284021822
1.93580003364429
1.86349909599315
1.87194909834877
1.80288805572119
1.84474590565982
1.82564482490968
1.79675329983733
1.76140865097971
1.77452950641239
1.71422669848923
1.76024939402445
1.65631363623668
1.64370009351197
1.85904030457895
1.81819665530563
1.29457068950333
1.81867152612253
1.56355755030188
1.49769620660879
1.75098845147875
1.7840907737773
1.82230870816733
1.84672469439442
1.74675489537111
1.84318991417736
1.73741366761634
1.80864068438027
1.80250103778211
1.76257419735789
1.75926288900196
1.81541055257818
1.81405419538971
1.78508343502798
1.70884550638707
1.71305822524793
1.62408543612894
1.72577847185383
1.85725028423376
1.71265165129775
1.49290943479181
1.64138496830227
1.60362531207799
1.71375811458786
1.63955085875701
1.90431267865313
1.7075917290519
2.08626986562128
1.77358811456246
1.67996075908642
1.51938036081962
1.50293112503923
1.84976457644498
1.81314730120412
1.72758818439251
1.77786037708205
1.80411624900096
1.71159714629814
1.86921457471261
1.88258280182734
1.913603168163
1.7607008232343
1.75208579392456
1.70984768197624
1.83501567139377
1.57437040328946
1.70041259444724
1.75191373704583
1.50199561982234
2.01348506746829
2.09729354347667
1.91105718807698
1.89771235895816
1.77731739441928
1.86898823502823
1.93695965446123
1.97137526516527
1.87836881324948
1.9552950737465
1.94397338825453
1.96727944366808
1.98934024608004
1.95163544363312
1.96043291683282
1.97886774589043
1.98162843337417
1.98952862949448
1.97248240182705
1.95945389931832
1.94326345337147
1.94401081650685
1.94182885811493
1.94104681104791
1.95436214476156
1.92762940162351
1.89887215285981
1.86838769987651
1.92741475100602
1.92962131101639
1.92338246915984
1.8576150658618
1.94788981722594
1.87232428652305
1.86294233203659
1.73351352524568
1.76601651540803
1.68351184667499
1.62797815625796
1.70693411640331
1.74905702014895
1.65556298266946
1.71391939634909
1.73215556115345
1.4452235897871
1.98253440851462
1.62148196054958
1.70003372823591
1.77487439538593
1.44232794818771
1.82422257963416
1.69499694955151
1.67475046476026
1.68522967661758
1.88812904814304
1.71172417404035
1.94336319373218
2.12273663303441
1.77461422007714
1.65349383296894
1.87566202245109
1.9816637939736
1.4469471860795
2.07209768742649
1.82565503225848
1.70366387787528
1.61189884496949
1.74603860622256
1.66287153316165
1.71076239841617
1.85271857494069
2.23513066563203
2.01076157140514
1.71084738054988
1.94200583323802
1.77303828752289
1.54000964142548
1.28601065403098
1.81734280454053
1.91255043629656
1.84814775723586
1.85609194641759
1.95869171018004
1.63344234583284
1.78747893706896
1.81507275184603
1.736453333422
1.69035414793426
1.6357397212954
1.72931231892446
1.75723340571933
1.7374067286037
1.7412953730534
1.71483213998801
1.70830296731564
1.70614489230908
1.74154142583753
1.76608821895574
1.73718939731704
1.72755858523378
1.63773264530447
1.79286327889626
1.64048268046009
1.8173729948307
1.71211108407872
1.66236631869766
1.89773601700476
1.82792346899609
1.83336849591702
1.7443617663757
1.82991807601084
1.82810670950869
1.69971429979184
1.86565337855275
1.88011273853124
1.7890593572931
1.81744828252664
1.87511055930164
1.81371024431318
1.90911865015449
1.76538249561305
1.77155409721572
1.83498421928934
1.72133952040136
1.82707074495851
1.9980495092157
1.80140537651778
1.82595626180263
1.74941540926638
1.80417792202181
1.90062739497912
1.87789521187539
1.64687431937198
1.83303365270763
1.79472751804059
1.52241770715025
1.64314808945874
1.71353770714973
1.78440432007061
1.76800076733062
1.81968955320846
1.8272524492445
1.82780007773169
1.82017325869756
1.80800589700601
1.79710968991403
1.79135317057296
1.78215085038132
1.78604790323644
1.783312490894
1.79445806675686
1.79081380612201
1.79226415063198
1.80518943243761
1.75449626993745
1.78351830954791
1.7877535033669
1.78700352385454
1.77809780693505
1.78302136916282
1.79426240090541
1.81377075053135
1.7692379697629
1.79402076964797
1.800030411027
1.79844251500142
1.82393879892065
1.82726314380553
1.79956988736107
1.77815264753701
1.9309674526535
1.70367620820283
1.81128063203864
1.68704417250217
1.73703929097419
1.71698558674925
1.78364880491883
1.97475584463521
1.7786191343417
1.65485223170846
1.49814220068484
1.67129540640955
1.70727308880548
1.6759062510141
1.77572095109751
1.35564552234495
1.88764790493188
1.67156305802649
1.80862953753723
1.90478280450354
1.67238097620311
1.92888253076676
1.61241756972242
1.70011792446559
1.92383124390246
1.49945033551491
1.66637059264806
1.6718564212641
1.82191446468489
1.72588474013406
1.88706872209302
1.6164237074068
1.77263725672761
1.65427691906469
1.54715498776116
1.47756128293282
1.75294216295674
1.87292762601755
1.71812192389597
1.99216115497846
1.56346932955777
1.98648499314256
1.89064283045752
1.56424968806824
1.65534002458615
1.85068451103901
1.90748947683709
1.77301606904252
1.80109628615875
1.92497971427709
1.92869325505917
1.77974846705744
1.98184676183831
2.28133215153098
2.12319733847144
1.86029625297124
2.16088944057493
1.77999974994134
1.78333431433827
1.95805436969863
1.85967961582912
1.78320411905038
1.80291105735978
1.78333388085318
1.72883144478284
1.78268957387826
1.7461087200257
2.05646274840305
1.52118270912177
1.59766265624032
1.74512760442962
1.51749010463717
1.78287219389846
1.85111924198016
1.85620136152171
1.61352676353284
2.04600485732194
1.66206784398716
1.78767251057932
1.7594284620354
1.66672936798205
1.6543103804014
1.66213985884764
1.64980467419881
1.63191719743739
1.73681939948972
1.71904308564657
1.72226422606463
1.9703630813095
1.67366314233152
1.78064926210727
1.78796632373054
1.78922650502244
1.8128117883227
1.76973653633311
1.75513348333521
1.71456313282852
1.87232783558393
1.6936528553172
1.74304241494623
1.65892523345352
1.65239537404636
1.71578429786829
1.62309058495513
1.72103868783997
1.68293199211789
1.78224378819026
1.69824937263058
1.69381166745311
1.68911065491668
1.66164208837613
1.65989905778879
1.61158574404801
1.69454901002623
1.68289938093879
1.69561460649997
1.73993571115734
1.70293342526958
1.71436180348462
1.61555076589992
1.72040261038682
1.67326786090562
1.69872168398653
1.59476477350497
1.69803469331672
1.85759293288765
1.9807124745581
1.86440174418483
1.91270232775833
1.84537004986573
1.81501122906285
1.98851799538444
1.87686786179465
1.88753810391495
1.84916492140536
1.82074431470866
1.75709652815312
1.70885382844349
1.66789498086195
1.79029881287634
1.8221964481269
1.78221053006449
1.80003940426267
1.7969257240796
1.76864211012471
1.77345853756624
1.76700483415044
1.76716774328301
1.77605886907279
1.73538253986738
1.77324440189165
1.78349326559474
1.70231967221369
1.78156159119019
1.89746252617777
1.51579643771151
1.8900999802014
1.66488100341756
1.83926240129366
1.9144445602362
2.15619054711773
1.88313615491894
1.84819930315267
1.44867036320981
2.0245674563577
1.7897782132284
1.8699493034846
1.91544816292569
1.88389875520697
1.71550783965851
1.54120242277222
1.9558465474256
1.74468341759547
1.83411751155439
1.7399835839115
1.7881277496922
1.63729644700751
1.74296215087757
2.03627265961716
1.93320841340413
1.69434010747362
1.54476610261779
1.57185265830781
1.97294364770577
1.90317206622418
1.94032605724134
1.82889587844547
1.64007458414923
1.96653172406331
2.0484429882417
2.07456897857664
1.98558070898211
1.65379279664998
1.7613714744256
1.5370741699381
1.93768338813598
1.91200217048407
1.90238647421988
1.59756394639833
1.74315879111998
1.6329776894645
1.52140090493182
1.68976811799045
1.75534752283069
1.74436618896268
1.84951120321342
1.7046800159281
1.82969655045866
1.66128557079953
1.78460789390148
1.72669477481152
1.69844754198721
1.72421831901727
1.73567938718898
2.15034599088501
1.76515180184805
1.66769721099136
1.72549986922716
1.81996154049404
1.74340662800839
1.90695482126449
1.90484400421528
1.76376603022299
1.76249680789224
1.74967685449689
1.79766799977518
1.79632323464826
1.79900906786599
1.77107206781666
1.80163753019367
1.76412077765177
1.76446368214282
1.78860817340654
1.72032972355576
1.74667229963302
1.73586266931779
1.74610485761758
1.74308331311916
1.74927123498342
1.75575827166429
1.73784612194864
1.73805342362991
1.73469873581262
1.76747280408271
1.72114809349916
1.70946154105374
1.68722102537825
1.71484235524566
1.6392841100039
1.89001209942715
1.77637471880927
1.750737729802
1.75577892456225
1.76036672261658
1.78345731523511
1.7816105657808
1.76811374271515
1.78276810018023
1.77051862503155
1.72455256788098
1.90132378830304
1.89282866729535
1.99394283011871
2.1148879922508
1.97170933623508
1.9333886474761
1.84878848358429
1.82241108640912
2.1179784249714
1.63820111182956
1.96081446714822
1.49311107078684
1.96342720293496
1.81418203268568
1.55877087434555
1.99407525081891
1.73434206594818
1.74334232633276
1.70558001671581
1.57186808537182
1.67450745775847
1.73045614653782
