0.439831687603146
0.732884227751448
0.917991913555566
0.991811720110858
0.893638253876509
0.815789933271804
0.856328211856032
0.904369335690737
0.938716907076734
0.83433183821964
0.913992794300695
0.997795854665232
0.879010741334107
0.915153644101097
0.886006220013084
0.772021113193829
0.808821062729351
0.83241278233228
0.78348596934012
0.780391078932494
0.694408308485596
0.681602625519637
0.785393068506134
0.767981521728171
0.783454981458641
0.910654560054691
0.969636196357906
0.968983193112647
0.795357494976124
0.989408781142034
0.8573989159941
0.802148050197729
0.970319195864157
0.884213960382735
0.98808628538578
0.890926043344272
0.882783116379428
0.879012784729398
0.827810958248175
0.914727842146968
0.821920225614082
0.819057453197904
0.856321085032514
0.883377696928278
0.949231794922226
0.969151836553922
0.864695924153462
0.954181755256396
0.906960784949298
0.819861349053791
0.832143323883964
0.934454027496304
0.997129430307968
0.862558149635346
0.920651968525986
0.999744531895679
0.915430542069815
0.77458695631511
0.859594281986516
0.901479380369205
0.812432865495718
0.897107510836449
0.842595278569864
0.921436382937371
0.923667815185522
0.663039007527408
0.88201159080619
0.901154465881591
0.927506612359857
0.903137716818187
0.838992935770593
0.780767437110979
0.817447459525249
0.769947084807462
0.755396845876423
0.75298112444888
0.760309933059958
0.750560002369297
0.816586375936866
0.744533639711203
0.720273959395676
0.793142410277445
0.775720228325495
0.775588042325451
0.812793303893048
0.79580526335421
0.921450997254455
0.873997036010418
0.92538512067779
0.952965271954068
0.927378297026409
0.878007543823768
0.910897396045571
0.874075833203777
0.882602019065464
0.992133605212707
0.989928379804453
0.937027806978336
0.88417234166891
0.817531238741045
0.720656530002009
0.830592827852442
0.842066407121684
0.954920940412061
0.931710499055801
0.756448899601868
0.71139792663329
0.901343929840596
0.902955190729626
0.833344617985141
0.840518209669649
0.96170578959534
0.939556489504522
0.910165580410882
0.877936513737165
0.612179605808893
0.91653803128652
0.997461636056262
0.804920377925205
0.961457633516976
0.952423426485776
0.828626268057973
0.70079520260595
0.815374296465511
0.822654223976191
0.749996864022961
0.86356721116006
0.700562533236877
0.923261553630554
0.976155110413058
0.788950142307196
0.942931897305345
0.99637866730522
0.949201425248035
0.744265723136297
0.954311190142695
0.953991473215587
0.993553201853002
0.956446444003404
0.866327931899686
0.969749465269865
0.847499302188511
0.814217440446776
0.959718862341946
0.929569692993617
0.875445225085757
0.584367109058303
0.794280445760598
0.963256973996191
0.962185094194659
0.799516089163905
0.889689578769373
0.993432577496512
0.964003697894642
0.973055002944343
0.981732922107726
0.896135134312662
0.913196949578964
0.996412590796861
0.978715161779253
0.883528911223285
0.881928456501009
0.920263999154496
0.875583975548734
0.991965992582826
0.939333499357391
0.952618009148633
0.789473436266123
0.802971041918176
0.82394514630546
0.870710901007291
0.944680702982299
0.85864915281502
0.795700595912634
0.902744760286637
0.849396637278025
0.584678716567335
0.915177703123755
0.986823080767063
0.932230550511561
0.995113279564854
0.706769974060837
0.89144023345626
0.778405888884377
0.995941153719037
0.850547962296043
0.734786346343219
0.767178481895821
0.949451749830584
0.841989677882332
0.75381137253205
0.673691544672314
0.946115966653441
0.867194796523437
0.729457034149717
0.810483573996468
0.879389243357186
0.921839137561317
0.711542146312762
0.789233489577238
0.799368912890034
0.689463733571328
0.686593041488235
0.794350388803518
0.908884794873914
0.963212691304934
0.841983051786177
0.81447785348694
0.87536560166282
0.991641252399498
0.823370038700513
0.8527020810376
0.905328811043154
0.784173961402239
0.892118198305514
0.914678655586715
0.867681466170746
0.961887540443064
0.87921828497713
0.896043686468396
0.925768123732093
0.841613501380112
0.891001464616155
0.791944985339281
0.855428089716284
0.831801437343181
0.860678204283367
0.90966915121925
0.850087966378703
0.970783829344085
0.778398924234668
0.860299377343557
0.809048195221725
0.814515947206659
0.983374925607934
0.855905044411806
0.962855872136309
0.933636498666053
0.965178329533277
0.927194593132305
0.773183234870294
0.947118056990215
0.969394035280438
0.659236274935087
0.703489144566635
0.871928047250276
0.97757918257853
0.875556246585483
0.830301800357798
0.957630588488737
0.778066976830308
0.79880599727282
0.859446764231233
0.856793214877298
0.759243628743153
0.705830910535799
0.758694443249411
0.730665734040813
0.715801862202607
0.954844430647564
0.873419250357609
0.761400010761963
0.779764090149862
0.759957127710827
0.973194683677503
0.704486984578363
0.98436450917974
0.909747175454252
0.972760964898787
0.987195101274777
0.963437236391405
0.888570127821117
0.955489514043974
0.903780247871799
0.798433080347837
0.920319382847738
0.821311226108233
0.961141665292007
0.655221966708408
0.823611424187236
0.868376599859207
0.816331122732048
0.712890059734535
0.869925673355909
0.904594249086557
0.951067280834085
0.833610998057326
0.925071203725446
0.870795229324602
0.793176776074701
0.943877526304606
0.811124223712287
0.717563548051698
0.903555986569111
0.958567404041171
0.8980175660967
0.937998839647246
0.752535004494145
0.77950195562356
0.78984755583699
0.86762223306591
0.779458223839612
0.965949845266848
0.885329765937791
0.88221135808142
0.845927973604561
0.912657119385967
0.998343608350189
0.82107795293016
0.907878727799291
0.846773749489294
0.892714878934685
0.630042812284081
0.956644498804301
0.945597651555084
0.843572069395784
0.915850372165509
0.891185835960243
0.913210438911912
0.802120233145479
0.922643934499608
0.942404003608853
0.942758352210389
0.91250818761385
0.791959188666367
0.838838861178056
0.962330688517133
0.885355992868637
0.791152682941383
0.901030618391064
0.76108205106143
0.89720740008629
0.86992641253215
0.911238876020248
0.980246082421684
0.849214157078381
0.931582592091511
0.886971254078789
0.95212378659164
0.97752413467166
0.949894231972969
0.891778170637537
0.870733712432687
0.87611932696739
0.91743132960095
0.982261467978087
0.766972938094644
0.961441164742611
0.927627667257174
0.867896129727707
0.762423656006057
0.875543563117045
0.842559144794504
0.880822618601207
0.719022551506702
0.741763505598238
0.962825293784353
0.939528344637921
0.973152373631247
0.925916683917368
0.994147688982937
0.934215816555955
0.730256395280497
0.883043619380406
0.995968761949428
0.960864821163828
0.900955530555411
0.972443795814689
0.862942868602187
0.770580678810394
0.895528750271609
0.990181848651079
0.971044458211947
0.873842441923008
0.947914089180174
0.966293544089637
0.824626764342511
0.8634384327564
0.835128103201672
0.823300585803107
0.833747980434237
0.771827550751731
0.818466179350926
0.795029946867472
0.786026114026202
0.783073334258825
0.805630050196922
0.762951514270914
0.907990730822595
0.970552757295609
0.886351897574551
0.900930028968977
0.811142311758055
0.951667083459128
0.816220249694164
0.886931534927704
0.999671104563284
0.972635362788785
0.958933764038305
0.998705227366606
0.97327470060668
0.830342524596794
0.846133177031801
0.927120742835054
0.938969107615132
0.920969336431573
0.884036096239331
0.867505583640735
0.936840351457118
0.87280928081851
0.774827285942401
0.808014022790882
0.768960214987606
0.73670696607811
0.782496404977799
0.873669141042504
0.911537094082097
0.861468355989475
0.722125386480512
0.785688711751402
0.744188068209335
0.823758685533638
0.791780028962939
0.862610345625499
0.78705430449157
0.840259635803404
0.804763560661645
0.810581790267963
0.774115979283898
0.750435836983858
0.832393891660454
0.776829405015174
0.799509064891561
0.725207792076662
0.7244146557037
0.896600145752068
0.778748331215334
0.956678689616474
0.666871500766904
0.805963429633592
0.99782684561821
0.944537392589047
0.897450059848863
0.880955586457603
0.833226280545697
0.770942674294075
0.760119014741577
0.76357151180792
0.770112715717328
0.771857180784724
0.797295572260468
0.775178225963824
0.904415404702457
0.910973227420499
0.899733704543629
0.952020396622929
0.807095996515229
0.745894379248664
0.847758877048364
0.915832852550452
0.886824237774632
0.920945707730897
0.854304550638917
0.929393328982296
0.835415528107106
0.93830865192135
0.843037670651198
0.714128761243634
0.78181316263568
0.71968493385491
0.743698423813928
0.874680567660296
0.953833961303439
0.900223910717788
0.828154302731872
0.992290928164655
0.842852335812865
0.764048733320743
0.90336699550897
0.805473211215688
0.87480145235857
0.894898870664154
0.933744678863121
0.993754636299705
0.935474264287208
0.99400133319177
0.866955987405631
0.79074621047337
0.835527844781879
0.686794798380398
0.721686469997224
0.735696822093884
0.784424516490507
0.780483341811722
0.819290888354233
0.720701173407265
0.889914396094457
0.88496966261654
0.840682448015075
0.885944705591855
0.914500857208231
0.912662297814987
0.973151112789332
0.955351163291166
0.754347361224058
0.91119821875597
0.771445693349258
0.616897162047162
0.84488223002117
0.768447407362227
0.850728186143858
0.857297532400257
0.822028070899725
0.802786938375385
0.908593107697379
0.88887374333414
0.823803490480217
0.979512629895193
0.96831864042172
0.970713106449789
0.860049723639165
0.906483250292579
0.963566485283316
0.854522040577107
0.904270653500428
0.894029400869573
0.96045589643476
0.996250095987684
0.960687264645336
0.973931063125505
0.888707014651374
0.909320790883149
0.920696488351523
0.853545356779609
0.837190255332168
0.867126797460328
0.941746242994125
0.897929028498906
0.949821951921081
0.918955437147877
0.86276869133316
0.933120414985017
0.911636907815523
0.890566528441908
0.883585806466331
0.890674046324436
0.877320082695777
0.979467049739416
0.820927183767747
0.980441731423205
0.907600374773253
0.851130355663497
0.853500029611565
0.946043548499518
0.908927810810093
0.962819077723281
0.809897911924985
0.914685747785762
0.872323938037624
0.904653265148097
0.950149528753666
0.837273428773996
0.958361082138186
0.974154937913955
0.920642639067698
0.907754642669509
0.880674443629198
0.846273313012414
0.96790401559286
0.812961414330914
0.967557496715767
0.806915088917376
0.94456146544797
0.929023431639905
0.917383408124113
0.860264049546462
0.85974285480879
0.776453015521107
0.805895027265687
0.904832671814706
0.839425548676049
0.924247196473615
0.958425868903
0.967829096935785
0.88288110323062
0.871721326994008
0.871210571919034
0.808259918636184
0.95886187679469
0.805585239167953
0.885585298953401
0.970936199424262
0.925827665520101
0.714640803327571
0.808957663843838
0.813068295156446
0.660499315688844
0.871995194469985
0.82807188846837
0.777358641399938
0.944303798210118
0.783003407238565
0.79417257481424
0.758277107825093
0.822650128562291
0.760578910399889
0.911791522831279
0.964245650864376
0.809461866839072
0.903130059492647
0.855453711822143
0.952896842200265
0.960197192517788
0.945546725500332
0.863451992802214
0.919339889028578
0.874807443030046
0.987765136724559
0.965166179449223
0.870539094314666
0.983595634641422
0.780126398005291
0.890388617518258
0.890626963184316
0.894343545617075
0.989243492298711
0.936480726541097
0.963555891868672
0.9278485371812
0.924967229243702
0.901629544569207
0.9440389881556
0.874414672872868
0.917186031232452
0.913626041510131
0.978009130278266
0.861942810179015
0.900795351030115
0.932381089157386
0.951146432727476
0.897042352970164
0.797998263769832
0.896043398994486
0.961795597567927
0.859631439333184
0.768845281963375
0.899063189818503
0.842907803254423
0.839752907500151
0.808503645094103
0.908720547106951
0.986497783284083
0.895359361187322
0.942409283292193
0.84627796628895
0.90690437595717
0.860379766973819
0.811937586269561
0.805065591728205
0.877421634580984
0.872102630308386
0.814159051893553
0.858071003291908
0.909494368730759
0.863270128701042
0.816617571377206
0.911035603410979
0.934558905566508
0.877907786889874
0.937542709591395
0.946082661011661
0.972504195368128
0.924965665128198
0.811872318266571
0.882829592333166
0.77460102287698
0.843898771603203
0.900558417712922
0.946446565797304
0.883219977784634
0.92932950676403
0.775584011508924
0.893396347520047
0.876358015850194
0.801563424044368
0.72346402029141
0.738779657102363
0.886142360948264
0.92237723737164
0.800985764364616
0.993077252347203
0.772814035397424
0.43599333379115
0.818727717418152
0.851117515269934
0.839688231329433
0.866044628606453
0.813026029865121
0.809349066676699
0.779203508988161
0.682929286986343
0.682811103356005
0.674005868080719
0.727805159123309
0.738432729600982
0.871119758876548
0.872893767612568
0.801115497523759
0.791361264479722
0.781008747863604
0.815491740042852
0.797223506949205
0.773768136933907
0.810548536845708
0.81873510904977
0.810168076717648
0.791636559284073
0.852260921070125
0.860424867556029
0.835103906506833
0.856689779771543
0.819224822850132
0.830960946080445
0.789578846853965
0.785327883892003
0.779930057049383
0.82306769765793
0.833815321677994
0.814057263661515
0.791101213256495
0.817605136702833
0.813373741043949
0.858962095543853
0.882902911710418
0.866768943315622
0.858208694323506
0.901136500085851
0.914650643506018
0.938071063187434
0.924585870315075
0.879589001994368
0.96895652311958
0.833807550561177
0.999400280470323
0.853479904876506
0.920076034157974
0.778101210009442
0.895546499196388
0.80043297389885
0.753779780263177
0.85129442129442
0.885780300776654
0.941595186938894
0.852463423708003
0.861766894503153
0.93210563612141
0.770059430412189
0.968830362846102
0.823422017691396
0.630889679953021
0.857669582401514
0.998766036769877
0.829154081668457
0.973056079800894
0.684627033191018
0.844489898435496
0.954121952905663
0.984200073187686
0.84892286209619
0.789361582373191
0.967983990722817
0.937158918690903
0.859470058053475
0.926052275511158
0.884705556771027
0.773397277014397
0.896209293836888
0.879245892146644
0.949610983859305
0.972295670090352
0.948384084983223
0.98294236623908
0.845863153127312
0.920638149040315
0.696592886420695
0.941668399190289
0.951476176617135
0.951059571020312
0.967579486862531
0.957557242137977
0.9920788294714
0.85903958043069
0.973637430333783
0.775065440555323
0.922583657979138
0.914232243357209
0.828470435332537
0.841215548511467
0.943429182252425
0.916190975135791
0.695197778892134
0.886820134614929
0.939015552559689
0.951512772185182
0.797880179473036
0.86909791796064
0.929413916961283
0.931648716841095
0.987272543146145
0.977366327525514
0.974141994161138
0.968624306292772
0.97633352291339
0.91425368897057
0.921789709635033
0.755956280118376
0.913380923798817
0.96510540300879
0.788976977704189
0.855598715026356
0.902447873684119
0.896583893549632
0.809036075484761
0.853148990152164
0.975531262175704
0.926620757285896
0.974734876096739
0.919132950939245
0.856086282709005
0.700771212083922
0.713862488808821
0.780104728463917
0.876761816377875
0.9338359861336
0.853150560047613
0.929163110149667
0.957384090567573
0.970044127579456
0.910060210503093
0.819532420045702
0.925493748078172
0.813620133717569
0.898896335986837
0.696068054087001
0.808021602792495
0.773734499714596
0.866959478453443
0.872407219454034
0.816428374688276
0.901258255684431
0.780832276396987
0.853925546420121
0.866321275606781
0.79250469230983
0.85390967781667
0.955867864344938
0.894005127683439
0.9474429263399
0.981356607868093
0.861390655778742
0.817868638351463
0.994335257646713
0.778588561340592
0.796898509802892
0.984896640467647
0.895513359967558
0.929463434023602
0.94226037160066
0.970816223109382
0.915977655308195
0.975118344591168
0.938178463007464
0.952804271051574
0.957357510325556
0.985897588337288
0.918252947780737
0.911490036556728
0.999310294762258
0.941511545849311
0.880431223399419
0.870282004750305
0.924738374375446
0.846772790606474
0.784453328253956
0.915865840227264
0.928645540223499
0.867550069264354
0.969631542057388
0.935833865710459
0.982626606537167
0.865229081692018
0.893265690754508
0.910191477706506
0.746296902602718
0.72336655922275
0.703874118463309
0.767042850999479
0.776431222299127
0.873322809202761
0.859046944596672
0.813769744432005
0.769244494491916
0.938230978918275
0.933268091503004
0.818911243395162
0.988007358015829
0.83053008886919
0.642420138752719
0.908406532383606
0.890670574923002
0.872486194786367
0.865717697853535
0.853099244783413
0.869913767625107
0.883703340277995
0.878070533228626
0.863783168734733
0.864908981458307
0.867931122362034
0.86102448276831
0.870083291909038
0.844197048934042
0.902016291526179
0.86991882952835
0.781356283149299
0.926510406577578
0.945881923062827
0.933261349249999
0.981915208764705
0.716090468543289
0.926317824730303
0.978365492846091
0.905154165140828
0.876382774426354
0.945760878862977
0.854274889459983
0.989571095624876
0.957971958052114
0.836166181684858
0.951139542777502
0.890481393368181
0.973423899972142
0.924487764744412
0.881109867117972
0.865462103172265
0.937514877907718
0.979815315542513
0.922960392618019
0.972959781633909
0.854558921135122
0.896875168757168
0.873089747483154
0.726422796515112
0.954096640706268
0.859174100340064
0.81148078469812
0.931030960935189
0.868315222871005
0.970640372793842
0.896015137526689
0.944658975409384
0.975039844873318
0.828861372481353
0.847175218074973
0.935333620646911
0.882972115475477
0.910895333810796
0.956638038989411
0.881132669678957
0.911401935983161
0.847671830820605
0.908977636487852
0.854305786239322
0.883725017926985
0.976949642910142
0.898773131869328
0.984295744700793
0.86890227310538
0.83145639041153
0.885407458285197
0.943363926550982
0.889368173358395
0.858277330831371
0.801251404560308
0.980354089002538
0.813359750868711
0.95115626632158
0.980383995508805
0.957510077416965
0.934792525847337
0.85086205056579
0.947396820623257
0.862672711211267
0.997664812205688
0.899471163419045
0.991917053381544
0.889706958265726
0.886238044642626
0.835855819486345
0.811426756524197
0.813693563410627
0.742360625409729
0.812410555481521
0.772125979854811
0.863869085075481
0.975140393717647
0.947259281119537
0.924600896091046
0.946015439545333
0.959894944582046
0.936254147365604
0.85585711721266
0.928668605769653
0.958885079706309
0.836567685136479
0.797549476634298
0.892191286907805
0.829601537927883
0.852173744171699
0.911603049456819
0.9733394079425
0.942718995030895
0.883664523322033
0.999722045062489
0.764128294151169
0.849326326104496
0.967938964139501
0.809846177252847
0.829605889179201
0.862324856383346
0.803688860048566
0.78503803695655
0.769419286703402
0.742367171003021
0.750642080991998
0.774776407969755
0.751899155223549
0.755256957191669
0.788425427238454
0.661592568657147
0.802973067584707
0.976201304869151
0.826599890392073
0.828851585582991
0.865806196088386
0.963053678339962
0.882313023316532
0.94113156881524
0.776377059243619
0.935048537336102
0.906784356959267
0.75450164165673
0.907973273628541
0.844289743677696
0.832994033613534
0.882162755890628
0.849537963693464
0.933120385332399
0.765131933315565
0.979257900256684
0.717355722201821
0.930337943286159
0.920926437223222
0.899577794656618
0.989428971245758
0.938259853670365
0.759643055840455
0.920061571531284
0.909429220413829
0.961922488311972
0.608161880990339
0.607247571465453
0.962983957387003
0.904046219314632
0.891319950893254
0.836432281728243
0.936171614521718
0.772414262786629
0.906520090593675
0.859378512621196
0.816838404934125
0.801912112854399
0.832887264006544
0.750005246821389
0.812075901849438
0.828674847673555
0.777793882324201
0.714871878591393
0.838091889524453
0.794385612097468
0.786829922321556
0.825753295140858
0.852244680432485
0.832624628330861
0.861685322161403
0.821801716615285
0.812033704306729
0.818109479281
0.842373829488578
0.768764391599082
0.82846875735107
0.822507680184682
0.790237022096566
0.879337586344931
0.901580275607788
0.856348820430398
0.819706630831037
0.8052907285031
0.804877318498643
0.864892808608046
0.839505680402933
0.834386785583871
0.847460687375694
0.825830987783406
0.814191373757774
0.81358393038836
0.796869060679052
0.713258362466042
0.788623402283665
0.764969437472394
0.798455800971838
0.827539148569947
0.838420208264493
0.876012462524819
0.878093468506439
0.884998097904695
0.919346843235811
0.976597502894318
0.979756176139399
0.705348562164747
0.731812618413946
0.774478430883927
0.828271841302653
0.624608419212249
0.938047864915067
0.865120811566332
0.857575973925226
0.820500603303745
0.85723387038083
0.836870112181819
0.850930886483782
0.834679506719272
0.846783930253284
0.816848636033713
0.81635400173172
0.820492423560958
0.83048567673041
0.843529388793424
0.830755465237865
0.829941264211363
0.83263487620602
0.842050095322748
0.835632687831658
0.829296926297593
0.833778478796445
0.823891247055086
0.807050093458419
0.825905063733391
0.820385078405531
0.812372549049791
0.859354765928077
0.83357689286027
0.819380252498123
0.898161103907889
0.872209996003092
0.963737090507162
0.881773252221232
0.979284894195597
0.805629675872403
0.959158072851889
0.824347042215341
0.922287131968073
0.789448259273593
0.872905814670623
0.820150746355098
0.933029625810746
0.968594545803517
0.84582719290893
0.740805384657861
0.724553738280075
0.713967924522577
0.780784646002468
0.747802261034424
0.739477881360396
0.697322344545468
0.751392788413892
0.744634686697366
0.731784325007541
0.705250788020042
0.736052040026263
0.811997805091749
0.726271170403013
0.812797632839699
0.858116786899924
0.809473295948894
0.862755175740424
0.881748947241013
0.946543023350981
0.989018144469551
0.833188801662088
0.905844120435524
0.901751138510243
0.807075397447071
0.842181975059837
0.917514525677047
0.90121477048271
0.97260402238342
0.833783514764687
0.983441333621288
0.824972495313806
0.945824296898131
0.96954651637471
0.870307435368969
0.967372228499556
0.917956179195147
0.87464195256385
0.941288138615542
0.959181206420071
0.947153543007768
0.98980067144275
0.797194570803312
0.893631358404585
0.797964940610342
0.837593788353351
0.785515579605553
0.942666824661165
0.815526087198833
0.881306814452259
0.850684726340358
0.951646183626227
0.77017849653451
0.984977368822485
0.971508740982753
0.828003361448864
0.968283423497849
0.80039739091917
0.84828888955629
0.841277268885784
0.912877570533501
0.894257836688694
0.876646531434489
0.767852564555501
0.851253125521531
0.832828973846341
0.960254874281766
0.963982927181999
0.942040206258651
0.972605999583254
0.887159624003533
0.968898575058447
0.868125012891617
0.876278301759413
0.915726000550912
0.989790900160412
0.87764754915383
0.853815926076576
0.769982692225512
0.856136171231323
0.919461834904791
0.813841372775176
0.878537767353112
0.847667728953095
0.933562809670135
0.903876487789343
0.931211772993159
0.93671388676188
0.766064779680947
0.981275442511402
0.929799236257284
0.988847319367934
0.882161025587947
0.789142748935305
0.931245137075762
0.842062087124754
0.965345731472439
0.905524357265914
0.885924323726351
0.976471291538347
0.989285880826595
0.898839442969113
0.919258678199796
0.857467146341402
0.855629538554168
0.966758180086347
0.893464647632299
0.994710980749619
0.909188064381146
0.980042310788727
0.977004304338082
0.863946087433858
0.957038649042813
0.919447266733707
0.970371842920926
0.962448131283569
0.824676454731617
0.995758013860808
0.831319779111298
0.749737235667497
0.99259034317599
0.832150450697848
0.939642562045817
0.943907237982325
0.834154136372306
0.910063601419296
0.902283194703052
0.917887594952878
0.963148485392178
0.94050125229306
0.711803827397486
0.9566390074733
0.943483220513598
0.845041805900664
0.911334974969897
0.869574571801865
0.973773210951074
0.90969739406803
0.852551670542109
0.913591942523961
0.954797080365813
0.714468292970133
0.940060951656202
0.904646657449502
0.88833871212631
0.93964152310639
0.870668540846906
0.742082270417408
0.922041101629357
0.921344239082964
0.864831206521186
0.778532780625482
0.935207270587763
0.982236266441622
0.983309051548298
0.964406008016138
0.912128409717482
0.996487002478953
0.916093753260124
0.868638657919451
0.86898441072062
0.988480556823827
0.992133853512248
0.986548725344285
0.721852586787946
0.969694799018287
0.961231305574018
0.94490641415371
0.907592648583908
0.84359584126992
0.828365920594798
0.926838389232061
0.769035113947326
0.925249901871817
0.953649785804365
0.988117022047826
0.836239484381208
0.749983152228592
0.923536313825951
0.866349023675654
0.96655140515014
0.94776380959728
0.888249029900367
0.900277541832939
0.791928278242108
0.950161457424168
0.849682335350635
0.868997018094268
0.845950094948201
0.904116083974923
0.839288915561217
0.80188163421986
0.906339160734276
0.756357667431567
0.912554007727408
0.849735325798582
0.723889312290391
0.910913687134838
0.933528561519388
0.947201224231509
0.945801553243679
0.984242841471479
0.966299019711015
0.81128662641844
0.951008350613084
0.792273787293703
0.866526343923691
0.884579047609369
0.780373977497181
0.802750553843726
0.836314997246021
0.787837245341462
0.773241858371498
0.669187359539036
0.870038013554463
0.974804496269656
0.910054409260587
0.913327801813921
0.920194773136697
0.880077242711975
0.814075868421713
0.999526098640636
0.922229336183216
0.775050452503867
0.830506364457205
0.993468780394296
0.960029064557665
0.656396402543766
0.889933697428308
0.906365080601106
0.870208481656018
0.983556726533299
0.942580168121874
0.869371409743001
0.932277688996304
0.957883604846105
0.909061099588784
0.874053353277463
0.997006413393576
0.965324408803591
0.914035225506783
0.955387494269134
0.955331578291551
0.948799212414943
0.951203016561649
0.935472640650606
0.918157017411694
0.938314920873827
0.925598039332164
0.797807755451344
0.848535092613438
0.883531792291219
0.952807763077601
0.914888640427358
0.989776820719354
0.959072472465079
0.949056076149941
0.97089600411691
0.740815327155282
0.708194481283734
0.966631296291347
0.820050015540609
0.902280061740096
0.755664971907712
0.816688575596135
0.890674588322407
0.768905915374118
0.845437507315073
0.716473947867658
0.796612939873136
0.829824476746346
0.892717460098878
0.912192345049376
0.824045844889328
0.742841106221
0.805429888596473
0.844972087269268
0.750782278816339
0.758895161743707
0.733727795855817
0.735774266584209
0.733289483810226
0.733527431645935
0.732211368371702
0.728116213283191
0.722670105098862
0.723924258786122
0.72215926218335
0.729260412063372
0.72309887153195
0.750487928892009
0.746514386032832
0.730267157854368
0.744717909527254
0.731745401208007
0.794200280194641
0.777749731957144
0.738624640616717
0.803640816388132
0.724197355700174
0.821757320672866
0.871700557048744
0.727563132907196
0.929690034199718
0.854356481856067
0.920464114012822
0.896628133912007
0.865459669677378
0.847199054920954
0.74014964390351
0.721221973101882
0.881963979945282
0.910948335860999
0.942987381656755
0.948929465657139
0.938036730871912
0.941258969355157
0.951741947243087
0.827781296970969
0.983132169150305
0.91310740008542
0.963800654345613
0.958699545874693
0.834068610233669
0.917876049746772
0.971942045530107
0.922885654646816
0.892067471520097
0.934997426027074
0.941797111557559
0.928881193603139
0.906898489022894
0.8074162856999
0.916985972775602
0.856483657120459
0.740424287252652
0.987058423806579
0.824239851466834
0.925338118132587
0.996844311342858
0.946324035080812
0.818222604807888
0.814470558927964
0.746367936690683
0.801489897865483
0.787016133721312
0.799361441966318
0.825361777945855
0.798718859853499
0.702182382351317
0.797893954422252
0.724773546063653
0.820199952473641
0.757737922015683
0.892427121461407
0.91188860776633
0.776600470160549
0.687425434495272
0.898474160690165
0.830356152689276
0.873278471429731
0.757523389206866
0.86719855345422
0.939827647777733
0.936746161800275
0.862282837218302
0.976523327204369
0.872386783082163
0.896673297869054
0.939489355562476
0.945489707118096
0.812651129113083
0.902334560779773
0.908771032763334
0.914094672705595
0.835244263598306
0.818814696376996
0.807992459745153
0.765656576543059
0.910590430110999
0.810910710767481
0.983248565050998
0.759707015682594
0.911466138901071
0.91556272259469
0.946150737674189
0.835417713733362
0.950998015237621
0.923776257110278
0.789502073034802
0.922193476216733
0.971302691249542
0.822872415887168
0.776680758834094
0.864412404244512
0.918710313834092
0.752689076379624
0.864990996115793
0.987589824303263
0.940786490067929
0.847309453813777
0.888284264171947
0.72536658830962
0.785812996515313
0.965044377815985
0.813946768747426
0.801043303256864
0.756564623021767
0.793780535266002
0.790156764472993
0.792385796964376
0.766036027847789
0.884112086630386
0.801082698226124
0.800341392343266
0.787726877007115
0.710942324552464
0.731475938138986
0.678605001845066
0.738585597840612
0.772468586837814
0.795753477003473
0.796424772133337
0.822084722142138
0.78808640303895
0.97731077689049
0.926083735714583
0.926288020629284
0.82328819542387
0.889341607287908
0.866316028019366
0.9488170833603
0.961836382086704
0.992506144028995
0.883521674640994
0.837132379980565
0.799847918636052
0.885339149312312
0.974580912583393
0.710942518664218
0.774586853216827
0.889357184232992
0.808680490098666
0.935024027787323
0.865342317665278
0.944934254519863
0.797574739724228
0.910724407283617
0.990947837185114
0.769928461394168
0.957792300656206
0.788035499256278
0.713324821422088
0.917118331419521
0.943010325750552
0.959928552691007
0.954762983400242
0.962734577073369
0.945939358939743
0.924174681203794
0.876823052743725
0.812732461448917
0.725322224145651
0.896893216160718
0.767906177215215
0.893394777043582
0.906994373374386
0.972670288978784
0.911075304974652
0.90373834141356
0.958271680827051
0.885140859939039
0.819978373830344
0.966394546672092
0.97986905556387
0.894007360836319
0.898578517475087
0.953679860122546
0.820105022673066
0.812056293580806
0.919195553234468
0.843958706679634
0.932335955721427
0.901271919074802
0.76145727356973
0.899561101252
0.857833009969655
0.761603295331973
0.780499459762935
0.817356378218558
0.820972736210157
0.80369714274677
0.790593362693899
0.775399062621291
0.789338686321661
0.744391479652922
0.788029399328313
0.770037982222306
0.798174082620097
0.800832414215693
0.842105279478122
0.845080263583473
0.883162693071338
0.78918232028701
0.856248253594443
0.837961476171534
0.894464489708819
0.673307265019555
0.998153292067637
0.883737070494287
0.999146041377752
0.902149235427689
0.816943990311638
0.987353727619038
0.767920275960551
0.898713401541084
0.917731216742678
0.986997919202709
0.767083815975314
0.913302002775219
0.904447742010715
0.900195153442169
0.786607268263663
0.913763106712072
0.884899212655277
0.855035811509891
0.883179638789366
0.732847986986507
0.804887918775504
0.98760485328326
0.973022121222466
0.990188093041673
0.863387445422036
0.947546959800295
0.907048255807616
0.965070773611159
0.942410542820534
0.89576911325117
0.92271627972517
0.701105921078706
0.999895687240587
0.844427529523768
0.964094272644622
0.913686599107573
0.985479683242622
0.985783554145359
0.98540963818391
0.920675913622489
0.852661884780602
0.897303412352533
0.793193288335725
0.863882097663697
0.886686973568205
0.968728254804406
0.843715774509321
0.941732397953989
0.971485963151128
0.626074343479548
0.946079001793129
0.96473800946899
0.827600237115352
0.936680884305314
0.860495180524831
0.89725853504993
0.958957967782858
0.977946070622958
0.826439165569139
0.755135157139469
0.714303920553755
0.746230709336974
0.945075754337239
0.989213062768492
0.953359852626625
0.897218625692063
0.946182685098152
0.791475149600624
0.976366375562372
0.98576679106073
0.721745309304899
0.593184811402124
0.601145434064689
0.826645364645142
0.818000522563546
0.718712147036642
0.939568653914966
0.860163064872686
0.942591055631778
0.847066438210389
0.925318489912195
0.953579248031289
0.937024730119355
0.861293417307428
0.861741307902833
0.888315067072943
0.647829957816088
0.876484039980622
0.817917714576313
0.988018521187547
0.874212549316364
0.855596478209913
0.731975684459362
0.96699787842842
0.931514431749358
0.893804001352564
0.883897471422119
0.885459794336154
0.891138770055732
0.91591855097192
0.83389903162995
0.858393765936585
0.928881255225458
0.785602066879865
0.980252195414262
0.796805887574202
0.89521501967312
0.800160849034643
0.975751162733957
0.938524158047989
0.99666226364193
0.7228714882795
0.805716876811159
0.997963203008074
0.731172993221826
0.86376235475905
0.7952098593343
0.870432632382563
0.814984479314607
0.80801646200771
0.917394555265261
0.978455238779428
0.997123758948264
0.82708953029319
0.841820801665789
0.929787546549668
0.95052146680188
0.889127869336695
0.857329660193662
0.961456007188333
0.871527924463904
0.775993335982849
0.958809914719274
0.969501628043859
0.747431091207652
0.879209571490156
0.880622998762178
0.828325343182249
0.873118928948395
0.86360224293113
0.860853572733362
0.975392669481102
0.895251359324604
0.945236854071812
0.894834191393513
0.858763774793
0.900828814374117
0.954882042981751
0.821591923608895
0.955879279824152
0.857613306908377
0.712568999699296
0.993812374758503
0.94874453530613
0.776302401046918
0.845429316056349
0.971238437475888
0.989060398734765
0.819329338881377
0.915020048425469
0.915480786292584
0.851608716719776
0.950536759153994
0.910172546163238
0.703695917616885
0.854442013420539
0.836118264458731
0.875127729206777
0.827192345340846
0.781098431808815
0.925905557251195
0.757701152825773
0.913036435873977
0.939655632940168
0.87843495358065
0.972002638825381
0.926210022398072
0.929556564800991
0.934303068533828
0.841383862533652
0.951804689743344
0.812714447739585
0.961244880597362
0.876034719069456
0.9140926175657
0.950000270835673
0.847882792774637
0.952151316674807
0.956766333867981
0.908657791369782
0.832131794578387
0.83787400375455
0.780840326665878
0.811935432645665
0.799024618814979
0.791194387358471
0.749109928535153
0.934923290795598
0.933388746823311
0.938897346353034
0.888144150896329
0.946743079955043
0.845329425712107
0.781070385830305
0.736538981541588
0.96506545303122
0.969906647854408
0.943898420228779
0.932620084366622
0.899944709898532
0.923547184141023
0.947397135532414
0.922231061187756
0.977739074842269
0.985079888691735
0.991433555663301
0.905751210075729
0.934029659889451
0.967700719960399
0.948158704590189
0.778407308275645
0.982875014345822
0.892616116708246
0.990268582133007
0.929715176955565
0.928149009189261
0.977217496961365
0.917123244160381
0.991545801271462
0.893402680649413
0.916374566722426
0.912148171147147
0.922002745286589
0.999955995355289
0.939987004618849
0.847076508316565
0.941609043315368
0.978561874080331
0.951367757016264
0.951680398535438
0.956072755310074
0.890114364237926
0.866177702479007
0.87420485851759
0.99897141554945
0.918805405980363
0.828322797994336
0.850970281499997
0.852657093752783
0.893460504472166
0.932265402459251
0.930681653769086
0.786256308873515
0.868536960554618
0.899737068708011
0.828535530308293
0.962380329613502
0.942754584058691
0.860091765512289
0.849886508453714
0.849738181875087
0.925733677783136
0.986656009958129
0.79484640739067
0.986894526524819
0.990913761655813
0.917213563964289
0.969838009750897
0.793304686287948
0.835053529525558
0.956675670752127
0.947078844001634
0.796983735236707
0.881957894712082
0.97458325595815
0.943830353373701
0.859534226093721
0.892578597762713
0.926862807638902
0.888370042165342
0.993348235545529
0.976349636209277
0.919421095782388
0.857341670867447
0.897981878837887
0.771755134555481
0.970686031613271
0.956855021818273
0.837015022286899
0.781563864544725
0.78174208904423
0.882558018961616
0.872439395174673
0.763048497830032
0.853233687556114
0.815730439523809
0.779190019661147
0.744266112303035
0.720567612983785
0.70626235971657
0.813344986962733
0.757626799118211
0.78047135869685
0.798568520424616
0.792348250770182
0.814147052374898
0.870419493582814
0.862883893863982
0.911807219203681
0.892304259774779
0.947875347568197
0.993701517888097
0.917107009300199
0.96031984661878
0.947653813027836
0.896497567760122
0.936024996749902
0.986824342416631
0.870102803020627
0.863130465844466
0.805188529145042
0.877784286772411
0.704713419888569
0.976832674934311
0.804835287705238
0.885057914702271
0.873165124055286
0.8190796045973
0.852522296332784
0.751833595024781
0.814854415447698
0.805013525508978
0.903871017135911
0.958878563328071
0.905989691430132
0.981175261891725
0.920154307622438
0.901119254585362
0.829448058596642
0.835530139649227
0.870159480755946
0.875678653943889
0.751721371966797
0.946209700898712
0.815669907588625
0.979586648138758
0.904443022575194
0.787498957158937
0.723517555290247
0.942654066147362
0.768381125773726
0.787168480801613
0.771499521429711
0.770878483915708
0.780368575576433
0.790562601385989
0.791134409871989
0.802207570766743
0.79413178272535
0.810526020458819
0.809923009606238
0.799567831652747
0.813853460334726
0.79357518332067
0.788931612517491
0.800898459250497
0.763360844778734
0.783861630996935
0.789336702122653
0.768291069810273
0.820085802842488
0.813976734805927
0.811764077399709
0.89461693733116
0.834718409939031
0.891082049451226
0.835470702955639
0.843406725859465
0.845891216769066
0.902626084898013
0.823431524182638
0.826580588668564
0.821709909098373
0.775825017296247
0.833956827642819
0.916093216020139
0.96396815345815
0.779421831826645
0.794344551947719
0.911436844970787
0.840997145492663
0.804817785470064
0.793388709606191
0.879709115025651
0.83925959359375
0.732287862483674
0.941234439307694
0.937525701936681
0.854649405780428
0.835167886159211
0.896324003062753
0.974039698918492
0.886578774475321
0.855391146260967
0.856124917029917
0.791140604702428
0.882522795594072
0.976678628922578
0.936504472691274
0.957316177047273
0.906640797189262
0.851039686384115
0.949938786424462
0.877775395737125
0.736806076097216
0.79154213837195
0.927848769882532
0.894627618900384
0.928527205069705
0.869570793678192
0.83596921478272
0.847199622317448
0.89602021460619
0.889143418393238
0.853219979495251
0.990412559415498
0.914462531363999
0.909227772847635
0.993067392519844
0.729935896643095
0.993612077146181
0.791635962844475
0.90239981129573
0.872178811046788
0.967379483987078
0.949578245682689
0.943568526519796
0.949380170656299
0.850222913001553
0.741804747957164
0.894093042724663
0.99579289189077
0.912009038621994
0.838862727318933
0.940559829148624
0.861177834688088
0.905157947950282
0.895279701427904
0.878720463383253
0.918215756515976
0.923562072082243
0.991042142176871
0.996433219010569
0.927745740309328
0.901330992840666
0.951596902112945
0.891794235350622
0.788339781697501
0.913442106918782
0.997319568368563
0.9615331493413
0.826400982979332
0.80622988476971
0.965576068317755
0.978376536512504
0.942777085363528
0.934954508489296
0.920936027046534
0.856770737770055
0.937219366821363
0.973376707287897
0.963256740533194
0.953254950161566
0.850083521199848
0.915502988993591
0.98512233607152
0.852783874163537
0.915589410199965
0.951282973250096
0.845384734388404
0.902731830156389
0.93648412455278
0.873822537589693
0.951753018950344
0.954612123658108
0.929204001578953
0.963298850270471
0.95609500943579
0.928479541304118
0.872739993185505
0.978608010064079
0.952032245911276
0.900717838851874
0.944003578957673
0.879518997836226
0.815658285374134
0.934166242764961
0.902647931074412
0.884816725933036
0.872215809206357
0.881850426849063
0.886086934809382
0.889324357117098
0.998863772587024
0.968260042795904
0.938972009256082
0.979928766790082
0.895000273787554
0.795102486725656
0.890109570560558
0.949759491278046
0.966361255615798
0.981097755442981
0.925127586329435
0.781554932475543
0.998919992109879
0.811292645561901
0.86819726724408
0.942908906422141
0.967223743895198
0.927827777000007
0.762750581727743
0.950062112793433
0.976711911629427
0.920351183233524
0.813703480355143
0.939732897599986
0.966641906991361
0.904047970754347
0.907369551216735
0.952175772929654
0.922993722707554
0.820006262146399
0.856278448428234
0.887067640174876
0.951727898565418
0.789039483544547
0.769293214770237
0.835763868825459
0.869313846014731
0.935607956580479
0.647556751047654
0.7760466814759
0.943343769976627
0.894633133894872
0.846870148971506
0.737531155493768
0.900773265177475
0.754725809986783
0.728379139839164
0.703312906466763
0.728164516386848
0.759965925605577
0.763077070413614
0.765949719252261
0.749008942132619
0.748547874689549
0.774374885877007
0.810552908349633
0.899722367608412
0.946397460101758
0.904878443408992
0.956570957493981
0.854871658148259
0.843521216243919
0.961100627698492
0.968066673546953
0.766169690926747
0.992921050862582
0.782727735529451
0.901080493555395
0.796374385140658
0.940817944719707
0.843578287191676
0.928244904682791
0.799895177550446
0.94731509314935
0.92584918215347
0.919285960012094
0.912480920370022
0.990918161612237
0.862488307440678
0.923859156337427
0.837221552785572
0.995167449819918
0.889385423002062
0.903288801106101
0.94714998088433
0.91486681610823
0.804936878172728
0.868481617874143
0.680905298623852
0.763849685810007
0.825979405493752
0.751324016728487
0.805005796704331
0.909814819449474
0.905620052592052
0.821156395171877
0.745996592966984
0.875977301219613
0.861464264575369
0.88948333772306
0.998022790194267
0.920601174488527
0.792892080074262
0.951732031451198
0.934718615097899
0.895865621113158
0.755192736486551
0.975237133707546
0.855110770178118
0.923184010217759
0.940785376641462
0.740895170323541
0.999609691418183
0.993459400962879
0.864884459118661
0.878948823750303
0.881460545946018
0.982354996681649
0.963011800683164
0.965916957387172
0.806266663678866
0.900982127285678
0.977222685501956
0.999459625823418
0.959774823133078
0.878409142632615
0.909411768730474
0.838427880938757
0.871511199540964
0.857586626007829
0.898503378570852
0.851010553151275
0.85609172803099
0.77971586261307
0.853635456961517
0.85114859740919
0.830369715936661
0.859266088449931
0.852518611581058
0.906649523636638
0.812323483516214
0.868690569877037
0.991145680897059
0.812126236566277
0.94746381698571
0.991437652679137
0.704513310540781
0.784666862242339
0.844303125265672
0.850523356398514
0.867113100182268
0.977939102979449
0.935791128790312
0.884260733048511
0.970688701894772
0.923184685976775
0.960408642663558
0.930192035581326
0.955232383131709
0.882890758579794
0.699867026779003
0.85873309488319
0.928845759354156
0.974657250540378
0.75873160099516
0.950032086605556
0.945659623473332
0.791366424594409
0.853309667556286
0.836264422537963
0.934902613796673
0.851761558307736
0.864164261454945
0.923450719100224
0.955725090779753
0.901485892353965
0.941228704131098
0.916922262784407
0.966961291548057
0.799933188722085
0.87792761549434
0.954295128560187
0.85413211823154
0.889974608572902
0.981049579098417
0.99345028436894
0.92571224399188
0.916374604738622
0.95757330053023
0.791823435445378
0.860279707058532
0.939316147579316
0.876475926498743
0.921760812344451
0.966427334518514
0.937473912061016
0.897723308438075
0.96180625217122
0.830905203581594
0.89064747569718
0.85161406899181
0.90159454804315
0.890913977110137
0.824214878140787
0.960824647988102
0.89730668696743
0.998045077298639
0.960526040555544
0.92099825437438
0.918711795192899
0.997700727426809
0.875292020599471
0.779261123592591
0.786523035497474
0.764903212021899
0.784762456877011
0.889018149266859
0.954635126644503
0.986677505700268
0.976697049922929
0.82137812776326
0.901636417193793
0.879107587912814
0.920214419574029
0.897691314563573
0.904473381197154
0.857200944318642
0.828196844957743
0.832834465561965
0.929593156042232
0.961144455521002
0.965186055938361
0.96680563128757
0.979951705316825
0.960352302488208
0.688442933741452
0.936640110683465
0.829956254374583
0.959101138840378
0.934709580747295
0.817900626462113
0.973465803624069
0.989677412703647
0.930552918441471
0.893863280340613
0.930481899016119
0.873497257472027
0.835018042467532
0.870325171019445
0.935487962228748
0.879716618179042
0.92687701557091
0.863928187933948
0.996193344289884
0.815410813065045
0.844743429763521
0.889929096391132
0.871996910255312
0.859739638418854
0.883026263325669
0.769466325508103
0.951865666524638
0.820097554805651
0.730046022935984
0.85309746606686
0.908423115362419
0.98332299612632
0.881645977167108
0.887763186819746
0.799076097769995
0.909206515334447
0.933571284786704
0.709059521323056
0.81387431445851
0.941741736307655
0.85299182730221
0.965929986936557
0.845752186576745
0.845998106198668
0.942850383666017
0.983822935571995
0.893018485353067
0.946047838719872
0.919275388263004
0.916070688269868
0.830006670120109
0.862418061431911
0.710197999932901
0.78104270140382
0.923655236737552
0.953143165365589
0.629101882818773
0.831309495032665
0.968565135778245
0.852194233339967
0.990520874007203
0.998485778242009
0.917751930624785
0.927038678682726
0.837032619027592
0.820925837754278
0.940034771601175
0.811634513445624
0.820614329336608
0.972868327397935
0.953281923692517
0.989793339165661
0.798356561382354
0.731009729228861
0.75900149058483
0.745945972527716
0.933561714160957
0.924427105313806
0.929634000179836
0.886619686522523
0.810883266808433
0.85238421291791
0.794717836312855
0.792618085814032
0.898399114616318
0.924070900863966
0.925069025983231
0.975181310239735
0.915192360837182
0.837982631148012
0.928457153269265
0.905597189862888
0.966781106839856
0.874276085892744
0.989596063275086
0.926897480548581
0.667726641440367
0.828071061167843
0.987285133919812
0.983977988807359
0.953241728540597
0.841147305156518
0.984351620127141
0.960481526218272
0.932032229299509
0.927079596016738
0.963259445636686
0.881546690271495
0.873509771674447
0.949950538977708
0.936311750092485
0.978438896111087
0.98757313203062
0.930390557874937
0.985742390263012
0.927398830671594
0.982604925517057
0.73007463142313
0.961812950678864
0.993191767125862
0.97735210151471
0.935308203483909
0.961420126711094
0.899417444568731
0.973714707587907
0.895609826437314
0.989174968901604
0.868406714135271
0.84159142598218
0.791139299174349
0.886559921164109
0.943121792757207
0.88583259809794
0.992778252037837
0.82426170415026
0.744205215765437
0.952486525501965
0.708720431760777
0.901411296211323
0.792188923281808
0.949240855780834
0.961325755085533
0.831610205982689
0.922367644203524
0.88495499883476
0.904437450358117
0.94968963757967
0.642899991389464
0.672865983953456
0.702722484922406
0.705128842448464
0.797990373715245
0.807765120149926
0.939985952308951
0.861875277414156
0.947104075068674
0.919207334806599
0.767574558292633
0.838441184855238
0.817496294890786
0.847928349881567
0.97355866906847
0.828151860785996
0.955885361346778
0.760623925257575
0.843053401543536
0.805358977286313
0.905093994804249
0.889147655003634
0.898281122831354
0.954617558409451
0.884905633300147
0.969575555148216
0.902084566105917
0.76538255326027
0.81512206727675
0.922113413361453
0.724063019161369
0.935443359239627
0.98360998500874
0.866378944657223
0.88962726854375
0.987109654003396
0.851470330419238
0.75831632300604
0.952278277512347
0.797888107961075
0.954618626623052
0.967743190074433
0.912771013834959
0.931264670521627
0.959393140088617
0.998385825847658
0.881879856629379
0.936484150098603
0.860514223806974
0.826018072283076
0.752610895761221
0.913679236762997
0.782512178660208
0.994568054823091
0.995035407858573
0.975478822300363
0.901165239168843
0.935822171889673
0.82984330378503
0.822990754807967
0.916249140674486
0.940670788672936
0.970146326634483
0.9872479011674
0.833094072773591
0.984947067530474
0.85605104480558
0.876960298017118
0.910120105219976
0.930214648730357
0.890189736032818
0.916463957281671
0.923327303921236
0.903385224184586
0.778455826328947
0.838860425217294
0.806334741461943
0.941460975826528
0.842557342496465
0.828836910047286
0.975742390168207
0.830105402149684
0.748033372474902
0.900686076715321
0.896470042231995
0.998440771321339
0.825418488590766
0.923373762976132
0.851367729330524
0.685542326169252
0.841825215514106
0.793103940986496
0.797773050387919
0.795911245933696
0.820593780037162
0.840299599666149
0.924090602586161
0.933310940017331
0.910590407415066
0.889343664389762
0.835253859377183
0.755153500743482
0.803214478368193
0.856170694188993
0.711382573103362
0.812239186563532
0.913125473470263
0.988204089590994
0.850462952075218
0.864151285924501
0.976879029634561
0.950205465076723
0.996474467703937
0.894541923749292
0.756026821273581
0.997964111257349
0.931048687141488
0.97489223015725
0.866589258936432
0.945391017625949
0.889403616094994
0.985084299243542
0.752675991259923
0.918420107393973
0.693262049517371
0.657102020638346
0.950869789299939
0.979319546930687
0.799041535655218
0.940293912625355
0.962084336922622
0.978248547564447
0.982257741525558
0.96603101767087
0.835798789488642
0.861314378338497
0.754891842589615
0.962171251637201
0.817996753949152
0.79306867820082
0.829077933526998
0.77428666499759
0.985305137704079
0.882109736578452
0.910409897560445
0.966410893879173
0.887094632543524
0.892472549452883
0.942580374368386
0.778458278191637
0.861145037209381
0.804424657987706
0.918717190190698
0.878325739325858
0.906522911113717
0.940217819925688
0.800352925067067
0.878363500666852
0.835069856823322
0.840522955950614
0.953762957705646
0.986460542570585
0.988775374529432
0.847944499558827
0.979349560954181
0.834300731771457
0.761917847328756
0.902269039234955
0.966841349302711
0.835033870857486
0.864804147516135
0.97245642788903
0.884246058176014
0.706656603604941
0.819682440232149
0.875890789033419
0.968874295741301
0.792721210730517
0.933878832077018
0.986731890528934
0.909681880886226
0.948569817896099
0.910885765608203
0.92493464059884
0.935866441126662
0.998041817061786
0.878737581149785
0.793566917924033
0.782365451737467
0.846959770866875
0.927325856163337
0.962555600004468
0.907248348512212
0.907087652956212
0.878923612539718
0.996339174233288
0.887597887635476
0.892508935262566
0.888550835582121
0.910176368860751
0.935314634811126
0.914026748587265
0.949973482479541
0.786345256546966
0.990969881169863
0.792877439840966
0.815766599608953
0.877493333609293
0.762822847249787
0.851230797773775
0.985638522682255
0.935904181078033
0.719630795633081
0.972442643767196
0.99606612588118
0.927435519478409
0.987457942102063
0.870967522318181
0.794104080001164
0.780498975467135
0.944423790425201
0.86938864838668
0.660326001319683
0.864852525221597
0.914490275987166
0.887409537801066
0.829458522971941
0.879135704351237
0.984429976502695
0.954018777674689
0.844869707375476
0.851874959667669
0.73126224240565
0.757470714321682
0.997836862213942
0.936448511069458
0.848438561407576
0.87854468328249
0.870051883021339
0.867820874575672
0.905230189625432
0.830440321768488
0.960659313386484
0.851787900830309
0.858413283965925
0.793108340953793
0.957053215809317
0.999760775908928
0.972958217835243
0.952574447287659
0.975755827363138
0.936779126077499
0.785768770058091
0.945702958486532
0.845018972486399
0.901645155088975
0.956723242909657
0.960797626230716
0.872157343614396
0.91872234614469
0.999265851743864
0.86528608427534
0.810918752593715
0.833087060494301
0.996704321045085
0.853682006182529
0.899592738028905
0.871590876724735
0.816295854936804
0.996836839153486
0.775339181941759
0.837309143910334
0.882872291971217
0.914145137641315
0.768652152745782
0.824632673208837
0.872872172389643
0.826339016437922
0.943803905525394
0.870039480449013
0.938213312303436
0.986251326177071
0.99830501207546
0.880789911314657
0.889952911905632
0.992248314839508
0.996175991700701
0.904415616400259
0.881304896564527
0.943494038733185
0.857896252003867
0.850115006436901
0.87536123937106
0.795387597147632
0.757386015505492
0.692944416111046
0.941789672739127
0.716136949386997
0.84611866164185
0.946609932428458
0.934359123624941
0.857743935761288
0.843197492680781
0.843193692841786
0.821837574925519
0.757504454270167
0.983760031715976
0.895017287384402
0.903049525530745
0.947595838098174
0.925589925162206
0.913905323048977
0.848430855418211
0.896291114303509
0.931193683875896
0.862978423012171
0.967818671947452
0.878331302283545
0.981103742674988
0.958979909143158
0.87669501005823
0.935349588535828
0.934328498663533
0.864185678441328
0.897790172338157
0.967404252008106
0.926777717470276
0.923754806049909
0.764831354552107
0.923530019284219
0.852993377741167
0.84282462895211
0.826354761358429
0.948520688446936
0.647271750073573
0.894389780531235
0.955749817055055
0.837069260781599
0.860659806383185
0.85142801676059
0.786043251824261
0.792687608212144
0.767423023530749
0.748455501244941
0.880975158974671
0.697532532320335
0.81106852348663
0.812189965566959
0.960553423128411
0.75680394735412
0.637789534650198
0.877964628833293
0.824820445109629
0.990419358519995
0.812263249825461
0.833138441076872
0.96653316479091
0.980715011304872
0.938786643018037
0.895559643015464
0.796663376145884
0.919375502831486
0.739302899684742
0.81431441792395
0.815069905677936
0.748461703105814
0.794175305470029
0.699880071310238
0.780716168471023
0.794433450521144
0.749392498988324
0.848660791948164
0.902638606915669
0.905103290650324
0.740536213276352
0.766793492365503
0.701584593819078
0.926352439690887
0.946454208944646
0.888052590167278
0.987312246004722
0.899529882558142
0.963935311555213
0.931355591262081
0.982167874564365
0.937935270320718
0.839872869295071
0.998094622595403
0.900334401098722
0.803633437885452
0.949661773000528
0.928020518962794
0.98502023400825
0.914168311915745
0.956391375035819
0.982606550962089
0.946407333473036
0.981150341393272
0.793640986723827
0.704385701575459
0.618297064660623
0.776852719744412
0.817564633943711
0.722375746355565
0.831645991981187
0.754078080962326
0.978330148176537
0.840443992986328
0.883023677632775
0.864607555969397
0.955257160879543
0.954016292522393
0.969728748676054
0.989328301734052
0.850581710150394
0.863580348558258
0.986079522913369
0.825709248162324
0.896210365859221
0.839221852090941
0.949068757882827
0.835178818616292
0.972709769987588
0.995474070519527
0.839834334621014
0.951840856984711
0.946999271623427
0.995389799584639
0.855278822289154
0.802096901876319
0.921012761198361
0.999491459440562
0.974317061382558
0.884742753071429
0.733621217784758
0.702445829356391
0.878535351337043
0.852962936648753
0.843097415775511
0.872670666187088
0.836022316403875
0.742798958838346
0.812609976134467
0.783994920161318
0.754851778380049
0.751964029651697
0.938887667006552
0.92447455166615
0.918373968859793
0.967767016649839
0.882590297824565
0.849798086308498
0.985492873399884
0.988810314133238
0.993097365922614
0.854273570832433
0.879384525736921
0.976816631257816
0.898304932410954
0.986133722169849
0.951225774934344
0.944638003523737
0.939073163191278
0.971938876304136
0.974240537610611
0.918824159495143
0.915688160561009
0.858083821016717
0.819450674424863
0.99943310751672
0.853913630880044
0.862056965861637
0.916183703082588
0.89337954670561
0.963403425824843
0.865853753772549
0.845766782410772
0.910797642000534
0.891867097136476
0.937908243091579
0.763727628429753
0.88918693509446
0.809323083575704
0.967833357146742
0.868139100249105
0.833822451924205
0.965083230226596
0.876438609639823
0.848107594868036
0.857604029057756
0.879194456187465
0.841186671638328
0.949636003922088
0.919761656494054
0.993210698700602
0.914529297490864
0.923071241086929
0.872015163859159
0.999999
0.926111667218741
0.836665507968924
0.835372645735339
0.70503511481961
0.800835741457259
0.887058116324562
0.857160382896961
0.909109425474717
0.91558893499279
0.923633777108056
0.981169459717525
0.880203743035321
0.859598466866
0.918154506876707
0.977351995169731
0.978541076473679
0.949665679085142
0.960664319854423
0.802303092132706
0.837744741647215
0.96541159165627
0.857209045296724
0.923773646225056
0.916049516475679
0.976549463892326
0.860027576716369
0.945642383974188
0.82025153363118
0.794094610734037
0.834000498294532
0.967843003142882
0.941029237148837
0.876291384973966
0.795752330731861
0.964382867977631
0.850147573966749
0.931827796006097
0.996993547326421
0.920045630852092
0.863605073317882
0.859182897310388
0.920082795396317
0.964026771810333
0.753523773744001
0.987076169790513
0.908379233068036
0.747240626981424
0.877670898338708
0.840622406988042
0.886942519750926
0.907088134311033
0.906219271961202
0.865188606043295
0.894167859469641
0.893099101283472
0.953357527292863
0.886986357637306
0.913463330746379
0.961569604512177
0.9689373091721
0.980345468534679
0.948417695666355
0.921995810280503
0.918777293813944
0.838832258876193
0.960068328876758
0.928243673008034
0.925721424940818
0.73793510231445
0.971414189202923
0.802712865835951
0.922059621060049
0.948466122730228
0.717015396583041
0.937799622048211
0.870684559521764
0.97238004139584
0.83649428871888
0.780972486855222
0.939107164146162
0.94834359930603
0.994867164716439
0.881049519089476
0.853371988627733
0.926181752244187
0.959038003850083
0.943742612875026
0.774662736493991
0.901879616808126
0.849838121659167
0.853110252573599
0.906493569748187
0.946985149682673
0.957641912023067
0.943497911138601
0.951084628487106
0.830081787743488
0.949181208566875
0.838993307411432
0.966468048341339
0.979836109817455
0.778277243425161
0.983036721146467
0.866463700485736
0.966026889568938
0.950008760747022
0.775268995643432
0.796950822143642
0.860068999589994
0.809619124587332
0.846879423366634
0.879950789843947
0.975972937126411
0.86009170539238
0.887242156620099
0.936854400571081
0.970671864738737
0.844299280479632
0.809290522877488
0.98325338300562
0.92844939047924
0.925388053453778
0.951777797143848
0.692403579966903
0.904643689858075
0.934440493521137
0.843277821804019
0.95688463330828
0.947790647376891
0.937524147438073
0.891216421866509
0.950257661045306
0.939696468194355
0.894399669439838
0.877003477913722
0.83360518585666
0.838532926611519
0.83363265835203
0.81760953840381
0.853482176861672
0.865354147520933
0.860632072332702
0.8779121963756
0.86780930246843
0.863830897363491
0.865179161325742
0.870137121478389
0.867147791934449
0.862505418378491
0.871134862027635
0.855010632781416
0.884869112059485
0.819603015905159
0.967150786757603
0.998603048576039
0.965546725103316
0.889977555204488
0.977258609812382
0.799566170472474
0.952408657469997
0.95482690424679
0.975495270335752
0.972797796566524
0.84163069698904
0.856504745185252
0.965329871525384
0.945780730769537
0.970913471728637
0.934283160230116
0.877928522336855
0.71594235233911
0.806570614240092
0.947705401981199
0.90028651607391
0.760905225897165
0.940349304589889
0.996020240332024
0.933246846515814
0.892108421032771
0.884715841527753
0.917109002828788
0.889048717093783
0.86554043977864
0.947657834480167
0.90323665886474
0.69420132734536
0.869275090603157
0.921611628454311
0.939060176664535
0.927819554097509
0.997050438771389
0.778187505688839
0.878073165090333
0.890283514333369
0.830596849325105
0.874804130663901
0.952581052574429
0.898946482613217
0.842450154389442
0.909312167169883
0.779480797221757
0.868003015327356
0.877599648451118
0.910268090847785
0.977372302412405
0.936687324979256
0.907555719036023
0.867532531047655
0.883349739531641
0.67823131506769
0.906075987052691
0.896049635290261
0.834569020006852
0.803393993621696
0.745527588068776
0.849022380082898
0.745810300717438
0.817890756114528
0.823189078935113
0.800684121739702
0.802075612627963
0.827805598608306
0.840700440767472
0.859388069626168
0.859950959543911
0.849571810538444
0.821963992076055
0.795379643934119
0.790661443550799
0.806453154452363
0.801956665815821
0.831276697210894
0.905255361765846
0.84778568241786
0.714686695258113
0.901698124295651
0.912490297206007
0.873423492833446
0.991707075109218
0.986028188375419
0.940575866295686
0.865321228481963
0.863695914348332
0.987077518521625
0.842069707770732
0.996378939481477
0.841652317348832
0.921794367576256
0.953283979022497
0.978256247988872
0.826133616868992
0.887567106663615
0.867730667547131
0.752834836623639
0.815452573081599
0.881206563808207
0.839690569184025
0.844007436862109
0.985852756373762
0.891191729484332
0.967710377835117
0.943023931731053
0.747776068016835
0.844762720115003
0.924732383821754
0.855535489165575
0.955437238013138
0.972373038863294
0.989421792739123
0.97935069462767
0.946873054964026
0.961879701997118
0.808034100073379
0.915428274393514
0.99890508253172
0.817504628054155
0.909187763937808
0.914772236286744
0.914188693820754
0.870684226204936
0.85569362225759
0.950526217371818
0.940881143733419
0.918180540535025
0.765419137567759
0.971939189494586
0.834114511645169
0.751129628386773
0.86612163646797
0.906366237384633
0.896181839563748
0.999098791172334
0.882473310309726
0.846435626934399
0.858535520889735
0.898816026231296
0.999468413715221
0.939049272773163
0.899356417131176
0.948565283541356
0.806179198118695
0.794568031028149
0.788660830060759
0.790536353828465
0.796886636077532
0.828857071281468
0.862442436647257
0.857646282612382
0.855548171266194
0.870605375138597
0.873775041816022
0.893713045860679
0.871166996549888
0.891802042315456
0.860249287154013
0.863647595369464
0.863025493416065
0.87326558315612
0.866317862204569
0.863602862804995
0.86815783347998
0.844705698172036
0.863060151090316
0.871037369653048
0.86506291042808
0.851227243717606
0.889475726878609
0.851813513234219
0.889879164887173
0.871796236167058
0.869637959177619
0.819942455210003
0.914552687013174
0.940525957283125
0.857977260494778
0.853364157234113
0.8513133891826
0.846507111976314
0.847875688953575
0.852075972514647
0.856265857021256
0.858759118780339
0.857044706963251
0.855592736055923
0.854215866665834
0.853756090041139
0.794082022931634
0.826069949133614
0.817776433405513
0.813572345784811
0.828507422418336
0.783564778333931
0.899374260588911
0.849762227813361
0.814182037746619
0.814079704523688
0.708370359266689
0.868683271952351
0.837510930176386
0.939851761132033
0.982278534429477
0.981574177542363
0.947219900137396
0.959542897594359
0.870139649761159
0.92244931632746
0.998383300531163
0.833451740938196
0.67598400064138
0.967848193121908
0.981088781471982
0.90944303722065
0.91959176511632
0.735165823819376
0.955502719047988
0.733559985529276
0.934141460305989
0.861347204337322
0.806008171096504
0.867173476267901
0.926614696827704
0.850937255070085
0.820787377527558
0.848350422410434
0.834158784459005
0.945817975473462
0.900034248972236
0.931311171464581
0.985043829312201
0.919711689632272
0.687606977966956
0.785352857441408
0.843889848969843
0.917788632269108
0.939018407406367
0.964898282041102
0.949377735968105
0.956987295247461
0.867866091292049
0.956657036640584
0.925389800820048
0.955126815388799
0.964296155998199
0.940706926135985
0.917416771306358
0.968647258968931
0.994366534676398
0.938646257566434
0.90219900808071
0.914426418805933
0.993385725065362
0.9122085984953
0.980672311500349
0.96000590795619
0.913234539388993
0.921702243734181
0.895745151636614
0.848004971810675
0.833752141442996
0.836903738113572
0.822862732008197
0.834225565307355
0.754539092140392
0.771378092353189
0.789147675829366
0.783507481849843
0.788684993662663
0.775445836229769
0.790340344168127
0.839461993256303
0.788249236810457
0.80642608338511
0.815344691771168
0.827709978250182
0.872395353396978
0.830375102388466
0.784910131546242
0.802588988894866
0.914744372124674
0.833282721825417
0.93758102376217
0.969360418449122
0.829739692566707
0.792665912434544
0.71933966930415
0.930635842746769
0.980798312051746
0.926388676744447
0.971324276701801
0.787351314806382
0.807776091059214
0.856205497695748
0.897550840967284
0.818981518835237
0.935108770900136
0.994343812416431
0.939705539606204
0.930684715726228
0.851337443083184
0.772770275876283
0.918698689149658
0.990311077452957
0.850798360236185
0.887921982514985
0.797342858913003
0.993108134768914
0.96647300727249
0.907798510907219
0.952595067368589
0.91555946131823
0.953175187152515
0.881661393447217
0.911342062137507
0.857002861878397
0.988596013269535
0.872221163506688
0.782269017617893
0.986850250428231
0.940893011648043
0.914056943641039
0.875318665587891
0.934117404909208
0.908564211281752
0.922076617545486
0.966758604968334
0.838357827102789
0.963475366012035
0.966704432114025
0.916466981745059
0.963218459567113
0.933944228932971
0.904315715227643
0.938734085583401
0.90369096178089
0.897259482290173
0.85579698562343
0.952065906013136
0.955706662826107
0.998487989065553
0.959937300871525
0.95172596222185
0.951051830602626
0.907536307402072
0.912853710358633
0.962123039532037
0.880342187696961
0.995005399117749
0.925728976588313
0.97830129170015
0.966336547133498
0.859990593040241
0.944990104784049
0.917167887797883
0.965816658890999
0.77110337447356
0.88471580841435
0.9832516407312
0.944806952709214
0.886386387905407
0.954666264720757
0.855581533128786
0.782903702361732
0.785629850622938
0.901529242052414
0.923280846083552
0.975035160303479
0.745401425039439
0.910021361705838
0.91926161376952
0.989489109812565
0.849321997427782
0.87597243300822
0.896802316101658
0.869276011940256
0.721160899761513
0.737819455836451
0.748078383089336
0.932362706762455
0.87118101605333
0.888258719652408
0.890836431096167
0.793554788743643
0.799519359651603
0.827546618358332
0.837331387793209
0.812224568854704
0.800043558041906
0.856363619941517
0.802027408417628
0.808707738515823
0.845152683908006
0.956432803661306
0.862118949758298
0.846046170390924
0.757091227373422
0.856423307339091
0.879408519720266
0.862932395866475
0.784994988064932
0.835294209214217
0.830146001589718
0.880367964803916
0.964536756006506
0.928960983775608
0.842963487341595
0.798053241886004
0.956475497916183
0.941374075589193
0.96382625009346
0.9307508529616
0.885777315966234
0.971895956961349
0.971084206735995
0.978713586038506
0.835319608057354
0.719473968117325
0.836604780081443
0.860434518742966
0.780223433720056
0.755388399474748
0.805615693928773
0.798927150673953
0.824188537793515
0.82864620147831
0.927290544723395
0.976681287050929
0.746967861340931
0.822155978512983
0.959198665355057
0.860623870782026
0.986276723044188
0.822318825551682
0.840644095951159
0.750740198598328
0.939405770937119
0.896781947989275
0.766632226780799
0.991053913122785
0.951526510798399
0.962716342566664
0.975415604470988
0.895786908156842
0.747771170893184
0.843937110704796
0.860926424809911
0.939440723145738
0.787492161988318
0.719161107399884
0.767306638611041
0.732513645051137
0.674586784327131
0.941826468875256
0.94030857119076
0.830228856496638
0.817758607095545
0.878134976509388
0.938716386721469
0.813320833137569
0.842816580796644
0.866272375430445
0.831961803834008
0.93093502050524
0.801267216463975
0.851039875178568
0.936010290316679
0.863437960660618
0.873451046812712
0.822316948086729
0.928482931286774
0.988393388447116
0.883449775344879
0.954986189399538
0.903303383511454
0.820563014427904
0.932642729294226
0.722446567663244
0.899906932425527
0.935856146371368
0.94455104719108
0.968475329115345
0.929107459544099
0.895157374631013
0.957144680753165
0.905959843625231
0.942509432473902
0.784170901408825
0.850002823585877
0.77630938813725
0.989453441998485
0.977420911615513
0.894058016845396
0.938139426382265
0.708861155216722
0.875317933059277
0.988285094670228
0.985386106521827
0.772955940012369
0.946223592500792
0.943090979965102
0.853097741735532
0.983116873187312
0.937694502130506
0.886824246619051
0.881387636821941
0.886864312668647
0.821382447659861
0.981335750712019
0.95577890261269
0.756540376799774
0.994024959497577
0.897255936733607
0.766529946220844
0.713461260736255
0.978889523933733
0.878739587419662
0.851848644360763
0.857276710091441
0.825110604649062
0.778079917677079
0.786359493064159
0.844776880428624
0.771778309234138
0.784139772055092
0.725557342248766
0.804814305378552
0.797633685348782
0.865430207954287
0.827605385099708
0.751339568529439
0.830850154851861
0.76600295345114
0.792901930377798
0.790635318289511
0.780984529724041
0.966064536526638
0.792586610884378
0.87098493636579
0.90774114162106
0.981181067986219
0.901680332361683
0.937044862709461
0.870711963901138
0.959596531072549
0.914683778769266
0.982015840273077
0.874992313373236
0.995917453004236
0.983893541509756
0.841916248522089
0.948033791779269
0.581526167501466
0.777526626547789
0.872854793626775
0.916358183041464
0.869360304014465
0.810130723350422
0.739284975248336
0.806549733685607
0.778420366497185
0.803135390096897
0.804047694381337
0.839460565007524
0.835840101648771
0.848831504016669
0.854411430567625
0.831466643601652
0.804707547259695
0.802763695766885
0.779362389665118
0.770766044579008
0.829883087909294
0.770189906043623
0.783679041662398
0.811159090190906
0.851434608691841
0.961265384561677
0.964969931541683
0.915265224743281
0.943306216908388
0.940668164673572
0.91256767122206
0.768874699955215
0.894084898985087
0.988911329545702
0.801938468776466
0.830797979300547
0.830213806041114
0.936520789278818
0.98773796120619
0.944194323034795
0.970954944511624
0.954346167862698
0.892465787437756
0.899371192899974
0.976184713657503
0.923527099392801
0.927035601965106
0.800189045172163
0.733267844298391
0.859227015533789
0.870088953036016
0.751855618254225
0.866409354910472
0.756504691376607
0.69531908439609
0.956122229446085
0.989782605635196
0.967766338461466
0.856009159693399
0.743139060125079
0.95919977238463
0.943028099921536
0.64143679244295
0.926800371003742
0.874330716749725
0.968306377137533
0.935791506116936
0.928390015723228
0.824254344959032
0.908867466110625
0.893333748262411
0.920770965517845
0.940864663218195
0.816778466945286
0.959906293501673
0.828887845700387
0.872560343084672
0.713369574086573
0.881744480496114
0.819389549862439
0.82283853155812
0.966486197010433
0.908359042594976
0.926056236412016
0.956844339608999
0.928793081351661
0.924804061285958
0.845393471800447
0.780354581254146
0.838193084669855
0.925308275475217
0.833137680115523
0.844594116904343
0.852642770718802
0.885519581662678
0.934381122770903
0.966979562893155
0.995474516063216
0.884768006551412
0.934145136283939
0.924769571422956
0.806265074765324
0.92428293781848
0.973200293494579
0.875647881806729
0.744184122007018
0.831401646123811
0.860352192660215
0.859388235965495
0.835520549501733
0.836998765745578
0.846348543237044
0.827025422033348
0.83168792012124
0.826336879569613
0.824569981779595
0.838373860547446
0.909144832634032
0.821387704441565
0.829449745888791
0.818051184160164
0.810089800874499
0.833778435767045
0.837072462221733
0.876653895513933
0.786089543783835
0.892403437256203
0.874540806362484
0.901170476178478
0.941322046334358
0.921544327756699
0.975081423386133
0.967245499902335
0.904765072571161
0.836669743217378
0.745280422607138
0.842003837084343
0.745921880666253
0.818405145002751
0.737266809214354
0.857486933617167
0.891474920913732
0.896109966506777
0.845378714620398
0.967765544222938
0.919169250151383
0.767667585012713
0.876968050596965
0.981710070703821
0.686769933299096
0.821673468555287
0.551632316906138
0.872203394995706
0.932583332402601
0.946189654415691
0.858313501772989
0.93023719222619
0.766976144625251
0.750880262508509
0.952565005329996
0.931989904024639
0.900048766102053
0.9840627102103
0.917638503973624
0.944871350428393
0.917511039839645
0.937513724849485
0.9389690670667
0.944029995355811
0.847585559874051
0.906027411760983
0.750173141591786
0.880936992724685
0.947708075038823
0.913622391785468
0.920591988455995
0.911935665392384
0.94888478641215
0.947913765628481
0.982292013577498
0.810706811539651
0.821601741532464
0.834006540581438
0.916889196385811
0.805474559960023
0.912449292239146
0.854984628266134
0.888091056027328
0.857574007307391
0.984099244759867
0.914197722376247
0.980961842969046
0.989970879461983
0.851272173291794
0.864767210178364
0.900186957160648
0.850541238864436
0.98949753335102
0.953140811742226
0.846202882333253
0.990692196089917
0.971712321786025
0.915792294028669
0.906594667119114
0.916241163111394
0.883334199821563
0.86297803675926
0.855720067602743
0.811756127259133
0.872880653247434
0.8917482349132
0.854743627402234
0.838077335367833
0.835048074915916
0.836924831360737
0.835608162681068
0.831679147848902
0.86086286283418
0.819324250742347
0.774407447110539
0.746586877217263
