0.710182401351631
0.740498092604539
0.81751555227382
0.72075382819627
0.937091576725244
0.949357085590728
0.799693592931077
0.824407764184322
0.78454975648423
0.779165129111749
0.748294654295073
0.877587730145687
0.898858911281225
0.67818659757264
0.892617126136077
0.578829121201407
0.699002814976057
0.744183353639264
0.566191119479244
0.570273596389675
0.665022578726373
0.753622380413186
0.713062880224978
0.816247277821573
0.734035795289022
0.62198602926338
0.868901996889132
0.79413713019858
0.50263287839841
0.703612668509134
0.7355674571904
0.87133096041175
0.868489890930712
0.911699571849832
0.955964324860551
0.96919828910729
0.744981276301752
0.826044313091504
0.817722442557641
0.877809326544051
0.782075626634142
0.903993433802505
0.888040834327247
0.862099992898988
0.780070117567437
0.934223699147329
0.739704205994982
0.976329404301836
0.530404822161348
0.777424298171767
0.654670247716564
0.84649066581243
0.744013463731431
0.872607268106164
0.838134450834541
0.878723423970484
0.86093438613726
0.827065813463659
0.865542974576986
0.799321682438012
0.836843160798299
0.919941552523685
0.869837574709944
0.913878949468869
0.816371785523158
0.932731090566338
0.986015866628479
0.891179428645032
0.71616612525314
0.830587915629718
0.775247411432659
0.769871394337095
0.776027596434825
0.776834901410621
0.767558639072593
0.748746328879015
0.731277191175103
0.771824588228244
0.793006431710533
0.798753977586646
0.78441887809746
0.797727122448797
0.780585993805612
0.753759705926033
0.939095576531722
0.728283435769008
0.636618551194061
0.836563836108487
0.919978991225754
0.915267988027482
0.855234752677581
0.725529633486514
0.710416079086487
0.69815285270154
0.746472447003593
0.965999306942408
0.787252334114414
0.800587062545257
0.784122082916248
0.529535979756683
0.810366741185928
0.763968622693269
0.602854830820413
0.771857011119657
0.808168856709978
0.890140358003904
0.765488297604858
0.736287022779832
0.871622588639896
0.807046303085054
0.739660726477232
0.933869280468985
0.883556047478722
0.877652677437569
0.918881399915148
0.69831112393027
0.756381348232899
0.872570214022076
0.815061085190052
0.907004657546935
0.843474419939475
0.953016148565203
0.82594981518961
0.864937118437542
0.720864118563112
0.820432295979401
0.737528772266725
0.730677736174822
0.78532756658184
0.841142034266849
0.871200924802591
0.870983253279098
0.989205346961737
0.542042393863841
0.917901592415767
0.669446925670463
0.64590034700066
0.919191885062463
0.825310107936304
0.718645422435485
0.766775498181435
0.887400128019891
0.605281235365447
0.86811405268716
0.854889895762077
0.985805352413735
0.87688565904998
0.919759564122012
0.833156866117986
0.888751243360377
0.957226410571599
0.757501720712605
0.986933052471299
0.907612176048087
0.94763987479212
0.762983427442393
0.960564307398809
0.764381498393058
0.630077735646902
0.841458919832551
0.808436352828486
0.845855174864125
0.814335019882995
0.745471693380028
0.998465693260075
0.995136374435576
0.885547011919625
0.844852799446795
0.806775827756816
0.814159451436208
0.779184693809249
0.93174704806824
0.967492272867734
0.882466419026044
0.767054550113174
0.726627098632558
0.647674283510333
0.500464483636483
0.928937388033184
0.824683733149866
0.576408030122094
0.893601756648067
0.940442656920576
0.856042848415463
0.942571823227976
0.858278624215896
0.859659488724466
0.605980508211552
0.735570572757331
0.776431529777085
0.708034337055831
0.878542530782129
0.821135430994825
0.707498954047682
0.698354139038962
0.914312478356686
0.82456726805034
0.769990045943614
0.665097668175157
0.643864364581132
0.672040653466294
0.746221808318053
0.693563700659271
0.627321284727697
0.798173564172186
0.808678555484178
0.833197511120993
0.765693549162239
0.681347475673635
0.828729569245
0.831726401051835
0.79049945475537
0.850799779678298
0.655824832978105
0.885480225395267
0.872841396899879
0.77452228488137
0.811485766398416
0.951792809786403
0.939116887757666
0.936665394014657
0.658194754018123
0.791124721035083
0.807161917617371
0.816804185696102
0.813669736656868
0.842431149493624
0.868611019747209
0.89197006254268
0.856528163395513
0.666515964404732
0.791759253015484
0.744480392826764
0.729550877680814
0.809069623906641
0.811917291032942
0.774900488918774
0.884107481392446
0.948217557568474
0.862309447424611
0.806175411134
0.754283490572346
0.833920514159676
0.59282273689023
0.737515349411238
0.810198597140139
0.760726308001254
0.889400815151365
0.659151405590317
0.839772799262238
0.718908583299716
0.748013133496516
0.788314309678115
0.786412341144421
0.796574013356461
0.730092574546519
0.752586035405443
0.744339233214433
0.761089197925231
0.806135106189386
0.767742211876036
0.791849045001101
0.750728185502769
0.785214465465494
0.731420283525092
0.875633531544071
0.843092733346562
0.985563799325214
0.781718486892711
0.991578985838904
0.987672043136999
0.845387873087262
0.827007371603941
0.762766351179644
0.877773793146149
0.799026567553476
0.677407972041403
0.940579000846511
0.738689257441488
0.586565703636006
0.869139809695951
0.624123300703506
0.571546590785632
0.863299867290655
0.87057014725114
0.855538045983989
0.928813823821538
0.796389451152511
0.857920422144564
0.863873855863565
0.859272955734771
0.980024297026459
0.828065691044042
0.912634981530157
0.732605801509753
0.830613137312767
0.701246884054878
0.595003986338102
0.819643504767569
0.944851670859633
0.775394779534443
0.767351501286639
0.777818249260039
0.763562349745793
0.905085608267734
0.666656871559592
0.860229976284293
0.915415106862489
0.852646449345688
0.726316873760661
0.747805130922038
0.847169162430995
0.624175714401659
0.722973113717565
0.734169332527955
0.668967339365176
0.967829234734637
0.888967077644815
0.843615216829182
0.870028217539566
0.92606096449809
0.774590115196214
0.905414569293187
0.73318732105131
0.951385037171109
0.59186020257084
0.86785740023002
0.866341833918959
0.903185109735913
0.94727596391096
0.776591925578655
0.777382488286934
0.795935745473608
0.997256637712759
0.850559922690011
0.869439971482582
0.902364473983753
0.844348020668274
0.91185699229412
0.605687538248058
0.877365833139512
0.803315760075587
0.854376198872731
0.889212922586527
0.703374601927593
0.801018550784006
0.74490823505669
0.614750984946548
0.766701392590456
0.73332921076903
0.758431912515584
0.602015699795877
0.748994251344246
0.74872564985134
0.639187003616919
0.743230120222776
0.950213011290483
0.882382322336884
0.787449640836184
0.786884204972478
0.960119277688366
0.729037657667453
0.73321946853897
0.776400175886955
0.889874820911389
0.878896732681375
0.870343951657234
0.577819436934643
0.748969375122237
0.814354132518431
0.824655548157845
0.934580920203287
0.951083159322368
0.618104350229787
0.869884642267173
0.755318449771301
0.856787064585059
0.763545298092743
0.843124727767702
0.720378583360906
0.79406542000331
0.797422081569419
0.81895311364173
0.797604721200429
0.819570171073746
0.816336937404791
0.801159048444693
0.881917761988887
0.80206158195749
0.885812196564303
0.593826240345616
0.763622113883227
0.790528885446355
0.85068969337917
0.842723480164253
0.898252566308469
0.798721961424958
0.844124987515322
0.989062679096696
0.788513891905568
0.738017428917742
0.740049531809855
0.769066514628357
0.942706440129797
0.847709692380833
0.867832117020875
0.761615466923193
0.922343766037087
0.749591382722044
0.593601139763774
0.811380858949992
0.729299733548786
0.775276982255155
0.785672857389506
0.792498484452672
0.848706470428079
0.659101152003108
0.63541557592582
0.815845080077491
0.814360274225244
0.737246547393831
0.888167462938101
0.914731050956542
0.828867569873027
0.80232427675942
0.768279507974524
0.818486538000625
0.810845537865665
0.82832891148916
0.79363842695769
0.631935127436116
0.807081726811584
0.799477712500307
0.790737366399856
0.651853009822793
0.477810575562973
0.788601512422993
0.657005563030643
0.485515925125094
0.811107430759779
0.813355949337151
0.62480460377806
0.778514430930386
0.795738459606929
0.788884849450538
0.771978913987739
0.814267276318712
0.767790496433821
0.768189031846617
0.807800045407743
0.839934327338527
0.784076696029053
0.872650699375673
0.828759701567166
0.787487664224414
0.754738849614054
0.758108879469951
0.644788770532398
0.855801223025608
0.956299559990302
0.859780231949025
0.785151102311618
0.749578124473872
0.838930694958815
0.786946805029459
0.635406471752744
0.774940715879362
0.819420081146012
0.772865711209041
0.768049900074899
0.758013178857844
0.791065849154657
0.745116574421209
0.76305665409272
0.907036080372869
0.705786707009995
0.740696642955314
0.328048178403458
0.957379436028894
0.886961420844908
0.884930494307518
0.69606491412054
0.849725424927819
0.816089753488048
0.596523714859443
0.849093678131976
0.952607954246746
0.867904795268477
0.701713652595968
0.730122780430186
0.701399383731714
0.716326571785036
0.790727241821869
0.817780806938568
0.788144998875857
0.809816914201054
0.734551010177697
0.646982025984252
0.829046396313331
0.757849032236303
0.840261838760549
0.917865498540314
0.96524700526606
0.81278745625837
0.789945753965325
0.761169005424489
0.714089401070927
0.678506721233589
0.89278788089505
0.899029355854419
0.836260350149775
0.763889058197393
0.95851864730404
0.871390892925183
0.647152254845235
0.940914364248222
0.89214403444195
0.711048549759882
0.915652649793688
0.909168202459282
0.796252832198025
0.800290491825636
0.895192170040936
0.805051715448082
0.91864971935677
0.821470700723714
0.820534523517465
0.966028091186113
0.907407149699167
0.873484486263135
0.886191082126893
0.890491412754216
0.88943113947683
0.855295830270502
0.81368681314305
0.765866387979676
0.984087781984482
0.751922936690867
0.762555668035297
0.933125308458359
0.874803632745872
0.937331208783556
0.782637341465048
0.945334311942996
0.865578241963133
0.820274966631004
0.923819785088436
0.946960434194169
0.891603369804487
0.76063378219459
0.729405525715315
0.828131399083266
0.862750489245244
0.921476069095538
0.772802897913592
0.882319064138828
0.638132556427736
0.838799369564426
0.754156195159073
0.80977623735298
0.976491357552765
0.859653035309126
0.647685971036434
0.956314423275928
0.735110753284016
0.82631671314432
0.862256092927006
0.986479619875983
0.971358480102364
0.898780941670684
0.765462951222152
0.594635488057566
0.84681491544066
0.755451225247836
0.870517831962285
0.708182221365647
0.767400319130256
0.811775889336534
0.845402896728694
0.764545274422509
0.621681462919554
0.86731093892276
0.656243407201583
0.830239445030434
0.881992912276029
0.830761096846395
0.795778471742085
0.745539229905654
0.638281046224719
0.769102071819903
0.915401691147196
0.899020760240153
0.821950741699298
0.959488009019056
0.96602573590175
0.753065853241411
0.835474391023253
0.876949467344229
0.813626017305668
0.752916989620589
0.793550144899799
0.78688682858423
0.813095861528461
0.817229953770822
0.805061856235442
0.799568990092432
0.845272528056254
0.705895710165511
0.834501082374235
0.98637953999973
0.760317082206912
0.858529716774802
0.782625737997627
0.858090607977933
0.856329990068963
0.567261351094588
0.741251928220365
0.729301949887331
0.822357379904409
0.886549125213129
0.804331193491186
0.989700347538069
0.652704433655195
0.799613358668711
0.80162831085456
0.959089501378128
0.8874685738523
0.906434472637729
0.960724228335479
0.7654681379679
0.868091604992207
0.962973993163298
0.697914339326843
0.650676328899055
0.909328970712428
0.854011690291395
0.92868368706499
0.920844646749364
0.611974406058232
0.749084455521683
0.880867034200534
0.846904482348938
0.962705808493282
0.745179403320952
0.795075164035754
0.710994540982464
0.75679722069419
0.928780742539166
0.688852596937792
0.758082060716261
0.839087181458358
0.724606825086158
0.870591229809403
0.743711591385696
0.802850738127376
0.910519213074743
0.845377512482168
0.808445573447096
0.806924715391016
0.829120607851843
0.833336480415025
0.827535408295567
0.85041305858598
0.888085061146539
0.815098508625661
0.827005192937392
0.81026160951956
0.91793519688954
0.823479159596677
0.835630831076093
0.832193109350033
0.734564391479222
0.859910314384389
0.853369319644233
0.856580185627539
0.893103347143268
0.84226353254611
0.980951848267962
0.901851541756258
0.986387979960734
0.849036303412314
0.717321700301311
0.705744190465767
0.838292410240417
0.802438389428773
0.702587426558867
0.813861199691694
0.425882130194621
0.731934904839044
0.733481246135993
0.997629292452291
0.962946608215612
0.649531166944351
0.582391277675001
0.888470847277474
0.818321489738173
0.782244536441477
0.756814372707584
0.802697677565585
0.772226262140424
0.718353651440987
0.678047476291314
0.64618153081168
0.750499103236589
0.755753157081839
0.860734803871656
0.866626307522632
0.765837668479354
0.778532890172216
0.791316496175455
0.803889766888029
0.8043915781515
0.887404537589287
0.79515209249318
0.803154202770016
0.766349233914756
0.795414343612549
0.829610724280787
0.866626894865818
0.900836357922754
0.834416396685453
0.849621387893999
0.860449381766554
0.788045483021329
0.778024643924848
0.79701070708417
0.740490446582347
0.757644600460246
0.785161527903122
0.780471725630448
0.830807863307996
0.80498300774874
0.823389214815248
0.835400805999488
0.798247912170996
0.903983347813512
0.765475036215102
0.901813382147754
0.865574734434368
0.80595590582535
0.810756269714205
0.737045731387998
0.657946001812695
0.764510847669506
0.710642745995845
0.898009752620582
0.882948679252896
0.785097870322302
0.925622913391745
0.609500564742714
0.799094561497145
0.940044090952565
0.720753939905209
0.822631933214677
0.713523210193922
0.784211907559185
0.817308366677333
0.773109369528767
0.824924189930372
0.966862943583792
0.933190371711524
0.891473146936343
0.757234435204627
0.682715302346174
0.902248764150217
0.731603157445829
0.86579632615835
0.769377456031994
0.799316997850073
0.731942800571172
0.649063825121097
0.777326152660595
0.833823453387852
0.927844414785728
0.69376442765483
0.884393453204123
0.653701030294664
0.757828665455503
0.892358129083768
0.794181907278853
0.960901856899952
0.761073019445469
0.772507622200256
0.803566455492923
0.757717404005903
0.822014515473932
0.797310158638589
0.744670131409212
0.643887775213396
0.917321720013539
0.888277264959432
0.678100941365261
0.924569835257344
0.752690079598592
0.830456392322464
0.644015720225794
0.840867862840268
0.728750049762148
0.709936786633249
0.790003072722073
0.923982626891116
0.713580846461763
0.795614672731558
0.767024984518868
0.850857620858405
0.43688607681894
0.82826160279153
0.718140912746413
0.952617777142667
0.714215766498429
0.841310512604562
0.876920549859617
0.713064714681243
0.952400084107744
0.920517319188349
0.839823733101158
0.924408887143712
0.867223584653148
0.686761893876675
0.887801651098243
0.752953045162936
0.897723523702276
0.452473874812438
0.894959083559029
0.968145130330103
0.614652179313142
0.847847522518242
0.882227002477868
0.808147676382295
0.706080757322753
0.737755781274227
0.870916657152796
0.827531904917412
0.923023159832137
0.689843964063851
0.801885900491744
0.829583588784896
0.783439036461394
0.864088201556666
0.843801461381086
0.841606001568363
0.938430886252818
0.93256283751028
0.814840928999155
0.8486183958029
0.806334468964118
0.759079096307171
0.841087773646917
0.897313844391803
0.782465482281508
0.744293299297159
0.81364820696427
0.759286427551173
0.77130593731528
0.740787723558372
0.849280119295907
0.913535509786298
0.823221998647617
0.77762395031506
0.76681128999871
0.807992881321979
0.823925159228128
0.774399962120573
0.827549709130117
0.81315336641278
0.788506585477877
0.927006635665804
0.674300275824112
0.641783101592146
0.906529800950166
0.819413632808167
0.755098565583731
0.722135509073348
0.871255503213786
0.88946720560976
0.773979847637697
0.857086435568278
0.816261323597506
0.857779115518203
0.754167112680802
0.845450266383286
0.988283020323485
0.775952046406696
0.925496572987741
0.845523321425809
0.735391511887735
0.839571095954837
0.847642064659076
0.930531495328544
0.80472879554939
0.72265804778174
0.800189159921388
0.65229340462475
0.969055877722768
0.7963523703089
0.727927509367838
0.833094815448446
0.76153549126448
0.857782064645248
0.805143707666416
0.729597558446269
0.760193888202243
0.637741018131898
0.762374914094159
0.811853750867843
0.782609206383838
0.613812909382172
0.931668961765086
0.966505268824674
0.853909010367966
0.877747293096764
0.860748882983336
0.854532446898625
0.869677071806211
0.863771446166366
0.860002554152277
0.870583291862288
0.865496346292867
0.868072284527795
0.86934826170519
0.863324356363959
0.841482470440698
0.849584407557836
0.873506097047832
0.802039238351801
0.764496250847972
0.737752973215289
0.95025806341715
0.750688467502296
0.889138308915591
0.770965782011228
0.794351568539535
0.813234154463423
0.821097854544887
0.898820104862692
0.808331426602333
0.942322887071568
0.87868222422599
0.895107708993438
0.994794222095264
0.855157726958145
0.897647248550624
0.892666103912862
0.842646322922496
0.757527731075161
0.924030178875453
0.900824338387191
0.849050707255515
0.96592928747954
0.924888557660567
0.707053588379303
0.856273108976759
0.68495853698588
0.697388741930078
0.861461650059521
0.912277214358991
0.673917729570628
0.816535439861933
0.899496783500655
0.697963206719794
0.771027837493292
0.953198253886361
0.712685502013174
0.691673108391211
0.926003046289176
0.929728280689723
0.837315215006358
0.7815479265158
0.789045460912242
0.839697816221096
0.867190765176387
0.908826300073766
0.809702097140793
0.878360827575769
0.769977342424169
0.918949627360487
0.924183485048942
0.99742119695891
0.889741664200352
0.883335596001956
0.80533735005017
0.714634652076327
0.889769348284222
0.845503174560901
0.743291593002137
0.736432773387784
0.899530080408669
0.652342870961256
0.841954360818997
0.965574025750945
0.990249696839472
0.565308841659238
0.773315449043056
0.839377084366572
0.647816166665291
0.869112800155166
0.835626688465714
0.823561517800877
0.825490746887643
0.851344399552349
0.809072523298988
0.885988201991914
0.877176193435338
0.816307670532743
0.818533648882054
0.843364734055923
0.907457700223928
0.856827724846834
0.900383969970405
0.884699420240563
0.882755948791654
0.860526610551693
0.911549964270812
0.532199050036193
0.674212058556334
0.944257266959573
0.876843984329505
0.948544958198319
0.884424260747591
0.80163412741144
0.986135259447587
0.855870004982358
0.805374495843871
0.892745016390674
0.997653190219853
0.834999540487174
0.84400824977384
0.754067470429943
0.757830857838101
0.778910540022646
0.807767915093579
0.773091827392861
0.751481691502529
0.737810268830174
0.736381913914471
0.753363374958297
0.78036020439152
0.73996759177439
0.733095357199346
0.674524759950891
0.667278520119046
0.560371708403034
0.800960112579622
0.816523247456293
0.726031148022652
0.711645186085455
0.891841925388891
0.922039979184646
0.685697956730175
0.723767376606488
0.716515676741056
0.841934221355329
0.6834163141864
0.895727887263246
0.747834027875032
0.845116917086939
0.696568913060908
0.746772927820665
0.80813100811049
0.911150288631002
0.726688913524072
0.736421712285713
0.725951752408957
0.645070090158454
0.632082899797011
0.752164003358502
0.926469497262712
0.943380716089249
0.857784747266729
0.8364080061319
0.830742075596636
0.755891914976619
0.828436362781158
0.893814378278531
0.921757603219316
0.816325971149699
0.791011804483202
0.798273573286691
0.826666203429391
0.811066401002812
0.81811782464798
0.835639172111624
0.82441658998619
0.83027601141594
0.758692271542156
0.82240258982767
0.8227847009046
0.731106353400988
0.796782315730201
0.863740820590313
0.810724643239344
0.819949133161624
0.825344959990073
0.821372775708794
0.812743094272921
0.843521741450917
0.834266052752687
0.822029537655844
0.783599669356406
0.793703804441799
0.828586603141267
0.804334740000981
0.805093698122382
0.851819882318662
0.795578282820509
0.81819515360637
0.81248194035485
0.798866482966553
0.831443734014988
0.83392267983275
0.800597641450617
0.808316104393723
0.81922257627693
0.825873895473405
0.807818159656467
0.793874210260404
0.807113707739406
0.78703084496563
0.772822258246768
0.789975841443259
0.815169569820444
0.817886477930917
0.834904911951136
0.907109296132688
0.870858850229949
0.823646207063194
0.829904089864258
0.789693823398883
0.796192589653824
0.733311323852542
0.768599149538166
0.827184458507015
0.765429802837995
0.745729445336867
0.828876871882798
0.835944580663037
0.856423179805785
0.824851263219479
0.841600057178572
0.848272858796463
0.837142315620582
0.850579612540657
0.844819003093997
0.822555487491608
0.836871875516584
0.823249233850158
0.825549168070048
0.820574229781594
0.831196114771328
0.831104204535035
0.828562076448731
0.845082857390542
0.82903713022125
0.828353369839676
0.844353412834064
0.824330692120322
0.784061998556918
0.836615368362197
0.817752489138303
0.81521300105414
0.820753762303599
0.819148686362092
0.793395211589425
0.812527895883732
0.7611200652274
0.687550024642203
0.811345098008524
0.847631731454159
0.77440478743129
0.811579886327884
0.934842021808106
0.953770668526842
0.685986537876752
0.752998955723137
0.721395928064031
0.760842867384798
0.826850070907038
0.685158862357889
0.699717700348753
0.734430622912447
0.74413996018432
0.813305677530725
0.74268342227177
0.771893752250884
0.756610567142634
0.76851693496676
0.755583650957389
0.722693340402618
0.704601288225824
0.738621199636026
0.812716872623041
0.755759849100935
0.818437625449482
0.852442220552982
0.81561038699303
0.830800883485393
0.930425193159987
0.897310669669898
0.86468230840434
0.734047277330292
0.784937964081195
0.77756514791046
0.932010067006926
0.721969200796424
0.614117372862398
0.909804554675831
0.746840030024787
0.839618671137508
0.841932011578209
0.87832050347992
0.97477300325417
0.864103856699486
0.743362535857323
0.830994371482744
0.870964773748685
0.789761067800324
0.756264477029701
0.751568864459303
0.995104444972493
0.70494398958823
0.907021480482533
0.997520142745281
0.800108047458004
0.734713519803712
0.705348241592568
0.867181049317599
0.797122602252486
0.866159078494643
0.716493129086256
0.826080062394191
0.621704756073365
0.659926313631236
0.606218772064016
0.802879423648566
0.749489467364105
0.739203889457692
0.809446819356454
0.858696102869147
0.889662474623765
0.873279888380633
0.855808644196247
0.906498402816919
0.730765090009746
0.803593896522443
0.87645846201865
0.702116175268196
0.714950554127987
0.923205758637326
0.876922069285116
0.919714896765724
0.827818852755659
0.858950195187818
0.689172043137876
0.905772516607135
0.648643581466069
0.899885325647367
0.864397656346126
0.912072938502547
0.920456863066906
0.937635743952917
0.780876446544995
0.811281383533091
0.841979478065016
0.909267582960456
0.930312536770784
0.875542847459566
0.783834413133339
0.749426895935052
0.822612400610362
0.828035340821666
0.862806264830455
0.90561140733283
0.796158932242228
0.757692529069479
0.849041036641785
0.855108199501371
0.809943404239731
0.89223570901516
0.974689661886527
0.973029593198331
0.798661871184292
0.79903846198971
0.78840118341805
0.808158092828071
0.80963343081929
0.977548479271841
0.905331946965776
0.754355481347876
0.969716226096293
0.915204188176884
0.854853008364227
0.894145950685726
0.914499003717087
0.774461763592776
0.781995453241801
0.894048216479142
0.834913062674362
0.866113834223885
0.923530195393309
0.863703047865296
0.976023326678822
0.961249004916295
0.929930228164927
0.91889771298648
0.951465818568179
0.98121824816708
0.838366836622632
0.818327390260889
0.752559841026369
0.830969297548033
0.912606207897056
0.907609564304383
0.887288862814475
0.920824467611941
0.794237830854314
0.889202702295444
0.788147100796514
0.960173690535229
0.90346957447319
0.586459582731146
0.743226402069786
0.907278409434392
0.879277306287651
0.8802083967648
0.912589279385934
0.73199379189576
0.866996377700875
0.578464188867414
0.677047274681713
0.972771538611707
0.967621111270947
0.617905529509333
0.861754008361001
0.928168358554034
0.72408795563103
0.901000924853273
0.621774379335747
0.90389763984711
0.905054902310225
0.85844381077421
0.891477134176862
0.93554360779774
0.88048781628107
0.897973731639265
0.688383826161505
0.719057511352605
0.677574470190265
0.758613434373836
0.811931475168288
0.900975542651131
0.719413916227726
0.866873937580829
0.92223673797628
0.956413356352824
0.771506553086697
0.970685144870866
0.584903829092497
0.882936981983514
0.789784810415311
0.757439913662466
0.824415646531341
0.387955305302375
0.70071723539022
0.850351368386426
0.790322498092033
0.710991660891182
0.80203402151908
0.885725045239724
0.824728022604972
0.908334797208063
0.830534977608317
0.697202524063865
0.666995961048575
0.793901595039229
0.774005684995241
0.839647585393561
0.903200636641358
0.829993998119271
0.885273087346655
0.85368100422925
0.982323467397195
0.652521297019833
0.771958946297015
0.768616301122658
0.669697325705476
0.790758617868171
0.748352203291858
0.882767714694999
0.784326216162726
0.769472953855387
0.736518219867755
0.795583435448497
0.763611121483389
0.817187427937967
0.740071344845153
0.758570202730041
0.8752141233987
0.997765680067808
0.747367592255006
0.845092190763284
0.738374805806835
0.950677409059183
0.923132296850605
0.702348112578218
0.927996620519766
0.692421926542046
0.870267798265674
0.72322189141457
0.86479713365336
0.831686159077296
0.959131621479756
0.848644440715695
0.845978913002871
0.881563541939714
0.897291115260575
0.755993926717458
0.442685782809364
0.819655030240658
0.719285931204353
0.784545782955385
0.864932282155871
0.929997036196279
0.885658499960777
0.797915831205306
0.844288390090375
0.79689750896256
0.872741750899281
0.651390214254401
0.763349809523219
0.802985106398884
0.763914549093414
0.777069138258457
0.713923971245363
0.64262929166112
0.784063865583565
0.725817231144304
0.774865217528778
0.773138436778039
0.784032160988633
0.717218806714519
0.816977849507853
0.844048823889349
0.797347233989261
0.888960050023538
0.814354051109217
0.738561050749748
0.773061635087775
0.800737073599165
0.743570121638154
0.760671153773705
0.73406132194667
0.873299563240999
0.696614190531911
0.738051613678462
0.662794321308939
0.755299786130336
0.713882703803785
0.737858377228862
0.722648548668369
0.726540210246151
0.731434338398907
0.746524400339869
0.727608150684059
0.714296623821165
0.728890068382805
0.722744822169747
0.728349013337116
0.721931941723062
0.732308206772705
0.731483583153813
0.73406288326735
0.737809232377798
0.722897466009329
0.807178327074978
0.801064368435467
0.746473623999367
0.775650197411777
0.74830190203342
0.820583711942389
0.711358828848842
0.651496830213968
0.864130482836371
0.747624068507449
0.614781578711398
0.75989964134162
0.865176933005077
0.566736027054812
0.887853466736162
0.649578391209912
0.865262088537857
0.786598411854272
0.876916115409314
0.889485839676683
0.782718765995471
0.577757397855461
0.999215930714496
0.645128145858579
0.89379291827746
0.767607620999618
0.776934709556901
0.850552777229563
0.81613897890333
0.882355940495891
0.788637169882599
0.72950804968533
0.864964522316958
0.867991479818774
0.919885129672835
0.916761624856693
0.876651674771015
0.950282694279847
0.755870201242807
0.829050562849162
0.79811117294374
0.828670454453809
0.659486015751541
0.737893251874472
0.712837296130023
0.610522927490795
0.723648732085704
0.77864863697937
0.815478710502524
0.744667884636293
0.770964917146562
0.815554905310597
0.825723251026713
0.728310086863322
0.759603650425151
0.833942620971298
0.837751862276706
0.955719660727705
0.83171189719442
0.763923503912684
0.84202020231227
0.789003242297458
0.859039209375845
0.87908957965633
0.861118956266203
0.725257988193251
0.738481904158205
0.993966490434653
0.937182789894468
0.803418765711422
0.72651004279527
0.741372793286495
0.860255300626312
0.837507812096412
0.676347042971529
0.94593701207219
0.781945029990841
0.837599212765842
0.810960962470829
0.882979602926053
0.907442621410982
0.915802608605878
0.792681180859401
0.810865593481893
0.878531920361974
0.771379768003267
0.780962429079431
0.758169758924974
0.880739577195858
0.877629894283996
0.657780806737735
0.776256202467645
0.881114094725098
0.904360944922405
0.86643200705021
0.862076676393866
0.755246953995963
0.672459094475332
0.787476044028865
0.432287213965617
0.891287771069223
0.744691957689238
0.659290934379796
0.900998410261973
0.722351229309878
0.734985948595819
0.84636423996188
0.783333426629439
0.808698746781469
0.821665150670334
0.778594663228062
0.815858043186251
0.785679814264273
0.79641837321291
0.793293461230665
0.783282615550364
0.801178173596597
0.730856959654599
0.825438645409114
0.791062308878015
0.792472113336854
0.74744023630283
0.735359950813818
0.796013627701159
0.762912524737202
0.812139356725824
0.798257669576648
0.810149743134166
0.817126243045148
0.790196932300726
0.824474667659894
0.873667785038353
0.81312045508278
0.84928731943351
0.759382092119763
0.944585712731535
0.956511403851339
0.950691083304188
0.819645948724223
0.754777573399442
0.847960897092451
0.886494471551788
0.700116180923594
0.78766903892991
0.727098116451103
0.564818487031969
0.611689442410649
0.936315092837786
0.73712673026771
0.65261019248441
0.88218368288288
0.775956111373555
0.776998905868874
0.799115893354591
0.723405962243776
0.991271611149358
0.821567759298385
0.931987682759813
0.762277233568451
0.920824165748201
0.878849456176572
0.706698938644452
0.730939458522655
0.655166333733749
0.867293914637399
0.701612195025109
0.680455796731578
0.742875083112009
0.908162557641548
0.737951192147005
0.763032297839173
0.693075248310656
0.869252579948732
0.768165991416653
0.949633455607851
0.836356005780164
0.815467393813778
0.731572257848602
0.736233037857852
0.716143542749549
0.954629291826502
0.768308715322652
0.760829983485967
0.713525444848009
0.589463846820691
0.851845385200184
0.35229614286226
0.843454239033955
0.758846618675647
0.837614580604172
0.75286110943018
0.877929738817971
0.769332433515149
0.798756886605095
0.790532597216652
0.792543634902572
0.785408180585332
0.818032333581142
0.784899616812
0.808006688134164
0.793014195158365
0.78165878598823
0.856559858401094
0.833277085873466
0.813546480535086
0.803634588387803
0.833966739548542
0.854569270394002
0.847267546101923
0.853457675549098
0.712631364693136
0.827523830646048
0.866071063537981
0.754242913145869
0.75655848608906
0.768931296656557
0.858590504248143
0.822416724998099
0.936943524869699
0.736951879471398
0.857942802265175
0.70017164418632
0.89383988427416
0.636906815077697
0.671551224006674
0.747792027026262
0.791050396468469
0.866772164951218
0.865282267285775
0.697114008791882
0.834498677828721
0.827372132415693
0.950865162429258
0.886082254336758
0.699217752060985
0.815043369893724
0.889297470398731
0.933857497850552
0.776727333871367
0.782692927641996
0.933685730483143
0.843001469117795
0.813844328279347
0.857835361007455
0.546499676042841
0.786068491552703
0.940270040720991
0.78047089191387
0.719185385088763
0.89969882156157
0.685507336773261
0.964082274509946
0.92841458579748
0.641088026216748
0.773464392865505
0.768934879131344
0.970210270025248
0.836829922624608
0.766534615988238
0.846800500644062
0.825024092711656
0.930335886359639
0.758234413807898
0.855093845409116
0.865922756622407
0.829889633416919
0.85924680823116
0.755507938994299
0.760976048039949
0.860433082673857
0.901936831028613
0.69259946368751
0.771513477115854
0.672298857482786
0.781530521196077
0.846110297297622
0.883486762429054
0.904273240997526
0.784218458780357
0.594208412675456
0.762699281936006
0.790754207552251
0.661230548059782
0.718208941734551
0.703028691198503
0.639203615325809
0.713045744400896
0.479644808241162
0.733061694662304
0.791121880577574
0.752028095875285
0.847161852692707
0.900838000313992
0.890575431601882
0.785673402148797
0.936215392901308
0.770457807433071
0.730564745875782
0.563939974026706
0.820866449021743
0.819343177122435
0.842802471312633
0.998473407698565
0.917148765727597
0.635404704173106
0.921363951707431
0.938897648316497
0.822145669143645
0.805981214784923
0.798034094635831
0.884747283148262
0.821546295343803
0.820407418411195
0.893270695723895
0.775917014518944
0.741929872109469
0.778688381733366
0.826110481784077
0.874675370252668
0.928039636012364
0.515686752416623
0.924474714844288
0.909005701633311
0.714494443983206
0.692088562680708
0.839243394847615
0.84544345911074
0.777875486999871
0.729234392038252
0.678032090723333
0.819851367109163
0.951781655790568
0.836073125740964
0.640143653293829
0.782973608004769
0.849490210336632
0.726290069895856
0.877916479255543
0.995230633611729
0.678402906797836
0.596707643369294
0.743622864713212
0.739332631948697
0.800147415322072
0.71382615937971
0.45553995270925
0.874800637828476
0.60323201449554
0.834575994281013
0.764662121754645
0.742789120239862
0.779442401545977
0.599969770337648
0.655813183485142
0.737388421886574
0.927454781671816
0.963158749303957
0.872114354829394
0.948913474374695
0.679384394546625
0.914966619939198
0.840479525027556
0.660304245274038
0.775863624582538
0.593012268948371
0.952784319330819
0.930079777256291
0.870419565403494
0.475615275684665
0.809476556696025
0.932407231990068
0.858271180279653
0.793683825407582
0.53868921851111
0.819130166116897
0.816131588526294
0.966527401284056
0.596642695731414
0.785924503122807
0.76846665971776
0.776851156758061
0.814299304989407
0.573265645126457
0.625982183108623
0.92500278859719
0.789967666365982
0.695006320117943
0.865090273054941
0.807041759734759
0.70279367698373
0.911623101744385
0.709855805769278
0.495622378587973
0.801826019390601
0.761276359435528
0.972625462606752
0.846829984946023
0.821112426517185
0.809760396333126
0.652629096154792
0.786895402268256
0.850152209786911
0.777584677674082
0.812016532682582
0.793569937885266
0.759173510847707
0.779925386548419
0.801325549293779
0.809123841575886
0.835933026255848
0.816706095908612
0.932137349117569
0.78037560697202
0.751991260247367
0.931195068913343
0.800855742772616
0.815102151546791
0.761729954892528
0.96404430834549
0.660352793766497
0.46411253751047
0.845134012332891
0.918377436549277
0.821940249011114
0.964307285522801
0.853380438896283
0.879312189519836
0.761256634783091
0.816352940846576
0.856628910000171
0.759679073650906
0.986863119355249
0.824567791897777
0.896778580870686
0.793943918242204
0.733903477721676
0.898632413250666
0.736567719341663
0.911218056733041
0.962035783420115
0.879946157508969
0.87758898676282
0.914518617168843
0.84509342722966
0.900852741170254
0.875423314198269
0.828226302710369
0.919948901381525
0.892094933936592
0.729653052926618
0.938355430475334
0.86847192458469
0.899342756622476
0.828006964237273
0.891437652671965
0.891885190551518
0.798658348032576
0.864580894920634
0.725402519197047
0.804686877486775
0.973926430954436
0.963163928561062
0.794278336681987
0.855360306282068
0.738301961513356
0.681370154273427
0.800046589150946
0.860251462648048
0.667033879206867
0.86466550868176
0.877294756716234
0.888754077380771
0.827974271316776
0.819755953915881
0.748826778593933
0.753940266842112
0.8801969073423
0.785325022618088
0.742085195314654
0.942956263984585
0.934880378250806
0.843026061269413
0.789021725053873
0.835517175494475
0.8068564135025
0.723111396279507
0.619263780368588
0.7096315560992
0.995847654129934
0.989072000727471
0.824252162693974
0.83491849227889
0.740579354974187
0.824287000027338
0.819938526149858
0.836872862656755
0.779370533936028
0.823551183387282
0.656406932756875
0.736338255463381
0.955640942778844
0.773137443400727
0.79873563094766
0.831338250544758
0.845675458268682
0.856533828901359
0.733474107811404
0.826843627129015
0.826386525724368
0.762270365405408
0.763878300218909
0.772975669124305
0.66401357039811
0.704342733066987
0.786793939972201
0.795759980356487
0.807969745981931
0.815146734280482
0.788903491456326
0.85990770862339
0.735001410369459
0.761408569974859
0.807389709106424
0.73082469902858
0.966880168141796
0.787865891419871
0.932508295991196
0.843666501896166
0.75457242247864
0.670900391543654
0.813793810172163
0.775684284766139
0.950983388626525
0.696271626674383
0.76289885841906
0.761971458626351
0.900016132863515
0.847879163865475
0.849573437339233
0.825446334913942
0.829091066507992
0.775930842815969
0.851467884292043
0.582954586590703
0.576101324821524
0.761431134172319
0.364430836734663
0.533489510558084
0.844775358127525
0.864611959097942
0.689063593175346
0.827356635293508
0.729130031863578
0.763829147739653
0.784847926325335
0.904898720735761
0.945708190174229
0.570145322331085
0.7971994222759
0.882180161514875
0.748079419925852
0.773465209477429
0.741412907489559
0.802623825851123
0.838791515718257
0.735358122642847
0.787404475606948
0.784582896483581
0.788183508965128
0.792878566570172
0.797879639671372
0.800995864398149
0.815219703751089
0.783475879201588
0.794338610313461
0.781751580703411
0.778710987769331
0.784750730350113
0.799234081009335
0.761222040737947
0.774390639950239
0.760762546416567
0.763325271421388
0.782731993041213
0.784828126067453
0.805759434351769
0.819578208504014
0.766374017055299
0.983412774127467
0.741727510339961
0.906777535101433
0.835788751636708
0.863468621789827
0.83938570795359
0.821766083584613
0.816598375350534
0.801364402884804
0.765012029211862
0.981925844889565
0.856451446202591
0.890521896679186
0.78800093911116
0.696522946196283
0.744986500072404
0.861111581847285
0.624395269126637
0.733622419779548
0.794134083960965
0.726395690014711
0.878567255333066
0.666483876040505
0.645487069011496
0.880517008067225
0.646421822087841
0.775231369084251
0.777263282358702
0.869920970991013
0.848329859944651
0.800070118824304
0.629676740621959
0.880120357290436
0.963394939160224
0.673808425087082
0.767408966486804
0.794068007788369
0.765171700924894
0.837923161088644
0.866941230967103
0.851212769367266
0.846651328980571
0.855503434159267
0.745799750668782
0.883823647879298
0.859466513163136
0.718525955716355
0.916301799092483
0.822257012338292
0.973894976745806
0.893730173471027
0.629735910375785
0.706919337093285
0.783111332692493
0.819158543606614
0.729299316720727
0.754465120356781
0.860269171792311
0.864022047747405
0.665828540702893
0.822489899403323
0.914172009143657
0.743077608127768
0.866431471076348
0.750045416775189
0.824203344135693
0.980171595636005
0.735677343861204
0.849951078506764
0.858157568977455
0.843890938676167
0.837865437918023
0.891913906364121
0.826116099219968
0.803249333142763
0.846156986689552
0.645008376010255
0.842572121592378
0.615303089781562
0.830125957261889
0.840590125231257
0.821986130937568
0.757907526988588
0.91942846324908
0.942256389452006
0.782465811380607
0.733106905838969
0.870547269344651
0.868668640753191
0.743174144184183
0.787634671212907
0.987147865183142
0.781958165526766
0.745479605743815
0.903175149735847
0.682979829535897
0.848724746077687
0.969311693752559
0.827118700878092
0.668051287979678
0.87668264329369
0.788849520864563
0.580155919730113
0.660717213830396
0.81901678476258
0.832294486941991
0.914166137465232
0.856775008145898
0.565028722379644
0.755463009474959
0.894720552359361
0.60522061376687
0.530483158169533
0.835386764477214
0.695178809304759
0.744277075287223
0.919538566868431
0.828543946513783
0.971063848490326
0.776121719860124
0.863684122162142
0.668663245780995
0.848808584165227
0.941541863057246
0.861561470669283
0.877573438519193
0.800525497057018
0.797021618919852
0.87679373537939
0.882375253987463
0.806051162634105
0.783149624737741
0.60351738635726
0.860752285717042
0.889966039896131
0.676755497300678
0.796679716520451
0.773403279612405
0.940620063755761
0.876836848375244
0.691248683177912
0.688769533249163
0.79170585347842
0.990611065037236
0.72715955496804
0.7435497672462
0.761941339992138
0.903027031438686
0.867070981882779
0.706563824216952
0.918033440233538
0.773071411483005
0.722282896838878
0.68220625874498
0.876754468457051
0.677766030025205
0.804414913742772
0.532575098132951
0.915964626465706
0.877806743502928
0.859738647301662
0.780923736788448
0.841612433952914
0.806878535876878
0.789513598904318
0.813235192772677
0.87258359584215
0.904947059691424
0.95572668044859
0.892201874016402
0.782010829423995
0.801122644267045
0.711827694102091
0.769816616557005
0.713639160176138
0.644754225640957
0.763328443430146
0.755056784580325
0.735947630797301
0.726923527102401
0.745640293020129
0.740134323626795
0.752852347040796
0.834737591333374
0.846997985087661
0.817481603084138
0.932897439555744
0.880245126408773
0.890826721012295
0.888804241227938
0.890085988677924
0.803868183177682
0.765582505147754
0.707361905275337
0.799578299766757
0.729035605898345
0.620966503306354
0.818274242516335
0.929911331962832
0.766082273695314
0.906426287120297
0.693906703109815
0.717294350009273
0.805552833832931
0.815597145910905
0.840646677686115
0.947366456924779
0.933855025051287
0.750342866415481
0.804086794897436
0.850795093772358
0.858905309703402
0.770668858326946
0.761770178279213
0.684325933130627
0.714337485053424
0.804023855941857
0.79097807043226
0.765690937576285
0.744423241240046
0.820937012057916
0.782644243456794
0.717489800632331
0.745294581317722
0.725329020107655
0.832892584280746
0.801583198625838
0.870452721381719
0.769679095284653
0.749446522619267
0.730946263940266
0.848553076820287
0.703817654317307
0.841904901067846
0.953483652652098
0.745638568219787
0.833718220459837
0.804599223704778
0.868814111369928
0.720042344183042
0.80295467715442
0.714368207313881
0.946271419430142
0.693993927170748
0.83396935106401
0.901436220163372
0.971235468074788
0.943329240347539
0.861180054905352
0.854956658912192
0.933883509830724
0.840279248158728
0.904505403248796
0.908118738143365
0.884134778388669
0.875540055773103
0.817388504955588
0.919426046252637
0.835752052764201
0.813222752386109
0.840098148094538
0.779478078333673
0.800500642117966
0.788894724316156
0.809603623009951
0.828904467036408
0.864411750218147
0.709755362797051
0.908976709425599
0.593823399761452
0.689291719494352
0.890820645985325
0.869871196878468
0.685254467509021
0.637174214907086
0.80252700447015
0.778954244959856
0.814588190066739
0.514851731024184
0.868145485652175
0.895109841698927
0.78798095031371
0.847539670612266
0.74920940786857
0.832282438352838
0.786137388067898
0.828183595100303
0.790666562966006
0.681599483458288
0.885227595558908
0.94552398188377
0.830310634813333
0.727064268962653
0.887067037025458
0.767345806845451
0.793998419639206
0.864453734208589
0.73445486896122
0.936981411743084
0.61048836320889
0.684519123141835
0.814449579083294
0.663118216635253
0.764054828686741
0.977075151531127
0.779763979550449
0.833110372399102
0.7942166621328
0.877141879624331
0.840275921613384
0.766663783962917
0.863407205198107
0.836842922009944
0.801242177963664
0.687176133709666
0.878039714109152
0.845629124925866
0.870300713402555
0.796659641700522
0.938960133185361
0.929951606546629
0.9692278249275
0.942994599094267
0.886217074511304
0.884685832846262
0.754188406545882
0.997462068622926
0.883611160498181
0.93121984979236
0.917888512444931
0.79972702441662
0.90130079361685
0.91668137804088
0.86455909049392
0.892268742053045
0.925346548647509
0.989993954939352
0.562077050374974
0.681114429884713
0.837822582318081
0.882236417928187
0.803413933521345
0.802670883851315
0.739025872983688
0.807512746887628
0.722398386169955
0.963222272342604
0.879570729018129
0.877217937988337
0.783168242577079
0.89833090531943
0.7792306434518
0.812450075813159
0.705135506954025
0.868023788947295
0.795569227944545
0.784786958745256
0.932794502706098
0.974247574967637
0.874341231258166
0.84753446296017
0.832132169083727
0.884078333433194
0.913187306197621
0.944621080595786
0.588886561055577
0.7790150100413
0.909809456376402
0.908116699460644
0.910371043685669
0.923747605490257
0.993467395107406
0.821688594488871
0.794436385152704
0.818180012328926
0.870574868456233
0.868359730403062
0.869488359171289
0.906536711601538
0.843533719189741
0.861385625691075
0.936747756413572
0.722874092643812
0.86432210959002
0.785513685143874
0.520004481990139
0.799711802851769
0.713826776702343
0.760969583418133
0.894218691068778
0.771831584784686
0.828087543063736
0.63399555062715
0.706458729357987
0.613620054256657
0.768510367851869
0.920085875530727
0.912315856157418
0.801361065054757
0.911552351440516
0.790801620350929
0.813587502748595
0.755607305648258
0.654460584360464
0.973092875334948
0.865163367945803
0.688166452943924
0.840587127324842
0.639691517527707
0.65402877930203
0.67835133705053
0.855376276765786
0.775499640841224
0.952970112212381
0.858817357066769
0.726175962985373
0.708682244482584
0.89716233289294
0.594359544752048
0.769086083971802
0.861169913278822
0.860496521363212
0.930336229349723
0.925714682590004
0.65613394663959
0.762372462517909
0.771002338668224
0.729623792122749
0.646361250114135
0.82342282745789
0.749441200146024
0.835780657147629
0.783142688608797
0.637964588330399
0.895457585573201
0.81107982370523
0.855862726422803
0.83907548977066
0.918307360856953
0.830851545121656
0.812530877482601
0.840767907650104
0.799899750263039
0.821922876003265
0.793370270083942
0.77501956237849
0.808513778299209
0.937204314608518
0.842925634313487
0.957772309491512
0.646133875611897
0.863590520682843
0.751751677805367
0.900761094502149
0.929813959082106
0.673674110241287
0.934576468071256
0.851358946780982
0.869412844846636
0.810611865006896
0.781157698246628
0.821739322995135
0.90270031513839
0.954836113601536
0.865294890102682
0.847181531887808
0.839755472630548
0.77827201019762
0.723351442103719
0.811679250038637
0.809753846262177
0.838609250769891
0.746813500563368
0.784953386144379
0.818132081679528
0.852969638302816
0.685078298762493
0.815151374316621
0.520506044573491
0.634631937967872
0.779607810321283
0.792043033978823
0.924570454212405
0.845198604078445
0.887615657578602
0.808371154092396
0.739386079770981
0.89149192665025
0.913111006265917
0.835505143103434
0.969165435018904
0.761225917213895
0.729441314924005
0.658694024610609
0.902346649281787
0.873555367013818
0.762609533146204
0.910097885245415
0.81211208842192
0.804081840211418
0.64866662816308
0.885272668735282
0.766913309620124
0.676720931144631
0.951168207069912
0.865336398516781
0.688033113146602
0.767012786546379
0.926901228517286
0.468868138853044
0.708789172459627
0.684675653118603
0.688489230138903
0.69020519377067
0.804778814316739
0.766327130816014
0.915329664012119
0.853440849787735
0.942221840745444
0.994705131623577
0.857944420546989
0.668850274785285
0.945308865323441
0.785349561911344
0.740558928223816
0.750109387817036
0.852451428467958
0.712676585699071
0.860882653423335
0.842206343979649
0.868825992753527
0.844121564740704
0.879397686853901
0.959657884397833
0.978885588474983
0.872286203253742
0.924855221798535
0.976624592243823
0.8169496354057
0.787226652109954
0.857469892041849
0.861123253425484
0.78987148064245
0.85931792828209
0.649228652323568
0.562555246944437
0.909704401227934
0.72709689694057
0.76170855668446
0.908703922053989
0.906367256117674
0.897685163510312
0.855941203020012
0.948146257627974
0.817937411107325
0.71878178491982
0.608177203843733
0.82975666863276
0.713308715176454
0.757814155031606
0.752376314455796
0.745240456616845
0.845875790640385
0.785680848221285
0.70456577040059
0.953010698776168
0.842592507540436
0.927155834442681
0.746532426609868
0.846783882133874
0.621377543059905
0.878790928799962
0.576590695676053
0.918336183103335
0.767299954960538
0.69981787907941
0.869387329118346
0.907663035751131
0.906277400862104
0.832608665696363
0.807329957492273
0.797240889159199
0.615046120108318
0.787217021188891
0.791331138575051
0.731769827425265
0.724495925403558
0.893526592094013
0.715127380132727
0.997272249061984
0.904701929804102
0.816550647361279
0.878427270525208
0.831689314805059
0.768664726820082
0.987685833217177
0.73721778705007
0.722121368143929
0.788522728974682
0.792683491188482
0.819176991356278
0.801793864901083
0.784948312103799
0.73234386898765
0.78396099189615
0.824610826894407
0.93834505218934
0.963063116605707
0.821783570111237
0.636844015559422
0.712458816172594
0.818263000039115
0.729648383763029
0.796374676477478
0.745836013164455
0.830992832025398
0.9381546443152
0.809471305347143
0.70366653086845
0.683842560466463
0.519165699830371
0.75999580524663
0.604139194835371
0.882722466807679
0.914614493449538
0.84228491673352
0.835294095015358
0.769208046051994
0.886573741902889
0.673983098152636
0.891470021479528
0.72879731654893
0.70891011106444
0.740356486964467
0.759704688713768
0.793152573350553
0.798491712030208
0.880824082427156
0.7731356880848
0.937717378517265
0.902789104823287
0.808253467806134
0.917842735223362
0.819304525362109
0.700231430207975
0.804863960018566
0.824653909665377
0.846174138622604
0.711835109551046
0.644108449274152
0.809391928482257
0.848319770326507
0.865930685401912
0.70980622924782
0.77640445390743
0.785675551210621
0.804000645594169
0.959491771360119
0.875438663000094
0.904602747138425
0.938264890813771
0.79983223762065
0.671418377931049
0.759255491500485
0.775153000357264
0.890498948238423
0.989112258348305
0.873389698251614
0.746874457969645
0.937241037253033
0.768425694401012
0.768364857104791
0.858656279852894
0.684775635319537
0.798209900379482
0.803064680840244
0.804446439736458
0.802251755706785
0.807607623710384
0.865484707067093
0.676404659463404
0.936647633592809
0.811087348813539
0.862190025251834
0.803609169741539
0.82952138018427
0.945072411820019
0.764864782877088
0.864439320044669
0.861297493553573
0.873780791527659
0.859691985769154
0.903669129215796
0.80960598096796
0.906290316735518
0.572367727063609
0.796133879439641
0.812206275321684
0.784834129098065
0.752855329022904
0.840880052782081
0.990526636344642
0.923845499444546
0.921331888343518
0.64287352123847
0.755849498853986
0.85373486488718
0.785047925728413
0.675688578590309
0.593971203842574
0.895442784658911
0.695068307851123
0.839591844304634
0.907769489344333
0.7104251108542
0.566270580433577
0.868221199542452
0.916257004727432
0.518580125316588
0.906622680012921
0.6939775086558
0.791395507034807
0.823641131593361
0.911537296887491
0.927683976017563
0.820741158673819
0.78293373034793
0.725544581635424
0.766885899527943
0.825128105675467
0.82295141708407
0.836658885609865
0.572027888955975
0.652631301957385
0.931053764355377
0.719253453199654
0.892004515446497
0.747070813040752
0.770458991489774
0.712414948237265
0.805203836023952
0.913149127274837
0.799717991133585
0.704308849572716
0.869565882942079
0.8553791292598
0.818204110809285
0.806566522425272
0.641839205350259
0.870323782416718
0.848887586161528
0.793237702509634
0.898179328180082
0.806849958971941
0.956773906537245
0.854520803911894
0.751509613490519
0.818672947748439
0.763190699792896
0.884750108377296
0.729099139424244
0.813663332629084
0.8631385009375
0.942837338909665
0.87801788035971
0.858300670532283
0.795008025563452
0.578802080168155
0.613569302773581
0.74523472020398
0.89691289552748
0.727209588876253
0.92561418647139
0.894568889323598
0.793572348405073
0.786257444215936
0.951685951158981
0.753521869187485
0.754464066215833
0.706080674780011
0.441440344295508
0.772308971273338
0.678874739572151
0.677081733806411
0.958668757131215
0.749356629104389
0.663656695750178
0.864870606694316
0.928053317003566
0.922656964908622
0.87400354257796
0.951914987053805
0.715343431752352
0.675518785593113
0.811017222117909
0.649731094243224
0.892991618270746
0.868085259788877
0.869847537036017
0.806800594280287
0.778743747173322
0.642911569402671
0.728226179358855
0.68050794611806
0.699073650482044
0.658857841524229
0.815030839074396
0.677058155659739
0.643093238197532
0.660387738233654
0.846794999750546
0.683656365355622
0.702848437680151
0.742423092534858
0.944647960065227
0.809265549561947
0.823914845424034
0.990311331015478
0.816315838384595
0.886751880817393
0.868596833397033
0.663121481737535
0.996704627111729
0.765983509240774
0.884914533772928
0.900777008217039
0.907034583226395
0.834475144563074
0.845252182634942
0.892638414726936
0.637160071666392
0.743982308030824
0.959579293075289
0.926583979956118
0.985051279957205
0.88576557715717
0.866171697979731
0.631518627494423
0.687744861887027
0.762167391035413
0.785799025552539
0.907450851220873
0.825239873664355
0.686283093981301
0.858175629315326
0.420118489051769
0.819413689420289
0.824105523998042
0.709793126831239
0.794009855446243
0.760207169285338
0.697462613563585
0.709266554976655
0.890931862759843
0.77315366968379
0.801527919321646
0.778248229474154
0.854718956525099
0.850822444698503
0.856137215926637
0.677819341643611
0.782689503279705
0.591429739253635
0.820948658465916
0.9647439933
0.852553903249478
0.786179012375296
0.830048812456888
0.811164539586961
0.881932530265617
0.796607956391958
0.734603229390736
0.810599252961273
0.827071701490584
0.785463543607494
0.794202518171728
0.587157579186925
0.614915698516556
0.769396517875655
0.767961471935683
0.838742464431854
0.792707079413836
0.82637517582436
0.846681854331371
0.824384189775232
0.793719329643532
0.901603684823777
0.867841442690268
0.721033599388098
0.715899105102701
0.845665114027488
0.942983350212119
0.805643568970045
0.794733859321939
0.858664508445522
0.91338661471017
0.864086320590009
0.801079960991833
0.753794882589709
0.620379545139068
0.798476587907695
0.851986397553818
0.773111270658801
0.6613493230033
0.88249879827395
0.742927117550413
0.850314408072388
0.792006381919864
0.681767635886584
0.694061327750549
0.691735510156374
0.641360670992256
0.688469802394285
0.873513215441432
0.846159846082225
0.765623671944757
0.801966926249677
0.76614664996114
0.685008263303276
0.747406277258809
0.69364627160409
0.877725727293491
0.780475977813496
0.841280526887415
0.651018384153268
0.794785068394692
0.773694524120261
0.785453672117147
0.721787928531062
0.831250984093259
0.850072548930042
0.842563132703184
0.809939649196794
0.833075558238055
0.746074706306244
0.800482839396418
0.88724628201418
0.945502309342167
0.854927641992
0.82283540823444
0.923238086192402
0.895458665061898
0.843660900978176
0.870298874743274
0.71226181073694
0.754381970363616
0.791017994691964
0.814504783781111
0.773802799222763
0.82477202927552
0.78205497869995
0.787214023416853
0.744824610459901
0.692769239027335
0.758548066439708
0.884456724520573
0.824047091372034
0.822226083846211
0.870601289867475
0.803633626625619
0.979180376150372
0.898064731815798
0.877181870753241
0.665872070956459
0.909946260820413
0.642899407528973
0.917366421785603
0.934730324766957
0.873850019438229
0.945476863255062
0.78426818949498
0.8840517976376
0.819458603927154
0.810135742840242
0.731619529253112
0.805646266039147
0.811368895738394
0.77838736008398
0.657315913348442
0.706930442112913
0.736517830699044
0.848562945944358
0.863510596427211
0.956490282345232
0.799767459282117
0.780338882553851
0.754027322100683
0.754226153761755
0.898705671546778
0.863539827077083
0.87553414117824
0.779632495799643
0.697545106961143
0.70810799584003
0.826045106737028
0.781381468414915
0.720216312349323
0.733374013164986
0.753565553702254
0.753459465764961
0.738621708615615
0.784025182166111
0.893102884752024
0.890954701039441
0.864340779190265
0.811022511309053
0.689593476927656
0.896960693432663
0.787026384740038
0.909677403556398
0.807061542667592
0.744193501318559
0.829769388251493
0.652645216043713
0.925240584670594
0.889063296221229
0.703391069472605
0.808571522358112
0.738572048864161
0.735832056411248
0.748221845995829
0.750062732417424
0.82247699184653
0.516040518243823
0.60619423903013
0.725760285260603
0.81482488197192
0.755820935717201
0.960797578679762
0.681487912904063
0.94276095925337
0.861742159396042
0.891431601458595
0.758648108120939
0.889624762042876
0.792706700027454
0.794687961940639
0.733094105149106
0.839242521484777
0.921793614367568
0.964766336726553
0.833858820804808
0.977045197123637
0.738502690701487
0.864127482339635
0.600117599214722
0.836937778539751
0.794815531399161
0.790000278125629
0.848564375980014
0.87616764125948
0.780176162300684
0.760005648153478
0.956251343877929
0.885597852941249
0.680866026941679
0.989056558269229
0.803901816006035
0.604664180153267
0.794665469154273
0.88218573016759
0.88077854236162
0.959040334585521
0.806421117181783
0.563249949493512
0.825633964791504
0.755889393783485
0.89612113485716
0.798534169288003
0.753856498342954
0.802236662505902
0.692760940459622
0.811717536906024
0.881420175281327
0.797180957410256
0.77580535569942
0.825163334544214
0.748053137559034
0.713489177652321
0.777950501653043
0.711384040574497
0.877121033702924
0.812799687783472
0.983361773051456
0.840536561799189
0.865778821592451
0.855998799731035
0.804561058855244
0.88347990114207
0.84789491708952
0.963332566547194
0.908498057241296
0.872809956668597
0.86019350498334
0.889751570014569
0.915946630316707
0.86654223033651
0.864645371035661
0.783707505494885
0.838591106172341
0.818238797220282
0.903982034618129
0.938292373568609
0.724271099261267
0.890690241562224
0.896400442285636
0.753742168013822
0.95964266751782
0.816911957852933
0.839909301622317
0.822230568302992
0.843401858555767
0.770002531630572
0.85350499457531
0.846136671885686
0.88311434666822
0.800285383925686
0.897361621613169
0.681925603324482
0.906604103213252
0.854596929176124
0.934370738509338
0.934098192274649
0.82221730524698
0.780016224803234
0.710002056293979
0.750384267204863
0.970743226698163
0.722868724387197
0.654220396462938
0.775599920545803
0.82925564524595
0.995911658824436
0.738837888966842
0.909179098993363
0.839758975526457
0.789829098621086
0.693875357670092
0.909209081923951
0.849990067499737
0.856953848994393
0.961265014659581
0.852495323727787
0.811779688296791
0.831564444946561
0.827814566941459
0.84932808299215
0.847319386535591
0.861635543711545
0.867070967624223
0.862835692731803
0.865745089227753
0.870377115311284
0.862422112401606
0.867725329772842
0.878855282082603
0.879924590555479
0.88429276413809
0.865572301241764
0.862699534163695
0.862152742211512
0.902174823843551
0.794895708869327
0.936288730562289
0.74179499224572
0.821352661540907
0.828697423447912
0.838051374446341
0.744961402209594
0.835161820593351
0.897764511232839
0.660491211780217
0.873619481027534
0.835456073743574
0.713030458993213
0.969568552805062
0.882881874996117
0.802488175583312
0.73560529380416
0.588854318216499
0.701334953003069
0.842931605641654
0.746942477372414
0.785779539500414
0.662158539842073
0.790197836975036
0.613853045729502
0.607811930430275
0.726855976313059
0.815899813894506
0.629062372664046
0.947718586161276
0.902432696961291
0.797085816366245
0.693166344124122
0.754346227589739
0.667028966574972
0.832937927177781
0.727511044432624
0.626081449717074
0.667729593666328
0.762029997132527
0.685049498994997
0.785604496755824
0.910731045854603
0.486264962565928
0.719737822914118
0.713964236769254
0.968212620047479
0.764137097067263
0.777455685282209
0.865327396807404
0.955805657743571
0.72000746910579
0.95183252234764
0.81960353560846
0.906917271215998
0.734668369727826
0.797814876232012
0.891094053238695
0.734539702946162
0.819788308561802
0.769427277342234
0.92587655582725
0.685125737818807
0.649421013911691
0.819892973839952
0.79120897880052
0.804036236839214
0.862174595935409
0.97040933809938
0.792736732417854
0.840429772315545
0.850448178244698
0.833722592911106
0.832652866493012
0.784015745700856
0.768120827947432
0.757034357932121
0.991841281602386
0.982785397270335
0.976674925535882
0.926724987730536
0.678980241705972
0.568085441302252
0.92093513700305
0.915171376242744
0.823117772710031
0.739556041499978
0.864420899374487
0.79021628549857
0.719807596203815
0.802942454674449
0.851934227101243
0.78161135304832
0.986721247451864
0.852343685609904
0.849989659190725
0.836102033817873
0.974731673031895
0.760194267620202
0.815534759398536
0.936354974377875
0.92177052892689
0.956739315873154
0.800951611466793
0.886510749027334
0.618588450888018
0.843090050810979
0.767259804721822
0.789263989520055
0.755139067872232
0.780344676850126
0.799745272889771
0.900236375205969
0.676106735678422
0.726889089973607
0.777410058451171
0.641095489067294
0.872785207541275
0.786843211151129
0.829697556950782
0.766432074374242
0.868782802481942
0.741471577923438
0.743936548360596
0.36736741498815
0.513561652722313
0.847861762265539
0.886741502299067
0.870400872473431
0.830632817533031
0.714635261463123
0.938090525813008
0.859726963049496
0.781168602802033
0.714284047386021
0.731664419750578
0.87596485764778
0.781318798699419
0.970455120517465
0.870718076952474
0.826481842948884
0.808423294632577
0.974013541983731
0.72202989066619
0.949237741756144
0.795339071615434
0.931712807305395
0.782868757263506
0.83126493759507
0.787124644295811
0.801012663232216
0.805756198769183
0.76292814531689
0.831866138707055
0.85668623780768
0.833013798996293
0.852111077536879
0.903594434709806
0.864308763561345
0.856633539781744
0.88686694805997
0.872273267511149
0.855529678564211
0.87086115959986
0.866468733489786
0.866470046074178
0.872645827723591
0.86974990534711
0.882542569237163
0.865064739847299
0.855124547720537
0.858497972070125
0.867756420859422
0.821102199401721
0.867426422800695
0.85800104898657
0.859426599268638
0.897217404009068
0.904562533212402
0.901596518248785
0.906337450281868
0.867244972241736
0.847239298649481
0.846618628351921
0.853332083880038
0.853250827755709
0.850310361394842
0.857192687932355
0.85340319595558
0.852840520850178
0.850404122213117
0.849830508190463
0.841652119129496
0.799448887941729
0.804111215648789
0.825521090474866
0.824473493479194
0.821577361495821
0.786468810340847
0.861664758000776
0.879043760401827
0.775301191174353
0.801832674113659
0.711246827527797
0.756440968550383
0.592897003163375
0.684543760992398
0.576697998400587
0.796872078686544
0.853503291901837
0.907461928318871
0.960108376859145
0.869688124627303
0.803372688213637
0.743611772783717
0.815239768382217
0.770530488523051
0.89672610995247
0.58620327622457
0.697638400833681
0.805097967224492
0.843485523174667
0.681475352335412
0.873285723263967
0.83836532883274
0.818903288051448
0.838749976484386
0.859162237650725
0.839318498944207
0.748348080307434
0.844543539156881
0.754811664436596
0.866555020877164
0.850669090578346
0.872186946367462
0.958882187865962
0.799848430376739
0.749985244918576
0.75036569353874
0.757619205314583
0.74752746807105
0.683054987476386
0.893998002875779
0.849345498925842
0.826503827891871
0.916469265120126
0.86230477955317
0.834353138034723
0.91235682422643
0.961824580495269
0.923273489926766
0.917997628974423
0.911587867798805
0.99364015979653
0.906601249249147
0.985428532849064
0.924902066894267
0.867497667568709
0.731376469895013
0.900394887723639
0.809755310799775
0.774592468229347
0.843883544748179
0.816379929574859
0.896869900926316
0.86289529820877
0.791810344340183
0.791542875232596
0.791870925760722
0.782843385148344
0.79981560042162
0.773060477601545
0.788954705213966
0.789384065753884
0.825279901921102
0.811711684977524
0.812604434985451
0.77583407649834
0.800387330724466
0.816102177886895
0.80549749997171
0.865138970451853
0.813281827549465
0.694427234874845
0.875297808428556
0.736483812690428
0.855939499376957
0.929395865718365
0.752383452110353
0.875722749025312
0.612845951775116
0.878200601642306
0.787005965255021
0.500145363857695
0.482062320516126
0.832314129672784
0.835988818356581
0.807155070221404
0.879380209015807
0.935215314204198
0.749226087665551
0.817180317515419
0.869844682203298
0.841291529390463
0.665257455423829
0.974647803318927
0.846916277395464
0.753275777909483
0.555117529981835
0.819449788826879
0.79220334993439
0.803496989278057
0.879441588053149
0.828142664557433
0.793299857036828
0.784551953264471
0.746261679203066
0.868753190675804
0.911744903062324
0.764098648255849
0.943520234529028
0.772086021994849
0.806752176540215
0.770451711873228
0.9736770832525
0.788758993986939
0.859134261066339
0.853106090842841
0.914159868425698
0.902795397350108
0.910171421347031
0.809122284540068
0.862787493864984
0.79518699522239
0.936760877800077
0.926424115290775
0.875125984812113
0.803906484296754
0.85520532260784
0.933776351322671
0.846970793781051
0.838008324898813
0.893539793666592
0.94411622120152
0.882029609417988
0.904714493496506
0.711629403362327
0.876701574738211
0.856419921634777
0.760890096444877
0.899454786257748
0.867666518532122
0.904206357331894
0.831670048677561
0.820895874465075
0.822124166160588
0.91416583333958
0.889718739926748
0.900448054775787
0.909864788843945
0.91284053733097
0.671538868532255
0.941293236718449
0.847847800712937
0.682891945256861
0.906624517815784
0.732898723409094
0.849718902366645
0.670452689049125
0.78907202763384
0.697208711613769
0.724317743584011
0.774467429788034
0.7602332472424
0.801998890204822
0.76753340736798
0.732177116731879
0.843594839557093
0.912397139103061
0.702905280568321
0.664772896485238
0.698015331736416
0.7231270602277
0.766761180088007
0.656928881467654
0.87609231665006
0.628655061052183
0.967700004077741
0.818375185686526
0.756277992513324
0.819541593379555
0.812028981686002
0.740778674374646
0.844194305416342
0.855199446313919
0.835685499811746
0.81433756611448
0.927384875423184
0.765753407137128
0.780082980235412
0.751207997548384
0.787118639475981
0.855492201499552
0.857263423519524
0.82848937418258
0.855268266803918
0.806570399070487
0.826547487561277
0.882388270541487
0.894634924602079
0.88454138139129
0.833816547168547
0.599299338885744
0.781711772389299
0.942818758123923
0.760918512678802
0.857875257538742
0.866070202421744
0.712053993666939
0.86532505488692
0.572090982008975
0.762883653883881
0.6831447095307
0.91043625571706
0.762229055211349
0.892519331486002
0.699110398754526
0.768709922153051
0.814797850730418
0.857936743474209
0.790052688396073
0.818084338280163
0.724208164701328
0.755510704669172
0.800544109292857
0.800968162672081
0.897894787086934
0.836010993143826
0.893007673508688
0.871541887572113
0.927156841758532
0.807447151853625
0.872616359621428
0.981235988271331
0.874895677483698
0.848600112377426
0.749488431298317
0.620061435594505
0.805765782977247
0.794798114009791
0.855436147796036
0.866879121670146
0.691180993478152
0.666833700569715
0.763700472372109
0.837472079296439
0.920281432098558
0.58848887467606
0.689500910528038
0.329269790694149
0.768314875566665
0.750396702032848
0.567729849138436
0.885743306296907
0.860799990977871
0.72002035177023
0.638206711716006
0.773315593072972
0.755667252162924
0.754982338911925
0.826098391576821
0.962394164765237
0.819056843526468
0.862309832542359
0.887982529869177
0.772858421239453
0.899514643048478
0.888211998879091
0.880343970362284
0.694813724052853
0.870204169392575
0.734976681774066
0.921135339176607
0.389483540169754
0.610007645302998
0.763227255302404
0.898544833567224
0.989567835659112
0.742436919037036
0.785684797722474
0.812603830425444
0.893510369987102
0.800434577333531
0.809309280326234
0.789820659200066
0.827757735993697
0.879629188037464
0.765633400271521
0.909069783595559
0.622124585043536
0.76535514831553
0.952447359751533
0.760327405661093
0.885019493362662
0.555430390441379
0.856495610194476
0.723030652328925
0.795854564639205
0.724681106889298
0.709914706951983
0.846211675152068
0.707778908648165
0.800336723596236
0.846406222753819
0.910849705476384
0.763331328413106
0.925416479822702
0.94067606203756
0.856280662446386
0.711156785694341
0.750177548047654
0.699297198395134
0.895425793378132
0.871672146002971
0.817653588209839
0.885756089584316
0.761081659987718
0.695980846545662
0.849423104996272
0.792253247098515
0.75015583831949
0.784617652883312
0.839806804547226
0.834140710332488
0.843595918803999
0.768911343595886
0.80565876651074
0.776673254516748
0.818481351032404
0.852117839439509
0.799793263676458
0.879849466303898
0.88212772908406
0.833494435111715
0.849016774625594
0.880652040504273
0.957647133175941
0.890312170927533
0.916594404506304
0.878002790110496
0.799761227158303
0.714144235399854
0.740873891556386
0.772569044344887
0.945261737081171
0.962184254924326
0.879300535429465
0.65375364278755
0.813932271080053
0.756524927027076
0.839049533521546
0.850479095677084
0.812851098674866
0.837078890091359
0.79445131442756
0.776308645455988
0.760590573638973
0.795812877687387
0.834192558404033
0.790559263771152
0.816240922468673
0.749172119681385
0.78741228466726
0.741959159472814
0.680183474134264
0.818755758403655
0.757375141636423
0.936040563244202
0.659235515022266
0.797050165858647
0.726901199374633
0.790933678531296
0.850162357238175
0.521559465980791
0.729716298017858
0.641011759533331
0.981877125747895
0.958245134479791
0.845539522822116
0.848700072760685
0.928225364442256
0.6065338689057
0.607647953166121
0.8716630087647
0.922893013117914
0.959038973142953
0.705811795338384
0.746520936660261
0.89879762971432
0.970518587557532
0.58359018294091
0.781876018361049
0.93064738962512
0.779996629117845
0.803313921920623
0.731408685536174
0.778555643217032
0.905540725510192
0.656898461593545
0.777016697358311
0.696753894392377
0.843851877371956
0.702843236475403
0.74616414251501
0.685491652047396
0.8725067822442
0.783999933890929
0.842562496746839
0.645044089130312
0.825563479441763
0.998546503678494
0.924272270816183
0.866109815832967
0.833064779713858
0.81819067211699
0.834026203797639
0.763116369986129
0.825915443253519
0.863318498272908
0.836680443738475
0.951004040837174
0.691409109271715
0.880995453654372
0.840543001733127
0.800846494884288
0.833444788079923
0.868934442886276
0.937573880256037
0.774172151117709
0.994666866439225
0.739716729233387
0.725514075923317
0.965795485257783
0.577674935612692
0.825275832112103
0.886619261911134
0.83031437998466
0.842922706601048
0.780874526290722
0.836880010721555
0.726012345795703
0.815076270017902
0.824918262515291
0.788625848701274
0.765587447465283
0.848437482253236
0.753601194071024
0.632470830297213
0.80650838189973
0.831984263841451
0.83428188451335
0.723821974820806
0.789397252519532
0.810178254725962
0.773494884385528
0.862716878781778
0.853917041383123
0.872083158720549
0.836422033664715
0.843389581061422
0.833405995006267
0.829139353733793
0.827630137142776
0.839365389961141
0.804304494914682
0.806696290329403
0.816211572141298
0.825369895679321
0.818504071171559
0.813766294402431
0.838986416549852
0.789572171643233
0.768017001969622
0.806621486169403
0.880446623768557
0.847644030702585
0.708926697172538
0.917233119869961
0.693105618201071
0.833241520644655
0.862491384718401
0.803232929430795
0.75724135763386
0.970551937976564
0.87145845029472
0.949130123760031
0.840521671311773
0.987306787319926
0.922569312230556
0.81295417701136
0.672112686661099
0.732663869498791
0.752775927507237
0.894461077211784
0.85290420618208
0.547556138730474
0.621157022443391
0.890248733844409
0.663068593764187
0.969815958799334
0.762085393230773
0.878348179517532
0.928168570419571
0.896858099657804
0.866638132403912
0.708765962506523
0.740608075500505
0.959364466748237
0.787522805692302
0.872089448951969
0.632164972070069
0.812137968703454
0.783135054673526
0.978774001469336
0.933449221987119
0.894979275224206
0.901147657177999
0.788212209511796
0.831584523638452
0.758869014869049
0.651855398123007
0.701380663353755
0.821110084274391
0.97244862210078
0.880368688099686
0.761633943891112
0.827212617801312
0.655403662390165
0.643720178914126
0.835164162365239
0.789283547333138
0.894596429784116
0.799371148940404
0.784429096788917
0.780250145431128
0.686636237475062
0.887457462221646
0.734172016671833
0.783754449150624
0.721712697752356
0.891564410508275
0.933133689333825
0.922134417562061
0.686342039434059
0.942260839800653
0.729173835017612
0.807487842437021
0.746769815600007
0.742778345022922
0.688196085167177
0.924840726400671
0.859443209227836
0.86827196425405
0.808053825238818
0.818853520042929
0.823555016369888
0.854395246518412
0.86113365132785
0.850256945150374
0.838604780309534
0.833697391196402
0.83383286441508
0.840073114893045
0.849446117242773
0.817868773141537
0.852216159080912
0.826585366438149
0.943541351482176
